-0.587,-0.266,-0.887,1.465,-0.842,1.884,-1.226,1.884,-0.587,1.884,-0.887,1.465,-1.226,-0.587,-0.842,-0.887,-1.226,1.465,-0.842,-1.226,-1.05,-0.266,-1.05,-1.226,-0.887,-1.226,-0.887,-0.887,-0.887,-0.887,-0.842,-1.226,-1.226,1.465,-0.887,1.465,-0.615,-1.226,-1.226,-0.266,-0.615,-1.05,-0.69,-1.05,-0.615,-0.266,1.884,-0.615,-0.842,-0.69,-0.842,-1.226,-1.05,1.884,-1.226,-1.05,-1.2455558515201277,1.465,-0.266,-0.887,-0.842,-1.1991663414879794,-0.69,1.884,-1.0582761086660382,-0.615,1.452008196227905,-0.2819854983605927
1.416,1.637,1.416,-0.98,-0.98,-0.723,1.637,1.921,0.976,0.976,-0.98,1.921,1.921,0.976,1.372,-0.723,-0.98,-0.953,1.637,-0.953,-0.851,-0.953,1.372,1.921,1.637,1.372,-0.953,1.921,1.921,1.921,-0.953,-0.851,-0.98,-0.953,-0.851,-0.851,0.976,-0.851,0.976,1.637,-0.723,0.75,1.372,-0.98,-0.98,1.921,1.416,0.976,0.75,1.921,-0.851,-0.98,1.416,1.416,0.75,-0.851,-0.953,1.416,1.921,1.637,-0.851,1.400366228200735,1.372,0.75,1.9110398830668454,-0.8619971839857167,-0.8266245864100796,1.9283858216331917,0.976,-0.9621356578746981,1.3564938595297829,1.9378812086019248
-0.121,1.19,-0.771,-0.989,1.664,1.19,-0.623,1.038,1.664,1.19,1.19,-0.623,-0.771,-0.771,-0.623,-0.623,0.589,1.664,1.19,1.19,1.664,1.19,-0.771,-1.043,1.664,1.19,-0.771,1.19,-0.121,1.664,1.19,-1.043,-0.989,-0.623,-0.989,-0.771,-0.989,1.038,-1.043,-0.771,1.038,-0.121,-0.623,-1.043,-0.121,-0.121,-0.121,-0.623,1.664,-0.989,-0.771,1.038,1.19,1.169202357190284,1.2216502692717615,-0.121,1.2505234543977126,-0.771,-0.7973520025267019,-0.13696114864117875,-0.623,0.0,-0.7500892581507723,1.283384601750026,1.664,1.331872077303995,-0.7264069394986036
1.524,0.144,-0.495,1.694,-0.731,1.524,-0.219,-0.495,-0.219,-0.219,-0.495,1.524,-0.631,-0.874,1.524,-0.561,-0.561,1.694,1.694,1.694,-0.652,0.144,-0.874,-0.652,-0.631,-0.561,-0.874,-0.652,1.694,-0.631,-0.874,-0.219,-0.874,1.694,1.694,1.524,-0.731,-0.631,-0.631,-0.561,-0.219,-0.652,-0.561,1.524,-0.561,-0.874,-0.874,-0.631,-0.731,-0.874,1.524,-0.731,-0.219,1.694,-0.219,-0.652,-0.631,0.144,-0.6709108519056576,-0.495,1.524,-0.6310141452434951,1.694,1.5090381894523044,-0.874,1.5518186776532168,-0.5720391878992345,-0.561,1.6823946901050575,-0.8870806409089533,-0.5078626008454711,1.7093720311902867,1.5856625724573177
0.767,0.719,-1.181,-0.905,0.767,-0.905,-1.181,0.767,-0.829,-0.829,-0.106,0.767,-1.181,-0.106,-1.181,-0.106,-0.106,-1.181,-0.106,-0.777,-0.829,-0.106,0.512,0.767,-0.123,0.767,0.512,-1.181,-0.777,0.719,0.512,-0.905,-1.181,-0.905,-1.181,-0.777,0.767,0.698,-1.181,0.698,-0.905,-0.777,-0.905,0.767,0.698,-0.123,-1.181,0.719,-0.905,-0.106,0.7069551591798873,0.698,0.767,-0.829,-0.12104850059322471,-0.1336203649441985,-0.9184153467033281,-1.1947644167513871,0.7532529191843904,-0.8845171137139236,0.739632690094433
-1.036,-0.155,2.099,0.948,2.099,-0.015,-0.155,-0.155,-0.901,1.003,2.099,-1.157,-0.901,2.099,-0.207,-1.157,-0.207,-1.036,0.948,-0.901,-1.036,-1.036,-1.036,-1.157,-1.157,2.099,1.003,-0.126,2.099,-0.015,1.003,0.948,-0.901,-1.157,-1.036,2.099,-1.157,-1.157,-0.015,-0.207,0.948,-1.157,-0.155,-1.157,-0.901,0.948,-1.036,-0.015,1.003,-1.036,-0.207,-0.029699322478475586,0.948,-0.901,-0.22335775113649026,0.936070641619706,-0.126,-0.1818118224299874,-0.15673488381980857,-1.0492059018615862,-1.157,-0.155,-0.127180232990935
-0.597,1.092,1.295,-0.597,0.574,1.295,-1.173,0.574,1.092,1.092,1.092,-1.173,1.302,0.621,0.621,1.295,1.295,1.295,-1.173,0.621,1.092,1.034,0.621,-0.597,-0.597,-0.379,1.092,0.574,1.302,1.302,1.034,0.621,-1.173,-1.173,-1.173,-0.379,0.621,0.574,-1.173,-0.379,-1.173,1.092,1.034,1.302,1.302,-1.173,1.034,0.621,0.574,1.092,1.295,1.092,1.092,-0.07,1.034,0.574,0.558954509477258,1.302,0.621,-0.597,-0.6138793995461999,-1.173,-0.379,-1.1830933914674509,1.092,-0.07,1.289287395363488,0.6063320984954454,1.034
-1.405,-1.405,-1.158,-0.125,-1.405,0.856,1.706,-1.158,-1.405,-1.405,1.706,-0.333,-0.125,-1.158,-0.333,1.706,1.706,-0.261,1.706,-1.405,-1.405,-0.261,1.706,-0.333,0.509,-1.405,-0.125,-1.158,-0.353,-0.261,-0.333,-0.645,-1.405,-0.645,1.706,-0.125,-1.158,-0.125,-1.158,-0.645,-1.158,1.706,1.706,0.856,-1.158,-0.353,-1.405,-1.405,-1.158,0.856,-0.353,-0.645,-0.333,1.706,-0.34363063761696233,-1.158,-0.3093951574564683,0.509,0.856,-0.6550701312474542,0.8454286649758367,-1.1741873039071136,-0.261,-0.3617038775702513
0.748,-1.089,0.001,-0.138,-0.138,0.001,0.748,-1.089,-0.076,0.001,0.748,-0.821,-0.124,-1.089,-0.821,-1.089,-0.821,-0.724,1.522,-0.821,-0.076,-0.724,-0.724,0.673,0.673,-0.076,-0.821,-0.076,1.522,-0.076,-0.724,0.748,-1.089,-0.076,1.522,-0.138,-0.138,0.673,-1.089,-0.821,-0.124,-0.821,1.522,0.001,1.5050750013674252,0.748,0.733070605535643,1.5440596712396781,-0.821,1.5642844473392346,-1.089,0.7694387487767536,-0.837841299536472,0.8195663389571176,-0.076,0.673,-0.7979636174098618,0.8551681200330826,-0.08677726240997197,0.8817097273516038,0.9085677472419826
0.704,0.642,1.394,0.704,1.394,1.456,1.456,-0.813,1.456,0.704,0.701,0.701,0.642,0.701,-0.742,1.394,0.704,-0.839,-0.977,-0.839,1.456,0.642,1.456,-0.813,0.797,1.394,-0.813,-0.977,-0.977,0.701,0.642,1.394,0.642,-0.742,0.701,0.797,-0.813,1.394,-0.742,-0.742,0.701,-0.977,0.642,-0.839,1.456,0.701,-0.977,1.394,0.704,0.701,1.456,1.394,-0.839,-0.977,-0.9886536003301586,-0.8509561535077063,0.642,0.6259215473824253,-0.813,-0.8363103999453059,-0.7787051195716508,-0.742,-0.7642193787930023,-0.7547395489599084,-0.716676254776887,1.394,-0.8152567322355528,-0.780244418462343,-0.701989020512629,-0.7522977008813334,-0.6777441913113008,-0.6520075443175115
-0.748,-0.525,-0.748,-0.844,2.429,-0.525,1.342,2.429,-1.021,-0.39,0.364,2.429,2.429,1.342,-0.183,2.429,0.364,-0.565,2.429,-0.525,1.342,1.342,-0.748,-0.748,-0.183,-0.183,2.429,-1.021,-0.183,0.364,-0.525,0.364,0.364,-1.021,-0.39,2.429,2.429,-0.844,-0.565,2.429,-0.525,-0.183,-0.525,-0.844,-1.021,-1.021,1.342,1.342,-0.748,-0.7702780846032496,2.429,-1.021,-0.39,-0.844,-0.8607733388864639,-0.40827929898276233,-0.525,-0.7340141725838735,-0.5342442489862664,-0.8188926420935978,-0.183
-0.79,-0.207,0.835,0.092,0.835,-0.207,0.835,0.283,0.092,-0.833,-0.58,-0.764,0.283,0.283,0.283,-0.764,-0.207,0.835,0.283,-0.58,0.092,-0.58,-0.764,-0.79,-0.79,-0.207,-0.481,0.723,-0.833,-0.79,-0.207,0.835,-0.833,0.283,-0.481,0.723,-0.79,-0.79,0.835,-0.764,0.835,-0.764,-0.481,0.723,-0.764,0.835,-0.481,0.723,-0.79,0.283,0.264503136873844,-0.833,-0.802124142550844,-0.7774883385419025,0.7117642438118311,-0.58,0.092,-0.7561871804408551,0.8236857669750807,0.2906478402520895,-0.7736268786612198,0.07651176257144925
-0.716,2.382,2.382,-0.833,2.382,0.335,-0.807,-0.91,-0.91,0.335,-0.807,-0.716,2.382,2.382,-0.798,0.335,-0.807,-0.91,2.382,-0.716,-0.833,-0.798,-0.807,-0.833,-0.91,0.335,0.335,-0.562,2.382,-0.798,-0.798,2.382,2.382,2.382,2.382,-0.334,0.884,0.884,-0.562,-0.798,-0.334,0.884,-0.807,-0.807,-0.716,-0.562,-0.91,0.335,-0.833,-0.8477769973523929,-0.562,0.32232159664997195,-0.9266709897965727,0.33747745154764974,2.382,-0.807,-0.8347830428118873,-0.5707940350189988,2.3660985872768134,-0.716,-0.334,-0.7325026852911268
-0.463,-0.463,0.301,-0.35,-0.634,-1.283,0.301,-1.196,-0.24,-1.196,-0.6,-1.283,-0.35,-0.24,-1.283,0.301,-0.634,-1.196,-1.283,0.065,-0.634,-1.196,0.065,-1.196,0.301,-0.463,0.065,0.301,-1.196,-0.588,-0.35,0.301,-0.6,-1.283,-0.463,-0.463,-0.35,0.065,-0.634,-0.588,-1.196,0.065,-0.24,-0.35,-0.6,-0.24,-1.283,-1.196,-1.283,-1.196,-1.283,-0.24,-0.6,-0.24,-0.634,-1.283,-0.634,0.065,-0.24,-0.35,0.301,-0.6,-1.196,-0.35818961656889664,0.05436371115267624,-0.463,-0.6146548819445703,0.10375990593729142,0.13944026583245125,0.18626623407056006,-1.2062996937000967,0.23262219137548368,0.2632021506123631,-0.588
2.35,-0.827,-0.357,-0.827,0.443,-1.058,-0.357,-0.357,0.869,-0.357,2.35,2.35,-0.357,-1.058,2.35,-0.357,-0.827,-1.058,0.443,0.869,-0.566,0.105,0.105,0.105,1.14,0.869,1.14,-1.058,2.35,0.869,-1.058,2.35,-1.058,1.14,1.14,-1.058,2.35,-0.566,0.443,2.35,2.35,0.869,2.35,-0.827,2.35,2.35,2.35,0.443,-1.058,0.105,-1.058,-0.827,0.443,2.35,1.14,1.129748453724156,-0.357,-0.566,0.105,-0.5808747032870707,2.3334447797117353,-0.827,0.443,0.08894413798948407,2.360956356444118,0.869,-0.3667573663443497
-1.196,-0.402,-0.872,-0.938,-0.402,-0.872,-1.196,0.419,-0.938,-0.547,-0.938,1.243,-1.196,-0.589,-0.589,-1.196,-1.196,0.753,-0.547,-0.581,-0.872,-0.402,-0.402,-0.872,-0.589,-0.402,-0.938,1.243,-1.196,0.753,-0.547,-0.581,-1.196,-1.196,-0.402,-0.872,-0.547,-0.872,-0.589,1.243,-1.196,-0.589,1.243,-0.547,-1.196,-0.589,-0.589,-0.589,0.753,-0.581,0.419,-0.547,-0.872,-1.196,-0.402,-1.2105847640270513,-0.8864804939349002,-0.4201223718023836,0.736797504353571,1.243,0.7705760972382095,0.8351129142295803
1.679,-0.863,-0.144,0.812,0.812,-0.144,-0.185,0.036,1.679,-0.754,-0.347,-0.144,-0.185,0.036,-0.185,-0.347,0.291,0.812,-0.863,-0.347,-0.863,0.812,0.036,-0.347,-0.347,-0.185,1.679,-0.863,1.679,-0.754,-0.185,-0.754,0.812,-0.144,1.679,-0.347,-0.347,-0.754,-0.754,-0.185,1.679,1.679,-0.144,0.812,0.291,0.812,0.812,-0.754,0.291,0.036,0.799377194709471,-0.347,0.8415020318843804,-0.3646984273072339,1.679,0.023274465615365218,0.0,1.665511378348359,-0.863,-0.185,0.8775646505014351,-0.144,0.9186163712678314,-0.3251508660824181,0.9448119257980253
0.847,-0.67,-0.632,-0.922,0.101,0.065,-0.276,-0.786,-0.786,0.121,0.121,-0.786,-0.922,0.121,-0.276,-0.557,-0.276,-0.276,-0.632,-0.922,-0.276,-0.276,-0.67,0.121,-0.557,0.065,-0.67,-0.922,-0.557,0.065,0.065,0.101,-0.922,-0.557,0.065,-0.922,-0.786,-0.557,-0.922,-0.922,0.847,-0.922,-0.632,-0.632,0.847,-0.632,-0.922,-0.922,0.847,-0.276,-0.922,-0.67,-0.9380154692945021,-0.632,0.121,-0.557,-0.6807141306840321,-0.6409546177806127,-0.29106139463117364,-0.5703240652810022,0.065,-0.786,0.050394828279860526,0.101,-0.646749392297539,-0.605141137558526,0.847,-0.6174831314602727
0.763,-0.239,1.42,-0.239,1.007,-0.239,-0.232,1.007,-0.583,-0.542,0.763,-0.294,-0.892,-0.232,0.763,1.42,-0.583,-0.892,-0.892,-0.232,-0.892,1.42,-0.542,-0.892,0.763,-0.542,-1.137,-0.542,-0.892,1.007,-0.239,-0.542,-0.232,-0.542,-0.542,1.007,-0.239,1.42,-1.137,-1.137,-1.137,-0.232,-0.892,-0.542,-0.583,-1.137,0.763,-0.542,-0.294,1.42,0.763,-0.583,-0.892,-0.232,-0.9061731296754123,-0.8770870358287541,-0.24509779717515734,1.409817660111749,1.007,-0.239,-0.22015081595196126,0.7486849403299182,0.7923604560241351,-0.542,-0.5591988038639296,-0.8371030381081398
-0.832,-0.792,-0.832,-0.832,-0.872,-0.872,-0.868,-0.832,-0.872,-0.872,-0.872,-0.872,-0.832,0.533,-0.684,-0.872,-0.792,-0.868,-0.684,-0.792,-0.872,-0.832,-0.832,-0.462,0.493,-0.868,-0.872,-0.462,-0.684,-0.872,0.277,-0.792,-0.868,0.277,-0.832,-0.684,-0.462,-0.872,-0.462,-0.872,-0.792,0.493,-0.832,0.277,-0.868,0.48000696460328174,-0.872,-0.792,-0.8425811207743756,-0.8889442935586516,-0.872,-0.684,-0.7047901189222167,-0.6568220307396965,-0.8902840460317949,0.533,-0.8464572558890063,-0.8053450307414696
0.711,0.647,0.647,0.711,-1.351,-1.351,0.647,-0.475,0.647,-0.97,-0.475,-0.97,-0.97,0.647,1.109,-0.65,1.109,-0.475,-1.351,-0.475,-0.97,1.109,0.647,-0.65,-0.97,1.109,1.109,0.647,-1.351,0.647,0.647,-0.475,0.411,-0.422,-1.351,-1.351,-0.475,-0.632,-1.351,0.647,-1.351,-1.351,0.647,1.109,-0.97,-1.351,-1.351,-0.632,-1.351,-0.97,-0.65,0.647,-0.475,0.411,-0.632,-0.6457334684497045,0.711,0.635323878567415,-0.65,0.6997912909565865,0.7272506350755092,-0.4889147671863682,-0.6593780922785298,-0.422,-0.4627760104932958,0.39358621974821373,-0.97,-0.5956607906582736,0.6626485603416545,0.6644770782027019,-0.9846165865309989,0.6772386362424947,-0.5570354212542807
-0.369,-1.001,-1.001,-1.001,-0.763,-1.001,-0.419,-0.763,1.359,1.126,-1.001,-1.001,-0.763,-1.001,-0.419,1.359,-0.763,-0.763,0.175,1.345,-0.126,-0.369,0.175,-0.126,-1.001,-0.369,0.096,-0.763,-0.419,-0.369,1.345,-0.369,-1.001,-0.126,-0.369,-0.369,1.126,-0.369,0.096,1.345,1.345,1.126,1.126,-0.419,-0.126,-0.763,1.126,1.126,1.359,0.175,-0.763,1.359,-0.419,0.1643664400177664,0.22013105678430245,0.096,1.345,1.126,-0.43006231664941125,-0.39604266164354734,1.3330950917603066,1.3764768471345104,-0.7749281248253693,-0.367242314930905,-0.7404264920769285
-0.297,-0.297,0.079,0.502,1.653,0.079,1.653,-1.018,0.502,0.079,0.502,0.079,-1.018,0.079,0.502,-0.297,-0.198,-0.802,0.502,-1.018,1.653,-0.853,-1.018,-0.802,1.653,1.653,-0.802,-0.142,-0.802,0.079,-0.853,-0.142,-0.142,-1.018,0.502,0.079,-0.853,-0.853,0.079,-0.206,1.653,0.502,0.079,0.079,-1.018,-0.142,-0.142,-0.142,1.653,0.079,-1.018,-0.198,0.502,-0.853,-0.15692580282074645,-0.14516955541969057,0.06346134185364352,-0.20909143424811313,-0.206,-1.0328712925012622,-0.11284839084438303,-0.9836484128779708,0.10213357740151677,-0.9615857571965974,1.640033103303726
-0.708,1.015,1.015,1.015,-0.485,-0.708,1.015,0.304,-0.888,0.477,0.461,-1.156,-0.342,-1.156,1.015,0.477,1.015,-0.485,-1.156,-1.03,-1.156,-0.888,1.015,0.477,-0.485,-1.156,-0.888,-0.342,-1.03,-1.03,-1.156,0.477,-0.708,-1.156,-0.342,-1.03,0.304,-0.485,-0.342,-0.485,-0.342,0.304,1.015,-1.156,0.304,-0.342,0.477,-0.485,1.015,-1.03,-1.156,1.015,-0.888,-1.03,-0.708,-0.342,-0.485,-1.156,0.477,-0.3542335197889905,0.304,-0.31222150465664245,0.461,0.4636685662979609,0.28924532215893584,-0.7184862613294227,-0.49725581856952766
-0.616,1.902,-0.663,1.341,-0.814,1.341,-1.003,-1.003,1.902,1.341,-0.436,1.902,-1.151,-0.814,-1.003,-0.814,1.059,1.059,-1.003,1.902,1.902,-0.663,-0.616,-0.814,-1.003,1.059,-1.151,-1.003,-1.151,-0.814,-0.616,-1.151,1.902,1.059,1.059,1.341,-0.663,-0.264,-1.151,1.059,1.902,-1.003,-0.663,-1.151,-0.264,-0.2845320044439324,1.902,-0.663,-0.6787544768469577,-0.6367008014825043,-0.6122910093396214,-0.436,1.8938401342787607,-0.814,-1.003,-0.2394322440859833,1.059,-0.4526467356975084,-0.5702734043142704,-0.616
-0.674,1.503,-0.07,1.469,0.839,-0.753,-0.588,1.469,1.503,1.469,-0.672,0.839,-0.674,1.503,1.469,1.503,-0.672,0.839,-0.753,1.469,-0.803,-0.07,-0.674,-0.803,-0.753,-0.07,-0.672,-0.674,1.503,-0.672,-0.803,-0.61,1.469,-0.753,-0.803,-0.61,1.503,-0.674,-0.61,-0.07,-0.07,1.469,-0.674,-0.588,-0.674,0.839,-0.07,0.839,0.8251294212745375,-0.61,1.503,0.857030827701453,-0.753,1.469,-0.672,1.4495915878315198,-0.588,-0.6033913440397053,-0.674,1.4910344907001727,-0.803,-0.0849643417256477
-1.165,0.579,-0.284,-0.967,-0.894,-0.962,-0.894,0.579,-1.275,-0.962,-0.284,-0.894,-0.894,-0.74,-0.967,-0.967,-0.74,-1.275,-0.74,-0.284,-1.275,-1.165,-1.275,-0.967,-0.077,-1.165,0.579,0.579,-0.74,-0.077,-0.077,-1.275,-0.48,-0.284,-0.077,-0.284,-1.165,-0.962,-0.962,-1.165,-0.967,-0.962,-0.967,-1.165,-0.284,-0.967,-0.077,-0.48,-0.894,-1.165,-1.275,-1.165,-0.967,0.579,-0.894,-0.74,-0.9188536310486958,-0.48,-0.8689074000042126,-1.165,-0.49798777408800854,0.5642036904271346,0.600536907276733,-0.284,-0.29289842716130654,-0.967,-0.7556940349860451,-1.275,-0.9784399479969627,-1.283752821469329,-0.2621747386383137
-0.377,0.846,0.846,-1.345,0.329,-1.345,1.129,-0.428,-1.345,-0.22,-0.927,1.129,-0.927,-0.927,1.129,0.846,-1.345,-0.651,0.846,0.846,0.154,-0.927,1.129,-0.428,-0.22,1.129,-0.651,0.846,-0.428,-1.345,1.129,-0.22,-0.651,-1.345,-0.927,-1.345,0.846,0.329,-0.927,-1.345,-0.927,-0.22,-0.428,0.846,-0.22,-0.927,-0.651,1.129,-0.927,0.154,-0.428,-0.22,0.154,-0.23562164297151034,-0.377,-0.3928095438271065,-0.927,1.129,0.14167938022039814,-0.3720581314898173,-1.345,-0.651,1.1170495634427922,-0.9357485562095962,-0.9111239508970613,-1.357569896459099,-0.33935870682249425
1.26,-0.202,-0.758,-0.976,-0.976,-0.976,-0.869,-0.869,-0.202,-0.758,1.26,-0.869,1.26,1.262,-0.715,1.26,1.26,-0.869,-0.575,1.262,-0.575,-0.202,-0.202,-0.758,-0.976,-0.202,-0.869,-0.575,1.905,1.905,1.905,-0.715,-0.976,-0.976,-0.359,-0.715,1.262,-0.869,-0.359,1.905,1.26,1.905,1.8835690390910684,-0.202,1.2535542703421598,-0.758,-0.359,-0.7702128695598079,-0.976,-0.869,-0.8900037547616483,1.283994931060195,-0.715
-1.005,0.907,-0.162,-0.162,-1.005,-1.029,-1.235,-0.323,-0.434,-1.029,0.907,-1.029,-0.404,-1.235,-1.235,-0.404,-1.235,-0.323,-0.404,0.907,-0.162,-1.235,-0.162,-0.162,-0.162,-0.585,-0.434,-1.005,-1.005,-1.005,0.907,-1.235,0.248,-1.235,-0.162,-0.323,-1.235,-0.404,-1.005,-0.585,-0.404,-0.404,-0.323,-1.029,0.248,-1.029,-1.005,-1.235,-1.235,-1.005,-1.029,-0.434,-1.235,-0.404,-1.2551851596717323,-1.0136837094544564,-0.9813890786722599,-0.9461188337290024,-0.41968343634679167,-0.323,-0.585,-0.9068959411551192,-1.2125231969970618,0.248,-0.8793168248917372,-0.8579967430302652
0.571,0.213,0.197,-0.6,0.197,-0.324,0.571,-0.324,-0.324,-0.6,0.571,-0.324,0.481,1.61,0.213,-0.386,0.516,0.571,0.481,0.571,1.61,0.481,0.481,0.516,1.61,0.571,0.197,0.197,0.571,0.571,0.571,0.481,0.481,0.481,0.213,-0.6,0.213,0.197,0.516,0.481,0.516,-0.386,1.61,-0.324,0.481,-0.257,1.61,0.481,0.516,0.516,1.61,-0.324,0.481,1.595141824229325,-0.386,-0.257,-0.6,0.197,0.18501329660399007,-0.2755770876931291
0.608,-0.222,-0.68,1.673,2.032,2.032,1.526,1.673,0.836,-0.68,1.673,2.032,-0.916,0.608,-0.222,1.697,1.526,0.836,-0.652,1.673,-0.222,1.526,-0.916,-0.222,-0.652,-0.222,2.032,1.673,1.673,2.032,1.697,-0.916,0.608,-0.652,-0.68,1.697,0.608,1.526,-0.916,1.697,-0.68,2.032,1.673,1.697,-0.68,1.673,-0.68,-0.652,0.836,-0.916,-0.222,-0.68,0.8215947983528429,1.526,1.697,2.032,-0.6915670629341046,-0.6663292279768588,-0.23426329547404853,1.513772240576294,-0.6554117632571895,0.8502118816327954,0.8615297480999609,1.5412283393954567
-1.051,-0.835,-0.61,-1.03,-1.051,-1.03,-1.03,-0.61,0.136,-0.274,-1.03,0.458,-1.051,-0.835,-1.03,1.194,-1.051,-1.03,1.194,0.458,0.136,-1.051,1.194,-0.125,1.194,-0.274,-0.274,-0.125,-1.03,-1.03,1.194,-0.125,-0.125,-1.051,0.136,-1.03,-0.274,1.194,-1.051,-1.051,-0.388,1.194,-1.051,-0.835,-0.274,1.194,-1.051,-0.61,-0.388,0.458,-0.4018866369649516,-0.125,-0.835,0.136,0.12511958697070283,-1.03,1.18103178870688,-0.14125436634843105,-1.0649482374313572,-1.01539960041692,0.16691150170153393,-0.08229013735201612
-1.057,0.94,-0.211,-0.638,0.542,-0.735,0.94,-0.479,-0.479,0.542,0.94,-0.338,-0.735,0.542,-0.651,-0.651,-0.338,-0.338,-0.638,-0.211,-1.057,-0.638,0.308,-1.057,-0.735,-0.338,-0.211,-0.651,-0.211,0.308,-0.638,0.542,-1.057,-0.638,-1.057,-0.651,-0.735,0.308,-0.338,-0.338,-0.638,-0.338,-0.638,-1.057,-0.479,-0.211,-1.057,-0.338,-0.3513191213162193,-0.3134072377413092,-0.638,-0.735,-0.479,-0.6545111665284473,0.94,-0.6299424414722794,-0.22163724330267398,-0.7492395984064187,-0.2940659520897149,0.9272894779138857,-0.49068120016478867,-0.1958985658588792
0.359,-1.003,-0.768,-0.834,-0.834,-0.834,-0.834,-0.856,-0.768,-0.856,1.475,-0.834,1.475,1.475,-0.834,-0.714,1.916,-0.834,-0.768,0.671,1.916,-0.714,1.916,-0.714,-0.834,-0.768,1.916,0.43,0.359,1.916,-0.714,1.916,-1.003,-1.003,0.359,1.475,-0.856,0.359,0.359,-0.834,1.916,1.916,1.916,0.359,-0.856,-1.003,-0.856,-0.768,-1.003,-1.003,-0.768,1.916,0.43,-0.714,-0.7800846144997845,-0.834,-0.7652047882379565,-0.7436386087151186,0.40961557063320836,0.671,0.6594030486655047,-0.71978109806312,-0.6947828192277993,1.475,0.702477594148003,1.9058284290588554
-1.057,-0.784,-1.116,-1.057,0.578,-1.116,1.474,2.135,-1.116,0.578,0.578,-0.784,1.474,2.201,-1.057,2.135,-1.116,-1.116,2.201,2.201,-0.784,2.135,1.474,2.201,0.295,-1.057,-1.057,2.201,0.179,1.474,-1.057,2.135,2.201,-1.057,2.201,0.179,2.201,0.578,1.474,-1.057,2.135,0.179,2.201,0.295,2.135,-1.116,-1.057,-0.784,-1.057,1.474,-1.057,-1.057,0.179,-0.784,-1.057,-1.0669133825628612,-0.7991882842129785,0.1667277026222934,-1.0327687923498403,0.2204169325813265,1.474,-1.116,2.201,-0.9954514930173658,2.1807325178381403,2.215331203645756,-0.7694171980538352,-1.1321885270813965,0.26233013294854746,-0.7273525960918539,0.295,0.2760407104882549
-0.817,-0.846,-0.014,-0.014,-0.846,-0.301,-0.748,-0.817,-0.748,-0.301,-0.014,-0.107,-0.301,-0.042,0.751,-0.107,-0.301,-0.042,-0.301,1.048,-0.166,-0.042,-0.301,-0.301,-0.748,-0.748,1.048,-0.301,-0.846,-0.748,-0.042,-0.042,-0.014,0.751,-0.107,0.751,-0.014,-0.042,-0.042,-0.042,-0.014,-0.817,-0.166,-0.846,0.751,1.048,1.0292927197619286,-0.042,1.0723384813030572,0.751,0.7288363717023342,-0.107,-0.301,-0.11776489901976712,-0.846,-0.817,1.1155610456068707,-0.166,-0.8324699234593147,0.7643260782411458,-0.1790168555301657,-0.8566057439109476,-0.8082318352298506,-0.1736696725634295,-0.3087782910705452,-0.12521880386448214,-0.04986125799704519
-1.118,-1.118,-1.118,-1.008,0.447,-1.008,2.504,-1.118,-1.118,0.746,-1.008,-0.656,0.814,2.504,0.507,-0.213,-0.656,0.501,-1.118,-0.213,-1.008,2.504,-0.656,-0.656,0.746,-1.008,0.814,-0.213,-0.656,0.746,0.447,2.504,-1.118,0.507,2.504,-1.118,-1.008,2.504,-0.656,-1.118,-1.008,-1.0177058561221441,0.447,-0.9767102350864793,0.746,0.814,-0.656,2.504,0.507,0.798188926535706,0.8359374946768642,0.7342675345912891,-0.9356065830622995,-0.6671640492529296,-1.118,-0.6318339709580587
-0.803,-0.803,0.956,0.98,1.155,0.98,-0.863,0.361,1.155,-0.863,-0.863,0.956,-0.179,1.833,-0.863,0.98,0.956,1.155,1.155,-0.036,-0.036,1.833,-0.179,1.833,0.254,0.98,-0.863,0.254,-0.863,0.361,1.155,0.98,-0.803,0.361,0.361,0.956,1.155,1.833,1.833,-0.863,-0.863,-0.803,-0.803,1.833,0.361,0.361,-0.036,0.361,0.361,0.361,-0.179,0.98,-0.863,0.98,-0.803,-0.8174418663178497,-0.863,0.9660078057147029,-0.7705414638766721,1.833,0.956,1.814038233567699,0.9907225062150828,-0.7355596035692128,0.9430571503987629,-0.036,-0.05424873332628344,-0.012143869563385281
-0.788,-0.807,-0.736,-1.091,1.063,-0.607,-0.788,1.063,-0.748,-0.748,1.063,-1.091,1.792,-1.091,-1.091,1.792,1.636,-0.607,-0.607,-0.834,1.063,1.063,-0.748,1.636,1.636,-1.091,-0.788,-0.834,-0.807,-0.807,-0.607,1.636,1.063,-0.834,-1.091,1.063,1.063,1.792,-0.736,-0.807,-0.607,1.792,-0.834,1.792,-0.788,-1.091,-0.736,1.636,-0.807,1.792,-0.807,-0.8197872225091729,-0.834,-0.8509141719912128,-1.091,-0.770088356803298,1.783094320422796,-0.788,-0.8240484391760918,-0.7895993401926901,-0.607,-0.748,-1.1013427083546834,-0.7958348090650019,-0.7627626441359122,1.636
-0.879,-0.699,-0.092,2.025,2.05,2.025,-0.879,2.025,-0.092,-0.879,-0.385,2.025,-0.699,-0.879,2.025,-0.863,2.05,-0.385,2.05,2.05,-0.879,-0.879,2.05,0.127,-0.092,-0.863,0.127,0.847,2.025,2.05,-0.385,-0.863,0.127,-0.879,-0.863,-0.699,-0.879,0.127,0.387,-0.385,0.387,2.05,-0.879,-0.863,0.847,0.387,-0.699,2.05,0.847,2.05,0.127,-0.385,2.025,-0.699,-0.7140523951241671,-0.092,-0.1116982391850698,-0.863,-0.879,0.387,-0.8890246165113789,0.847,-0.8635511499942511,2.05,0.11837215354567805
-0.658,-0.215,-0.627,-0.627,0.406,-0.627,-1.025,1.239,-0.627,1.239,1.239,0.406,-0.813,-0.813,1.208,1.239,-1.025,0.161,0.161,0.161,0.406,-0.658,-0.862,-0.215,1.208,-0.215,-1.025,0.406,-0.658,-0.862,0.406,-0.862,-0.627,-0.813,1.208,-1.025,-1.025,-0.862,-0.862,0.161,0.161,-0.658,1.208,-0.813,1.239,-0.862,-0.627,1.208,1.239,-1.025,-0.215,0.406,-0.22743663337573636,-0.658,-0.1860070391824701,-0.8752667807494133,1.2229041161619794,-0.15533919259271278,-0.813,0.161,0.14070309316412008,1.2695746228487363
-0.809,0.022,0.158,0.158,1.583,0.022,-1.1,1.583,0.135,1.128,-0.809,0.135,1.128,1.583,-1.1,1.128,0.135,1.128,-1.1,-0.809,-0.809,-0.809,-0.021,-1.1,0.706,-1.1,-0.809,0.158,0.706,0.022,-0.809,1.128,1.583,0.135,0.158,0.135,-1.1,1.128,1.583,1.128,1.583,0.706,1.583,-0.809,0.158,-1.1,1.583,1.128,1.113054182697944,-1.1,0.135,-0.021,0.0,1.5701976069433075,0.158,-0.03134465455344086,-0.005777327110690544,-1.1132892405395227,1.6209071221621052,-0.010843302677919176,1.1313559168462217,0.706,1.6727701307041776,1.6920149488410121,-0.011198874439331893,1.1696753935575015
-0.587,-0.587,0.415,-0.471,-0.548,0.048,0.233,-0.548,0.124,0.124,-0.471,1.26,0.233,0.233,-0.445,-0.445,-0.587,-0.445,-0.585,-0.585,-0.548,-0.585,-0.548,-0.445,-0.445,-0.548,-0.471,-0.471,-0.548,-0.471,-0.445,0.124,0.048,0.233,0.124,-0.471,-0.548,0.124,-0.587,0.233,0.124,1.26,1.26,0.048,1.26,1.2407641788905268,-0.548,-0.445,0.124,0.03330489639899328,0.233,-0.46118628985815796,0.2150880425687697,0.11152633821489089,-0.4281478423683233,-0.471,-0.4785322200153839
-1.182,-0.443,0.553,0.553,1.364,0.334,0.846,1.364,-0.936,-0.802,-0.802,0.334,0.846,-0.443,1.364,1.72,-0.443,1.72,-1.182,0.553,-1.182,-0.936,0.334,-0.443,-0.802,-0.159,-0.443,-0.802,-0.159,-0.443,1.72,0.553,0.334,1.364,-0.159,1.72,-0.936,-1.182,-0.443,-0.443,0.553,-0.936,1.72,-1.182,1.72,0.334,0.334,-1.182,1.72,-0.802,-0.159,-1.182,0.334,1.7079206950333243,-1.1939761086020495,0.3250692708826488,-0.8162107324711824,0.356072841022167,1.364,-0.936,1.7405682509034601
0.714,1.106,1.01,-0.839,-0.805,-1.03,1.106,1.106,-1.128,-0.805,-1.128,-0.761,1.106,1.01,-1.03,-1.03,0.714,-1.128,-0.805,-0.839,-0.761,-0.996,1.01,-0.839,-1.128,-1.03,-1.128,-0.996,-0.839,0.511,1.106,-0.839,-0.996,-1.128,-0.996,1.106,-1.128,-0.839,1.01,1.01,-1.128,1.01,1.01,-0.761,-1.03,-0.761,-0.996,-0.839,-1.03,0.511,-0.805,1.01,-0.839,-1.128,-1.1433654901256158,1.106,0.714,0.495754652989938,-0.8210536007023512,-0.996,0.5354040318732313,-0.761,1.0006665010659561,0.5580539207574249,-1.0091870656539867,-0.7789774310366924,-1.0425393376650325
0.95,1.023,0.95,1.127,1.417,-0.068,1.127,1.127,0.95,-0.068,1.417,0.226,1.127,1.417,1.023,-0.068,-0.068,1.417,-0.729,0.989,1.029,-0.055,0.226,0.226,0.95,1.127,-0.068,1.417,-0.729,-0.055,0.226,0.226,-0.055,0.226,-0.729,1.023,1.029,0.989,0.989,0.989,0.989,1.417,-0.729,-0.055,1.029,1.023,1.023,-0.055,0.226,0.989,1.417,1.3990248246418748,1.029,1.0132781689358015,0.226,-0.068,-0.055,0.975709009550566,1.442453383661268,1.0039643578808164,0.95,1.0451461216717601,1.031715314149031,-0.729,-0.06630783017001267,-0.7445583749484446,-0.07935694085406739
-0.933,-0.958,1.907,-0.958,1.907,1.746,-0.492,1.746,-0.492,1.243,-0.933,-0.958,-0.662,-0.247,-0.662,1.243,-0.662,-0.933,-0.958,-0.958,-0.933,-0.247,1.746,1.243,1.746,-0.933,-0.604,-0.492,-0.662,-0.492,-0.492,1.746,-0.247,1.746,-0.958,1.746,0.477,-0.247,1.907,-0.604,-0.492,-0.492,1.907,1.907,-0.492,1.907,1.8897631086527917,-0.492,1.243,-0.604,-0.5036830004196109,1.746,-0.247,-0.6129540865751076,0.477,-0.4795102880183068,1.7313866983435307,-0.5753091440481977,1.7767313916565801,-0.2565450648462813,1.9408894592260104
0.226,-0.719,1.675,-0.129,0.226,-0.068,-0.719,-1.254,1.675,0.04,0.226,-0.129,1.29,-0.719,-0.947,-0.947,-1.254,-0.947,-1.254,0.406,-1.254,-0.947,1.675,1.29,-1.254,1.675,1.29,-1.254,-0.947,-1.254,-0.947,0.04,1.675,0.04,1.675,-1.254,-0.129,1.29,-0.719,1.29,1.2766276953875237,-1.254,1.3209535751655792,-0.068,-1.2657389948956632,0.406,0.39603597432047455,1.675,-0.947,0.226,-1.2304692137690643,0.4346524393988873,-1.1769187300013153,-1.1504961233136903
0.044,-1.13,-1.13,1.372,-0.62,1.345,-1.13,-1.13,0.645,0.455,0.336,-0.62,1.356,1.356,1.345,-1.13,1.345,0.336,0.336,0.455,1.345,0.455,0.645,-0.62,0.455,1.372,0.318,0.318,0.318,0.455,1.356,0.645,0.318,1.356,0.336,1.356,0.455,-1.13,-1.13,1.372,1.372,0.044,0.318,1.372,0.044,-1.13,-0.62,0.336,0.455,-1.13,-1.1528015602361452,0.455,-0.62,-0.6350312989000132,0.4430259916192448,0.645,-1.117519472947603,0.318,0.6308372441837167,0.336,0.5100114098145133,1.345,0.3023805166607595
-0.946,0.421,2.202,-0.946,2.202,0.421,2.202,1.582,0.247,0.421,-0.981,-0.946,2.202,0.247,1.582,-0.826,1.582,-0.826,0.421,-0.981,-0.946,1.582,0.247,-0.386,0.421,-0.406,-0.386,1.582,0.421,0.421,1.582,-0.826,2.202,2.202,-0.981,2.202,2.202,-0.386,-0.946,-0.406,-0.826,2.202,-0.386,2.202,1.582,-0.388,2.202,-0.386,-0.981,0.247,-0.981,2.202,-0.406,1.582,-0.826,-0.4168057359628177,-0.386,-0.388,0.421,-0.981,1.5704557862044954,2.1848266793703885,-0.4001228882961099,-0.36353634097952003,2.2196517202097685,-0.946,1.6224337368632527,0.40579943641789795
1.11,-1.072,-0.431,-0.723,1.495,1.461,-1.072,1.473,1.11,0.15,-1.137,1.461,0.15,-1.137,1.495,-1.072,-1.137,1.11,-1.137,-1.137,-0.723,1.473,0.15,1.495,-1.137,-0.998,1.11,1.495,1.473,-1.137,-1.137,1.461,-0.998,1.11,-0.998,1.495,-0.723,1.461,-0.431,1.473,-0.998,-0.723,-0.998,1.473,-1.072,1.495,-1.072,-1.072,-0.998,0.15,-1.072,-1.072,-0.998,1.461,-0.431,-0.723,0.15,1.11,1.4383037951821793,-1.0833111942468512,-1.0773363025938485,-1.0348032289909657,1.473,1.4594166833166475,1.469525916754666,1.495,0.1360034295219728,1.4853566145875816,-1.002802395050226
-1.19,-0.161,-1.005,-1.19,-1.005,-0.617,1.007,1.007,-0.342,1.628,-0.342,-1.19,-0.342,1.628,1.007,-0.597,1.007,-1.19,0.799,1.628,1.007,-0.597,1.628,1.007,-1.19,-1.005,-1.19,-0.342,-0.161,-1.19,1.007,-0.617,-0.342,-1.005,-0.597,-1.005,-0.38,-1.19,0.799,-1.005,-0.342,-1.19,1.628,-0.597,-0.38,0.799,-0.617,0.7791846127457206,1.628,1.608484350349451,-0.342,-0.161,-0.18010235456226176,-0.35594324183355736,0.8142509092724125,-0.1484297139914311,-0.597,-0.6260778495814224,-0.31619116853692286
-0.781,-0.748,-0.148,1.338,-0.148,0.064,1.338,-0.781,-0.871,1.338,-0.748,-0.871,-0.748,-0.871,1.338,1.338,1.406,-0.752,1.406,-0.148,1.338,-0.752,1.338,-0.752,-0.148,1.338,-0.781,0.064,-0.583,-0.148,-0.148,-0.583,1.338,-0.583,-0.871,1.338,-0.781,-0.148,1.406,-0.148,-0.752,-0.781,-0.752,-0.748,-0.583,-0.781,-0.871,1.338,-0.748,1.338,1.406,1.338,-0.781,-0.752,-0.148,0.064,-0.781,-0.1627929639500328,-0.583,-0.14835926176055916,-0.7658711031312057,-0.748,-0.7617943534955857,-0.7912663832375391,0.0,-0.7474218368692553,-0.871,0.05653201848340761,-0.7289326883611263
-1.066,-0.721,0.621,1.267,0.129,-0.652,1.972,0.413,0.621,1.267,-0.721,0.084,-1.066,0.621,0.084,0.621,-0.721,0.135,-0.652,0.129,-0.721,1.972,1.972,0.621,0.621,-1.066,0.129,0.129,0.621,1.972,-0.721,0.129,1.972,0.084,0.084,1.267,-1.066,1.972,0.135,-1.066,0.129,0.129,0.621,0.084,1.972,0.413,0.135,0.39869766580456295,1.267,0.4325195630741861,0.6116138506552783,0.6299163931961254,0.6335643685627314,0.07649307329373145,-0.721,-0.7406937861209599
-0.698,-0.038,0.938,-0.938,0.938,1.572,0.938,-0.705,-0.698,-0.938,0.291,-0.705,-0.705,0.764,-0.551,-0.698,-0.698,0.291,0.938,1.572,-0.698,-0.551,1.572,-0.698,-0.038,0.764,-0.705,-0.698,-0.698,1.572,-0.038,-0.705,0.938,0.291,-0.698,-0.038,-0.705,-0.705,-0.705,-0.038,0.764,0.291,0.938,1.572,-0.705,-0.938,-0.698,0.764,0.938,0.291,-0.698,1.572,0.938,-0.705,0.938,1.572,-0.551,-0.698,-0.698,-0.705,0.291,-0.938,0.938,0.9265150342157444,0.27643565218205657,-0.9519101272516315,-0.715052817438258
-0.369,-0.294,0.031,0.025,-1.052,-1.052,-0.369,-0.294,2.685,0.031,0.025,0.103,2.685,-1.052,1.474,-0.369,-0.904,2.685,-0.904,1.474,-1.052,2.685,-0.741,-0.741,0.103,0.103,-0.741,1.474,0.025,-1.052,2.685,-0.741,0.103,0.031,1.474,2.685,0.025,-1.052,0.031,-0.904,1.474,0.025,-1.052,-0.741,-1.052,0.031,0.103,2.685,1.474,0.025,0.103,-0.369,-0.3873868991947513,0.031,-0.741,-0.294,0.025,1.474,0.08815745734386465,1.4545486189313328,-0.904,-0.7544788497908528,-0.3122316794385184,-0.2891583933103785,0.02159174984699439,2.685,-0.33523833067443753,2.6654013986819454,0.10655950593543229,0.04470668321192159
0.371,0.257,0.257,-0.766,1.644,1.959,-0.766,-1.147,1.959,0.371,1.644,-0.033,-0.033,-1.147,1.959,-0.799,0.371,1.959,-0.766,-0.178,-1.147,-1.147,-0.033,-0.799,0.257,0.257,1.959,0.371,1.644,0.371,-0.766,1.959,1.959,0.371,-0.178,1.644,-0.799,1.644,1.644,-1.147,1.959,-0.799,-0.196,-0.196,-1.147,-0.178,-1.147,-0.196,1.959,-0.178,-0.766,-0.799,-1.147,0.257,-0.19123404436969124,-0.16668808418837347,-0.196,-0.21372965522722284,-0.8072615408088826,1.644,-0.7771800190804254,1.6282547095459257,-0.1401861395748238
-0.611,2.422,-0.839,-0.611,1.319,-0.839,-0.408,2.422,1.248,2.422,2.422,1.319,-0.947,1.248,-0.611,2.422,1.248,1.248,-0.408,-0.947,1.319,1.319,-0.839,-0.839,0.846,-0.408,-0.408,-0.947,2.422,-0.947,1.319,1.319,2.422,-0.947,-0.611,0.846,-0.408,-0.839,-0.947,1.319,1.319,0.846,-0.611,1.248,1.248,1.319,2.422,-0.018,1.319,1.3004400929465405,1.248,0.0,-0.947,-0.408,-0.839,-0.852329539721439,-0.012613000542436482,1.3266607880445618,0.846,-0.611,-0.634494745256155,-0.5883425115169174,1.3713529765510224
-1.022,0.499,0.695,0.611,-1.022,-0.595,-0.051,-0.734,-0.52,0.695,0.611,-1.022,-0.863,-0.863,-0.051,-0.595,0.085,-0.863,-1.022,-1.022,0.499,0.499,-0.52,0.499,-0.734,-0.863,-1.022,-0.734,0.695,0.695,-0.52,-0.734,0.085,0.611,0.085,-0.051,0.695,-1.022,0.611,-0.863,-0.52,0.611,0.611,0.085,0.695,-0.734,0.6779741373703878,-0.52,0.7138246746027851,-1.022,0.7624877401759007,-1.033682184736841,0.499,-0.051,-0.863,0.48587717650841217,-0.595,0.611,-0.8744041276090083,0.5936524489255978,-0.8399277753658321,-0.7444941507856475,-0.06099081138452701,0.5337697220710673,0.6142953388553993,0.8260296935604666
-0.499,1.827,-0.707,1.827,-0.995,-0.508,-0.508,1.827,-0.995,1.827,1.827,-0.995,1.827,-0.499,-0.499,-0.499,-0.728,-0.995,-0.499,-0.868,-0.885,-0.995,-0.868,-0.728,-0.707,-0.995,-0.674,-0.707,1.827,-0.868,-0.728,-0.868,-0.885,1.827,-0.885,-0.499,-0.885,-0.674,-0.868,-0.995,1.827,-0.411,-0.728,-0.885,-0.8987815090235646,-0.508,-0.5287735713272677,1.827,1.8120531294117237,-0.411,-0.728,-0.674,-0.995,-0.868,-0.7350061912756498,-0.426291913943555
0.161,0.149,-0.376,-0.909,-0.255,-0.909,-0.909,-1.014,-0.909,0.149,-0.255,0.149,1.756,0.084,-0.255,-0.909,0.161,0.084,-0.255,0.161,-0.909,0.161,-0.909,0.084,-1.014,-0.909,1.756,-0.909,-1.014,-0.376,-0.909,0.149,1.756,-1.014,0.753,-0.909,0.084,0.084,-1.014,0.084,0.753,0.161,1.756,-0.909,0.084,1.756,0.149,-1.014,0.161,-0.376,-1.014,1.756,-0.909,-1.0254214958358008,-0.9252193574001741,0.084,0.06127079652167748,0.0745409111684133,-0.255,0.149,-0.26664799856456145,0.09643343834750961,1.744126981817253
1.338,-0.325,1.528,-0.995,-0.065,1.941,-0.995,-0.995,1.941,-0.325,-0.343,1.941,1.941,-0.363,1.941,-0.065,-0.325,-0.995,-0.065,1.338,-0.363,1.528,-1.006,-0.363,-0.325,1.941,-1.006,-0.995,-1.006,-0.995,-0.363,1.528,-1.006,-0.325,-0.995,-0.325,-0.065,1.941,-0.325,-0.065,-0.995,-1.006,-1.006,-0.363,-0.363,-0.343,1.528,-0.065,-1.006,1.528,1.338,-0.343,-0.995,-1.006,0.0,1.516059120272031,1.941,-0.363,-0.3721343561916735,-0.33147352332237656,-0.3021147529424299,-1.0045823492862804,-0.954307336454158,1.326908329905002,1.9305865891898122,-0.012152531734529883,-0.065
0.325,-0.354,1.777,0.325,1.777,1.325,0.225,1.777,-0.916,1.462,0.225,1.325,1.325,0.225,0.225,-0.354,-0.354,0.325,-0.916,1.777,-0.57,-0.916,1.777,-0.354,0.576,0.576,1.777,0.325,-0.916,0.325,-0.354,1.462,0.325,-0.57,0.225,0.576,-0.57,-0.916,0.225,0.576,-0.412,-0.354,0.225,-0.412,-0.916,1.462,-0.916,1.462,0.225,0.325,-0.354,1.462,1.4499445516226404,1.325,-0.916,1.4823248460117058,1.3097747472588919,-0.9305730697190729,-0.36606227357254695,-0.8856648579323916,-0.57,1.3449786482034891,-0.5833011249471525,-0.412,-0.8528953764246693
-0.645,-1.048,0.714,0.589,-0.351,0.589,0.277,-0.645,-0.656,0.714,0.403,0.589,-1.048,-1.157,-0.656,-0.656,0.589,-1.048,-0.351,0.714,-1.157,-1.157,-0.656,0.714,-0.351,-0.645,-1.157,0.589,0.589,-0.656,-1.048,-0.645,-0.351,0.403,0.589,-0.645,0.714,0.589,-1.048,-1.157,0.102,-0.351,0.589,0.589,-0.656,0.102,-0.645,0.277,-0.645,0.589,-1.157,0.714,0.277,0.403,-1.157,-1.048,0.589,-0.656,0.26119752632614146,0.5703335095627031,-0.351,0.2971362940754676,0.7021624118599393,-0.3686792837056624,-1.0604515005317596,0.6190751712416349,0.102,0.324953156308694,0.6413025310594815
-0.704,-0.76,-0.644,1.984,1.984,-0.644,1.199,1.199,-0.76,2.64,2.64,1.199,1.984,2.64,-0.984,1.199,1.984,-0.984,1.144,-0.581,2.64,1.984,-0.644,2.64,1.144,-0.984,2.64,0.483,1.144,2.64,1.984,-0.704,1.199,2.64,1.984,1.144,-0.76,-0.984,-0.581,1.984,2.64,-0.984,1.144,1.984,-0.984,-0.984,-0.644,1.984,-0.581,2.64,-0.76,1.971414719178347,-0.5931213047160764,2.6270026123603545,-0.984,-0.704,1.144,-0.5506746548952202,-0.7233607739590635,-0.7730822159930171,2.669553962341153,1.1279428118262467
-0.402,-0.887,1.674,-0.022,-0.704,-1.014,-1.014,-0.749,0.919,-0.002,-0.022,1.674,0.222,-0.402,0.222,-0.704,1.674,-0.704,0.222,1.674,-0.402,-0.402,-0.704,-0.402,-1.014,-0.749,0.222,0.222,-0.402,0.919,-1.014,-0.887,-0.887,-0.887,-0.402,-1.014,-0.022,-0.002,0.919,0.222,-0.887,-0.402,-0.402,0.222,0.222,-0.749,-0.022,1.674,1.674,1.655339262979961,0.919,-0.749,1.7107640390119827,-0.7631301745717702,-0.887,-0.402,0.222,-0.7329838648643656,-0.7030447010430406,0.2119821282808618,-0.704,-0.718812080049608,-0.6638722775824266
-0.807,-1.024,1.607,-1.179,1.607,1.056,-0.766,-0.798,-0.807,-0.067,-1.179,-0.067,-0.807,-1.179,-0.766,-1.024,-0.766,-0.516,-0.766,-0.067,-0.766,1.056,-0.807,-0.178,-1.024,-0.807,-0.798,-1.179,-0.807,-1.179,-1.024,-0.766,-0.766,1.607,1.607,-0.798,-0.798,1.056,-0.766,-0.178,-1.179,-1.179,1.607,1.607,1.607,-0.178,-0.798,-1.024,-0.516,1.607,-0.178,-0.766,-1.179,-0.067,-0.178,-0.516,-0.807,1.056,-0.5333391097860096,-0.067,-0.1979326917148652,1.607,-0.49991138400611185,-0.08155074721549208,-0.766,-0.46001025148570335,-0.798,1.5939158804661375,-0.42005084565700695,-1.179,-0.039170767727629216,1.0462865586163177,-0.7763656166995432,-0.15815050288686971
-0.009,-0.676,-0.503,0.303,-0.503,-1.17,-0.352,1.701,-0.676,0.135,-1.17,0.303,-0.009,-0.009,0.303,-1.17,1.701,1.701,1.701,0.219,-0.352,0.303,-1.17,-0.465,-1.17,1.701,-1.17,-0.352,-0.503,0.135,-1.17,0.219,-0.503,-1.17,-0.465,-0.465,-0.465,-0.676,-0.465,-0.465,-0.352,-1.17,1.701,1.701,1.701,-0.676,0.303,-0.352,-0.503,0.303,-0.676,-0.516359842973623,-0.4881424835622942,0.135,-0.352,-0.375749154900411,0.28685926580542764,-1.17,-1.1767819636547712,0.219,1.701,1.6779308526676797,-0.33248723198455915,0.12660884241466802
2.207,-0.81,0.413,0.768,2.207,0.845,-0.81,0.102,-0.81,0.845,-0.99,0.845,2.207,0.116,0.116,-0.81,2.207,0.768,-0.99,0.413,-0.99,-0.7,0.413,0.413,0.413,-0.81,0.413,0.768,0.845,-0.99,0.116,-0.99,-0.7,0.768,0.116,-0.137,2.207,2.207,-0.7,0.845,0.102,0.413,0.768,0.845,2.207,-0.7,0.116,2.207,-0.7,-0.713677081784332,-0.6622641049935127,-0.99,-0.6146540914070447,-0.81,-0.5598077149352725,0.413,-0.137,0.116,0.768,0.845,0.102,0.8295488915172781,-0.9998131281678612,0.10180117350411733
-0.86,-0.635,0.404,1.202,-0.747,0.21,0.404,-0.132,0.404,-0.747,-0.635,-0.132,0.404,-0.635,-0.86,-0.383,1.145,1.145,1.145,1.145,0.203,0.404,-0.86,1.202,0.21,0.21,0.203,0.203,1.202,1.202,1.202,-0.747,-0.635,-0.383,0.21,0.404,1.145,-0.132,-0.86,0.21,1.202,0.21,0.21,1.145,0.203,1.202,1.145,0.203,1.188676305196518,-0.132,-0.86,1.129707081599424,-0.635,-0.6513454295398414,-0.747,-0.5883042883744547,0.1955991135194241,0.404,1.2387276231440039
-0.769,-1.116,-0.453,-0.769,-0.769,-0.213,-0.331,0.706,-0.932,1.817,0.706,1.817,-1.116,1.817,-0.213,-0.813,-1.116,-0.331,-0.813,-0.331,0.379,-0.813,-0.813,0.706,-0.932,-0.813,-0.769,0.379,-0.331,-0.213,1.817,-0.932,1.817,-0.932,0.379,-0.769,-0.769,-0.213,-1.116,-1.116,-1.116,-0.213,-0.453,-0.932,0.379,0.706,1.817,-0.213,0.706,0.6859103392246216,-0.932,-0.213,-0.331,-0.948616862716831,-0.769,-0.813,0.7196349806566569,-0.8950210935544893,0.7284629008263698,-0.7810167751036469,-0.8219566162069354,-0.8035259299229467,-0.8793081794512226,-0.3416082820290596,-0.453,-1.116
0.642,-0.877,-0.429,-0.05,0.492,0.642,0.642,1.602,-0.889,0.492,-0.026,-0.429,-0.889,1.602,-0.877,-0.582,-0.877,-0.026,0.642,0.492,-0.877,0.492,0.201,-0.026,-0.889,-0.889,-0.877,-0.889,-0.429,-0.05,-0.582,-0.877,0.201,0.492,-0.877,1.602,-0.877,-0.05,1.602,0.642,-0.889,-0.877,-0.429,-0.8956215643999585,0.201,0.492,0.48237990670393655,1.602,-0.582,1.5862754980841671,-0.026,-0.05,0.6321515075108652,-0.8866091684924817,1.6167549491525226,0.5184435723738481
-1.045,0.782,1.326,-1.079,0.779,1.674,-1.045,-0.882,-1.045,-1.079,1.326,-0.674,1.674,1.326,-1.079,1.326,-1.045,0.782,0.779,-1.045,-0.919,-1.079,-0.674,-0.919,1.326,1.326,1.674,1.674,1.674,0.779,1.326,1.674,-0.919,0.779,-0.919,-1.079,-0.674,-0.882,-1.079,-0.919,-0.674,-0.674,-0.882,-0.882,-0.882,-1.045,0.779,-0.882,0.0,-0.674,-1.045,0.782,-1.0539831541358802,1.326,0.7689870389343718,-0.8964019409846831,0.8009024930209372,0.7674387243287856,-0.6851666132273697,-0.6709220669370232
-1.585,-1.585,-0.211,0.467,-1.585,-0.227,1.918,-1.585,-0.996,0.467,1.103,-0.227,-0.211,1.103,1.103,1.103,-0.996,-0.227,-1.585,-1.585,0.467,-0.65,-0.996,1.103,1.918,0.082,-1.585,-1.585,0.467,-0.996,-0.211,-0.721,-0.227,-0.996,-1.585,-0.721,1.918,0.082,0.467,1.103,1.918,-0.227,-1.585,-0.227,-1.585,-0.721,-0.721,1.918,0.082,1.918,-0.996,-0.211,-0.996,-0.65,-0.65,-1.585,0.082,-0.65,1.103,-0.227,1.918,0.467,0.082,1.9058700774806578,-0.24142187483070504,-0.205143932703815,-0.996,-1.585,-0.211,-1.009090302540562,-0.1803033860986719,1.0901990730136493,1.9451376956997826
0.576,-0.819,-0.801,-1.002,-0.819,0.714,-1.002,-0.801,-0.055,-0.62,-0.801,0.714,-0.62,-0.801,-0.801,0.714,-1.002,-0.819,0.714,0.576,-0.62,-0.819,-0.055,-0.576,0.584,0.714,-0.576,0.714,-1.002,-0.055,-0.62,0.576,0.714,-0.055,-0.576,-0.055,-0.62,-0.819,-0.801,0.085,-1.002,0.714,0.576,-1.002,-0.576,-0.576,0.085,0.714,0.584,0.085,-0.819,-0.62,-0.055,-0.801,0.576,-0.62,0.714,0.576,0.085,0.6973599645458708,-0.576,-0.819,-0.8405742515466788,-0.6300896661023774,-1.002,0.584,0.7169883552076889,-0.5900043314690415,-0.5884798112016266,-0.576927828369385,-0.5354614990762047,0.5706759682324345,-0.4838488922365459
0.26,-0.458,0.644,0.644,-0.144,-0.627,-0.865,-0.721,-0.627,1.533,-0.865,-0.627,0.26,-0.144,-0.458,-0.458,0.26,-0.274,-0.865,-0.458,0.644,1.533,-0.865,-0.865,-0.796,-0.627,-0.274,-0.865,-0.274,-0.865,-0.274,-0.274,0.644,0.644,-0.627,1.533,-0.627,-0.865,-0.796,-0.721,0.644,-0.796,-0.458,1.533,0.26,-0.458,-0.627,-0.144,1.533,0.644,0.26,1.5179233112475163,0.24538895473656827,1.5649092583164914,0.6337871702230268,0.26193305544570067,-0.640726417013881,-0.458,0.6717899257230462,-0.796,-0.4698949810243078,-0.274,-0.865
1.528,-0.962,-0.962,1.528,1.528,0.403,-0.621,-1.022,-0.621,-0.621,-0.187,-0.187,-0.621,-0.187,-0.019,-0.019,-1.022,-0.019,-0.71,-0.71,1.528,-0.053,0.686,-1.022,0.686,-0.71,-0.71,-0.187,-0.019,1.528,-0.187,-1.022,-0.962,-0.187,-0.962,-0.019,-1.022,0.686,-0.962,-0.187,-0.621,-0.187,-0.962,-0.053,-0.187,0.686,1.528,-0.962,-0.019,-0.06569915393283339,-1.022,-0.621,-1.032325397411063,0.671401731612437,-0.200171965733137,0.7008045227457571,1.5115241518555929,0.7521353214224075,-0.71,-0.6308868817667647,1.5533140314242944,0.403,1.5928095898080161
1.166,-0.575,1.384,1.051,-0.518,-0.575,0.248,-0.148,0.451,1.051,1.384,0.248,1.051,-0.518,0.248,1.051,1.384,1.384,0.248,1.166,1.166,-0.575,-0.213,-0.213,0.248,1.384,0.451,1.051,0.195,0.248,-0.213,0.195,-0.575,0.451,-0.518,-0.213,-0.213,0.248,1.051,-0.148,1.384,1.051,-0.575,-0.148,1.384,1.166,0.195,1.3630035375370315,1.4028497577137176,0.451,1.0384792605092343,0.17582327163448813,-0.5838868390066773,-0.5443597682169934,-0.518,-0.5319640376946043
1.195,-0.616,-0.058,-0.519,-0.616,1.195,-0.813,-0.058,-0.519,0.952,0.952,-0.616,-0.519,-0.519,1.457,-0.519,-0.616,0.105,0.105,1.933,1.933,-0.519,-0.519,-0.519,0.952,1.457,-0.058,0.032,-0.616,1.933,-0.616,1.933,1.195,1.933,0.032,0.952,-0.813,0.105,1.933,1.457,-0.813,1.933,1.457,0.952,1.933,1.933,-0.519,1.933,0.105,-0.5301966815917702,1.9186224427429792,-0.616,0.08313887233009909,-0.4856156428443833,1.195,1.9728147603864625,2.0116953134544544,-0.058,-0.45609903861117107,1.1811841827262282,0.952,-0.813,0.11201939139989837,1.192824566798163,0.1448214063404731,1.2447940541112323
-1.106,-0.306,1.016,-0.306,-1.044,-1.421,0.203,-1.044,-0.306,-0.765,1.016,-1.106,-1.106,-0.765,-0.306,-1.421,-0.663,-1.044,-0.306,1.016,-1.044,-1.106,-1.421,-1.421,1.016,-1.421,-1.106,-1.106,1.016,0.267,-0.663,-0.306,0.193,-0.765,0.203,0.267,-1.044,-1.421,-1.421,-1.106,0.193,-1.421,-0.663,-1.106,0.193,-0.306,-0.663,-1.421,-1.106,-0.31991551571445875,-0.6758237661599376,0.203,0.18872402272358435,0.267,-0.6462211898654978,0.2586950065641636,-1.1197578324815658,0.29138275959892035,1.016,-1.103960009337611,0.193
1.307,-0.747,-1.169,-0.955,0.923,-0.424,-0.822,1.638,-1.169,1.638,-1.169,1.307,1.638,-1.169,1.307,-1.169,-0.822,0.923,1.307,-0.747,-0.955,0.119,1.638,-0.822,0.119,-0.955,1.638,-0.192,-0.747,0.119,0.923,1.638,-0.747,-0.955,-0.747,-1.169,1.638,-1.169,-0.747,-0.822,-0.955,1.638,1.307,-0.822,-0.955,1.638,0.119,1.638,0.09937272920643561,-0.747,1.307,-0.955,1.6184652666054187,0.13394885961489458,0.923,1.6578517099392445,-0.822,0.1856357371256772,1.2898268195508746,1.3389978155200566,-1.169,-0.7610244775555258,-0.8346274165071947,-0.7823633622826381,-1.1851452143601096,-0.424,-1.1436564358389998
-0.839,-0.302,-1.039,1.128,-1.039,-0.302,1.251,-1.07,0.974,0.974,-1.07,1.251,1.399,-1.07,-0.302,-0.302,1.128,-0.839,1.399,1.658,1.658,-1.039,-0.839,-0.302,-0.87,-1.039,1.251,1.251,-0.302,1.399,1.251,-0.87,-1.07,-1.039,1.399,1.128,1.658,1.658,0.974,1.658,-0.87,-0.302,-0.839,1.399,1.128,1.1073381101556372,-0.8571374038898042,0.974,1.3862041045013715,-1.039,1.251,-0.8048178538499472,-0.3088900966330328,1.2401856055089489,-0.87
1.346,-0.83,-0.83,-0.51,-0.83,-0.97,-0.602,-0.271,-0.51,-0.326,-0.271,-0.199,-0.51,1.346,0.163,-0.199,-0.97,-0.83,-0.602,-0.326,-0.51,-0.326,-0.326,-0.51,-0.83,0.163,1.346,-0.97,-0.97,-0.843,0.163,-0.326,-0.602,-0.199,-0.199,-0.326,-0.326,-0.843,-0.602,-0.843,-0.843,-0.83,-0.271,-0.326,-0.51,-0.199,-0.28250975561840097,-0.3390411056978814,-0.97,-0.9952701833740375,-0.2965619491891401,-0.843,-0.9447896138834135,-0.602
-0.031,-0.031,-0.726,-0.726,0.424,-0.147,-0.664,0.383,-0.147,0.383,-0.758,-0.758,-0.726,-0.031,0.383,-1.022,-0.147,-0.664,-0.031,0.383,-0.147,0.383,-0.758,-0.758,-0.147,0.383,-1.022,-0.031,-0.726,-0.726,-0.726,-0.664,0.424,-0.726,0.424,-0.726,-0.726,0.383,-1.022,-0.726,0.428,-0.726,0.383,0.383,-0.726,-0.147,-1.022,0.383,-0.031,-0.147,0.0,-0.031,-0.047027512864111706,-1.022,-0.011073371503533824,-0.726,-0.029934631612292435,0.383,-0.7369094570796374,-0.147,0.428,0.020160743443497185,0.0526028872510951,-0.16068697565930207,0.3684022624388501,-0.6979233775785044
-1.149,-0.989,-0.989,-0.878,0.919,-1.149,-1.149,-0.97,0.919,0.744,-1.149,-1.0,-0.97,-0.878,-0.642,0.919,1.147,0.744,-1.0,-1.0,-1.149,0.919,-1.0,-0.989,-1.0,-1.0,-0.878,-0.97,1.159,1.147,1.147,-0.989,-1.149,-0.97,-0.642,-0.989,-1.0,-0.878,1.147,-0.878,1.147,-0.97,1.147,-0.878,1.147,1.159,-0.642,-1.149,1.147,-1.0,-1.149,0.744,-0.989,-0.878,0.919,0.7323799774412088,-1.160561045833932,-0.642,-0.8877260466279823,-0.6516374543159612,-1.0041697414181023,-0.861081338669231,1.1414971491236579,-0.9549239947652257
-0.528,0.932,0.932,1.751,1.662,-0.528,1.751,-0.029,0.932,1.751,1.751,-0.751,-1.095,-0.528,-0.914,0.932,0.471,1.751,0.471,1.751,-1.095,-0.914,1.751,0.471,0.932,-0.914,1.662,1.751,0.471,1.751,0.932,-0.468,1.662,-0.528,-0.468,1.751,0.932,0.932,0.932,-0.914,-0.751,-1.095,-1.095,-0.751,-0.528,-1.095,-0.751,0.471,-0.914,0.471,0.932,-1.095,1.662,1.6487770320774486,-0.029,1.751,1.6751336909216668,1.7179088496503554,0.9232695350220617,-0.043371068125587844,1.7462491490217984,0.471,1.774949098249724,0.4515407768661477,-1.1072426560123247,-0.011366922558285059
-0.006,-0.006,-0.956,2.056,-0.956,-1.029,-1.085,-0.068,-0.66,0.38,-0.66,0.79,-0.66,-1.085,-1.029,2.056,0.79,-0.66,0.38,0.79,2.056,2.056,-1.085,0.271,0.79,0.38,2.056,-1.029,-0.956,-0.66,0.38,0.38,0.38,-1.029,-1.085,-1.085,-1.029,-0.956,2.056,0.271,-0.66,-0.956,0.38,-0.006,-1.085,2.056,0.271,-1.029,2.056,-1.085,-0.006,-0.956,0.271,0.38,2.0432880490181122,0.79,-0.017285125637706428,0.36800158474583716,0.7759604681323463,0.2600587480957894,-0.9741430314500426,-0.66,0.29375565779990254
-1.203,-1.091,-0.967,-0.273,-0.967,-1.013,-0.885,-1.013,-1.013,-0.507,-1.091,-1.013,-0.507,1.247,1.247,-0.35,-0.35,-1.203,1.247,-0.002,-1.203,-0.967,-0.967,-1.013,-0.967,1.247,-1.013,-0.35,-1.013,-0.885,1.247,-1.203,-1.091,-1.203,-0.885,-0.35,-0.002,-0.002,-0.885,-0.967,-0.35,-0.273,-0.002,-1.091,-0.967,-1.091,-0.885,-0.967,-1.091,1.247,-0.507,-0.002,1.247,-1.203,-1.2317024854590701,-1.013,-1.091,-0.885,-0.273,1.23937312904047,-1.1071627075449575,-0.35,-1.0221422556864335
0.952,0.1,-0.963,2.211,0.932,2.211,1.436,0.932,0.932,2.211,0.932,0.1,2.211,0.1,2.211,-0.643,0.1,0.952,-1.175,-0.963,-0.836,1.436,-0.836,0.932,-1.175,-1.175,0.952,-0.643,0.952,-0.722,0.952,0.1,0.932,-0.722,0.952,-0.963,0.952,0.952,0.932,0.952,2.211,-0.722,-0.836,1.436,2.211,-1.175,-1.175,0.952,-0.836,1.436,1.436,-1.175,-0.643,1.436,-0.963,0.952,-0.836,-0.8463145272376613,0.1,0.932,0.9202665178176189,-0.722,-0.643,2.211,-0.963,-0.9862626066992065,0.9435900324188294,0.9862459087905269,-0.7353759838591654,1.025306492963791,-0.693980251890601
-0.067,-0.928,-0.141,-0.141,-0.477,0.229,-0.067,-0.928,-0.928,1.24,-0.067,-0.8,1.348,1.24,-0.067,-0.477,-0.928,0.229,-0.141,-0.067,1.24,0.048,-0.067,-0.477,-0.842,-0.842,1.348,-0.8,-0.928,-0.067,1.24,1.348,-0.842,-0.067,-0.8,1.24,0.048,-0.067,-0.477,1.24,1.24,-0.8,-0.477,-0.928,-0.928,1.348,-0.842,-0.928,-0.067,1.348,-0.842,-0.067,1.348,-0.067,0.229,0.2150399983039507,1.3410528418386052,-0.928,1.24,1.228900908399513,1.255846115485817,0.2558388745702418,1.3821606022683206,1.2939504294930249,-0.8,-0.477
0.794,-0.684,0.794,2.386,1.345,-0.544,1.345,-0.757,0.794,1.469,-0.757,2.386,0.794,1.345,-0.544,-1.0,-0.544,-0.684,-0.757,1.469,-0.544,-0.757,-0.577,1.469,1.345,1.469,1.469,-0.577,1.345,1.469,0.794,1.469,2.386,0.794,1.345,2.386,-1.0,-1.0,-0.2,0.794,-1.0,2.386,1.469,-0.577,-0.577,1.345,-0.757,2.386,-0.7720594644881571,-0.544,-0.740865693917252,-0.5597455830162272,-0.684,-1.0,-0.7054258352425593,-0.577,-1.0148842939847056,-0.6699615908672978,0.794,1.3331756572861144,1.469,1.4494026266076487,-0.5899850374774289
2.024,-0.253,0.843,-0.42,1.104,-0.721,0.843,-0.253,-0.721,1.46,0.458,2.024,0.458,1.104,1.102,1.104,-0.42,-0.42,1.104,-0.721,1.104,2.024,-0.253,1.102,0.843,1.102,-0.42,1.104,1.46,0.843,0.843,0.447,0.447,0.447,0.447,1.102,2.024,1.46,-0.253,0.447,-0.721,1.46,1.46,2.024,-0.721,0.843,-0.721,1.46,1.4375396868314452,-0.7390272252803315,1.104,1.0800832641078761,-0.6921213733256913,0.843,1.4694364117091148,-0.253,-0.42,-0.2602252713278673,0.8257707957305808,-0.2019060563853563,0.447,1.102,0.865721126742657,1.5172043350995414,-0.18325385801948943,-0.6578128883441682,-0.6209559665873771,2.024,1.0873165474961322,-0.5795817500092756,-0.12633077032784074
1.923,-0.585,-0.138,-0.751,-0.268,1.923,-1.142,1.923,-0.268,0.687,-1.142,-0.751,0.687,-0.751,-1.142,-0.268,-1.142,-0.585,-0.585,-0.585,-1.142,0.687,-0.751,1.923,-0.323,-0.751,0.743,-0.268,0.687,1.923,-0.751,1.923,0.687,-1.142,-1.142,-0.362,1.923,-0.323,1.923,-0.323,0.743,-1.142,-0.751,-0.751,-0.323,-0.138,-0.751,-0.362,1.923,1.904855206619547,0.743,-0.33969671076342134,-0.3037886250680797,-0.14454050628233758,0.7334364592650332,-0.2653610301094394,-0.3752928810948767,-0.23161144224780117,-1.142,-0.10956814110876384,0.687
-0.652,0.679,0.679,1.434,1.106,-0.993,0.031,-0.993,-0.412,-0.993,-0.854,1.434,-0.652,0.031,-0.652,1.434,1.106,-0.808,-0.993,1.106,1.434,-0.854,-0.993,-0.093,-0.412,0.031,-0.808,-0.412,0.031,1.106,-0.093,0.679,-0.854,-0.412,0.679,-0.412,-0.093,-0.652,-0.412,1.434,-0.652,-0.093,-0.412,-0.808,-0.093,-0.652,0.031,-0.854,-0.412,-0.993,-0.6672024812433656,0.679,1.106,-0.093,1.0859585368117701,-0.11395002660926076,-1.0000528374563242,-0.6355591325560676,1.1290899490995028
0.006,-0.59,1.764,-0.59,1.764,0.285,-0.59,1.679,-0.59,-1.016,-0.999,-0.999,1.049,-1.087,0.526,-1.016,0.526,0.526,-1.016,-1.087,0.006,1.764,1.679,-1.087,1.764,0.526,-1.087,1.764,1.764,1.049,1.764,-0.999,0.526,-0.59,0.285,1.764,-0.999,-0.999,-1.016,1.679,0.006,1.679,-0.999,1.679,1.764,1.679,1.679,-1.087,1.764,1.049,-1.087,-0.999,0.526,1.679,1.6584005999586675,0.285,0.510267062426545,1.764,0.006,-1.016,1.6945399323982437,-0.010317311464206889,1.7527197766400673,0.27239841715658153,1.7442924727023201,1.7737164445757632,-0.59
-0.933,0.417,-0.244,0.417,0.417,0.26,-0.982,-0.933,-1.089,0.756,-0.982,0.466,-1.089,0.466,0.466,0.469,0.417,0.18,0.18,0.417,-0.933,-0.982,0.26,-1.089,0.26,-0.982,0.756,-0.982,-1.089,0.26,0.756,0.417,0.26,0.466,-0.244,-1.089,-0.982,-0.933,0.417,0.26,-0.933,-0.933,0.417,-0.947107144216376,0.756,0.18,0.15242342702284853,-0.982,-0.9245088603798276,-0.244,0.466,0.26,0.4502551836933238,0.2484803074917148,-1.089,0.4934275514841614
-1.13,0.544,-1.13,-1.13,1.707,-0.856,1.707,-1.13,-1.201,0.854,0.544,1.707,-0.637,-0.772,-1.13,-0.856,-1.201,0.188,-0.856,1.707,-0.637,-0.637,-1.201,0.188,-0.856,1.707,0.544,-0.856,0.188,-1.201,-1.201,1.707,1.707,-1.13,-0.637,-0.856,1.707,-1.201,-0.637,0.188,0.544,-0.637,0.854,-1.13,-0.772,1.707,-0.772,0.544,-0.772,-1.13,-1.13,0.544,-1.201,1.707,0.854,-0.772,0.0,0.188,-0.014653812585811414,-0.7917732868857719,0.17772436027428445,0.544,0.854,0.046657852646229396,0.5348894719258473,0.22556711818184744,-1.201,-1.2104178225319824,0.08501090447457348,-0.7565322285275066,0.25406943030195794,-0.7069180021660841,0.2795171072773751,0.5683651576177597,0.3198828822641953,0.5796072323486241
1.805,-0.439,-0.903,-0.591,-0.056,-0.903,-0.708,-1.018,-0.591,-0.494,-1.018,-0.494,1.805,-1.018,-0.903,-0.954,-0.591,-0.954,1.805,1.805,-0.616,-1.018,-0.903,-1.018,-0.439,-0.903,-0.591,-0.708,-0.056,-0.056,-0.954,-0.591,-0.591,-0.903,-0.903,-0.954,-0.494,1.805,-0.439,-0.439,-0.616,-0.616,-0.439,-0.616,-0.708,-0.903,-0.439,-0.591,-0.494,-1.018,-0.056,-0.954,-0.903,-0.5037369235696912,-0.9179123197461415,-0.439,-1.031740810543155,-0.4510037955591876,-0.9715676393267678,-0.07179923353918216,-0.616,-0.6360421221532091
0.906,0.669,0.906,-0.074,0.487,1.01,-0.074,-0.417,-0.074,1.01,-0.074,-0.535,-0.795,0.671,-0.795,-0.074,-0.074,-0.417,-0.074,-0.417,-0.074,1.452,-0.417,-0.535,-0.535,1.452,0.671,0.669,-0.795,0.671,1.452,0.906,1.452,0.487,0.669,0.671,0.906,0.906,-0.074,1.452,1.01,0.671,-0.535,-0.795,1.452,1.01,0.487,-0.074,-0.535,0.669,0.472787648033887,1.4391189054224944,0.671,0.6579150537367728,-0.5468609758135501,0.6897500161406154
-0.863,0.472,-0.982,-0.074,0.472,-0.852,-0.982,-0.852,-0.863,-0.696,-0.048,-0.863,0.472,-0.696,-0.048,-0.852,-1.027,0.472,-0.074,0.472,-1.027,-1.027,-0.048,0.472,0.405,-0.053,-0.696,-0.696,-0.074,-0.982,-1.027,-0.074,0.472,-0.982,-0.852,-0.852,-0.863,-1.027,-0.074,-0.074,-0.852,-1.027,-0.852,-0.863,0.472,-1.027,-0.863,-0.982,-1.027,-0.863,-0.982,-0.053,-1.001472802728108,-0.852,-0.696,-0.7160419776328012,-0.048,-0.8638941908027687,0.472,-0.06453911314043696,-0.9640701200906437,-0.8750152402033654,0.405
0.432,1.29,-0.892,0.175,-1.077,0.432,-0.283,1.29,-0.46,-1.077,-0.46,-0.46,-0.589,1.29,-0.784,0.432,1.29,-0.589,-1.077,0.175,-1.077,-0.283,-0.784,-0.283,1.29,0.432,-1.077,-0.784,-0.892,0.175,0.432,-0.651,0.432,-1.077,1.29,-0.892,-0.283,-0.892,-0.784,-1.077,-0.651,-0.589,0.432,1.29,-1.077,-0.784,-0.589,-0.589,-0.892,-0.651,-0.651,0.175,-0.892,-1.077,-0.46,-0.9053525315942406,-0.784,-1.0908234376089314,-0.6625398775460635,0.15943011736343257,-1.0535271962375656,1.29,1.274763905934143,-0.589,-0.600338833457053,-0.47617063793392234,0.20290683431298268,-0.6148729091603601,-0.796650295640691,-0.283,-0.8602628598466139
1.61,2.561,-0.517,2.561,1.22,0.937,1.22,-0.517,0.937,2.561,1.22,1.61,-0.615,-0.285,0.937,-0.517,-0.615,-0.285,2.561,1.22,2.561,0.937,-0.149,-0.615,1.731,0.937,-0.517,-0.143,-0.149,1.61,-0.517,-0.615,1.22,-0.149,-0.615,-0.285,-0.517,1.731,-0.517,1.61,0.937,2.561,0.937,1.731,2.561,2.561,1.61,-0.285,1.731,2.561,2.561,2.561,2.5465032346132155,1.22,1.196370584996131,1.731,0.937,-0.285,0.926052770162488,-0.143,-0.615,1.2252433672115628,-0.2954104902767838,1.7163022705831619,-0.26980341180848716,-0.23318540930536585,-0.517
-0.801,1.628,0.789,1.577,1.577,1.577,-0.711,1.628,1.166,0.789,1.166,1.577,1.628,1.628,1.166,1.166,1.577,1.577,-0.5,1.628,-0.596,-0.5,0.232,0.789,1.628,-0.596,-0.5,1.628,-0.711,-0.232,-0.801,1.628,-0.232,0.232,-0.5,1.628,0.232,1.166,1.577,-0.232,-0.232,1.166,-0.801,1.577,0.232,1.166,0.232,-0.711,-0.711,-0.596,0.789,-0.801,-0.801,-0.5,0.789,-0.5,1.166,-0.232,1.577,1.628,-0.5133973119458172,1.568017183400417,0.789,-0.24322296945895866,-0.4612425418314359,1.1517245194593588,0.7689093800066837
1.68,-0.761,-0.836,1.794,-0.144,0.649,0.649,-0.438,-0.761,-0.408,0.613,-0.761,0.649,-0.761,-0.408,-0.761,1.68,-0.438,1.586,0.613,1.68,1.586,-0.438,-0.761,1.794,1.68,-0.438,-0.408,-0.144,-0.761,-0.836,-0.438,1.794,1.68,0.613,1.794,1.586,-0.761,-0.438,-0.144,-0.438,0.649,1.794,1.586,-0.408,1.794,1.68,-0.836,-0.836,-0.438,-0.408,0.649,1.586,-0.761,-0.144,1.5746203698400811,0.613,-0.7724812077089205,-0.438,1.68,-0.408,-0.836,1.62162903493541,1.6460295111540164,1.6986872956761592,-0.42221254226183036,0.649,-0.744870856143129,0.6021131001925922
-0.513,-1.042,-0.514,-0.915,-0.513,-0.514,1.855,-1.042,-1.042,1.855,-0.221,1.855,0.443,1.855,-1.042,0.95,-0.915,-0.221,0.95,0.483,-0.915,-0.514,-0.221,1.855,-0.221,-1.042,0.483,0.95,-0.221,-0.514,-1.042,-0.221,1.855,-0.221,0.443,-0.221,1.855,0.734,-0.915,-0.221,-0.915,-0.221,-1.042,-1.042,0.734,1.855,-0.514,1.855,-0.221,-0.915,-0.513,-0.9297461097473899,-0.514,-0.5284314609525066,-0.5305629074817636,0.95,-1.042,0.443,-0.48311153574921556,0.42958891995322857,-1.0564054066921096,0.483,-0.43698883589761206,1.855,1.8387569209197276,-0.221,-1.0039605151156612,0.4726138004787715
-1.13,0.327,0.608,-1.13,-0.944,-0.944,-1.13,1.291,0.608,1.291,-0.792,-0.821,1.291,1.544,-0.792,-0.944,-1.13,0.327,-0.082,-0.944,0.608,-0.944,-0.082,-1.13,1.291,1.544,-0.082,-0.821,-1.13,-0.792,1.291,1.544,0.327,1.544,1.544,0.608,-0.082,1.291,-0.944,1.544,-0.821,-0.821,1.291,-1.13,1.544,-0.792,0.327,-0.792,1.544,0.608,0.3138926273807996,-0.082,0.5933179895208588,0.6361997257310845,-0.944,-0.821,-1.13,0.3676566752376755,-0.9598491471353846,-0.08913593403632465,1.5362173591846309
-0.231,-0.462,-0.382,1.708,1.708,-1.159,0.291,-0.231,-0.868,-0.447,-1.032,-0.462,1.708,-0.868,-0.663,1.708,-1.032,-0.447,1.708,-0.462,-0.868,-0.447,-0.868,-0.382,-1.159,-0.462,-0.231,-0.462,-0.663,-1.159,-0.382,-0.868,-1.159,1.708,1.708,-1.159,-1.032,-0.868,-0.382,-0.447,-0.447,-0.462,-0.663,-0.382,-0.382,-0.382,-0.382,-1.032,0.291,-0.462,1.708,-0.447,-0.462,-0.462,-0.231,-0.868,-0.663,-0.382,-1.032,1.708,-1.159,-0.462,-0.382,-0.447,-1.032,-0.868,-0.4780129729924359,-0.39183957942849246,-0.36941752978609615,-0.663,-0.8841362942089577,-0.4563033446520962
0.85,-0.869,-0.689,-0.573,0.326,-0.919,0.326,-0.689,-0.869,-0.869,-0.81,-0.076,-0.81,-0.878,-0.869,-0.583,-0.919,-0.573,-0.919,-0.689,-0.878,-0.919,-0.583,-0.878,-0.878,0.326,0.85,0.85,-0.689,-0.81,-0.81,-0.919,-0.573,-0.689,-0.689,-0.573,-0.573,-0.573,-0.869,-0.878,-0.919,-0.583,-0.689,-0.919,-0.076,0.326,-0.583,-0.689,0.31176632041582353,-0.573,-0.5922689609210195,-0.6995624030875017,-0.5682596109320341,-0.81,-0.5212053848496689,-0.659068441963132,-0.869,0.85,-0.08357553608963776,-0.580655685267788,-0.6098575830948537,-0.4790205497220938
0.2,-1.084,-0.347,1.003,-0.347,1.337,-0.759,-0.759,0.097,0.104,1.003,-0.795,0.097,0.097,-0.795,1.003,-1.084,-0.347,0.097,0.144,1.003,1.337,0.097,0.104,1.337,-0.347,-1.084,1.337,-0.759,-0.347,-0.347,-1.084,0.2,-0.795,0.144,-0.759,1.003,-1.084,-0.795,0.104,0.104,1.337,0.2,0.144,1.003,-1.084,-1.084,0.2,0.097,0.144,-0.347,1.337,0.08217908961243091,-0.795,0.2,-1.084,0.11723979564944398,0.1792229328846234,0.13271136775013714,0.22642409489508225,0.16653988749508933
0.511,1.495,-0.286,1.347,1.347,0.511,0.136,-0.899,0.511,1.446,-0.899,1.495,-0.475,-0.475,0.511,1.347,0.136,1.495,0.511,-0.475,1.495,1.495,0.511,-1.0,-0.899,0.511,-0.899,1.446,1.495,1.347,1.186,1.446,1.347,-0.286,1.446,1.186,-0.475,-0.286,1.446,-0.899,0.136,1.186,-1.0,-0.899,-1.0,-1.0,-0.286,-0.475,1.495,1.347,1.446,1.495,0.136,-0.475,-0.4903291598585904,1.186,1.486645034778729,-0.4716444231280762,-1.0,1.446,1.347,1.3323901828698954,1.4292475642183136,-0.45859655309272723,1.1742354132195802,1.3659158431246945,1.2085114262252559
-0.495,-0.495,-0.171,-0.495,0.21,1.571,0.616,-0.171,1.571,0.94,-0.495,1.571,-0.733,0.94,-0.459,1.571,-0.495,-0.733,0.94,1.571,0.94,-0.459,-0.733,-0.733,-0.459,-0.733,-0.733,0.94,-0.597,1.571,-0.495,0.936,-0.597,-0.733,1.571,-0.733,-0.171,-0.495,0.936,0.21,0.936,-0.495,0.936,-0.459,-0.171,-0.597,-0.459,0.94,0.936,0.616,-0.6138782667538,-0.733,-0.5640331476555017,0.21,1.571,0.9214805166953229,0.9281003897364168,1.5579840952722805,-0.47751624489319794
-0.81,-0.81,1.338,-1.006,1.674,-1.006,-0.859,1.338,-0.847,-0.847,-0.737,1.338,-0.458,-0.847,-0.81,0.104,1.338,-0.737,1.674,-0.458,-0.859,-0.847,0.104,0.104,-0.81,0.104,1.283,-0.737,1.674,1.283,-0.859,1.338,-0.859,-0.81,1.674,-0.458,1.283,1.674,1.674,-0.458,-1.006,1.674,0.104,1.283,1.338,1.674,-0.847,0.104,-1.006,-1.006,-1.006,1.338,-1.006,1.674,-0.847,1.283,1.674,0.104,1.283,-1.006,1.2715345314145663,-0.737,-0.7579787070820669,-0.7403741906608197,1.6617584486891024,-0.859,-0.7103353124883064,-1.0124608067613214,1.338
1.659,1.659,0.585,1.438,-0.785,-1.112,-1.112,1.438,-0.785,-1.112,1.659,1.046,-0.864,-0.468,1.659,-0.468,-1.112,-1.057,-1.112,1.046,-0.785,-0.864,1.659,1.438,-1.112,0.766,1.046,1.438,1.438,-0.785,-0.468,1.659,-1.112,-1.057,1.659,1.659,-0.785,-0.864,-0.864,1.046,1.438,-1.057,1.046,1.046,-0.864,-1.112,-1.057,1.438,-0.864,0.766,0.766,1.438,-0.785,-0.8029923591495265,-1.057,-0.468,1.659,-1.112,-0.777280709531088,0.585,0.766,1.4227181030304386,-1.1234481988554013,-0.7691091496195939,-0.864,0.7492580762001237,-1.0724020570037758,0.7852951618545283
-0.902,-0.986,0.949,-0.902,1.424,0.949,1.424,1.424,-0.986,0.647,-0.986,1.826,-0.533,-0.902,0.503,-0.986,-0.533,-0.113,1.424,-0.986,-0.986,0.949,1.826,1.424,-0.986,-0.533,-0.533,-0.113,-0.986,0.208,1.826,-0.986,1.826,-0.902,-0.533,1.826,-0.113,0.208,-0.986,-0.902,0.949,1.424,1.826,1.826,0.647,0.503,0.949,-0.113,0.647,-0.902,1.826,0.4876961699249168,-0.12459147293416636,-0.08703899855854753,0.9396006378780147,-0.9150841328004699,0.9605602360278669,-0.986,-0.06577358289862256,-0.533,-0.8832021321132778,-1.0023713777430039,-0.8715705213654895,-0.8400714749858217
-0.914,-0.914,-0.291,-0.914,0.225,1.077,-0.95,1.553,1.077,1.574,-0.109,-0.95,1.574,0.225,-0.95,1.077,1.574,1.574,-0.109,1.599,-0.95,1.553,-0.95,1.574,-0.95,1.599,-0.914,1.574,-0.95,1.574,-0.95,1.553,1.574,0.225,-0.914,1.599,0.225,-0.291,1.553,-0.109,1.599,1.223,1.553,1.599,1.574,1.553,1.223,1.599,-0.109,-0.109,1.553,0.225,1.599,1.599,1.574,1.223,-0.109,-0.291,1.599,1.223,1.553,1.204703091636903,1.24043528382972,-0.95,0.225,1.574,-0.914
-0.888,1.027,-0.888,-0.575,-0.259,-0.165,-0.888,0.834,-0.165,0.407,-0.597,-0.165,-0.259,-0.165,-0.888,-0.575,0.834,1.027,1.027,0.834,-0.575,-0.888,-0.165,0.407,-0.575,-0.105,1.027,-0.259,-0.597,-0.888,-0.888,-0.143,-0.888,-0.165,-0.575,-0.105,-0.597,0.407,0.834,-0.165,-0.259,-0.165,1.027,-0.165,-0.105,-0.597,-0.6096282204363128,-0.165,-0.105,-0.12237903167445474,-0.5694678616602237,-0.575,1.027,0.834,0.8169106793153831,1.0088055113808478,0.8580967290739676,-0.09413328730943199,-0.259,-0.27470365676005953,-0.17379321924063648,-0.05700375384229968
-0.598,0.908,0.908,0.625,-0.598,-0.763,-0.916,2.002,-0.916,0.158,-0.779,0.625,2.002,1.459,0.908,-0.443,0.908,1.459,1.459,0.908,-0.763,-0.763,-0.763,-0.916,-0.763,2.002,1.459,0.908,0.908,0.908,-0.916,-0.779,-0.598,-0.443,1.459,-0.779,2.002,0.908,-0.916,-0.598,2.002,2.002,-0.779,-0.779,0.158,-0.598,-0.763,-0.763,0.158,-0.763,1.459,-0.598,-0.916,0.14662219275409044,-0.443,-0.779,-0.4604877200185309,-0.9304046371472102,-0.7950988357829407,2.002,-0.7708160079437272,1.4485268535470128,-0.6099458877762355,-0.7199551648962731,0.908,1.9919223459115711
1.907,1.241,2.205,-0.424,1.241,2.205,2.041,2.205,-0.424,2.205,1.907,0.873,2.205,1.907,1.481,-0.276,2.205,2.041,1.586,0.873,0.873,-0.424,-0.276,-0.424,2.041,2.041,1.586,0.248,-0.276,0.248,0.873,0.873,-0.276,1.907,-0.276,2.041,2.041,1.907,1.481,-0.276,2.205,1.586,-0.424,1.481,-0.424,-0.276,1.907,1.586,-0.276,1.241,2.205,1.481,2.041,0.248,2.205,-0.276,-0.276,1.241,1.907,-0.424,-0.4505993195817211,-0.28740590464150956,0.873,0.8573682565734148,2.205,1.481,-0.23083258251489866,0.8864452031531539,1.4697149684011475,0.248,0.2325628524620555,0.2572113952725303,1.501043612143027,0.28242189585049077,-0.1872611813998115
-0.991,1.589,-0.032,-1.038,-1.038,-0.032,-0.883,-0.755,-0.032,0.19,1.768,-0.991,-0.755,0.444,1.589,-0.218,-0.991,1.768,-0.032,-1.038,-0.991,0.19,-0.032,1.589,-0.991,-1.038,-0.218,-0.218,-0.991,1.589,-0.755,-0.032,0.19,-0.991,-0.883,1.768,-0.032,-0.218,-0.883,-0.991,0.19,1.768,-0.032,-0.991,0.19,-0.883,-1.038,1.768,-0.991,-0.883,1.768,1.589,-0.218,0.444,-0.991,1.589,-0.23753799100806455,-0.032,1.768,-0.755,-0.7694262833837229,-0.883
0.798,0.798,0.798,0.561,-0.834,-0.834,1.541,0.748,0.15,-0.478,0.798,0.149,0.149,0.748,0.149,-0.61,0.748,-0.61,0.561,1.541,0.798,0.798,0.798,0.15,0.798,-0.478,0.561,0.561,-0.834,1.541,0.748,0.748,-0.834,0.15,0.561,-0.834,-0.61,-0.119,0.798,0.561,1.541,-0.834,0.149,-0.834,1.541,0.561,-0.834,-0.119,1.541,-0.478,-0.13168112332864598,0.798,1.5232218600445024,0.15,0.13376226834061644,-0.09941678748428695,0.1511696349554196,0.1828289329441575,0.149,-0.8453333932557345,0.2145605982345451,0.2584965357117179,-0.8130125370248548
0.247,-0.772,-1.026,-1.026,0.247,-0.702,-0.331,0.92,-0.772,-0.331,0.336,-0.702,-0.702,0.92,-0.012,-0.702,-1.026,-0.702,-0.772,-0.012,0.247,0.92,-0.702,0.247,0.247,-0.772,1.389,0.92,0.247,-0.331,-0.401,-0.772,-1.026,-0.012,1.389,0.336,-1.026,1.389,-0.012,-1.026,1.389,-0.401,-0.702,0.336,-0.702,0.92,-0.012,-0.03610222664741462,-0.331,-0.702,-1.026,-1.0410486802769765,-0.7139014975038921,-1.002146694868994,0.909631539234,0.017994896030692615,0.9430040025861177,-0.3439456528811165,-0.9917702897469314,-0.401,-0.4084910104505402,-0.9455247032071037,0.9838284155475788
0.04,0.317,-0.821,0.106,0.58,-0.619,1.567,1.567,-0.619,1.567,0.518,-0.619,0.04,0.58,0.518,0.04,0.58,0.58,0.04,-0.699,0.04,-0.821,-0.821,0.04,-0.821,0.58,1.567,0.04,0.106,-0.699,0.518,0.317,1.567,1.567,-0.821,0.106,0.04,0.04,0.58,-0.821,0.04,-0.619,0.04,-0.699,-0.619,-0.699,0.317,1.567,0.518,0.0,0.317,-0.821,1.567,1.5502275493372701,0.04,-0.8320050572727726,-0.699,1.5665731744619844,0.3074539417348578,-0.619,0.33331858169397327,0.106,1.5856462651771297,0.09234581209282813,-0.7115742068598534
0.313,-1.013,0.313,0.498,-0.625,-0.718,-0.087,-0.553,-0.718,2.042,-0.553,-0.087,2.042,-0.087,-1.013,2.042,-0.553,2.042,-0.553,2.042,0.313,-0.628,2.042,-0.625,-0.625,-0.625,2.042,-1.013,-0.628,0.498,0.313,-1.013,2.042,-0.67,2.042,-0.67,-1.013,0.498,-0.67,-1.013,2.042,-0.087,0.313,-0.553,-0.67,-0.718,-0.553,-0.628,0.313,-1.013,0.498,-0.5654860118352419,-0.718,-0.67,2.042,-0.087,-1.0251911777373643,0.4902045767061572,-0.625,-0.9914694561882741,-0.5104184997847436,-0.4894476817669832,-0.09613676686518224,-0.7326445833016205,0.5248577983660582,-0.9482580048815353,-0.9380819812687946
-0.392,-0.25,-0.25,1.529,-1.013,-0.793,-1.013,-0.327,-1.013,-0.392,-0.597,-0.793,1.176,-0.392,-0.25,-0.25,1.176,1.176,-1.013,-0.392,-0.392,1.529,-0.793,-1.013,1.176,-0.25,-0.793,-0.392,-0.327,-0.25,-0.793,-0.215,-0.327,-0.215,1.529,-1.013,0.411,1.529,-0.215,-0.327,-1.013,-0.327,-0.597,-0.327,-0.215,-0.597,1.176,-0.392,-0.4013842355753728,-0.25,-0.39453048877267227,-0.2630394178896338,0.411,-1.013,-1.0279814509575416,-0.22831931365863753,-0.19102763265860465,-0.6057197349599552,-0.15005496630438542
-1.272,-1.096,-1.096,-1.096,-1.096,0.745,-1.096,-1.272,-1.272,0.416,-0.801,-1.096,1.659,1.659,2.162,0.745,2.162,-1.272,1.048,-1.272,1.659,0.745,2.162,-1.272,-1.272,0.953,-0.801,-1.096,-0.764,1.659,0.745,-1.272,0.953,2.162,-1.272,-0.801,-0.764,-1.272,-0.764,-1.096,-1.272,0.953,1.048,2.162,2.162,0.745,1.048,-0.801,2.162,0.416,0.745,-1.272,-0.801,2.149305068511907,0.953,0.9344662708523847,-0.764,-0.7879136263987598,-1.2828948738030514,0.7356761131074406,0.4071948713455829,0.9725308563938876,-1.2551371779638092,0.9872482425109411,-1.096,-0.7531423572681879,1.048
-1.063,1.47,-0.364,-0.236,-0.844,-0.739,-0.977,1.153,-0.844,1.47,-0.236,-1.063,1.153,-1.063,-1.063,-0.977,-0.236,-0.236,-0.236,-0.364,-0.844,-0.844,-1.063,-0.977,1.153,-0.739,-1.063,1.153,-0.364,-0.739,-0.878,1.153,-1.063,-0.977,-0.364,1.47,-0.878,-0.364,1.47,-0.06,-0.878,-0.878,1.47,-0.844,1.47,-0.977,-0.844,-0.9984314055865552,-0.739,-0.8509102467794208,-0.9794629090359261,-1.063,-0.878,-0.8058281886782471,-0.236,-0.7487271486817149,-1.0736956981773647,1.4588178101862868
2.438,-0.962,2.438,-1.035,2.438,2.438,2.438,-0.962,0.465,0.785,-0.962,2.438,0.785,2.438,-0.02,2.438,0.544,2.438,2.438,-0.209,0.544,-0.962,-1.035,0.465,-0.02,-1.021,0.465,0.544,-0.02,-0.962,-1.021,-0.209,-1.021,-1.021,-0.209,2.438,0.785,2.438,-0.962,2.438,-1.021,-0.209,-1.035,-1.035,-0.305,-1.035,0.544,-0.02,-0.02,-1.035,2.438,-1.0449468042318835,-1.0045400750951805,-0.209,-0.305,-0.03474337742517587,-0.962,-1.021,2.425098105768334,-0.973300036257824
0.494,-0.621,0.591,1.222,-0.621,1.222,0.494,-0.584,-0.7,-0.584,-0.7,1.222,0.494,-0.584,0.686,0.686,-0.856,-0.621,-0.628,1.222,-0.7,0.591,0.494,0.972,0.494,0.494,0.686,-0.628,0.494,0.686,-0.7,0.972,0.591,-0.856,0.972,0.494,-0.628,-0.584,-0.856,-0.621,-0.584,1.222,0.972,-0.584,0.972,0.591,-0.584,0.494,1.222,0.591,-0.628,1.222,0.972,-0.6416394975212267,-0.7,-0.6188614668924384,0.686,-0.7137255209120769,0.591,0.9604095311243958,0.6748074342656705,0.582461208601025
1.101,1.448,0.514,-0.294,0.514,1.762,-1.27,1.448,-1.27,0.606,-1.27,1.101,1.762,-1.27,1.448,-1.27,-1.27,-1.27,0.606,-1.27,1.101,-0.529,-1.27,-0.144,0.766,0.766,1.762,1.762,1.448,-0.144,1.762,1.448,1.762,0.606,-0.144,-0.144,-0.529,0.606,0.606,-1.27,1.448,-0.529,1.101,-1.27,0.514,1.448,0.766,-0.144,1.4340744418740887,1.762,1.4561318769069953,1.74806687456771,0.751226114078819,1.4941552015427149,-1.2771090772932612,0.606,-1.2381401010747293,1.7838215098371157
1.455,-0.961,0.408,0.408,-1.079,-1.164,-1.173,-1.173,-1.079,-0.434,-0.961,-1.173,0.408,0.408,-0.961,-1.079,-1.164,-1.079,-1.079,-0.434,-1.173,1.455,0.408,1.455,-0.434,-0.116,-1.173,-0.434,-1.173,-1.079,-0.116,-0.116,0.459,-1.164,-0.116,1.455,-0.434,-0.961,-1.164,-1.164,-1.164,-1.164,-1.079,-0.434,-1.164,-1.173,0.459,-1.173,-1.164,-1.079,-0.116,-0.434,0.0,-1.184254102636747,-0.961,-1.0916067924939765,0.44907618407745525,-1.159370083118578,-1.1317280875038576,0.408,-0.44739186670194914,0.39080554526517686,-1.0744623247171894,-0.1273697313231549
0.702,-0.316,-1.092,0.86,0.86,-0.873,-0.715,-1.092,-0.873,-0.721,0.86,-0.316,-1.092,0.961,0.702,1.338,0.86,-0.721,0.702,0.86,1.338,1.338,-0.316,0.86,-0.715,0.961,-0.715,0.86,0.86,0.961,1.338,1.338,-0.715,0.702,-0.873,0.86,-0.873,0.136,0.136,0.86,-1.092,-0.721,-0.873,-0.721,0.702,0.136,-0.721,-0.873,0.86,-0.873,-1.092,-0.721,-0.715,-0.873,0.961,0.961,-0.715,0.86,0.136,0.702,-0.730221084945903,-1.092,-0.721,-0.316,-0.873,0.8492969473892773,-0.8896537986370243,-0.863111020049214,-1.103898800356129,0.12007860156151232,1.338,-1.062722949534757
-1.052,1.01,1.01,-1.052,0.106,-0.26,-0.767,0.256,0.256,2.218,-1.052,-0.767,0.431,-0.767,2.218,-0.26,2.218,0.256,0.718,-0.767,0.277,-1.052,1.01,-0.26,2.218,0.277,1.01,-0.767,-1.052,-0.26,-0.767,0.106,0.718,2.218,-1.052,2.218,1.01,-1.052,-1.052,0.106,0.431,-1.052,0.106,0.256,-0.26,0.277,0.09133782390034963,0.41655368711257557,0.718,2.218,-1.0634192306644876,0.13375878480809605,2.2042122335455967
-0.679,-0.319,1.216,1.216,-0.319,0.553,1.381,-0.364,-0.319,1.381,-0.364,0.553,0.255,-0.319,0.747,-0.319,1.216,1.381,-0.364,-0.679,0.553,-0.319,-0.501,-0.231,1.381,0.553,1.216,-0.231,1.381,0.553,0.553,-0.364,-0.501,0.255,1.381,-0.679,-0.231,1.216,1.381,0.553,-0.319,-0.364,-0.501,-0.364,0.553,0.255,0.747,1.381,-0.319,0.7360604948289177,0.7630093362586391,-0.330206644677056,-0.3043098065896167,0.7884217242421417,0.8138091354156122,0.5426936558048944,-0.37818470828819517,-0.3232885527245062,0.24460287218956636
-0.193,0.841,1.466,1.575,0.978,1.466,-1.15,1.466,1.575,0.841,0.978,-0.841,1.466,-0.193,1.575,0.841,0.841,0.087,-0.193,0.841,0.978,-0.841,-1.15,0.978,0.541,0.841,0.978,-1.15,-0.193,-0.193,-1.15,-1.15,0.978,0.978,-0.841,1.575,0.087,-0.193,-1.15,-1.15,1.575,1.466,0.541,1.466,1.4450809538319132,0.978,0.841,1.575,-0.841,0.8250942000344854,-0.8506097113092469,0.8659731236152317,0.9662017168398757,0.0,0.087,1.5614939228279254,1.58884239055385
2.334,1.844,2.334,-0.682,0.097,-1.104,2.334,0.403,0.097,0.025,-0.696,-0.806,1.844,-0.682,2.334,2.334,1.844,0.549,-0.806,2.334,0.549,0.025,2.334,-0.806,1.844,1.844,0.097,-1.104,-1.104,-0.806,0.549,-0.682,-0.682,0.097,0.025,-0.806,-0.682,-1.104,-0.682,-0.806,2.334,-1.104,-0.696,-0.806,-1.104,0.025,0.549,0.025,1.844,-0.806,2.334,-0.696,1.844,0.025,2.334,-1.104,1.844,-0.682,0.549,-1.104,-1.122132363407072,1.8262408647932205,0.097,0.5329509645432081,-0.6967257600344768,-1.091178465064932,1.8578029466039476,-0.696,-1.0777366083153923,-0.6517771621713628,1.886506021312032,2.334,0.5629411949407229
0.536,1.304,-1.078,1.036,-0.309,-0.309,-1.078,0.536,0.853,1.036,-1.078,0.36,0.536,-0.021,0.853,1.304,-0.309,0.536,-1.078,1.304,-1.078,0.536,0.536,-0.394,-0.309,0.36,0.853,-1.078,0.853,0.536,-0.394,-0.448,1.304,1.036,0.536,-0.448,0.536,0.853,-1.078,0.36,0.36,0.536,1.036,-0.448,1.036,-0.448,0.536,-0.309,0.36,-0.394,-0.4604584649828122,-1.078,-1.0954053116597273,-0.4058576694858191
-0.436,0.659,-1.137,-1.137,-1.137,0.789,-0.459,-0.459,-0.459,-0.788,-0.436,-0.436,0.659,0.789,1.11,0.659,-0.788,-0.788,0.789,-0.788,0.659,-0.788,0.659,-1.137,0.201,0.659,-0.585,-0.585,-0.919,1.11,-0.459,-1.137,0.201,0.659,0.659,-0.436,0.789,0.659,-0.788,-1.137,0.789,0.201,-0.788,1.11,-0.919,0.201,0.659,-0.919,0.789,-0.788,-1.137,0.201,0.789,1.11,-1.137,-1.137,-0.919,0.789,-1.137,-0.459,0.201,0.18650653652995614,-0.928396742880258,0.22419634717457929,0.659,0.6433497870597268,-1.1510121124197221,-0.585,0.2661825861213306,-1.1113572752647471,-0.788,-0.436,-0.8012903624232579,0.29402825740591654,-1.0886881562070887
0.989,1.409,-1.022,-0.213,0.506,-1.029,0.55,0.989,-0.889,-1.022,-0.889,0.506,0.55,0.506,-0.213,-0.889,0.989,-0.213,-1.029,-1.029,0.506,1.409,-1.022,-1.022,0.55,1.409,0.989,0.55,-1.022,-0.213,0.989,-0.889,0.437,0.55,0.989,0.55,-1.022,1.409,-1.022,0.55,-1.029,0.437,-1.029,-1.022,-1.029,0.506,0.0,0.437,-0.889,-0.013590926092957173,-1.027795450669228,0.55,-1.0407138320565648,-0.9031180567104969,-0.8530492571546852,-0.8290123505207925,0.02112100828129531,1.409,0.5371021836718178,1.396227710900469,-0.8105423215212432
0.998,-0.725,-0.343,0.616,-0.358,0.616,-0.358,0.616,0.616,0.616,1.779,-0.099,0.119,1.342,-0.099,1.779,1.342,0.998,1.779,0.119,1.342,0.616,0.998,1.342,0.119,-0.358,1.342,-0.725,1.342,0.616,-0.358,-0.725,1.779,-0.725,1.342,1.342,-0.328,0.998,0.119,0.616,-0.725,-0.343,1.779,-0.099,1.779,-0.343,-0.343,0.119,-0.358,1.779,-0.343,1.342,0.998,-0.099,1.779,-0.358,0.998,0.998,-0.358,0.119,0.998,-0.328,1.779,0.616,-0.358,1.342,-0.3416876813526978,1.7672128827116362,0.5974756099242172,-0.343,0.6386945104558717,-0.36249795662710727,-0.3710101888915162,-0.725,-0.32442566692105035,0.6770697230264142,0.714839621543195,1.3272362192151086
-0.908,-0.765,-0.604,1.073,-0.604,-0.604,-1.014,1.073,-1.167,-1.014,-1.014,-1.079,-1.167,-0.051,-0.582,-1.014,-1.167,-1.079,-0.908,-1.014,0.047,-0.908,-1.014,-1.079,1.073,-1.167,-0.765,-1.079,-1.079,-1.167,1.073,0.047,1.073,-1.079,-1.014,-1.079,-0.765,1.073,-0.582,1.073,-0.604,-0.051,-0.604,-0.604,-0.604,-1.014,-1.167,-0.051,-1.079,-0.604,-1.0921321565089737,-1.014,-1.167,-0.6133733788979272,-1.0296800405613022,-1.1848681810366561,-1.0660366148804072,-0.908,-0.051,0.047,-0.765,-0.582
0.768,-0.134,-0.191,-0.176,-0.495,-1.036,-0.816,-0.176,0.768,-0.198,-0.191,-0.134,-1.036,-0.191,-0.198,-0.427,-0.198,-0.816,-0.134,-0.427,-0.176,-0.495,-1.036,-0.696,-0.696,-0.427,-0.198,-1.036,-0.134,-0.816,-0.134,-0.191,-0.495,-0.427,-0.427,-0.134,-1.036,-1.036,-0.495,-0.816,-0.696,-0.176,-0.176,-0.816,-1.036,-0.198,-0.816,-1.036,-0.191,-0.495,-0.191,-0.134,-0.5100095664658263,-0.696,-0.427,-0.816,-0.198,-1.036,-0.20664461114922736,-0.4733263966046708,-0.17167387245637156,-0.4360740675678635,-0.42991844128272744,-0.7041760293896546,-0.6598773796702153,-0.14682755931004904
-0.051,-0.888,-1.111,0.312,-0.888,-1.111,-0.888,-0.888,-0.75,-0.534,-0.888,-0.888,-1.111,-1.111,-0.888,-0.573,-1.111,-0.888,-0.534,1.714,0.312,-0.328,-0.573,-1.111,1.714,-0.75,-0.051,-0.534,-0.75,-0.888,-0.75,0.509,0.312,-1.111,1.714,-0.888,-0.888,1.714,1.714,-0.051,-0.328,-0.888,-0.534,1.714,-0.888,-0.534,-0.051,-1.111,-0.5457355333822453,-0.0687147833788383,-1.1299169294444602,-0.025923242233658716,-0.89990161797659,-0.573,-0.015595067714999356,-1.1008633548560631,0.509,0.025116791107915797
-0.312,-0.907,-0.889,-0.889,0.084,0.305,0.609,0.305,1.032,-0.889,1.032,0.305,0.084,-0.907,1.468,1.032,-0.907,-0.907,1.032,0.609,1.468,0.305,1.032,-0.312,0.084,1.032,1.468,-0.907,0.609,1.032,1.032,-0.312,-0.312,0.257,0.609,1.032,-0.889,1.468,0.305,0.257,0.569,0.257,-0.889,1.032,-0.907,1.468,0.084,1.032,-0.312,-0.889,0.569,0.06876199515192608,-0.907,0.609,0.10188204338257849,-0.32212693177926155,0.305,0.5546807412155342,0.5880691381646145,0.257,-0.9176603219437203,-0.8791197641161839,0.29585495980210536,0.6389653319443588
0.051,-0.892,-0.695,0.051,0.051,0.521,0.805,0.467,-0.695,-0.522,-0.695,-0.062,0.467,-0.695,0.521,-0.062,-0.062,-0.522,0.271,-0.695,0.467,0.271,-0.892,-0.062,-0.695,0.073,0.271,0.271,0.467,-0.892,0.073,0.521,0.271,0.805,-0.062,-0.892,0.271,-0.695,-0.062,0.051,-0.695,-0.062,0.271,-0.695,-0.7059146318103174,0.073,-0.892,-0.062,0.05844105289230263,-0.522,0.521,0.10430467933085939,0.051,-0.9055725341377625,0.467,0.5105981848975908
-0.647,1.118,-0.66,1.118,0.737,1.725,-0.647,-1.044,-1.044,0.737,-1.044,0.737,-0.948,-0.66,0.93,1.725,-0.647,-0.66,-0.344,0.737,0.765,1.118,1.118,1.118,-0.66,-0.647,1.725,-0.948,0.765,-1.044,-0.344,-0.948,1.118,-1.044,0.93,-0.344,-0.948,1.725,0.93,0.737,-0.344,0.93,-0.948,-0.647,-0.66,0.93,0.93,1.725,0.737,1.725,0.737,-0.948,1.118,0.737,-0.344,-1.044,0.765,-0.66,-1.044,0.737,1.118,1.0907725132805015,0.720594098521513,-0.948,1.725,-0.647,-0.6626226764261662,-0.344,-0.6694287253649529,0.7527582551248418
0.504,-0.592,-0.914,0.072,0.467,2.014,-0.914,2.014,0.596,0.504,-0.914,0.596,0.467,-0.592,0.467,-0.592,-0.592,0.467,0.596,0.467,-0.592,-0.592,-0.914,2.014,0.504,0.596,2.014,0.15,0.504,0.072,0.467,0.596,2.014,0.15,2.014,0.467,-0.592,-0.914,0.409,-0.914,-0.914,-0.592,2.014,0.467,2.014,2.014,0.596,-0.914,-0.9258555777043078,0.467,0.072,2.014,-0.592,0.583601484012387,0.409,0.0,-0.8881997673660085,0.45738821241647604,-0.8218718254523117,0.504,0.15
-0.473,0.291,0.761,0.291,-0.955,-0.993,-0.993,-0.144,-0.144,0.291,1.6,1.6,1.6,0.761,-0.28,-0.638,-0.473,-0.955,0.291,-0.993,1.6,0.291,1.6,0.761,-0.28,0.291,-0.638,-0.473,-0.955,0.291,-0.955,0.291,-0.638,-0.638,-0.955,0.761,-0.473,-0.094,-0.993,-0.473,-0.28,-0.993,-0.638,-0.993,-0.993,-0.993,1.6,-0.955,0.291,0.2635865458905479,-0.473,-0.638,1.6,-0.993,0.291688116781024,0.761,-0.48301384827727273,0.7456233192717611,0.33972282928963543,-0.955,-0.144,-1.0055200827707151,0.3739051522562919,-0.440361283553148,-0.094
-0.337,-0.378,-0.681,-0.215,1.152,0.071,-0.337,-0.423,-1.014,-0.271,-1.014,-1.014,1.152,-1.014,0.071,0.071,0.292,0.292,0.071,-1.014,-0.423,-0.378,-0.681,-0.215,-0.271,-0.271,-0.681,-0.378,-0.378,1.152,-0.215,0.071,-1.014,0.071,-1.014,-0.681,-0.271,-0.215,-0.337,0.071,1.152,-0.215,1.13894635028035,-0.271,1.1647886775802154,-0.337,-0.28629752156748145,-0.24971106861262438,-1.014,-0.35151986248632405,0.292,-1.0309051001178973,-0.22314490374047505,-0.423
0.488,0.488,0.741,-0.727,0.741,-0.116,-0.765,0.781,1.611,2.45,-0.765,2.45,-0.727,0.488,0.781,-0.365,-0.727,0.488,-0.116,2.45,2.45,1.611,0.488,2.45,0.781,2.45,-0.365,2.45,2.45,-0.365,-0.725,0.781,1.611,-0.365,1.611,-0.725,1.611,-0.765,1.611,-0.116,-0.727,-0.765,1.611,0.781,-0.725,-0.725,0.488,-0.765,0.741,2.45,-0.725,-0.365,2.437550463975359,2.4643631055650026,-0.765,-0.37420805843700583,-0.727,-0.35256944069362844,-0.741692426780425,0.488,-0.7333646716860182,0.725342870761679,-0.116,0.7738204133423203,-0.7795626220545631,0.4753407723290452
-0.714,-0.806,-1.369,-0.806,0.576,0.787,-1.369,1.578,-1.369,1.68,0.66,0.576,1.68,0.66,0.66,0.452,-0.806,-0.714,0.576,1.68,0.576,-1.369,0.787,-1.369,-0.714,1.68,0.787,-1.369,-0.806,-0.806,-1.369,0.66,1.578,0.66,0.66,0.66,0.392,-1.369,-0.714,-0.806,0.392,1.578,-1.369,0.392,1.68,0.576,-1.369,-0.806,-0.714,-0.7250682845128907,-0.8217029775750334,0.452,-1.369,0.66,-0.6823603360974062,0.4391689912080056,0.6438735602055877,1.68,-1.3855220975916636,0.6889343872131304,0.392,0.38119328967095467,0.7081906861485604
-0.936,-0.936,0.134,0.028,-0.275,-0.637,0.134,-0.936,0.134,-0.275,0.134,-0.836,-0.275,0.312,-0.637,0.028,0.312,-0.836,-1.182,-1.182,-0.936,0.312,-1.182,-0.836,0.312,-1.182,-1.182,1.238,-1.182,0.134,-0.213,-0.637,-0.836,-1.182,0.028,-0.213,0.028,0.028,-0.936,-1.182,-0.936,-0.213,-0.637,0.028,-1.182,1.238,-0.275,0.312,0.312,1.238,1.2230974513652244,-0.936,-0.275,-0.29921476494037885,0.028,-0.9450151970667795,-0.637,-0.6530001456096929,-0.6361775927765423,0.134,-0.2778771007651611,0.11664617194290604,-1.182,-0.836,0.011226496432188586,-1.1996491733935577,0.312,-0.2410532147644571,1.261136463021725,-0.8992287193183304,0.03044396671000108
-0.511,-1.036,-0.24,-1.036,-1.036,-0.24,-1.036,2.021,-0.511,-0.174,-0.511,-1.021,2.021,-1.021,-1.036,1.229,-0.511,-1.021,-0.174,1.229,-0.174,1.229,1.229,-1.036,-1.021,-0.773,-1.036,-0.511,2.021,-0.24,0.059,0.53,-1.021,-0.24,-0.24,2.021,2.021,-0.773,-1.021,-1.021,0.059,1.229,-0.773,2.021,-0.24,0.53,-0.511,0.53,-1.021,-0.24,-0.511,2.021,0.53,0.059,0.038011729997559585,2.0085515575519746,-0.2507388265851907,-0.174,-0.19187722735121535,-0.773,-1.0374275634931192,0.5173738103863924,0.08788454490730921,-1.0092919315968927,-0.17219850926271757
-0.118,-0.995,-0.494,-0.494,-0.118,-0.995,-0.289,-0.733,-0.287,-0.494,-0.807,-0.494,-0.287,-0.118,-0.494,-0.681,-0.807,-0.494,-0.995,-0.289,-0.995,-0.118,-0.733,-0.289,-0.118,-0.549,-0.807,-0.995,-0.287,-0.807,-0.494,-0.681,-0.733,-0.494,-0.681,-0.118,0.426,-0.287,-0.807,-0.995,-0.549,-0.287,-0.289,-0.549,-0.287,-0.733,-0.995,-0.807,-0.118,-0.289,-0.549,-0.5617200257798601,-1.0064809375174988,-0.494,-0.3017751450863836,-0.75074652455272,-0.9532284366970908,-0.7273494486693088,-0.681
-0.976,-0.016,0.885,-0.963,-1.272,-1.272,-1.272,-0.976,1.617,-0.963,-0.859,-0.859,-0.859,1.617,-0.631,-0.961,-1.272,1.617,0.885,-1.272,-0.976,-0.963,-1.272,-0.961,-1.272,-0.016,-0.961,1.617,1.617,-0.961,-0.859,-0.976,-0.976,-0.631,-0.859,-1.272,-0.732,-0.859,-1.272,-0.961,-0.631,-0.859,0.885,-1.272,0.885,-0.963,-0.732,-0.732,-0.016,0.885,-0.976,-0.631,1.617,-0.016,-0.859,-0.732,0.885,-0.976,-0.8726658230055921,-0.8226462893620976,-0.631,-0.961,-0.7773424413014253,1.6015875756444824,-0.7377629820930637,-0.963,-0.030832656596586495,-1.272,-0.7453698402021585
-0.401,-0.853,-1.362,1.461,-1.362,-1.046,-0.853,-0.636,-1.362,-0.519,-1.362,-0.853,-0.636,-1.362,-0.853,-1.046,-1.046,-0.636,1.461,1.461,-1.362,1.461,0.483,0.295,-0.636,-1.362,1.461,-1.046,-0.853,-0.905,-1.362,1.461,-0.519,0.295,-1.046,-0.519,-1.046,-0.905,-0.636,-1.046,-0.905,-0.853,-0.401,0.483,-0.519,-1.362,-0.636,-0.401,-0.4180349820729257,-1.046,0.295,1.461,-1.37624093881031,-1.056906059544725,-0.5250481780625771,-1.3361297131117542,-0.4952566537910329,-0.905,-0.37847230201052573,-0.853,0.2816913354621882
-0.656,-0.555,-0.425,0.018,-1.342,-1.342,-1.009,1.307,-0.555,-0.555,-0.656,-0.283,-0.283,-0.338,-1.009,-0.558,0.018,0.018,-1.342,0.018,-0.425,0.018,-1.342,-0.558,-0.555,-1.009,-0.283,-0.558,-0.656,-1.009,-0.555,0.018,-1.342,1.307,-0.558,-0.338,-1.342,-1.342,-0.283,-0.283,-0.558,-0.558,-0.656,-1.342,-1.342,-0.425,-0.555,-0.558,0.018,-0.44375804989084056,-0.5762325507266625,-0.338,-0.283,0.008168369375095434,-0.5402794815996355,1.307,-1.009,1.295602160794765,-0.5694542755374883,-0.49792259178023757,-0.2924447804573336,0.04894386264169505
-0.685,1.245,1.245,-1.009,-1.009,1.245,-1.11,-1.11,-1.11,1.245,-0.685,0.228,-1.009,-0.685,-0.919,-1.11,-0.685,0.013,0.335,-1.11,-0.685,0.228,1.245,1.245,-0.593,0.013,0.013,0.335,-0.919,-1.009,-1.009,1.245,-1.009,-0.593,-0.685,1.245,1.245,0.013,1.245,-1.11,-0.685,-0.593,-1.11,-0.919,1.245,-0.919,-1.11,1.245,0.228,0.335,0.21668525247397402,0.2518638884956792,0.27798027534635594,0.3143789514681635,-1.009,-0.685,-0.7013291063803656
-0.449,0.528,1.115,1.224,0.528,-0.593,0.354,-0.593,-0.593,-0.354,-0.593,0.528,-0.354,1.222,0.528,-0.449,-0.593,0.354,0.528,0.528,0.354,0.505,0.354,-0.449,-0.449,0.354,1.222,-0.354,-0.368,0.354,1.222,1.224,1.222,0.354,1.115,-0.593,0.505,1.115,1.224,-0.449,-0.354,1.222,0.528,0.505,0.505,-0.449,0.354,-0.368,-0.593,-0.6187889360167931,0.3384518910127756,0.4919294362675217,-0.4637286078286834,1.222,-0.354,-0.5749407849656825,0.5479289880265806,-0.38327802906704933,-0.35502755175975215,1.2080766384254427,0.528,-0.30208904458921715,-0.5389385514304639,-0.49917719540650446
-0.271,-0.848,-0.271,-0.271,-0.756,-0.461,-0.848,-0.496,-0.756,-0.756,-0.756,-0.848,-0.753,0.617,-0.848,-0.974,-0.753,-0.756,-0.496,0.617,0.29,-0.756,0.29,0.29,-0.974,0.29,-0.261,-0.753,-0.496,0.617,-0.848,-0.261,-0.271,0.617,-0.271,0.29,-0.974,-0.496,-0.848,-0.753,-0.271,-0.461,-0.261,-0.496,0.29,-0.974,-0.461,-0.261,-0.461,-0.753,0.29,-0.261,-0.271,-0.974,0.29,-0.461,-0.753,-0.28312372967093047,-0.4680690371712508,-0.42948369160373984,-0.9845723331240694,-0.756,-0.7628867588584785,0.2742419410277515,-0.27749784273256917,-0.496,-0.9349711938332549,0.29921199782482266,0.617,-0.848,0.3221017398127766
1.764,0.588,0.416,0.588,1.644,-1.025,1.764,-1.025,0.416,1.764,0.392,0.392,0.416,-1.025,1.205,1.503,0.416,0.392,1.554,0.588,1.503,1.644,-1.025,1.554,1.554,-0.441,1.503,-0.441,1.764,1.764,1.503,1.503,-1.025,1.764,-1.025,0.416,-1.025,1.205,-1.025,-1.025,-0.441,1.503,-0.441,1.503,0.392,1.644,0.588,1.205,1.644,-0.441,0.588,1.205,1.503,0.588,0.392,0.5785535423165273,1.488015949322109,-1.025,1.5206562549145186,0.3792492122663679,-1.04449456297559,1.764,0.4181693140436913,1.205,0.4683793380505905,1.1919149341358872,1.218885245295586,1.7487409777007625,1.644,1.5675640729892621
1.397,-0.697,-0.655,1.316,-1.067,0.166,-0.334,-0.697,-0.697,1.316,-0.172,-0.32,-0.655,-0.32,1.397,-0.334,-0.697,-0.32,1.316,0.166,-0.334,-0.172,-0.334,1.397,-0.655,-0.334,-0.655,-1.067,0.166,1.397,-1.067,0.292,-0.172,-0.697,1.397,-1.067,-0.32,1.316,1.316,-0.172,0.292,-0.697,-0.334,-0.655,-0.32,-0.655,1.397,-0.697,0.292,-1.067,1.381629013997671,-0.172,1.4059033387136233,1.428474448849766,-0.6657101877230531,-0.7051851444680614,1.4499271745253297,1.316,1.305049288740309,1.3247140918259914
1.107,-0.032,1.278,1.278,0.023,-0.852,1.107,-0.262,-0.852,-0.262,-0.424,0.023,-0.262,-0.852,-0.032,1.107,0.727,0.023,1.278,-0.852,-0.852,-0.032,0.023,-0.852,-0.262,0.023,0.389,-0.852,-0.032,0.727,1.278,0.189,-0.262,-0.852,-0.852,1.107,1.278,0.023,-0.852,1.278,1.278,1.278,0.189,-0.262,1.278,0.023,1.107,-0.852,-0.262,-0.032,-0.852,-0.032,1.278,-0.424,1.107,-0.032,1.2663145543111898,1.283617421009736,-0.262,0.189,-0.437521391845231,0.389,-0.3772747275104141,0.023,-0.852,0.013641356162578111,0.3763718680909323
0.843,-0.553,-0.553,-1.006,1.746,0.843,1.746,-0.548,0.634,-0.665,-0.553,-1.006,-0.833,1.746,1.519,-1.006,0.843,1.746,-0.665,1.519,1.519,1.519,0.634,-0.665,-1.006,1.746,-1.006,-1.006,0.843,-0.833,-0.607,-0.548,0.843,-0.553,1.519,-0.833,1.519,1.519,1.519,-0.548,-0.833,0.843,0.634,-1.006,1.519,1.519,-0.607,-0.607,-0.548,1.519,-0.833,-0.553,1.746,-0.553,-1.006,1.746,-0.833,-0.665,0.843,1.73069404715137,1.519,0.8296580156540991,-0.8435601315778065,1.5050324269820383,-0.5594252751979101,1.5514902059104365,1.7695266216046994,-0.607,-1.0204340115604118,-0.8019452053779778
1.274,-0.392,-0.648,-1.149,1.274,-1.149,1.16,-0.392,-0.894,1.227,-0.648,1.274,1.274,-1.149,-0.392,1.274,0.196,-1.149,-0.894,0.35,1.227,-0.392,0.504,-1.149,1.16,-0.392,-0.894,-0.648,-0.648,1.16,1.227,0.35,0.196,0.196,-0.894,1.227,-0.392,1.227,-1.149,1.227,1.274,-1.149,1.274,1.16,1.2631511456527205,0.196,-1.149,1.289562777509359,1.227,-0.648,1.2158188704528272,-0.392,0.35,0.504,1.1479758464413843,0.3349391563550603
-0.745,-0.897,1.245,0.501,1.245,-0.897,-0.745,1.612,-0.064,0.39,1.245,-0.745,0.469,1.245,1.82,0.39,-0.745,1.612,1.612,1.612,-0.745,1.612,0.101,1.612,1.82,-0.064,1.82,1.82,-0.897,0.101,1.82,-0.897,-0.897,-0.064,1.245,-0.897,1.82,1.612,1.82,-0.745,-0.745,0.39,1.612,1.245,0.39,1.82,1.8046663073992515,0.501,-0.064,1.8360379860095175,0.4839756813229993,1.245,1.2241755171645177,-0.0799874952184234,1.612,0.39,1.867877606009275,-0.745,0.469,0.5328606390071869
-0.344,-0.487,-0.487,1.263,-0.487,-1.092,-1.166,-0.344,1.263,-0.063,1.263,-1.166,-0.063,-1.166,-1.092,-0.487,-0.063,-0.344,1.32,0.409,-0.063,-0.344,1.32,-0.898,-0.898,-0.487,1.32,-1.166,-1.166,-0.612,-1.092,-0.898,-0.898,-0.898,1.32,-0.487,-0.487,-1.092,-0.612,-0.487,-0.063,-0.344,-1.166,-0.344,-1.166,-0.612,-1.092,-0.487,-0.898,-0.9129875382742476,1.32,-0.8865290384438884,-0.063,-0.612,-0.6303015220678122,1.263,-0.8590219702022736,-0.8136796342942558,-1.092,1.252055391482702,-0.7870342301289542,-0.487,1.2685857978440545,-0.58876663788712,-0.344
-0.841,-0.12,0.334,1.348,0.743,-0.841,1.348,0.334,0.568,1.891,0.167,0.428,1.348,0.229,0.568,0.229,0.334,0.334,0.568,0.743,1.891,1.891,-0.841,0.167,0.334,1.348,0.743,-0.841,1.348,-0.12,-0.12,1.891,1.891,0.743,0.334,1.348,-0.841,1.891,1.348,0.568,1.891,1.891,1.348,-0.12,0.229,1.348,0.568,1.348,0.167,0.15246200008512265,-0.12,0.229,0.743,1.3343891436188178,0.21762291877581072,-0.841,0.18616567278793603,0.2315723179590731,-0.1365261219516753,1.891,1.8808195958218936,-0.08059538258080429,1.9221552164390387
0.09,0.628,1.021,-1.267,-0.722,0.09,0.628,-0.577,-1.267,-0.577,0.22,-0.577,0.09,-0.577,0.09,0.628,1.021,-1.267,0.66,-1.267,0.628,-0.577,0.09,-1.267,-1.267,-1.267,-0.589,-0.722,0.09,0.09,0.66,-1.267,-1.267,0.09,-0.589,0.09,0.66,0.22,-0.41,0.628,0.09,0.628,-0.722,-0.589,-0.722,-0.7328254400874498,-0.6965953022147048,-0.6452318924189675,0.22,-0.6116858994056347,0.20183166867459898,1.021,1.0020862163032833,0.23650323833932543,-1.267,-0.577,-0.6043507024396393,1.0346368568140207,-0.5920361859536059,1.0687346630029608,-1.2788167549832123,1.0978997020201078
-1.023,2.313,-1.023,0.202,2.292,-0.081,0.202,-0.38,1.14,-0.081,2.313,1.14,2.292,0.211,0.233,2.313,0.233,-1.023,0.211,-0.38,0.202,2.313,1.14,-1.023,0.055,2.313,0.202,2.292,2.292,2.313,2.313,-1.023,0.211,-1.023,0.055,2.292,1.14,2.292,-1.023,2.292,2.313,-1.023,-1.023,1.14,2.313,2.292,2.292,-1.023,-0.081,-1.023,2.313,0.202,-1.023,0.233,2.292,1.14,0.211,0.202,-0.38,0.202,-0.3946954253605028,0.233,-1.023,2.292
-0.229,-0.731,1.132,-0.116,-0.731,-1.168,-1.009,-1.108,-1.009,1.132,-0.116,-1.108,-0.731,-0.116,-0.229,-1.168,1.132,-0.825,-1.009,0.764,0.764,-0.825,-1.009,-0.031,-1.168,-0.229,-1.168,1.132,1.132,-1.009,0.764,-0.825,0.764,0.764,-0.825,1.132,-0.825,-1.108,-1.108,-0.229,-1.168,-0.731,-1.168,-1.108,1.132,-0.825,1.132,-0.031,0.764,1.115691630186454,-1.108,-1.168,-0.116,-0.229,0.7526305340461987,-0.8355739552606961,0.792930711118003,1.1384093347165842,-0.24459689760645723,-0.20550529605451234,-0.12944060148288103,-1.1201013067828798,1.1681644300108514,-0.1764646088712893
-0.935,-0.14,-1.075,-1.075,0.08,0.705,0.08,0.705,0.276,0.705,-0.935,-1.075,-1.075,-0.79,0.276,0.705,-1.075,-1.075,0.801,0.705,-1.075,0.801,0.276,0.705,0.08,-0.14,-0.79,-0.935,0.705,-0.79,-0.935,0.574,-0.935,-0.14,0.403,-0.79,0.276,-0.79,0.276,0.705,0.705,-0.79,-0.14,-0.935,-1.075,0.574,0.403,-1.089771883077951,0.08,-0.9453610476555863,-1.04383215465069,-1.0175949574839736,0.5659026941565652,0.276,-0.9173947543894047,-0.9879386445431961,0.07090507571444164,-0.9526052332299175,0.705
-0.946,-0.766,1.273,-0.679,-0.602,-0.946,1.273,-0.689,-0.946,1.273,-0.689,1.42,1.273,-0.946,-0.28,1.42,-0.679,-0.54,-0.28,0.332,-0.54,1.42,1.42,-0.689,-0.689,0.332,1.273,1.273,1.273,-0.602,-0.946,0.332,-0.689,-0.54,1.42,-0.946,1.273,1.42,-0.766,-0.766,-0.602,1.42,-0.679,-0.946,-0.689,-0.689,-0.28,-0.28,1.273,-0.766,1.273,0.332,1.42,-0.54,-0.946,-0.766,-0.28,1.2574151743602653,-0.2994580631346438,1.4049458397349142,1.2952421738321158,0.3211580893582883,-0.689,1.4359825332369671,-0.27631892286951787,-0.22332124902686623
1.151,-1.086,-1.086,-0.593,-1.086,0.913,-0.12,-1.503,-1.503,-0.593,-0.12,0.621,-1.503,0.913,-1.086,0.913,-1.086,-0.593,0.598,-1.503,0.913,-1.086,-1.503,-1.503,-1.503,-1.503,0.913,-1.086,-1.503,-0.738,0.913,1.151,-1.503,1.151,-1.503,-0.12,0.913,0.621,1.151,-0.738,-0.048,0.913,0.621,1.151,-0.738,-0.12,0.913,-0.048,0.621,-1.503,0.598,-1.5185815383971113,-0.12,0.5801652991492242,-0.738,-1.086,0.913,0.6184776625569399,-1.4806050154787984,-0.1348772706520455,0.897999699374249,1.151,1.1371855446197765,-0.593,0.9269343689911025,1.1769590842364523,0.9684135817862547,0.621,-1.0985804454927928
1.508,0.209,0.209,-0.829,1.819,-0.673,-1.021,1.819,1.508,0.209,0.749,-0.829,1.819,0.749,1.819,0.749,-0.991,-0.421,-1.021,1.508,0.209,-0.673,1.819,-0.991,0.209,0.209,0.749,-0.991,-0.829,-0.829,0.209,0.209,0.114,0.114,-1.021,1.508,-1.021,1.819,-0.673,-0.673,0.114,1.508,0.209,-0.829,-0.991,-0.991,-1.021,-0.421,-0.829,-1.021,-0.829,1.508,-1.021,-0.991,-0.673,0.749,-0.829,0.209,-0.6821300210206873,-0.8410684560629554,0.7396559833417476
0.738,-1.043,-1.043,0.738,-0.857,-0.917,0.484,-0.917,-1.314,-1.043,-1.074,-1.074,-1.074,-0.857,-1.314,-1.314,-1.314,-0.151,-1.314,-0.857,-0.509,0.738,-0.119,-0.119,0.738,0.738,-0.509,-1.314,-1.314,-0.917,-0.917,-0.857,-0.917,-1.074,-1.314,-1.043,-0.151,-1.043,-0.151,-0.917,-1.043,-1.074,-1.314,-1.314,-1.043,-0.509,-0.509,-0.151,-0.119,-1.074,0.484,-1.043,-0.857,-1.0600528656002706,-1.314,-0.119,0.738,-0.151,-0.16548266243609402,-0.509,-1.3250248248503884,-0.917,-1.0212869759154943,-1.074
0.105,-0.475,-1.217,-0.475,-1.217,0.105,-0.965,-0.965,-1.217,-0.096,-0.475,-1.217,-0.096,-0.096,0.391,-0.096,-0.965,-0.096,-0.514,-1.282,-0.965,-0.475,0.105,-0.353,-1.282,-0.096,-0.096,-1.217,-1.282,-0.475,-0.487,-0.096,0.391,-0.475,-1.217,-0.475,-0.487,-1.282,-0.514,-0.096,-1.282,-0.353,-0.487,-0.475,-1.282,0.105,-1.217,0.391,-0.965,-1.217,0.105,-0.475,0.08778481685823808,0.12797548396977487,-0.353,-0.096,-0.36892840011794664,-1.282,0.391,-1.2277435232420142,-0.3264245925702057,-0.4864049385217407,0.37600770454448107,-0.487,-0.43886663524985714,0.15857461037896928,-0.965,0.17211436248171108
-1.333,-0.275,-0.291,-1.121,-0.243,0.679,-0.506,2.39,-1.121,-0.291,0.962,-0.243,-1.333,2.39,-1.333,-1.333,0.679,-0.506,-0.506,-0.243,-0.243,-0.291,-0.275,2.39,-1.121,2.39,-0.506,-0.506,2.39,2.39,-0.506,-0.291,-1.333,0.407,-0.243,-1.121,-0.506,0.679,-0.243,0.407,0.962,-0.243,-0.291,0.962,-0.243,-0.291,0.962,0.679,0.679,-0.506,-1.333,-1.333,-1.121,-0.506,0.679,-1.333,0.407,-1.121,-0.275,-0.2926139339726927,-0.243,-0.2545463902033594,-0.21379834689017374,-0.506,0.679,-0.5165890918271198,-1.333,0.962,-0.1928885920065873,-0.291,-0.3082085407482462
-0.719,-0.805,-0.02,-0.136,-0.805,-1.014,0.249,-0.02,1.91,-0.136,-0.821,-1.07,-1.07,-0.136,-0.805,-0.805,-1.014,1.91,-0.805,-0.719,-0.821,-0.805,-1.07,1.91,1.91,-0.136,0.249,0.249,-0.136,-1.07,-0.719,-0.02,-0.821,-1.014,-0.821,1.91,-0.136,-0.136,-1.014,-1.014,-0.136,-1.07,1.91,-1.07,0.0,-0.805,0.249,-0.8172513004189041,0.23741124495594096,-1.014,-0.719,-0.010062854390160794,-0.136,-0.02,1.91,-0.15118763966017396,-1.0794585185420567,-1.0212301694669055,-0.7300956481322017,0.028486832783804535
0.797,-1.124,-0.138,0.797,-1.394,-1.394,-1.394,0.861,-1.394,0.861,-0.855,0.009,-0.08,0.009,-0.08,0.861,-0.08,-1.394,-1.124,-1.394,0.861,0.009,-0.806,-1.124,-0.806,0.797,-0.806,-0.855,-0.466,-0.08,0.009,-1.394,0.797,-0.855,0.009,-0.855,-1.124,0.797,0.861,-1.394,0.861,-0.08,-0.466,-0.806,-1.124,-0.138,-0.806,-0.855,0.009,-1.394,-0.0024002301543367497,-1.4110718456774833,-0.8666012922008954,-1.124,0.861,-0.466,-0.8221934857310187,-0.7917294747002103,0.044956107184361944,0.0820038938258805,-1.1391163080374826,-0.7496023350000227
-0.921,0.673,0.673,-0.677,-0.301,-0.301,1.585,0.367,-0.758,-0.921,-0.301,-0.907,-0.907,0.291,-0.921,-0.301,-0.758,0.367,1.585,0.291,0.367,0.422,0.422,1.585,-0.921,-0.907,1.585,0.422,0.673,-0.677,0.673,-0.677,-0.907,-0.677,-0.758,-0.907,-0.758,-0.677,-0.301,0.673,1.585,-0.301,1.585,-0.758,1.585,-0.907,0.673,1.585,0.367,-0.907,1.585,-0.758,-0.907,0.673,-0.758,-0.907,0.291,0.367,0.3553887094441138,-0.921,-0.7736929940881284,1.585,0.27909813922785603,-0.677,-0.735136951087249,-0.680793894838215,0.6592322911610782,-0.917018485967204
-0.791,-1.013,-1.013,-1.022,-0.587,-1.086,-1.086,0.005,-1.086,-1.022,1.368,0.287,1.368,0.005,-1.022,-0.587,-1.022,0.005,-1.022,-0.163,-0.127,-0.127,-0.791,-1.086,-0.127,0.005,0.287,-1.022,0.005,-0.791,-1.013,-0.587,-1.086,0.287,-1.086,0.005,-1.013,0.005,-1.086,-1.013,1.368,0.005,-0.127,-1.022,0.005,-1.022,-1.086,-1.1090652806262247,-0.587,-0.791,-1.0864045217024785,-1.0351856555894223,-1.013,-0.004094346882210278,-1.0078124089852647,-0.163,-0.7969632460194209,-0.986071697467941,-0.17374468550974634
-1.16,-1.399,-1.399,-0.392,-0.689,0.165,0.578,0.578,-0.689,-1.399,0.578,1.147,0.177,1.147,1.147,0.004,-0.689,0.578,1.147,-1.399,1.147,0.578,0.177,0.165,0.004,0.177,0.004,-1.399,0.097,-1.399,0.097,1.147,-1.16,-1.16,-1.399,0.004,-1.399,-1.399,-1.399,0.165,0.165,-1.16,0.097,1.147,-1.16,-1.16,0.177,0.004,-1.399,-0.689,-0.7089721867885458,-0.6718301490252799,-0.008312998349235696,0.578,0.027569977665682616,0.06345821539101393,-1.16,0.097,-0.6377687211256238,0.0867783056897112,0.5648029514423971,1.147,-0.392
-0.959,-1.268,0.301,0.706,-0.144,0.706,-1.011,-1.268,-1.011,0.399,-1.011,0.399,-1.268,-1.015,0.706,-0.14,-1.268,-0.959,-1.268,-1.268,-0.959,-1.268,0.301,-0.144,-1.268,-1.015,-0.14,-1.015,-0.959,-0.959,0.706,0.706,0.706,-1.015,-0.959,0.706,-0.959,-1.011,-0.959,-0.14,-1.011,0.399,-0.14,-1.011,-0.959,0.706,0.0,-1.0214311430501377,0.301,0.6965970129130419,-0.144,-1.015,-1.268,0.7438096187531802,0.7823571122507862,0.28766327976571204,0.33111345639846035,-0.16049044687485142,-0.15252313536001696
0.614,0.745,1.044,-0.889,2.305,2.305,0.745,0.614,-0.922,1.044,-0.889,-0.922,-0.922,-0.889,1.044,-0.23,-0.818,-0.889,2.305,0.745,1.044,2.305,-0.922,2.305,-0.23,1.334,-0.889,2.305,1.044,-0.818,-0.23,2.305,2.305,0.614,0.614,-0.818,1.334,-0.818,2.305,-0.23,-0.922,1.334,-0.922,-0.818,1.334,-0.23,-0.889,2.305,2.305,0.614,-0.889,0.745,-0.818,-0.23,0.6011079887086304,-0.922,0.0,-0.9301018263537962,-0.9043660950286369,-0.2472450731204781,0.7358653508542775,-0.012237087698924218,0.017628626160856285,1.044,0.6460097086285541
-0.804,-0.833,0.072,0.625,-0.974,-0.758,0.625,0.625,-0.804,-0.804,-0.833,0.625,-0.804,0.439,-0.804,0.072,-0.974,-0.758,-0.974,-0.612,-0.758,0.439,-0.321,-0.833,-0.612,-0.612,0.439,-0.974,-0.612,-0.833,0.072,0.625,-0.833,0.625,-0.321,-0.974,-0.804,-0.833,-0.758,-0.804,0.625,-0.612,0.439,0.072,-0.804,0.4263520620394866,-0.974,-0.758,-0.833,-0.8183198619889189,0.0,-0.321,-0.7854228348018493,-0.9884373672924265,-0.011494853838262776,-0.768628479482609,-0.3352546977394156
-0.622,0.766,-0.91,-0.622,-1.265,-1.265,-1.265,-0.887,-0.887,1.252,-0.622,-0.91,-0.91,-1.265,-0.622,0.766,-0.91,-0.622,0.766,-1.15,0.195,0.766,-0.91,0.195,-0.91,-1.15,0.766,-1.15,-1.265,0.766,-1.15,0.958,1.252,1.252,0.195,1.357,-1.15,0.766,0.958,0.195,0.958,1.357,-0.887,-0.887,-1.265,0.958,0.766,1.357,-0.887,1.252,-0.91,-1.15,1.2398835498351874,-1.1662202326201532,-0.9310700105961148,-1.265,0.766,0.7516056744207633,0.195,-0.9002250500330191,-0.9073164217842687,-1.110345760194686,0.958,1.2787759554043108,-1.0774353887601154,1.357,1.3353334197667337
-1.022,0.689,1.53,1.021,-1.043,-1.247,1.53,1.021,-1.043,-0.923,-1.247,-0.807,-0.807,-0.923,-1.022,-0.923,1.021,-0.923,-1.247,-0.683,-0.637,0.689,-1.247,1.021,-1.043,-1.022,-0.683,-0.637,0.689,1.021,-0.807,-1.247,-1.022,1.53,-0.923,-1.043,-0.683,-0.807,-1.247,-0.923,-1.043,-1.022,-1.247,-0.923,-0.807,0.689,1.021,-0.683,-1.043,-1.022,-1.022,0.689,-1.247,1.53,-0.923,-0.807,-0.8225074147403296,1.021,-1.022,-0.7833414328167283,-1.043,1.53,-0.7434452775332355,-1.247,0.689,-0.637,-0.683
-1.072,-0.742,-1.014,-0.919,-0.471,0.166,1.342,-1.014,0.166,-1.014,1.342,-1.014,-0.919,-0.032,-0.919,-1.072,-0.471,1.342,-0.471,-0.821,-0.821,-0.032,-1.072,-0.742,-1.014,0.632,1.342,-0.471,-1.072,-0.742,-0.821,-1.072,-0.032,-1.072,-0.032,0.166,1.342,-0.742,-0.821,-1.072,-0.919,-1.072,-0.742,-0.919,-0.919,-0.471,-0.821,0.632,-1.014,-0.471,1.342,-1.072,0.6161591620817923,0.166,-0.742,-0.032,0.14831222499868407,-1.0884697081609787,-0.48294857423486304,1.3283035276562671,0.6374631541977377,0.6606255743417616,-0.044814607330157824,0.7006167807422649,-1.0456935838286159,-0.4386841404110929
-1.401,-0.167,0.041,0.564,-1.401,-0.387,-1.401,-1.401,-1.401,1.523,0.564,-0.117,1.523,1.197,1.197,-0.067,-1.401,-0.387,-0.387,-1.401,-0.167,1.523,-0.167,0.041,-0.117,0.041,-0.167,-0.42,-1.401,-0.117,-1.401,0.041,0.041,0.041,-0.067,-0.167,1.197,1.523,-0.067,-0.167,1.197,-0.067,-1.401,0.041,0.564,1.523,0.564,-0.387,-1.401,-0.167,-0.067,0.041,-1.401,-0.42,-0.440677674714272,-1.401,0.564,0.5473082889630481,-0.167,0.041,0.027524791504759366,1.523,-0.387,-0.18369020897400318,-1.4175722454908772,1.197,1.1784013070747603
0.329,0.329,1.049,-0.411,1.049,1.049,-0.914,0.329,-0.411,-1.035,-1.035,0.329,1.803,-0.411,0.898,0.898,-0.914,1.049,0.329,1.803,0.556,-0.411,-1.035,1.803,0.782,0.898,-1.151,-1.151,-1.035,-1.151,-1.035,-0.914,1.049,-1.151,0.898,0.782,1.049,-1.151,-0.914,1.049,1.049,1.803,0.556,-1.151,0.556,-1.151,0.329,0.898,-1.035,0.8825746646746172,-1.151,0.3186561883683108,0.926215273622286,-1.1703909197564268,-1.1313751610288831,0.36363918047171784,0.782,-1.077846814778912,1.803,-1.04824556910492,1.7893278281225644,-1.044321112251658,0.7738746418363421
0.246,1.661,-0.435,1.594,0.09,0.246,0.246,-0.435,1.661,1.594,1.661,-0.128,0.061,-0.128,1.661,1.661,1.661,0.246,0.246,0.09,-0.128,0.061,0.163,-0.128,1.661,1.661,-0.128,1.661,1.594,0.061,-0.701,1.594,-0.701,1.594,-0.701,1.661,1.594,0.146,-0.128,-0.128,-0.128,0.146,0.163,1.661,-0.128,0.061,-0.435,0.061,0.146,-0.44791413231286586,1.661,0.246,0.09,-0.40337460131236386,0.04693460121237935,1.594,0.07589314090704201,1.650563247785444,0.08895929893599218,0.12642899212031208,0.17695625512670418
-1.129,-0.874,0.767,-0.754,-0.61,0.767,-0.754,-0.874,-1.129,-0.61,-0.708,-0.806,-1.129,-0.61,-0.675,0.339,-0.874,-0.806,-0.874,-0.708,-0.675,0.767,-1.129,0.767,-0.61,-0.708,-0.675,-0.806,-0.675,-1.129,-0.754,-0.806,-1.129,-0.754,-0.874,-0.708,-0.874,-1.129,-0.675,-0.708,-0.806,0.767,0.767,-0.215,-1.129,0.767,0.767,-0.754,0.339,-1.129,-0.708,-0.215,-0.806,-0.675,-0.723432098975411,-0.61,-0.6801683354841819,0.767,-0.6261487236722469,-0.6906229986337978,-0.874,-0.6476991108334278,-1.140743277330232,-0.580088503757648,-0.22566048966760988,-0.20658659654215342,-1.1232628914081526,0.7580039262820791,-0.8180998396700324
-1.317,-0.951,1.587,-1.317,-0.426,-1.003,-0.426,-0.951,-0.951,-0.426,-1.317,-0.426,-1.317,-0.711,0.343,-0.711,-1.003,-0.426,0.343,-0.711,-1.003,-1.317,-1.317,-0.518,-0.83,-0.324,-1.317,0.343,-0.951,-0.518,-1.003,0.343,-1.317,-0.324,0.343,-0.324,-0.951,0.343,1.587,-0.83,1.587,1.587,-0.711,-0.83,-0.426,-1.003,-0.518,-1.317,-0.951,1.587,-0.711,-1.317,-0.9652215445219245,0.343,-0.7190561119423106,-1.003,-0.687349952870155,-1.0187109832486358,-0.9914066468599385,-0.324,-1.3295386667023923
-0.366,1.716,-0.994,-0.994,-0.484,-0.366,-0.994,-0.994,-0.484,1.716,-0.994,1.716,-0.484,1.052,-0.484,1.716,0.254,-0.167,0.931,-0.366,0.931,0.346,1.716,0.254,0.346,-0.366,0.506,-0.484,1.052,-0.484,-0.366,-0.484,-0.994,-0.484,0.506,0.506,1.716,0.506,-0.167,-0.994,1.716,0.254,-0.994,1.052,-0.484,-0.994,-0.484,-0.484,-0.167,0.346,-0.167,-0.994,0.506,-0.484,1.716,0.254,-0.1789303528971865,-0.4922345986321188,0.931,-0.366,1.6999435569836112,-0.3855850974491136,0.33319342563405674,0.34042610950074126
-0.174,0.46,-0.699,0.001,-0.857,0.001,0.001,-0.733,0.001,-0.241,0.001,0.001,-0.733,1.389,-0.733,-0.857,-0.699,-0.733,0.001,-0.699,1.821,1.821,-0.006,0.001,1.389,-0.733,-0.174,1.821,-0.857,1.389,-0.174,1.821,0.001,-0.174,-0.857,1.389,-0.733,0.46,-0.174,-0.699,-0.857,0.46,0.46,-0.174,-0.006,-0.18891479568540903,-0.014559819010883131,0.46,-0.699,1.389,1.3667782764886887,0.009629372631561299,-0.733,-0.857,1.821,0.0580452506602968,-0.8680710968630687,1.4071730261702644
0.572,0.572,-0.113,0.194,0.41,-0.913,0.572,-0.913,-0.913,0.572,-0.632,-0.882,-0.632,-0.712,-0.882,0.572,0.572,-0.113,0.572,-0.913,-0.913,-0.913,-0.632,-0.113,1.417,-0.913,0.194,-0.712,-0.113,-0.4,-0.882,1.417,-0.4,1.417,-0.913,1.417,0.572,-0.882,0.194,-0.712,-0.882,1.417,1.417,-0.113,-0.882,0.194,-0.712,1.417,0.572,-0.113,-0.12780474061491,0.194,0.5590702314909917,-0.07693413116119516,-0.712,0.5778195432682315,-0.022686711648519424,0.011193817624790985,-0.4,0.41,-0.913,0.1835485123971366,0.5868607501250168,-0.882
-0.775,1.73,-0.775,0.675,-0.858,-0.858,0.675,1.73,1.438,1.908,1.438,-0.329,0.374,0.374,1.406,0.675,1.406,1.438,-0.444,1.438,-0.444,-0.775,1.438,-0.775,1.406,1.908,-0.858,-0.858,1.908,1.438,1.908,-0.444,1.908,-0.444,0.374,0.675,1.73,0.675,-0.775,1.908,-0.329,1.73,1.908,1.908,1.406,1.406,1.406,-0.329,1.406,1.908,-0.444,-0.775,1.9004404029591424,-0.7850837998604888,-0.7448331922326598,0.374,1.3920351945166125,-0.7086428700818113,-0.33870276976017016,-0.6671183880016237,-0.45660680288108
1.287,0.469,-0.922,0.269,0.469,-0.257,0.212,-1.273,0.269,-1.273,0.469,0.497,1.269,0.497,0.497,0.343,-1.273,0.497,0.269,0.269,0.469,0.469,0.269,0.212,1.269,1.287,-1.273,0.343,-0.922,-0.922,1.269,-0.922,0.212,0.269,1.287,-1.273,0.469,0.212,-1.273,0.212,1.269,-1.273,-1.273,0.343,-0.257,1.287,0.497,1.269,0.343,1.2752928359500364,0.48168326759297964,-1.273,-0.922,0.5123486672326315,0.269,-1.284069945971174,1.2896328155581245,0.33219885696166923,0.2571861062556245,-0.9375085954695536,0.469,-0.9103086399443733
-0.817,0.361,-0.817,0.79,-0.8,-0.817,1.021,0.663,0.133,0.358,0.358,0.133,-0.8,0.663,2.023,1.021,0.358,2.023,-0.8,0.79,0.358,0.361,0.358,0.663,1.008,2.023,2.023,0.358,2.023,2.023,0.361,0.133,2.023,0.361,1.021,2.023,1.008,0.663,0.133,-0.817,0.358,0.79,0.663,-0.8,1.008,0.79,0.663,0.79,-0.817,0.133,0.1197026253267105,-0.8339327337659271,0.6464735161461221,1.021,0.6786398736754031,0.358,0.7138814281242926,-0.7662728317456496,2.023,0.7485878071100305,0.361,0.781545307582356
-0.725,-1.042,0.694,-0.447,2.214,-0.79,0.317,1.694,-1.042,-0.792,1.694,2.214,-0.858,1.694,-1.042,-0.79,0.317,-0.79,1.694,-0.447,-0.792,-0.858,2.214,1.694,-0.725,-0.858,-0.792,-0.858,-0.725,2.214,2.214,2.214,1.694,-0.725,-1.042,0.317,-0.447,-0.725,0.694,-1.042,-0.79,1.694,-0.447,-1.042,-0.858,-0.858,-0.858,-1.042,-0.725,2.214,-0.447,1.694,-0.792,-0.79,-0.7386936624791649,2.19562162578537,-0.8103127347348059,2.249359298294255,-0.8052138985584097,1.6815624850225104,2.3011137381011326,-0.6895261382843518,0.694,-0.661034494604476,-0.858,2.3634122920802483
-0.823,0.798,1.716,0.798,1.363,-0.995,-0.823,0.928,1.363,1.639,-0.479,0.928,-0.995,0.628,-0.995,1.639,-0.583,-0.823,-0.995,0.928,1.639,-0.823,-0.823,-0.583,-0.995,1.363,-0.479,-0.823,0.628,1.639,1.363,0.628,1.716,1.716,1.363,1.716,-0.995,0.928,1.716,1.716,1.716,-0.479,-0.479,0.928,-0.995,1.716,1.716,1.363,1.639,0.628,1.363,-0.995,-0.583,0.798,-0.5962667895703697,1.639,-0.823,0.628,-1.00883593164679,-0.9714334983610934,0.6123471666943027,0.6251986960742699,1.3506914749048593,1.716,0.928,1.6264231459395915,-0.9193069730667957,1.383193725835468
1.15,-0.489,-0.794,-0.656,0.406,-0.812,1.15,-0.794,0.406,0.406,-0.794,-0.489,0.179,0.179,1.15,-0.489,-0.794,1.15,-0.489,0.428,0.179,0.179,0.406,-0.489,-0.794,1.15,-1.037,-1.037,-0.656,-0.489,0.104,1.15,-0.489,-1.037,-0.794,1.15,1.15,-0.656,-0.812,-0.794,-1.037,-0.794,-1.037,1.15,1.15,-0.656,-0.812,0.104,-0.656,-1.037,-0.489,0.104,1.15,0.179,-0.489,-0.812,0.08670990601031298,0.406,-0.49902875993113077,0.165098885236958,0.20528415262475636,0.2422452437100887,-0.794,-0.4667511696667857,-1.037,-0.4370653659251447
0.702,2.006,1.594,0.345,0.345,1.594,-0.042,0.702,-0.658,-0.582,2.006,1.594,1.594,2.006,-0.042,0.273,2.006,0.58,0.58,1.594,-0.042,-0.582,0.702,-0.582,0.702,-0.042,0.702,0.702,-0.423,2.006,0.345,2.006,-0.658,-0.423,0.702,0.273,-0.658,2.006,0.345,-0.423,0.58,-0.042,2.006,-0.042,-0.423,0.58,-0.042,0.345,-0.423,0.58,-0.582,-0.5987400331814702,0.564937101255985,2.006,-0.658,-0.042,0.702,0.6900754219493614,0.7053720065311782,1.594,-0.5657013300208323,0.7537504440402074
-0.711,-0.938,1.4,1.4,-0.938,-0.734,-0.938,-0.47,0.918,0.427,-0.711,-1.049,0.918,-0.504,1.4,1.4,-0.504,-0.734,-1.049,-0.938,-0.47,-0.938,0.918,-1.049,-0.711,-0.711,-1.049,0.918,-0.47,-0.47,1.4,-1.049,0.918,-0.938,-0.938,-0.734,-0.47,-1.049,-0.734,-0.47,-0.734,-0.504,0.427,-1.049,-0.069,-0.711,-0.47,-0.7237036551943902,-0.938,-0.069,1.4,0.427,0.41326215730315496,-0.734,-0.4843126824372616,0.918,-0.0804465828961415,0.4595243757670598
1.471,1.269,2.089,1.269,-0.918,-0.918,-0.718,1.269,1.269,1.818,-0.718,-0.918,2.089,-0.745,1.471,-0.918,2.089,-0.965,-0.745,-0.965,-0.718,-0.718,1.269,1.471,1.818,-0.718,-0.918,1.269,-0.965,-0.965,0.606,-0.745,2.089,1.818,1.269,-0.745,-0.718,-0.918,1.269,2.089,2.089,1.471,1.818,2.089,-0.965,1.818,1.471,-0.386,-0.718,2.089,2.0744823812647164,1.471,-0.745,-0.7292287969561948,-0.965,0.606,-0.9766124033899412,2.1120057365714016,-0.6848870396679918,-0.386,1.818,-0.9492633913485384,-0.7583039524196988
-1.015,-1.208,1.968,-1.208,0.487,-0.645,-1.015,-1.208,-0.639,-0.639,-0.645,0.542,-1.208,1.968,-0.805,1.968,-0.55,-0.645,-1.015,0.542,-0.55,0.542,1.968,-1.208,-0.55,1.968,-1.015,-0.55,-1.208,-0.805,0.487,0.487,0.487,-1.208,-1.015,0.569,0.569,-1.015,1.968,0.569,-0.55,0.569,1.968,-0.805,-0.639,1.968,1.968,-0.55,0.569,-0.639,-0.6599214121730826,-0.645,-1.208,0.5516634335428312,-0.55,0.487,1.968,-0.6211537812374259,-0.805,0.542,-0.8140340102370986,-0.7786189492527175,-0.5645128565549469,-0.6607488218083237,-0.5263836202766526,-0.6228957855744175,0.480100321199048
-0.083,-0.917,1.764,-0.423,-0.127,0.707,-0.034,-0.917,-1.068,0.05,-0.034,-1.068,-0.083,-0.034,-0.034,1.764,-1.068,1.764,-0.843,0.05,0.707,1.764,-1.068,-0.917,-0.127,0.05,0.05,-1.068,-0.917,1.764,-1.068,0.05,-0.034,0.707,-0.843,-0.083,-0.843,-0.843,-0.917,1.764,-0.127,-1.068,1.764,-0.917,1.764,-1.068,-0.127,-0.423,-0.083,-0.034,-0.05339747231972754,-1.068,0.05,1.764,-0.09592440896875203,-0.127,-0.1423219587796539,0.03182487934101051,-0.033025005006358785,-0.00619165685314638,-0.12105085074713225,-0.843,1.7513794433369363,-0.8633027833787764,-0.09662084500772877,0.07041588141684194
-1.081,-1.039,-0.574,-1.008,-1.081,-1.008,-1.039,-0.689,-0.574,-1.039,-0.574,-0.689,-1.17,-1.081,0.792,-1.081,-1.039,-0.574,1.32,1.015,-1.039,1.015,-1.008,-0.574,-0.574,-0.689,1.32,-1.17,-1.17,-1.008,1.015,-0.574,-1.17,-1.17,-1.039,-0.307,-1.17,-0.574,-1.081,-1.008,0.792,-1.039,1.32,-1.17,1.32,-1.081,-1.17,-1.039,1.32,1.015,-0.307,-1.187953798736289,-1.093854941320903,-0.32361893618787346,-0.574,-1.0535835354470715,-0.5905174499777899,-1.0734787909578773,-1.0364729898192393,0.792,-1.0270555190638264,-1.008,-0.5500894966286343,0.7776541217548314,-0.9695988263069661,-1.150025981234543
1.624,-1.134,-0.501,0.146,1.624,-0.425,-0.631,-0.585,1.624,0.146,1.624,-0.669,1.624,0.146,-0.631,-1.224,-0.501,1.624,-1.134,-1.134,-0.425,-1.224,-1.224,-1.134,-1.224,-0.585,-0.631,-0.669,-0.501,-1.134,-0.159,-0.631,-0.585,-1.224,-1.224,-0.585,0.146,-1.134,-0.501,-1.224,1.624,-1.224,1.624,1.624,-1.224,-0.501,1.624,-1.134,0.146,-0.631,-0.669,-0.501,-0.425,-0.6834479255300134,1.624,-0.6421779906603627,-0.512577986371882,1.604423773817308,-0.159,-0.17590865317336649,-1.1497933521367263,0.13018797005430516,-1.224,1.6503389213657322,-1.1138931322356749,1.6837580220249075,-0.4737541878817819,-0.44192216462942224,-1.0908675723154835
-1.042,0.078,0.078,0.05,1.805,1.94,1.94,0.76,0.583,0.76,0.583,-0.811,0.05,0.05,1.805,-1.042,1.94,0.583,1.94,-0.811,1.94,1.94,0.76,0.05,-0.339,-0.811,0.05,0.05,1.805,0.05,0.583,0.583,-0.811,-0.304,1.805,-0.304,-0.339,1.94,-1.042,1.805,0.05,0.078,-1.042,1.94,-0.304,-0.811,-1.042,-0.339,0.76,-0.811,1.805,0.078,0.05,0.06236548969233101,0.7465947654930347,-0.304,0.03992197625500449,0.795664808283943,-0.3521166068077954,0.10691241436430486,0.827253110418181,1.7970110176729976
-0.296,-0.296,0.116,-0.296,1.109,-0.296,-0.584,-0.503,2.052,0.495,0.495,-0.503,0.495,-1.046,2.052,0.473,0.495,-1.046,2.052,-0.584,0.495,-0.584,-0.296,1.109,1.109,1.555,-0.584,0.473,2.052,-0.296,-0.584,0.116,0.473,0.495,-0.296,0.495,-0.296,-0.584,1.555,1.555,0.473,1.109,2.052,1.555,2.052,-1.046,-1.046,2.052,2.052,2.052,-0.296,-0.296,-0.296,-1.046,-0.503,-0.296,-0.296,0.495,-0.30718657147102113,-1.046,-0.28744899575905136,0.4879031296424009,1.109,1.555,1.0947101255542715,0.473,-0.2285630046212231,-0.21034738735293554,-0.584
0.225,-0.616,0.446,0.225,-0.2,0.446,0.416,1.127,0.225,0.416,-0.873,-0.13,-0.616,0.446,0.446,0.416,0.695,0.446,-0.616,0.416,0.446,0.695,0.695,-0.13,-0.13,0.695,-0.873,0.225,0.695,-0.873,-0.616,0.653,0.416,0.225,-0.13,0.653,1.127,0.653,-0.13,-0.13,1.127,0.653,0.695,0.446,1.127,0.695,0.225,-0.13,0.695,-0.2,0.416,1.127,-0.2156107441336887,-0.616,0.695,0.6841673274357634,1.116103509178075,-0.873,-0.13,-0.882188751184182,1.151982783306321,0.7361113289115442,-0.8453220504180474,1.1876503332091664,0.446
0.707,-0.273,-1.351,0.707,-0.54,-0.273,-1.351,-0.816,-0.273,0.707,-0.273,-0.816,0.707,0.468,1.86,-0.816,-1.351,1.86,-0.946,0.707,-0.946,-0.816,0.238,1.86,-0.54,-0.81,-0.54,-0.81,-0.54,-0.273,-0.946,-0.81,0.238,1.86,-1.351,-0.81,-1.351,1.86,-0.816,-0.946,-1.351,-0.816,-1.351,-1.351,-0.816,-1.351,0.707,-0.54,-0.946,-0.81,0.707,-0.946,0.238,0.2166014348028918,-0.54,-0.273,0.468,-0.81,-0.827424462485673,1.86,0.456272100034136,-0.280270578655332,1.843614456692403,0.707,-1.351,0.6893009570633705
0.738,-0.818,0.738,0.738,0.431,0.508,1.038,0.273,1.038,-0.525,0.508,-0.773,-0.857,-0.857,0.273,0.431,1.038,0.431,1.038,-0.857,0.273,-0.818,-0.525,-0.773,0.508,1.038,0.508,0.738,-0.818,0.273,0.508,0.431,1.038,-0.773,0.273,1.038,-0.818,1.038,-0.525,0.273,-0.857,0.431,0.273,-0.525,0.738,-0.773,1.038,-0.818,1.02650698383952,-0.7857845577854339,-0.7482783861794978,0.7257903890961308,0.2572765359959076,-0.857,0.30075572544524953,-0.8320282345481279,-0.6869204431885476,-0.8751122663944733,0.0
-0.407,2.001,1.91,0.407,-0.407,-0.652,0.853,-0.698,1.91,1.91,2.001,1.02,1.143,-0.698,0.865,2.001,-0.407,1.91,-0.407,2.001,1.02,0.865,1.143,0.407,1.143,1.91,0.853,1.02,1.02,0.853,1.02,0.407,0.407,1.143,0.853,0.853,0.853,1.91,1.143,-0.652,-0.698,-0.652,1.91,2.001,1.02,0.865,1.91,1.898380579785555,-0.652,1.9093759356701507,0.407,-0.698,-0.407,0.853,2.001,-0.4239677566300417
2.194,0.226,-0.45,2.194,-0.768,1.28,-0.45,-1.172,-0.768,0.243,0.243,2.194,-1.172,-0.768,-0.768,-0.922,-1.172,2.194,0.226,-0.922,-0.45,0.243,-0.748,2.194,2.194,-0.45,-0.768,0.798,1.28,1.28,0.798,1.28,-0.768,1.28,0.243,2.194,0.243,-0.768,-1.172,-1.172,-0.45,-0.748,-0.922,-0.748,-0.748,2.194,-0.45,-0.768,-0.922,-0.768,-0.748,-1.172,-1.172,0.243,-0.748,0.243,-0.45,-0.768,-0.766407945319853,-1.172,1.28,0.22594634354960044,-0.922,-0.7798327307256768,0.798,-0.7203418741361216,-1.1850448829140556,0.2631350335237497
-1.179,1.232,-0.801,-0.911,1.993,-1.179,-1.179,1.993,0.465,-0.911,1.993,1.106,-0.394,-0.573,0.465,-0.573,-0.394,1.106,-0.573,1.993,1.232,-0.911,-0.394,-0.419,1.106,-0.573,1.993,-0.394,-0.911,1.106,-1.179,-0.419,-0.801,-0.394,-0.911,-0.911,-0.801,-0.419,1.232,1.232,-1.179,-0.419,0.465,-0.419,-0.911,-0.911,1.232,-1.179,-0.573,1.232,1.232,-1.179,-0.573,1.232,-0.801,1.993,-0.394,-0.911,-0.41180549987073434,1.232,1.9779395153525525,-0.3929161272844994,-0.419,-0.801,2.026620089349407,-0.573,-0.4288270418143544,0.465,2.0689660692441207,1.2150874273345937,-0.920597698013692,-0.8172362118470288,-0.3978245245800922
-0.123,-0.123,-1.126,0.919,0.752,-0.439,1.085,-1.155,-0.439,-1.155,-0.603,-1.126,1.109,0.672,-1.155,-0.123,1.085,-0.123,1.109,0.919,-1.126,1.109,-0.439,-1.155,-1.155,-0.123,0.919,1.109,-0.439,0.672,1.085,0.672,-0.439,0.752,-0.439,-1.126,0.752,1.109,-0.439,-0.439,-1.126,0.752,-1.126,-0.603,0.672,0.919,0.919,-0.603,1.109,0.672,-1.155,0.919,-1.126,-0.123,0.9075530685120771,1.085,-1.1371395542404403,0.9560577211182942,-0.439,1.109,-1.155,-1.1724394742835615,-0.4545892577123121,-0.603,-1.152796725676577
-1.052,1.871,2.21,0.501,-0.848,0.501,-1.195,-1.05,-1.195,0.501,0.501,-1.05,-0.848,2.21,-1.052,0.281,0.501,0.501,-1.052,-1.052,-1.05,-1.195,1.871,-1.052,-1.195,0.501,0.501,0.501,-0.848,-0.848,-1.05,-1.195,0.501,0.501,-0.848,2.21,0.501,1.871,-1.05,-0.594,-0.594,0.126,0.126,0.126,-1.05,0.281,0.281,-1.195,-1.05,2.21,1.871,1.871,-0.848,0.126,2.21,-1.05,2.21,-0.594,0.281,2.21,-0.594,-0.6091109376906823,-1.05,-0.848,-0.5801708291162748,2.197639481356516,0.501,0.2708648078136044,2.247424734028809,-0.5452697213761701,2.2943806478172,0.3030871124124642,1.871,0.126
-0.421,-0.116,1.456,-0.361,0.894,-0.822,-0.116,-0.319,0.894,-0.729,0.894,1.456,0.894,1.456,-1.057,-0.88,-0.822,-1.057,1.456,-0.729,-0.361,1.456,1.456,-0.729,-0.729,-1.057,-1.057,-1.057,-0.421,-0.361,-0.88,-0.729,-0.361,-1.057,-0.822,-0.319,-1.057,-0.822,-0.729,-0.421,-0.822,-0.729,-0.729,-0.116,-0.88,-1.057,-0.729,-0.319,-0.116,-0.13193857576949497,1.456,-0.822,-0.88,-0.361,-0.10534687933633019,-0.37533133052383105,-0.8932135186746657,-0.32636592892411687,-0.832726586161486
1.509,-0.416,-0.416,-0.416,-0.57,-0.416,-1.001,1.781,1.544,1.781,-0.317,1.544,1.509,1.509,0.143,-1.001,1.781,-0.57,1.544,0.143,0.143,1.509,1.327,-0.317,0.143,1.509,-0.416,-0.416,-0.18,-0.416,-0.317,-0.18,-1.001,-1.001,0.143,-0.18,-0.317,1.327,1.781,0.143,1.544,1.544,1.509,1.509,-0.57,-0.18,1.327,-0.317,-0.416,1.781,-0.57,1.781,1.544,1.781,1.544,-1.001,-0.57,1.327,1.509,-0.5834624299881843,-0.18,1.781,-0.5659624136223832,0.143,-0.19194969298528375,1.5001178713861159,-0.416,-1.007300969089534,-0.5192418982941874,1.7645364953751035,-0.4888908171176492,1.7927672401359789,-0.48038834583037177,0.1373414845677255,-0.317
-0.94,-0.894,1.552,-0.683,-0.567,-0.683,-0.94,-0.894,1.523,1.799,1.552,1.799,1.799,1.799,1.523,-0.615,1.799,1.523,-0.683,-0.94,-0.683,1.552,-0.615,0.433,-0.683,-0.683,1.552,-0.771,1.523,-0.94,0.433,1.799,-0.615,-0.771,-0.94,-0.94,-0.894,-0.894,0.433,-0.771,-0.771,1.523,-0.567,0.433,-0.567,1.552,1.523,0.433,1.4997933742992628,1.799,-0.894,-0.9056059702058118,-0.771,0.41593366662625736,1.537295233033968,0.4278217869824539,1.7844311266907353,-0.615,-0.94,-0.7833574166627063,-0.9528447192405962,0.4548911974102302,-0.8590726933956427,-0.8356358380905065,-0.8058694689846903,-0.9060088357006898
-0.938,-1.088,1.574,-0.938,-1.088,-1.088,1.747,0.827,1.574,-0.833,-0.741,0.827,-1.147,-1.088,1.747,-1.147,1.108,1.574,-1.147,-1.147,1.747,1.747,-1.147,-1.088,-0.741,-0.833,-0.295,-0.938,1.574,-0.295,0.827,-0.938,1.108,1.574,1.574,-0.938,1.747,-0.741,-1.088,-0.295,-1.147,1.747,-1.147,-0.833,1.747,-0.741,-1.147,-1.088,-0.741,1.574,1.5620798546544843,0.827,1.747,1.738892188193524,1.6031029194030124,-0.295,-0.833,-0.741,-0.8473291008011555,-1.088,1.780688370907167,1.108,0.8198088035800012,1.6328483354974443,1.818145306498265,-0.8209023925672934
-0.587,0.717,0.502,0.642,-0.941,0.804,-1.125,-0.711,0.804,-1.125,0.717,0.804,-0.941,0.642,0.804,-1.125,-0.711,0.642,-1.125,-0.883,-0.941,-1.425,0.804,0.642,-1.425,0.502,0.804,-0.941,0.804,-1.125,-0.883,-0.883,0.804,-0.587,-1.125,-1.425,0.717,-1.425,-0.711,-1.425,0.804,-0.711,-1.425,0.502,-1.425,-0.711,-1.125,-1.125,-1.425,0.642,0.642,0.717,0.642,-1.425,0.642,0.642,0.717,0.6275765790764138,-1.425,0.6483475797512873,0.502,0.7044174717618672,-0.883,-0.587,-0.711,0.4841668986594086,0.7337933319010466
-0.79,1.547,-0.714,-0.852,-0.656,-0.714,1.0,-0.656,0.038,1.547,-0.852,-0.852,1.547,0.662,0.662,1.547,-0.714,-0.2,-0.852,-0.852,0.662,-0.656,1.547,1.0,0.038,-0.714,-0.2,-0.852,1.547,-0.656,-0.79,1.547,-0.79,1.547,0.038,1.0,-0.098,-0.2,-0.79,1.0,-0.656,-0.714,-0.656,-0.852,0.038,1.547,-0.714,-0.656,-0.79,0.662,0.6475743206604129,-0.6682935473916335,0.6793879074821559,1.5315743883610622,-0.8085602524237174,1.0,-0.7664738259145171,-0.7374990702207173,1.5770506031876919,1.609188583900119,-0.6337112888866876,-0.731412563488223,0.712936445137949
1.6,-1.146,1.6,-0.535,-0.806,0.714,1.902,-0.806,1.902,-0.758,2.104,2.104,-0.758,1.6,-0.758,-0.806,2.104,-0.758,-0.535,-0.758,-1.146,-1.146,0.714,0.122,-0.581,-0.806,0.122,1.902,-0.581,1.902,-0.535,-0.535,1.6,2.104,-0.535,-1.146,0.122,1.902,1.902,-0.758,-0.581,-1.146,1.6,0.122,-1.146,-1.146,-0.806,0.122,0.10436372897155435,1.6,0.714,-0.535,-1.146,-1.1592674966502732,-0.758,1.902,1.8859731444317456,-0.5504314768328327,1.590191098064411
-0.648,-0.655,-1.252,1.458,-0.916,1.458,-0.655,-0.655,-1.252,-0.806,1.458,-0.916,-0.563,-0.101,-0.916,-0.806,-1.252,-0.916,-0.916,-1.252,-1.252,-0.648,-0.762,-0.655,-1.252,-1.252,-0.655,-0.806,1.458,-0.648,0.477,-1.252,-0.648,-0.655,-0.762,-0.655,-0.806,1.458,-0.916,-0.563,-0.762,-0.762,-0.655,-0.648,-0.655,1.458,-0.762,-0.563,-0.101,1.458,1.4315695165627762,-0.563,-1.252,-0.655,0.477,-0.6672600235987984,-0.762,-0.5721331898820797,-0.7826144407892959,-0.6477456460467226,-0.916,-0.648,-0.928372551037761,-0.101,-0.806,1.4745679330931432
-1.198,1.279,0.347,-1.198,-1.198,0.059,-0.859,0.09,0.347,-0.859,1.279,-0.859,-1.198,-1.198,-1.198,-1.198,1.279,-1.198,1.279,0.059,0.19,0.19,-0.955,0.19,-0.955,-0.781,1.279,0.059,-0.781,0.974,0.09,0.19,-0.781,1.279,-0.859,-1.198,0.19,-1.198,-1.198,-0.955,-0.859,0.974,0.09,-0.781,-0.955,-0.859,0.974,-1.198,-0.781,1.279,0.19,0.09,-1.2069183947162025,0.17474309221832543,0.059,0.04204323034756398,0.21801520840083208,1.2650395873563158,0.974,1.2846169656639708,-1.1644953433743586
1.136,1.641,-0.933,-0.392,1.641,0.333,-0.025,-0.025,0.333,-0.933,0.345,0.333,0.345,0.333,0.809,1.136,0.333,0.333,1.641,-0.004,0.333,0.345,1.136,0.333,-0.004,0.333,-0.004,-0.004,0.809,0.333,1.641,1.641,-0.025,1.136,-0.025,-0.933,-0.004,1.641,0.333,1.136,-0.933,0.345,-0.933,-0.933,0.333,0.333,1.641,0.809,-0.933,0.7913386349390902,-0.025,-0.392,0.0,1.136,1.1226751787355336,1.641,-0.004,1.1400445249850584,-0.9436137238030334,-0.012191368735537321,1.6266341084994789,0.032513127234446264,0.333
1.904,-1.05,1.904,-1.05,1.803,0.255,-0.983,0.255,1.803,1.803,1.904,1.904,-0.007,-0.634,-1.05,-0.983,1.904,-0.007,-1.05,-0.532,-1.05,-1.05,-0.983,-0.007,-0.532,0.389,0.255,1.803,-0.983,-0.007,1.904,-0.532,1.803,-0.634,0.255,-0.983,1.904,-0.983,-0.983,-0.983,1.803,1.904,1.904,-0.007,-1.05,1.803,-0.983,-0.634,-1.05,-1.0675770797368347,0.255,-0.532,1.904,0.24167115555324478,1.803,-0.007,-0.023926069874514285,0.389,0.0032196541269920824,0.021356930383242975
1.197,-0.853,0.445,-0.004,-0.464,0.316,-0.004,-0.464,1.197,-0.853,-0.757,-0.464,-0.757,-1.018,1.911,0.297,0.445,0.297,1.197,0.316,1.911,0.316,1.197,1.911,0.445,-1.018,1.911,-0.464,0.297,-1.018,-0.464,1.911,0.297,0.445,-0.464,1.911,-0.464,1.911,-0.757,0.445,0.445,0.316,0.316,1.197,0.316,0.316,-0.853,-1.018,-0.757,0.297,0.445,-0.853,1.911,1.197,1.896293146556391,-0.004,-1.018,1.923757471152566,1.9505356228171915,-0.757,1.1819362204374688,1.2073113142074892,-1.03341415257821,-0.9883187417619966,-0.7738825440700978,-0.7266039865419729,-0.017532242106305954,-0.692541400850754,1.2595020727899138
-0.905,-0.677,-0.905,-0.677,-0.026,-1.033,0.69,0.228,0.228,0.375,-0.905,-0.026,0.375,1.101,-0.677,0.228,1.101,1.319,1.319,0.375,0.182,1.319,0.69,0.375,1.101,0.375,0.228,0.182,-1.033,0.69,-0.026,-1.033,0.375,-0.677,0.69,1.319,0.182,1.319,1.319,-1.033,1.319,0.228,-1.033,0.21051791792736663,0.375,1.101,0.69,0.6727858144725509,0.182,0.35981840628254924,-0.026,0.1628774634476577,0.20644901473044913,0.23192483271406245,0.7188149685332073,0.2676104098410431,0.30133588043686516,1.3119453335053888
2.445,2.445,-1.081,0.955,-0.077,0.955,-0.636,1.893,1.893,0.955,-1.081,2.445,1.906,0.496,1.906,1.893,1.906,0.955,2.445,1.893,-1.081,-0.636,2.445,0.496,0.955,0.955,-0.077,1.906,-0.077,2.445,2.445,0.955,-1.081,2.445,-0.631,0.955,-0.631,-1.081,1.906,2.445,-0.077,-0.631,1.893,-0.077,1.906,1.906,-0.323,-1.081,0.955,-0.636,-1.081,-1.0975968249631913,1.893,2.445,-0.631,2.4306775098448368,1.8798675531498323,-0.323,-0.077,-0.6426376559780679,2.4625451115692134,-0.08757770894113254,0.496,0.955,1.906
1.104,1.104,1.104,2.251,-1.098,0.929,2.251,0.673,1.635,0.929,2.036,2.251,-0.788,1.091,-1.098,1.104,1.104,-0.788,0.929,1.635,2.036,0.929,2.036,2.251,-1.098,1.234,2.251,-1.098,2.251,2.251,2.251,1.635,2.036,2.036,2.036,-0.788,1.104,1.234,0.929,2.251,-1.098,1.091,-0.788,2.251,0.929,-0.788,2.251,1.234,0.929,1.635,1.635,1.234,1.234,1.104,2.036,0.929,2.251,-0.788,0.673,1.234,1.104,2.251,1.2137227611422734,2.036,1.0907911146304563,1.1205036660275245,2.238914626740159,1.2460949004207007,1.635,1.2783366246517107,1.6206593276828571,0.929,1.091
-0.878,-0.878,0.038,1.078,1.078,0.33,0.609,-0.954,0.627,0.33,0.33,1.126,1.126,0.627,0.627,0.627,-0.878,0.33,1.173,1.126,-0.954,0.609,0.038,0.609,0.609,0.609,-0.954,-0.878,1.078,-0.117,0.627,0.609,0.627,-0.878,0.627,0.609,-0.878,0.33,1.173,0.609,1.173,1.173,0.33,-0.954,0.609,1.126,-0.954,0.5921395663760992,1.078,0.038,-0.117,1.1166155488457328,1.173,-0.878,1.0646963219290535,1.1563634774063745,1.2004001511095959,-0.9653602240289099,0.627,0.33,-0.9318274458176388
-0.419,-0.419,1.181,0.708,-0.419,-0.533,-1.121,1.844,-0.609,-0.107,-1.121,-0.609,1.844,-0.533,-0.419,-1.121,-1.121,-0.533,1.844,-0.107,-0.419,1.844,0.708,1.181,1.844,1.181,0.152,1.181,0.152,-1.121,0.152,-0.609,-1.121,-0.609,-0.107,0.045,-0.107,-1.121,0.152,0.045,-1.121,1.844,0.152,-0.419,-0.107,0.045,-0.11861000440376182,-0.09144156950431698,-0.06266115714792558,1.181,0.708,0.6942604618593656,0.152,-0.609,-0.6260351274322526,-0.4308849752813554,-1.121,1.844,1.1663315508424221,-0.03275399020604272
0.578,0.482,-1.17,2.1,2.1,0.578,2.1,-0.006,-0.647,0.552,0.578,-0.647,-1.17,0.772,-1.17,-0.515,-0.99,-1.17,0.482,0.578,0.578,-0.515,0.482,-0.647,-0.515,0.482,-0.99,-0.006,-0.515,-0.99,0.482,-0.647,-0.647,-1.17,-1.17,0.772,-0.99,2.1,0.772,-0.515,-0.515,-0.006,-0.515,2.1,-0.99,-1.17,-0.515,2.1,-0.99,-0.647,0.578,0.772,0.552,0.5621330089050632,2.1,0.5888236001463202,0.482,0.6333541358697837,0.469439008950826,0.5190757470286784,0.5428503294039445,0.673326370329255
-1.181,0.992,-0.096,-1.181,-0.867,-0.383,-0.867,-0.867,-0.481,-0.096,-0.556,-1.181,-1.181,-0.483,0.015,0.992,-1.181,-0.867,-0.556,-0.481,0.992,-0.383,0.015,-1.181,-0.556,0.992,0.708,-0.867,0.992,0.992,-0.096,0.015,-0.383,0.708,-0.483,-1.181,-0.556,0.992,-0.481,0.992,0.9722334275601296,0.987325734768123,-0.383,-0.49413277477780165,0.708,-0.096,0.015,-0.3947165233948455,-0.37131991475436027,-0.3290724351261199,-0.867,1.0294312889111112,0.0019461722871189358,1.0614272842385153,-1.181,0.04627933111182659,-0.2797141976808139
-0.869,0.156,0.873,-0.942,2.067,2.067,-0.942,0.406,2.067,-0.942,0.873,2.067,1.118,2.067,0.955,-0.793,0.873,0.156,1.118,0.955,2.067,0.98,0.955,1.118,-0.869,2.067,0.156,-0.793,-0.942,-0.942,0.406,1.118,-0.869,0.98,1.118,2.067,0.98,-0.793,-0.869,0.873,-0.793,-0.942,0.955,2.067,-0.942,1.118,-0.869,0.406,0.406,0.98,2.067,2.0515216239423637,-0.942,2.084662198388777,2.131875935648234,0.406,0.873,0.156,0.39135805923680544,-0.869,0.14210695725342978,2.1833181816267304,0.1945700118360564,-0.793,0.8564483443275777
0.153,-0.168,0.153,1.096,-0.621,-0.272,-0.272,-0.885,-0.621,-0.885,0.153,1.096,-0.874,-0.885,-0.786,0.153,1.096,0.612,-0.168,-0.272,-0.621,0.612,-0.621,-0.168,-0.272,1.096,0.153,1.599,1.599,-0.786,-0.168,0.153,-0.272,0.612,0.153,1.599,-0.885,-0.168,0.153,-0.786,1.599,-0.874,1.599,-0.786,-0.874,-0.874,-0.272,0.612,0.5904457052303071,1.096,-0.168,1.599,0.153,0.6203190325277952,-0.272,0.13674868410033053,-0.885,1.0851352568709862,-0.28499315881233694,1.1188949417801681,-0.1845275469395265,-0.621,-0.1621272395616918,-0.9002692858916664
2.111,-0.584,0.144,-0.324,2.111,-0.966,-0.324,-0.324,0.144,2.111,-1.039,-1.039,0.904,-1.039,2.111,0.904,-1.129,-1.129,-1.039,-0.324,-1.129,-0.584,1.346,-0.584,-0.584,2.111,-0.584,-1.129,-1.129,-1.129,-0.966,-0.324,-0.584,-0.966,-0.324,-0.966,-0.324,2.111,-0.584,0.783,-1.039,2.111,0.144,0.904,0.904,-1.039,1.346,0.144,-0.584,1.346,0.144,2.111,0.904,0.144,2.111,0.783,0.144,-0.324,-0.34166105617134007,0.13603218648986842,-0.584,-0.6112102693275407,-0.2783413564318495,0.1779196190833202,-0.24544119570230574,-0.966,0.20278945967581724,0.904,-0.21361168738323857,-0.9746617328833597
-1.295,0.344,-0.648,0.967,0.967,-0.5,-0.471,-1.071,-0.282,0.834,-1.071,0.344,-0.5,-1.071,0.005,-0.471,-0.648,0.967,-1.071,0.834,-1.295,-0.648,0.005,-1.071,-0.648,-1.295,-0.648,0.967,-1.071,-0.648,-1.071,-1.295,0.344,0.344,-0.471,-1.071,-0.282,0.005,0.834,-0.471,-1.295,0.344,-1.295,-0.648,-0.648,-1.071,-1.071,0.834,-0.5,0.005,0.005,-1.071,0.005,-1.295,-0.01060655976860395,-1.0838003810267804,-1.05736849547117,0.02537098674143952,-0.5,0.834,-0.471,-1.032136727292296,-0.648,-0.4810745416873938,0.344,-0.5112319483166227,-1.0084945861019496
-0.793,-0.948,-0.537,-0.353,-1.082,-0.353,-1.082,-0.948,-0.793,0.553,-0.353,0.553,-0.569,-0.593,-0.948,0.553,0.553,-0.353,-0.353,0.553,-0.537,0.553,0.881,0.881,-0.948,-0.793,-0.948,-0.569,0.553,-0.948,-0.793,0.553,-0.569,-0.593,-0.353,-0.569,0.553,-1.082,-0.569,-1.082,-0.353,-0.569,-0.948,-0.569,-0.948,0.0,-0.593,0.881,-0.015742565947806583,-0.6051513192104007,-0.569,-0.537,-0.5821562126014708,-1.082,0.8646462328618648,-0.5850053591415681,-0.540753638128133,0.017224910742564915,-0.9630186378291508,-0.9134141983449925
0.23,1.21,-0.94,0.23,1.21,1.21,-0.216,0.435,0.23,1.995,1.995,1.995,-0.94,0.05,-0.386,1.263,0.23,0.05,1.21,-0.94,1.995,1.263,1.21,-0.94,-0.224,0.23,1.21,1.21,1.263,0.05,0.05,0.23,1.263,-0.94,0.23,-0.224,1.21,1.995,-0.216,-0.216,0.435,1.21,-0.224,0.435,-0.224,0.23,1.995,0.05,0.435,-0.94,1.9861230770925387,-0.224,-0.216,0.2185148581319077,0.03486308499315102,0.26805687473996587,0.4268427487261775,1.21
0.278,-1.025,0.278,-1.174,-0.729,-1.111,-0.978,-1.197,0.278,-1.174,-1.111,-0.729,0.399,-0.729,-1.025,0.399,-0.52,-1.197,-1.111,-0.729,-1.025,-1.025,-1.197,-0.52,-1.111,0.399,-1.197,-1.197,-1.111,0.143,-0.729,0.278,-1.025,0.278,-1.197,-0.978,-0.978,-1.174,-1.111,0.143,-1.174,-1.174,-0.978,-0.52,-1.111,-1.174,-1.197,-1.025,0.399,0.38062609393086894,-0.52,-1.174,-1.111,-1.025,0.40180509395958214,-1.197,0.278,-0.5268071359107147,0.2656290986742319,0.435015342939945,-1.1245935026986613,-1.0396211901875667,-1.1851242602789551
-0.663,-0.663,1.731,1.676,-1.119,-0.663,-0.92,-1.119,1.093,-0.894,-0.421,1.093,-0.43,-0.92,1.676,1.676,1.676,-0.43,-0.663,-0.663,-0.894,-0.24,-0.663,1.731,-1.119,-0.92,1.731,-0.894,1.731,-0.421,-1.119,-1.119,-1.119,1.676,-0.43,-0.24,-0.894,-0.663,-1.119,-0.894,-0.43,1.676,1.093,-0.92,-0.663,-0.92,-1.119,-0.894,1.676,-0.43,-0.43,-0.24,-0.894,-0.92,1.093,1.0774708154733288,-0.421,-0.908427214034625,-0.889737458248748,-0.4324434695348705,-0.43,-0.3941756712278585,1.731,1.7164292927866232,-0.3258954602720813
1.434,-0.43,-0.035,-0.372,-0.055,1.803,1.803,0.698,-0.055,0.698,-0.035,-0.035,1.803,0.544,1.434,0.544,1.803,-0.372,-0.055,0.544,0.544,1.011,-0.372,0.698,1.803,1.434,-0.372,1.803,1.803,0.544,-0.372,-0.372,-0.372,0.698,0.698,-0.372,-0.055,0.698,-0.035,-0.43,0.544,1.434,-0.035,1.011,0.544,1.011,-0.055,0.0,1.0022300565151272,-0.035,0.5320314727147133,1.803,-0.012564350316375256,0.698,0.5723365316407953,-0.04725906309135946,1.7933105524094466,-0.06521031455302105,-0.43,0.6129707046323569
-0.818,-0.675,-0.818,-0.916,-0.974,-0.916,-0.914,-0.974,-0.675,-0.914,-0.914,1.683,-0.916,-0.468,-0.382,-0.916,-0.818,-0.468,1.683,-0.916,1.683,-0.1,-0.974,-0.914,1.683,-0.517,-0.517,-0.974,1.683,-0.974,-0.382,-0.974,-0.916,1.683,-0.916,-0.517,-0.974,-0.818,-0.675,-0.468,-0.914,-0.916,-0.974,1.683,-0.916,-0.818,-0.675,-0.916,-0.382,-0.468,-0.818,-0.468,-0.916,-0.48229922443994194,-0.382,1.683,-0.517,-0.675,-0.914,-0.8327230586911432,-0.5302316384616278,-0.9313041117530795,-0.4437738778522256,-0.394054476775349,-0.9220262188345129,1.669585890306377,-0.37801089069635857,-0.7854257214987326,-0.4962038460896603,-0.40412034268724073
-0.705,-0.705,-0.844,-0.885,-0.844,-0.252,-0.166,-1.095,-0.166,-1.282,-0.719,-0.885,-0.701,-0.701,-0.705,-1.282,-0.885,-0.719,-0.701,-1.282,-0.719,-1.282,-0.705,-0.166,-1.095,-1.095,-0.705,-0.705,0.37,-1.095,-0.844,0.37,-0.701,-0.166,-0.719,0.37,-0.166,-0.701,-1.282,-0.252,-0.719,-1.095,-0.701,-0.705,-0.844,-1.282,-1.095,-0.885,-0.252,-0.719,-0.701,0.37,-0.885,0.36022708946652304,-0.844,-0.2652945722301507,-0.8958949201990563,-0.23705119493770058,-0.7377997424471752,-0.8577459332393241,-0.7070547242695836,-0.6821488999798384,-1.282,-0.6511290854048547,-0.8149290540244098,-0.166
-0.793,-0.158,0.022,-0.691,-0.925,-0.691,0.479,-0.691,-0.397,-0.842,0.713,2.69,2.69,-0.397,-0.925,-0.793,0.479,-0.691,2.69,-0.158,-0.158,-0.842,-0.691,0.713,0.022,-0.842,-0.158,2.69,-0.691,0.713,-0.842,-0.691,2.69,0.479,-0.793,-0.793,0.713,2.69,2.69,-0.691,-0.158,-0.691,-0.925,0.022,-0.691,-0.793,-0.8025338084658854,0.713,-0.158,-0.7068867308491915,0.479,-0.6740331878616983,-0.6376934902422656,0.022,-0.925,0.4657334812719439,0.008753378405845344,-0.5963805394617953,0.05115246008452677,2.69,-0.5883412025285605
0.411,-0.845,-1.247,0.536,0.06,0.411,-0.028,-0.845,-0.368,0.536,-0.964,0.06,-1.247,0.192,-0.707,-0.964,0.192,-1.247,-0.707,0.06,0.06,-0.707,-0.028,0.411,0.06,-1.247,-0.964,-1.247,-1.247,-0.845,0.536,0.06,-0.707,0.06,0.411,-0.028,-0.964,-1.247,-1.247,0.192,0.06,0.06,-0.845,-0.707,0.536,-1.247,0.06,-0.845,-0.368,-1.247,-0.964,-0.9792054404098702,-1.2576627021580105,0.411,-0.9512642960579678,0.536,0.06,-0.028,0.047006008234878806,-0.845,-0.3782138902255905
-0.155,-0.892,-0.451,-0.892,-0.155,-0.273,-0.451,0.516,-0.711,-0.451,-0.451,-0.358,-0.682,-0.358,-0.451,-0.491,-0.451,-0.711,1.304,-0.892,1.304,-0.155,-0.358,-0.711,-0.451,-0.711,-0.451,-0.682,-0.682,-0.682,-0.273,-0.451,-0.155,-0.451,-0.892,-0.711,-0.491,-0.358,-0.273,-0.892,-0.491,-0.273,-0.155,1.304,1.304,-0.892,-0.711,0.516,-0.155,-0.7230788986575875,-0.358,1.304,0.5024226818043805,0.5366137534189946,-0.273,-0.451,-0.7006006791196541,-0.9033674287016238,0.5901095573812718
1.588,1.644,-1.034,-1.034,-1.034,-0.718,-0.718,1.588,0.763,-0.808,0.763,0.227,-0.718,1.644,1.544,1.644,1.544,1.544,-0.868,-0.868,-0.65,0.763,0.227,-1.034,1.644,0.763,1.588,-1.034,-0.868,0.227,-0.65,-1.034,-0.718,1.588,-0.808,1.644,1.644,-0.808,1.644,1.544,1.644,0.763,-0.718,0.227,-0.868,1.588,1.544,0.763,0.227,1.588,1.544,-0.868,-0.808,-0.718,-0.65,1.644,-0.8185531390618572,1.5311619111913248,1.5794560341053678,-0.6611980367240511,-1.034,-1.053945442181179,0.763
-1.197,-1.197,-0.123,1.105,-0.321,0.239,0.635,-1.197,0.635,-0.888,0.297,-0.888,0.297,-0.123,-0.888,-1.197,0.239,-0.903,0.297,0.297,0.297,-0.888,-1.197,0.297,-0.302,-0.888,-0.123,-0.123,-0.903,-0.302,1.105,1.105,-0.302,-0.903,-0.888,0.635,0.297,-0.888,0.239,-1.197,-0.302,-0.302,0.635,0.635,-0.903,-0.903,-0.302,-0.903,-0.302,-0.321,0.635,0.297,1.105,0.2750064887711636,1.0874781652498968,-0.888,-1.197,-1.210782997644663,0.239,-0.31311973583266217,-0.33500412938403024,-0.28045303798873483,0.3358376067174809
-1.225,-1.313,0.399,-0.855,0.399,-1.073,-1.225,-0.977,-0.855,-1.073,-0.855,-1.247,-1.225,-1.247,-1.225,-1.019,-1.019,-1.073,-0.977,-1.313,-1.247,-1.019,-1.019,-1.247,-1.313,-1.225,-0.156,-1.313,-0.977,-0.855,-0.977,-0.977,-0.977,-1.225,-1.073,-1.247,-0.156,-1.073,-1.313,-1.225,-1.225,-0.855,-1.225,-1.313,-1.019,-1.073,-0.156,-1.247,-1.225,-1.247,-1.313,-1.247,-1.247,-1.313,0.399,-1.073,-0.855,-1.225,-0.977,0.38804473521135,-1.23842736009984,-1.208154323034207,-1.247,0.0,-0.9896398504992776,0.42088475678892734,-0.8652252425206988,-0.010677461989830715
-0.035,-0.035,2.041,2.041,0.875,-0.035,-0.403,-0.62,1.199,-0.582,2.041,1.199,-0.62,-0.698,1.649,-0.582,0.875,1.649,0.875,1.199,1.199,-0.161,-0.035,2.041,-0.035,-0.698,2.041,2.041,0.875,2.041,-0.161,2.041,-0.582,1.649,-0.62,2.041,-0.035,-0.698,1.649,-0.161,-0.62,-0.035,2.041,-0.035,-0.582,-0.62,-0.035,-0.62,2.041,0.875,-0.161,1.649,-0.582,-0.698,1.6374546022213015,2.041,1.6818491061066125,-0.62,1.7191560747344212,-0.712174050900458,-0.035,1.7432621463549505,-0.17969416939166338,-0.5947738642988627
1.526,-0.873,2.154,-0.671,1.429,-0.142,1.526,-0.142,1.275,2.154,-0.084,-0.671,-0.556,1.526,-0.873,-0.142,0.895,1.275,-0.873,-0.873,1.275,-0.142,-0.671,2.154,2.154,1.526,-0.671,2.154,-0.671,0.895,2.154,2.154,-0.671,1.275,-0.671,2.154,1.275,1.526,0.895,1.526,-0.873,-0.142,-0.671,2.154,1.429,2.154,0.895,-0.142,1.429,0.895,1.275,1.429,-0.556,2.154,-0.556,1.429,-0.873,-0.671,2.154,-0.142,-0.16099516096480812,0.895,1.526,1.275,-0.8838285484694232,2.139546725598821,-0.8390403111304148,-0.8090089956866332,1.419776939404468,0.8790640180227841,-0.11300605651818024,-0.6831582959400144,1.4607497454853118,1.2610798693659704
0.821,-0.926,0.821,-0.926,-0.807,-0.856,-0.807,0.72,-0.48,-0.688,-0.856,-0.856,-0.52,-0.48,0.821,-0.688,-0.52,0.268,-0.807,-0.48,-0.856,-0.807,0.821,0.821,-0.48,-0.688,-0.807,-0.926,0.268,-0.926,-0.807,0.72,-0.926,-0.807,-0.688,-0.926,-0.807,0.821,-0.52,-0.428,-0.52,0.821,-0.807,0.8064149857554651,-0.428,-0.856,0.8488994381951078,-0.867916712978482,0.8773745074273662,-0.5307854159924642,0.907782687534377,0.268,-0.832545214703831
0.611,-0.997,0.383,-0.997,0.383,0.611,-0.651,0.383,1.219,0.764,1.088,-0.651,0.383,-0.651,-0.603,-0.997,1.981,1.981,1.981,0.611,-0.273,1.981,1.219,-0.603,0.383,0.764,-0.273,1.088,1.981,0.383,-0.651,0.764,1.981,0.764,1.088,0.611,1.219,0.383,0.764,1.981,-0.997,-0.273,0.383,0.764,-0.997,-0.651,0.611,0.383,-0.997,0.611,1.088,-0.997,-0.651,0.764,1.981,1.0798522745658081,-1.0137269280623462,1.1054484928277328,0.7489523679778083,1.9687502798772896,-0.6627962921534061,-0.603,-0.9873985421009167,1.1557676091040152
2.071,0.16,-0.321,2.071,2.071,-0.279,-0.229,-0.279,0.16,-0.279,2.071,-0.802,-0.802,-0.279,-0.143,1.153,-0.838,2.071,-0.838,-0.143,2.071,1.153,0.16,-0.279,2.071,-0.802,1.153,-0.838,-0.229,-0.321,-0.802,0.16,-0.838,-0.802,2.071,0.16,-0.802,-0.802,0.16,2.071,-0.143,-0.229,-0.838,-0.143,-0.143,-0.321,-0.279,2.071,-0.321,-0.838,-0.2885675585254832,0.0,-0.802,-0.8218905920255619,-0.25612330599334593,0.16,2.0589106997924516,-0.19709714042337884,1.153
-0.517,-0.51,-0.985,1.478,-0.699,-0.51,-0.51,-0.51,0.602,1.121,-0.517,1.478,0.602,1.478,-0.985,0.602,1.478,-0.699,0.112,0.602,-0.699,-0.699,-0.51,-0.985,-0.687,0.112,-0.699,-0.699,-0.985,-0.985,-0.189,-0.687,-0.699,0.602,-0.517,-0.699,-0.51,0.602,1.121,0.602,-0.699,-0.687,-0.517,-0.517,-0.699,-0.189,-0.517,0.112,-0.51,-0.985,-0.687,-0.51,-0.517,-0.5307827196316414,-0.189,-0.699,0.112,-0.7099507266264301,-0.20955223672053752,-0.6978382786992449,-0.687,1.478,-0.1806410385685592,-0.6675691619664124,-0.985,-1.0042202214428335,-0.4832860142674728,-0.696721311542057
1.236,1.616,0.109,-0.036,-0.036,1.236,-0.357,0.258,0.258,1.665,-0.817,1.665,-0.357,0.276,1.616,1.236,1.665,-0.036,-0.357,1.616,0.109,1.495,-0.036,-0.817,1.665,0.258,1.236,0.276,-0.036,0.276,-0.357,-0.817,1.616,-0.817,1.495,1.616,1.616,0.258,-0.036,1.665,1.495,-0.036,-0.036,1.236,1.236,1.495,1.665,1.665,-0.357,0.276,1.665,-0.036,0.109,1.495,-0.817,-0.036,-0.817,0.109,1.665,-0.8300144392563197,0.258,1.616,1.236,-0.036,1.495,0.24425277196532114,-0.7914908167090261,-0.049049424961669155,0.2769474613661632,1.6050153427222122,1.6519642095915987,1.6718387662558742,1.4826042022665638
-0.94,1.274,-0.327,-0.612,-0.327,-0.327,-0.612,-0.94,1.651,1.642,-0.338,-0.327,1.228,1.651,1.651,-0.94,-0.327,1.651,-0.612,1.651,1.651,-0.338,1.274,1.274,1.228,-0.387,-0.612,-0.94,-0.612,-0.387,-0.612,-0.612,-0.338,0.35,1.642,-0.387,0.35,1.642,0.35,-0.612,-0.612,-0.338,1.642,-0.327,-0.387,-0.338,1.228,1.642,-0.612,0.35,-0.612,0.35,1.274,-0.94,1.642,1.642,1.651,-0.327,-0.3350191447062134,-0.387,-0.612,-0.39963653055737863,-0.27898374034280043,-0.94,1.228,-0.952699432132199,-0.6243193162363597,-0.3466519770008898,-0.23814819108960242,1.2150101051193398
0.121,-1.15,-0.738,0.259,0.259,-0.738,-0.518,1.735,-1.15,0.145,-1.15,-0.738,1.735,-0.518,0.145,-1.15,-1.15,1.735,0.145,0.121,1.735,0.145,0.259,-1.15,-0.713,0.259,-0.635,-0.713,0.259,-0.518,-1.15,1.735,-0.653,-0.518,-0.653,1.735,-0.518,-0.635,-0.518,-0.713,-0.518,0.121,-0.738,1.735,-0.713,0.121,-0.653,1.735,-0.738,-1.15,-0.635,1.735,1.7169000151754021,-0.713,0.259,0.24280108182930213,-0.653,-0.7225866712046445,0.145,0.121,-0.6979177499524961,-1.15,-0.738,-0.635,0.13487252544128514,0.2940132254277343
-0.134,1.381,0.103,-0.134,0.103,-0.358,-0.295,-1.195,1.381,-1.013,1.381,1.381,0.103,-1.195,2.514,-0.074,-0.545,-1.013,1.381,-0.134,-0.295,-1.013,2.514,2.514,2.514,1.381,-1.195,-0.358,-1.013,-1.013,2.514,-1.195,2.514,-1.195,-0.295,-0.545,-0.074,-1.013,-0.074,2.514,-0.358,-0.358,1.381,-0.545,1.381,0.103,1.381,2.514,-1.195,-0.295,-1.013,-1.195,-1.013,-0.295,1.381,-0.3074775523140709,1.3668262156993671,-0.27936550602522553,-0.134,0.103,-1.195,-1.2129671468780412,-0.1467136658631026,-1.013,-0.545,-0.10453538722075542,-0.074,0.09773715250675763,-0.0517427606029289,-0.5546957168237391,-0.09244667768616908
1.226,-0.975,-0.736,-0.433,0.174,0.388,0.388,1.226,1.226,-0.736,0.776,-0.113,-0.113,0.388,1.226,-0.975,1.226,-0.736,-0.27,-0.975,-0.27,1.226,-0.113,0.388,0.388,-0.736,0.388,-0.736,0.776,-0.665,-0.736,0.776,0.174,-0.113,-0.736,0.388,1.226,-0.433,1.226,-0.975,-0.736,0.388,1.226,-0.975,-0.665,0.174,-0.665,1.226,-0.736,0.174,-0.975,0.16205007043718278,-0.27,0.18850395024451994,0.20978826753568494,0.22679630513006654,-0.7499649971820634,-0.6750056896571536,-0.7166193581658798,0.388,-0.433,0.2659719901453742
0.415,-0.431,-0.242,-0.977,0.853,1.921,0.415,0.163,0.853,-0.431,1.921,0.163,0.415,1.921,1.921,-0.431,-1.103,-0.431,-0.977,-0.977,0.009,-1.103,0.163,-1.103,-0.242,1.281,0.009,1.921,1.281,1.921,0.163,0.163,-0.242,-0.242,-0.431,1.281,1.281,0.853,0.163,-1.103,-0.431,0.853,-0.242,1.281,-1.103,1.281,1.921,1.281,-0.431,1.281,-0.977,1.281,1.281,0.009,0.163,-1.103,0.853,-1.103,0.853,0.415,0.853,1.281,-0.431,0.009,-0.977,0.163,0.4050432391696741,0.14217329891150116,-0.44075923688343277,1.921,1.2657088601488882,-0.242,-0.40982355792279157,1.3093497392458535,0.16756240150562937,-0.36709173128221706,0.8401209254749448,0.8851857603767395,1.3385575470584175,0.20651814306259034
1.386,0.469,-0.996,-0.819,-0.913,1.182,1.242,1.242,-0.996,1.242,0.154,-0.996,-1.082,-1.082,0.423,0.469,-0.996,0.469,-0.913,0.423,1.182,1.386,-0.819,-0.819,-0.819,1.386,-1.082,-0.819,-0.819,-0.996,0.469,0.469,0.423,0.154,0.469,0.469,-0.996,-0.819,0.423,-0.819,1.182,0.154,-0.913,-0.819,-0.913,1.386,-1.082,0.154,1.242,0.13914053766472287,-0.913,-0.819,0.15424526880150768,-0.8339513205704765,-1.082,1.229319389353803,0.423,0.4098970564096948
-0.742,-1.2,-0.67,0.671,-0.727,0.663,-0.742,-0.727,-1.2,0.625,0.663,-0.742,0.663,-0.146,-0.411,-0.742,-0.411,-0.727,-0.742,-1.2,-0.742,-0.727,-0.727,-0.67,0.663,-0.742,0.625,0.663,0.625,-0.742,-1.2,0.671,-1.2,0.625,0.663,0.663,0.663,-0.742,-0.742,0.663,-1.2,-0.67,-0.742,-0.742,-1.2,-0.742,0.625,-1.2,0.671,-0.67,-0.727,-0.727,0.671,-0.411,-0.146,0.663,0.6545378320548955,-1.2,-0.16441825817384967,0.6453701677226479,0.6641885493938554,-0.742,-0.4237007578559705,-1.2138943114231573,0.625,0.6809563477231102,-0.7536792867778035,-0.704530715366053,-0.3795370864068047
-0.691,-0.069,-0.069,1.352,-0.691,1.352,-0.675,-0.675,-0.069,-0.675,1.352,-0.882,1.352,1.908,1.908,0.912,-0.069,-0.675,0.912,-0.878,-0.069,1.908,0.17,0.912,-0.675,-0.675,0.447,0.17,1.908,-0.691,-0.878,0.17,1.908,-0.882,0.447,-0.878,-0.882,1.908,1.352,-0.069,0.17,1.908,-0.069,1.352,0.17,0.912,-0.882,-0.691,-0.878,-0.675,-0.675,-0.069,-0.878,-0.675,1.908,-0.878,0.912,-0.691,-0.6883011714884009,1.8990861652988795,-0.8950925558355015,-0.6594411644942694,-0.882,1.352,-0.867456311937407,0.17,0.8983739315730362,-0.8236680208598431
-0.931,-1.124,-0.931,-0.931,-0.455,-1.182,-0.931,-0.832,1.061,-1.124,1.061,-0.931,-1.124,-0.832,-0.588,0.148,1.061,-0.832,-0.455,1.422,1.422,1.422,0.148,-0.931,-1.182,-0.931,1.422,-1.182,-0.931,-1.182,-1.124,-1.182,1.061,0.148,-1.124,-0.455,-0.455,1.061,1.422,-0.832,1.061,-0.588,-1.124,-0.832,1.422,-1.182,-1.124,-0.931,-0.588,-0.342,1.422,-1.124,1.4103118628760378,-0.832,-0.588,-0.342,1.4464353174745062,-0.6007384801127069,-0.3522776264559765,-0.8457031327105203,-0.931,1.4691329858949997,-1.1361878884933496,-1.1144139640177435,1.061,-0.9476138347396421
-0.308,1.326,1.326,-0.308,1.776,1.326,1.776,1.326,-0.258,1.776,-0.813,1.776,-0.813,0.108,0.108,0.032,0.032,1.326,-0.813,0.032,-0.308,1.326,1.029,-0.308,0.773,0.773,-0.662,-0.258,-0.662,1.776,-0.662,1.029,-0.308,1.776,0.108,1.326,1.029,0.773,-0.258,0.032,-0.813,1.326,-0.308,-0.258,1.326,-0.258,1.776,0.773,0.773,-0.813,1.776,-0.8289877077981493,-0.308,-0.8110714324991307
-0.707,-0.707,-0.672,-0.578,-0.801,-1.315,-1.051,-1.051,0.003,1.174,-0.665,-0.801,-0.578,-0.578,-0.665,-1.315,-0.801,-0.665,-0.707,1.174,-0.578,-0.707,-1.051,-1.315,-0.707,-1.051,-1.315,0.003,-1.315,0.003,-0.578,-1.315,-1.051,0.428,-0.801,-0.801,-1.051,-1.315,-1.315,-1.051,-0.578,-1.051,-1.051,-0.672,-0.707,-0.707,-1.315,-0.665,-0.801,1.174,-0.8164704786977339,1.1611011225465198,0.428,-0.717479112404526,1.183697782865392,-1.3271253474061253,-0.6776336464545556,-1.051,-0.578,-0.5916670136962621,-1.296542071799124
-0.821,1.208,1.411,-0.603,-0.692,1.208,1.093,0.923,1.093,1.411,-0.603,-0.692,0.923,1.411,0.896,1.411,0.923,0.923,1.074,1.208,1.411,-0.692,1.093,-0.603,-0.821,1.208,1.208,1.208,0.923,1.074,-0.951,1.411,1.093,1.093,1.411,0.896,0.896,-0.951,-0.951,1.093,1.208,1.074,-0.603,-0.821,-0.951,1.208,1.093,1.208,0.923,-0.603,-0.951,-0.821,-0.8409988454248699,0.923,1.208,1.411,1.1964127246311964,-0.692,-0.9608520713112046,1.074,1.2475602674031598,1.2764117110038409,-0.6157354877374512,1.0555757360515863,-0.6988309155915058
0.95,0.205,-1.132,-0.65,1.602,0.205,0.95,-0.535,-0.843,-0.843,-0.843,-1.138,-1.132,-0.65,-1.138,0.651,-1.132,-1.138,-0.843,1.602,1.602,-0.65,-0.731,-0.731,-0.843,0.95,-0.731,-0.843,0.651,0.651,1.602,1.602,-1.138,-0.65,-0.535,-1.132,-0.535,1.602,-1.138,-1.138,-0.535,-1.132,-0.731,-1.132,0.205,-0.731,-0.7457500923973094,0.651,-0.843,0.95,-0.7273723023421809,-0.65,-0.6781294180478064,1.602,-0.6243254766063291,1.5826136358765448,-0.5748878372832374,1.6091524705799842,-0.5447405946632672,1.650685683111768,-0.5189185427794251,-1.138
-0.825,-1.04,0.815,-1.04,-1.122,-1.116,-1.04,-0.678,-0.825,-1.122,-0.386,-1.04,0.664,1.681,0.815,-0.678,0.664,-0.825,0.815,0.664,1.681,1.681,-1.122,-1.116,-1.122,-0.825,-0.569,0.664,1.681,-1.122,-0.569,-0.678,-1.122,-1.116,-1.116,1.681,1.681,0.815,-1.116,-0.569,-0.386,-0.825,1.681,-0.678,-0.386,-1.122,-1.1399959855036665,0.664,1.681,-0.40484674416471944,-1.116,1.668017916078763,-0.3767801587068152,-0.36417638908028366,-0.825,-0.678,-1.1114486433157997,0.815,0.8017641717957057,-0.6924292677786257,-0.569,0.6523344963426752,-1.1314000444491301,0.699451185223442
-0.952,-0.841,1.184,-0.445,-0.796,-0.475,1.184,-1.335,-0.584,-0.445,1.184,-0.952,-0.952,-0.445,1.184,-1.335,-0.841,-0.445,-0.796,-1.335,-1.335,-0.584,-0.445,-0.952,1.184,1.184,1.184,-1.335,-1.335,-0.796,-0.796,-0.841,-1.335,-0.952,-0.475,-0.445,-0.584,-1.335,1.184,-1.335,-0.841,-0.475,-0.796,-0.952,0.0,1.184,-0.48724023686086465,0.0,-0.013139493993515081,-0.8547630970978544,0.017454614546251426,-0.4552726000108542,-0.8075823964286746,-0.9663790684161501,-1.335,-0.9483990741870026,-0.8937956610780527
-1.136,-0.648,0.404,-0.648,-0.126,0.277,-0.126,-0.648,-0.924,0.277,0.938,-0.819,-0.924,1.303,-0.648,-0.924,-0.875,1.303,-0.819,-1.136,-1.136,-0.819,-1.136,-0.648,-0.126,-0.819,-0.126,-0.924,-0.648,0.277,-0.648,-1.136,0.277,0.277,-0.126,0.277,0.938,-0.875,-0.875,-1.136,-0.126,-0.924,0.277,1.303,-0.924,0.938,-0.648,-0.875,1.303,-0.819,1.2860317087715185,-0.8863854136965141,0.922738549935526,-0.6600994552067241,-0.924,1.306656285722547
-0.891,-0.424,-0.827,-0.891,-0.891,-0.424,-0.827,-0.853,-0.853,-0.289,-0.853,-0.827,-0.424,0.461,0.019,-0.911,-0.827,0.731,0.731,-0.424,0.019,-0.891,-0.911,-0.911,-0.911,-0.911,0.461,0.731,0.731,0.461,-0.891,-0.827,0.019,-0.289,0.029,-0.911,-0.827,0.029,-0.891,0.029,-0.827,-0.911,-0.853,-0.911,-0.9265927980713485,-0.827,-0.907710338487709,-0.289,-0.853,-0.8591169436900834,0.029,-0.8442507284028068,-0.424,-0.44183697244505843,-0.8094278048858146,-0.8676667318975789,-0.8152036363014059,-0.30206392702906626,0.019,0.731
-0.271,-0.366,-0.015,-0.62,-0.62,-0.366,1.277,1.597,1.631,-0.015,-0.015,-0.62,1.597,1.631,0.961,-0.62,-0.366,1.597,-0.271,1.631,1.597,1.631,0.961,-0.366,-0.015,-0.015,-0.62,1.597,0.45,-0.015,-0.271,1.027,-0.271,1.027,1.277,1.631,1.277,1.597,-0.366,-0.015,1.027,1.631,1.597,1.631,1.277,-0.271,-0.2839176403440024,1.631,-0.264461300447218,1.619265556107732,-0.21293994647317835,0.961,0.9469658982857583,1.6449103712778443,1.597,1.581046024173858,1.640324307206084
-0.797,-0.851,-0.797,-0.851,-0.231,-1.066,-0.851,-0.797,-1.066,-0.201,-0.231,-0.893,-0.797,0.425,-0.893,-0.201,0.425,-0.893,-0.231,-0.384,-1.066,-0.677,-0.893,-1.066,-0.201,-0.893,-0.201,-0.797,0.227,-1.066,-0.893,-0.677,-0.201,-0.851,-0.851,-0.851,-0.231,-0.231,-1.066,-0.893,-1.066,-0.231,-0.893,-0.231,-0.231,0.227,-0.893,-0.851,-0.384,0.425,-0.231,0.227,-0.677,-0.893,-0.201,0.41328213412093917,-0.6895577887548187,-0.851,-0.6516292437372143,-0.24216959372683458,-0.6240246220514731,-0.22079467391910343,-0.797
1.579,0.469,2.186,1.579,0.469,0.179,0.573,0.179,-0.857,1.579,2.186,0.573,1.579,-0.932,-0.857,2.186,-0.932,1.579,0.179,1.579,-0.46,0.179,-0.932,1.579,0.483,0.179,0.469,-0.403,0.483,0.469,-0.857,2.186,-0.932,2.186,2.186,-0.857,0.179,-0.857,0.573,1.579,-0.46,1.579,1.579,-0.932,0.469,0.469,1.579,-0.932,0.469,1.579,0.44860647341772575,-0.46,2.186,-0.857,0.483,1.5676132115188133,-0.8672739039207007,1.6149860536823974,0.4776224272187261,0.4984468854280013,1.651171520001887,0.4706044233342786,2.174680572091709,0.179,-0.8318849465927864,0.573,0.16197363415819493
-0.103,1.428,1.101,-0.103,2.064,-0.103,1.002,-0.103,2.064,0.87,1.428,1.101,-0.762,1.101,-0.103,1.002,-0.465,1.095,-0.465,-0.103,2.064,0.87,1.095,1.12,-0.465,2.064,1.428,1.428,-0.465,1.12,1.002,1.12,1.12,1.002,2.064,1.12,1.101,2.064,1.428,0.87,1.428,0.87,0.87,-0.762,-0.103,1.002,-0.762,1.12,1.095,1.12,1.12,-0.103,-0.103,1.101,2.064,1.12,-0.465,2.0477332092795018,-0.4824709157749335,-0.46263000274003796,1.002,2.0910467920986338,1.095,1.109909758404542,1.0842581235997157,-0.762,-0.11615336303179905,-0.07560526365400506,-0.021857811459278377,1.1439343481028936,-0.4143710208308605
0.869,0.869,0.21,-0.043,1.569,-1.095,-0.999,-0.803,-0.614,-1.095,-0.043,-0.803,-0.614,0.497,-0.803,0.497,-0.999,1.569,1.569,0.869,0.21,0.497,-0.803,-1.095,-0.803,0.869,-0.803,-0.803,0.869,0.497,-0.198,-0.999,-0.043,0.497,0.869,-1.095,-0.043,-1.095,-0.614,1.569,-0.999,0.21,0.497,-1.095,0.869,-0.614,-0.803,0.21,-1.095,-0.999,0.497,-0.803,-0.043,-0.614,-1.1062835261698971,0.869,1.569,0.4861430566718675,1.5528052270923236,0.19829794301400908,-0.198,-1.0605135105519294,-0.8159943821693298,-1.0330043864592477,-0.058088761927459084,-0.7803515550116153,-0.018916191250176285,1.5902005426108325,-0.6236002898466311
0.323,0.323,-0.833,0.185,-0.961,0.719,0.966,-0.241,0.719,-0.113,0.966,-0.241,-0.241,-0.447,-0.961,-0.241,0.323,0.185,-0.241,-0.241,-0.447,-0.447,-0.761,-0.961,0.719,-0.447,-0.833,0.966,0.966,-0.833,0.323,-0.113,0.185,-0.961,-0.241,-0.447,-0.761,-0.241,-0.961,0.185,-0.241,0.185,-0.761,0.185,0.323,0.323,-0.113,-0.761,0.719,-0.961,-0.833,0.185,-0.8466419499644895,0.17263725682080053,-0.447,-0.9758761001194748,-0.761,-0.241,-0.7734425097460144,-0.7328995909484144,-0.4550674166709307,-0.41819047926774566,-0.3815134076601981,-0.113
1.594,0.724,-0.271,-0.735,0.724,1.594,-0.962,-0.646,0.724,0.967,-0.646,-0.632,-0.962,-0.632,0.967,-0.962,-0.271,-0.962,-0.646,-0.271,-0.735,-0.271,1.594,-0.632,-0.271,-0.271,-0.077,1.594,-0.962,-0.735,-0.962,0.724,1.594,-0.271,-0.646,-0.077,0.967,-0.735,-0.077,0.967,-0.962,-0.962,-0.271,-0.288358976177544,0.967,-0.077,-0.735,-0.9753056356083888,0.724,-0.25161953423068784,-0.632,0.9504967233013202,-0.7473240969941873,-0.7090309111357989,0.7133875134336691,-0.0906373031243794
-0.977,-0.81,1.386,-0.548,-0.548,-1.038,1.933,-0.81,-0.977,-0.977,-0.81,0.322,1.386,-0.977,0.322,-0.977,-0.689,1.386,0.322,-0.689,-0.81,1.386,1.386,-0.31,1.386,-1.038,-0.527,-0.689,0.322,-1.038,1.386,0.322,-1.038,0.322,-1.038,0.322,1.933,1.933,-0.81,-0.548,1.933,1.386,1.386,-0.527,-0.527,-0.81,-0.31,-0.81,-1.038,0.322,1.386,-0.31,-0.527,-0.548,-0.5381777553542784,-0.5154135830984526,-0.977,-0.562586494372515,-0.689,-0.47160923553154077,-0.4244375880061419,-0.81
-0.7,-1.009,-1.04,0.13,-1.04,-1.009,-0.79,-1.009,-0.531,-1.009,-0.531,-0.839,-0.7,-0.839,-0.531,-0.531,-0.79,-0.839,-0.531,0.868,-0.531,1.319,-0.79,-0.531,0.868,0.868,-1.04,-0.79,-0.839,0.746,-0.7,1.319,0.13,-0.531,-0.839,-1.04,0.868,0.868,0.746,-0.839,0.868,0.746,0.868,-1.04,-0.531,0.868,-1.009,0.868,-1.009,-0.79,-0.839,-1.009,-0.8083742742105816,-0.8633150347842948,-0.7762304467473891,-1.04,-0.8211514922142515,-1.0260773363301683,1.319,0.868,-1.055470848310684,-0.7897117718225329,0.8571602767783616,0.746,-0.9891263847766766,0.7302841493256741,-1.0271684145081472,0.7808821880935011
1.529,1.851,0.529,0.512,0.106,0.529,0.529,-0.771,-0.801,0.909,0.909,1.851,-1.018,-1.018,-0.771,1.529,-0.801,1.529,1.017,0.106,1.529,0.529,0.106,-0.771,0.106,1.529,1.529,1.017,0.529,1.529,-0.771,-0.801,1.017,0.909,-1.018,1.851,1.851,1.851,-1.018,0.106,-1.018,0.529,1.017,0.909,1.017,-1.018,0.512,-0.771,-0.801,1.529,-1.030841465464461,0.106,0.08119004618324578,-0.8133395919549115,-0.7838828806220297,0.8971361443711403,-0.7779514866746313,1.5152667787823673,0.529
-0.91,-0.375,2.163,-0.91,-0.955,-0.075,0.39,-0.91,-0.375,-1.089,-0.375,-1.089,2.163,-0.075,2.163,0.39,-0.91,0.456,-1.089,-1.089,0.163,2.163,-0.955,0.456,2.163,-0.91,-0.075,2.163,-0.384,0.163,-1.089,0.39,0.39,-0.955,-0.384,-1.089,-0.384,-0.955,-0.91,-1.089,-0.955,-0.955,-0.91,-0.384,2.163,-0.91,0.456,-0.075,2.163,-0.955,0.39,-1.089,-0.9709925879021473,0.37816973857825564,-0.91,0.163,0.4391514623851198,-0.075,-0.375,-0.384,-0.9277323721668592,0.14622321923744144,0.456,-0.9246116153666797,0.4767390188408867,0.19114870834081849,-1.098243938462417,-1.0579633645644289,-0.38906764554451667
-1.03,1.277,0.077,0.596,1.2,1.277,-1.03,-1.03,1.698,-1.03,1.2,1.72,1.277,1.025,0.077,-0.426,1.025,-0.426,-0.426,1.698,-1.03,0.596,1.277,1.72,1.698,1.277,1.72,0.739,1.698,1.2,1.2,-1.03,-0.426,1.72,0.596,1.698,1.2,1.72,0.739,0.596,1.277,1.025,-1.03,1.698,0.596,0.596,1.72,1.025,0.5790842542711654,1.277,1.7031406493754966,-0.426,0.077,1.698,0.739,0.7128991912359393,0.7281351144981689,-0.43668773745131034,-1.03,1.7256056783937752,0.7533406717261505
1.408,1.408,1.408,-0.66,-1.128,0.066,0.723,-1.156,0.729,-1.128,0.723,1.408,-1.128,0.729,0.729,-0.7,-0.7,1.408,-0.7,0.066,-0.2,-1.156,-1.156,-1.128,0.729,-0.66,-1.156,-1.156,1.408,1.408,0.066,1.534,-1.156,-1.128,-1.128,1.534,-1.128,1.534,1.534,-1.128,1.534,-0.7,-1.156,1.534,-1.128,0.729,0.723,1.408,-0.2,1.3937785687140845,1.534,-0.7,-0.713542668329078,0.7056953132731464,1.5237623451939049,1.433686276931464,0.729,-1.156,-0.21417739468956967,0.7527740561317829,1.5779852686208222,-0.66,-1.1683822475316525,0.7843627321427147,0.8173989376072318
-0.923,-1.175,-0.923,-1.009,-1.175,1.252,1.77,1.02,0.232,1.252,-1.009,1.252,0.167,1.77,1.77,0.167,1.77,-1.009,0.51,-1.175,0.071,0.167,-1.009,1.77,0.232,1.252,-0.923,1.02,-0.923,0.232,0.51,1.02,1.77,-1.009,1.77,-1.009,-1.175,1.02,-1.175,-1.175,0.232,1.77,0.071,0.232,0.167,0.51,1.02,0.232,0.20749956763896799,-1.009,1.252,1.77,0.071,-1.175,1.7584666520343466,0.26841231747933086,0.30570111829626295,0.061586602158999096,0.51,1.7916318722801787,0.1206197407256833
1.059,-0.821,0.278,1.059,0.278,0.238,-0.953,-0.741,-0.821,-0.821,0.238,0.515,1.059,-0.741,1.059,0.278,0.278,0.841,0.278,0.515,-0.598,-0.821,-0.741,0.238,0.238,-0.598,-0.821,-0.598,0.529,-0.598,0.515,0.515,-0.953,0.278,0.238,-0.953,-0.741,0.238,-0.598,0.238,0.238,0.515,-0.953,0.529,0.515,0.238,0.841,1.059,0.515,0.278,-0.598,-0.953,0.238,-0.953,0.841,-0.9755771812967775,-0.741,0.529,0.5132581049775974,-0.9334099379076942,0.8280631079263346,-0.8953604885960522,-0.8408811893893987,0.8636780402551327,1.059,-0.8225856605058354,0.2219384438455172
1.071,-0.984,-1.182,-0.984,-1.182,-1.007,-1.182,-1.007,-0.984,-0.723,-0.852,-1.007,2.028,2.028,2.028,1.071,2.028,-1.007,0.49,2.028,2.028,1.656,-0.723,-1.182,1.656,1.328,-1.007,-1.182,2.028,-0.984,1.071,0.49,-0.723,-1.182,-1.007,1.328,-0.852,-1.182,2.028,-0.984,-1.007,-1.007,-0.852,1.656,-0.984,2.028,-1.007,1.071,2.028,-1.182,1.656,-0.723,1.328,-1.182,-1.007,1.071,1.656,1.6382120669019054,-0.984,-0.9984067133698533,1.6681817976294835,-1.016971777782742,1.0550521658418248,2.028,-0.9572800830915046,1.314063529752414,-1.1942669182965813,-0.852
-0.915,-0.72,0.489,0.489,-0.846,1.094,-0.915,-0.72,-0.72,-0.606,1.094,-0.443,-0.944,0.489,-0.944,-0.846,0.489,0.489,-0.178,-0.846,-0.178,-0.443,1.094,1.094,-0.443,-0.915,-0.443,0.489,-0.915,-0.846,1.094,0.722,-0.606,-0.606,-0.606,-0.178,0.722,1.094,1.094,-0.846,-0.944,1.094,-0.443,-0.915,-0.944,1.094,0.489,1.094,-0.606,1.07821729403896,-0.6119816420752442,0.722,1.1236155379988633,-0.5954248972412599,1.1712279617187513,0.7063361001465869,1.1975403097365926,-0.915,-0.846,0.4776742274306063,-0.443,-0.944
-1.042,0.861,-0.633,-0.143,-0.805,-1.042,0.579,-0.173,-0.633,0.579,0.578,-1.042,0.008,-0.143,-1.042,-0.173,0.578,-1.042,-0.143,-0.633,-1.042,-1.295,-1.295,-0.805,-1.295,-0.633,-1.042,0.579,-1.295,-1.042,0.008,0.579,0.861,0.579,-0.173,-0.805,-1.042,-1.295,-1.295,-1.295,-1.295,-1.042,0.579,-0.143,0.008,-0.15592197292128862,-1.295,-0.173,-1.3127044875790586,-0.633,-1.2718291181222385,-1.257801101243825,-1.2366519387824435,0.861,-0.6482003291873886,-0.18377677960087235,-0.805
-0.41,-0.849,1.197,0.996,-0.41,-0.849,-0.892,0.996,0.996,0.996,0.996,0.11,1.197,0.679,1.197,0.996,0.112,0.996,0.679,1.197,-0.713,0.996,0.679,-0.496,-0.849,0.11,-0.892,0.679,1.197,0.679,0.996,-0.892,-0.713,-0.41,0.996,-0.496,0.996,-0.849,0.679,0.996,1.197,-0.849,0.11,-0.892,-0.41,0.679,0.996,0.112,-0.41,0.679,0.996,-0.849,0.996,0.112,0.9778821413918113,1.197,-0.8635420030893716,0.679,-0.496,-0.41,1.018584060563471,-0.8228119461175056,-0.892,-0.42099966891367285,0.6688922798169669
-0.51,1.121,-0.965,-0.51,-0.218,-0.51,1.391,-0.412,-0.218,1.284,-0.965,-0.594,-0.965,1.121,1.284,1.141,-0.218,-0.51,1.391,1.284,1.121,1.141,-0.965,-0.412,1.141,-0.412,-0.51,1.141,1.391,1.391,1.391,0.684,1.121,1.121,-0.594,-0.412,-0.594,-0.412,1.141,1.141,1.141,-0.218,-0.51,-0.218,-0.965,-0.51,-0.218,1.391,-0.594,-0.22418434135317225,-0.412,-0.965,1.121,1.3769548025957914,1.1074611459015127,-0.6095742788430879,-0.5685505403662203,1.1448876901369822,-0.5626046873258673,0.684,0.671862431243813,1.182203600611257,-0.1779410578225281,-0.14129943522890748,0.7039549327365997,-0.4220234992397548
-0.638,-0.575,1.568,1.494,0.612,-0.575,-0.886,1.421,-0.575,1.568,-0.805,-0.886,1.568,-0.419,-0.886,-0.419,-0.886,-0.805,-0.575,1.421,0.904,-0.419,-0.886,1.421,-0.419,-0.638,1.568,0.612,0.904,-0.419,0.904,-0.638,1.494,1.494,1.494,-0.575,-0.575,-0.638,0.904,-0.419,-0.575,1.421,0.904,0.612,-0.805,-0.575,-0.419,0.612,-0.575,1.494,0.612,1.568,-0.575,0.904,0.904,1.494,1.568,-0.805,1.5513761235625643,-0.638,-0.419,1.421,-0.8185049068878484,1.4798526613657557,-0.42955202566447803,-0.6473292766427503,-0.774278333128232,-0.37739274073208035,-0.33934191134459546
0.503,0.995,-0.339,-0.686,-0.374,-0.686,1.289,0.503,-0.754,0.503,1.289,0.995,-0.389,0.108,-0.754,0.108,0.995,-0.754,0.108,0.108,-0.754,-0.754,0.108,-0.429,-0.339,-0.429,0.995,-0.754,-0.686,1.289,1.289,0.995,-0.754,0.108,-0.754,-0.429,-0.374,0.995,-0.374,-0.686,1.289,-0.374,1.289,-0.389,-0.374,0.108,0.503,-0.754,-0.374,-0.339,-0.7685117644221972,0.4893138273461715,1.289,0.995,-0.429,-0.38433894867764035,-0.7167379147428589,1.278448049860483,0.9825836674062438,1.300775732955179
-0.828,1.148,-0.48,-0.945,-0.48,1.148,-0.761,1.148,-0.828,-0.932,0.748,-0.945,-0.48,-0.828,-0.761,-0.828,-0.761,1.148,-0.945,-0.761,-0.828,-0.945,1.144,1.445,0.074,-0.932,1.144,1.144,-0.932,1.445,-0.932,-0.932,1.144,-0.48,-0.761,1.144,1.445,-0.828,-0.761,1.445,-0.761,0.074,-0.828,-0.932,1.144,-0.761,0.748,-0.932,0.748,-0.828,-0.828,1.445,1.144,-0.761,1.4318363150883586,-0.8357498658820486,0.074,-0.48,-0.8071762990056778,-0.760023548510448,-0.7763902812916711,1.1340998551973573,-0.49411208377775956,-0.70599691977981
-0.699,-0.58,1.408,-0.58,1.265,1.265,1.265,-0.657,1.265,1.796,-0.657,1.265,1.408,-0.699,-0.852,1.14,1.796,-0.852,-0.852,1.796,1.408,1.14,1.796,1.796,1.265,-0.657,-0.58,-0.657,-0.699,1.451,-0.852,-0.657,1.796,1.265,1.408,-0.414,-0.414,-0.852,1.451,-0.852,1.408,-0.852,-0.414,1.796,1.14,1.14,1.796,1.796,-0.414,1.265,1.796,1.451,-0.58,1.408,1.265,-0.699,-0.657,-0.852,1.3946836989976927,-0.8735954675904313,1.796,1.4425466979565889,-0.414,1.2553112826213109,1.463530080447016,-0.7079848387739442
-0.869,-0.869,-1.104,1.778,-1.104,-0.121,-1.104,-0.869,-1.104,1.431,-0.869,0.555,1.778,-1.104,0.555,0.555,-1.104,-1.104,0.555,0.15,-1.104,0.546,-1.104,-1.072,1.431,-1.072,-1.072,0.546,0.15,0.555,0.555,1.778,-1.104,-1.104,1.778,-1.072,-1.104,1.431,0.546,-1.104,0.555,1.778,-1.104,1.7654619625271037,-1.119673615656906,0.546,-0.121,0.15,-1.104,-0.869,-0.1325461274464356,-0.09939672903231629,-1.1184319063633303,0.5413907204182762,-0.8788002612650874,0.13565650621930522,1.431,0.532831342245298
-1.42,1.536,0.166,0.166,0.166,0.483,-1.42,-0.573,-1.42,-0.306,0.997,0.166,0.483,-0.306,1.536,0.702,1.536,-1.42,-0.573,0.483,-1.19,-0.573,-1.42,0.997,0.166,0.166,-0.573,-1.42,-1.42,-0.275,-0.306,0.166,-0.306,1.536,0.702,1.536,-1.19,-0.573,-0.573,-1.19,-0.306,1.536,-0.306,-1.19,1.536,1.536,-1.19,-0.275,0.166,-0.573,-1.19,0.702,1.536,-0.573,-1.19,-1.42,0.702,0.166,-1.19,-0.275,-1.42,-1.2079844251929874,0.15155607755690748,-1.1797299409029296,-1.1413269690642787,-0.28735937031939607,0.702,0.6840832105752075,0.7093474005007282,1.536,0.7426211820886532,-1.1164405524423027
0.948,0.591,-0.945,0.621,0.343,0.591,0.343,0.343,-0.945,1.392,0.343,0.591,0.343,-0.586,-0.586,0.719,1.147,0.591,0.591,1.147,1.147,-0.945,0.591,0.591,0.719,-0.945,1.147,0.343,0.948,0.948,0.621,0.621,1.392,1.147,1.147,0.591,-0.945,0.591,1.392,0.948,1.147,1.392,-0.945,-0.283,0.591,-0.945,-0.283,-0.586,0.719,0.719,0.6937346949872428,0.621,-0.586,-0.945,1.147,0.6033997408894745,0.343,-0.5950918267797292,-0.5628142707873556,0.591,0.5711392338270032,0.66258513854308,-0.9579260292860661
1.153,0.938,1.153,-1.09,1.842,1.153,0.938,-0.903,1.153,1.842,1.842,-0.499,0.938,0.938,0.894,-0.933,1.024,1.842,-0.933,-0.933,1.842,1.024,1.153,1.024,-0.933,1.153,0.938,0.938,-0.903,1.153,1.024,-0.903,-0.499,1.153,-0.933,-1.09,0.894,0.842,1.842,0.938,1.153,-1.09,-0.903,-0.499,-0.933,1.153,1.024,1.842,1.153,0.938,1.153,1.153,-0.903,-1.09,0.894,-0.933,-1.09,1.842,-0.499,1.153,-1.1045225696636152,1.024,0.8818435579014205,-0.5096623275518509,-1.0862349756983032,-1.0448088631120442,-0.903,1.012018594665935,1.8295413851345026,0.938,-0.916661916295346,-1.0123427048919544
0.575,-0.665,-0.665,-1.143,-0.665,-0.866,-1.143,2.099,2.099,-0.211,-0.764,-1.143,-0.269,-0.211,0.373,0.373,-1.143,-0.866,0.575,-1.143,-0.764,-0.866,0.373,-0.866,-0.384,-0.665,-0.665,-0.269,-0.665,-1.143,-0.665,-0.269,2.099,-0.269,-0.384,-1.143,0.575,-0.269,-0.384,2.099,0.575,-0.211,-0.384,2.099,2.099,-0.764,-0.211,0.575,-0.384,-0.866,0.575,2.099,-1.143,-0.665,-0.384,0.575,0.556848409912255,-0.3926562504155505,-0.764,0.373,-0.3415599281541379,-0.269,2.099,-0.6783801990180717,0.35673483714799115
0.177,-0.118,-0.118,-0.062,1.874,1.12,1.874,0.032,1.874,0.032,-0.128,1.874,-0.118,0.177,1.874,1.101,1.874,-0.357,-0.357,-0.062,1.559,1.559,1.12,-0.128,-0.062,-0.118,1.874,1.874,-0.118,1.12,-0.357,1.12,1.101,-0.128,-0.118,1.101,0.177,-0.128,-0.357,0.032,0.177,0.177,-0.128,0.177,-0.062,1.559,1.559,-0.062,1.5414011131226744,0.032,0.013647199725059865,-0.07718515007469004,0.037122587637296645,-0.118,1.101,0.177,-0.1307323671917389,0.06894328826626424,-0.09386772421269846,1.5851997947790821,-0.035418099446566445,0.16402961589585607,1.0964070596614706
2.35,-1.198,2.35,-1.198,-0.751,-0.652,0.015,0.541,-0.652,-0.652,1.663,-0.751,0.015,-0.751,2.35,0.015,-0.751,-1.291,-1.291,-0.021,1.663,2.35,-0.652,-0.021,-0.552,-1.291,-0.552,-1.198,-0.021,2.35,-1.291,1.663,-1.198,2.35,-0.021,-1.198,-0.652,-1.198,-1.198,1.663,-1.291,-0.652,-0.652,1.663,-0.751,-0.751,-1.291,-1.291,1.663,-0.021,1.663,0.541,-1.198,2.35,1.6494506690094755,2.33041462417265,-0.021,-1.2099228164442184,2.375767910270281,-1.291,-0.037838002900288874,-1.3048610868253556,1.681242075031152,1.715909712769494,1.7421605481310594,-0.751,0.015,1.7785723800192115,0.0006306845627920034,0.04798766612672645
-0.894,0.149,0.327,0.844,-0.117,0.844,-0.166,-0.166,-0.894,-0.117,0.424,0.327,-0.117,0.844,0.327,-0.166,0.424,0.327,0.174,-0.894,-0.894,2.213,0.327,0.844,0.424,2.213,0.424,-0.166,0.424,2.213,2.213,0.174,0.327,0.695,-0.166,-0.894,-0.117,2.213,0.844,0.695,0.844,0.149,0.174,0.844,2.213,-0.166,2.200194587370353,0.8304771537146726,0.327,0.149,0.8711127256701862,-0.17955864451935816,-0.894,-0.13890107693900322,2.2460314821464102,2.278361378497469,0.13489217982229268
2.475,-0.816,1.657,-0.876,2.475,1.166,-0.852,-0.245,-0.397,-0.876,-0.816,1.657,1.657,1.166,-0.245,-0.245,-0.816,1.657,-0.852,1.657,-0.852,1.657,2.475,-0.876,2.475,1.166,-0.479,-0.245,-0.816,-0.852,-0.426,-0.397,-0.816,-0.426,-0.479,1.657,2.475,2.475,2.475,1.657,-0.852,-0.816,1.166,1.657,-0.426,-0.816,2.475,-0.876,-0.245,-0.397,2.461234618804463,1.657,-0.8861684254768509,-0.852,-0.2601370142562272,-0.871276437482668,2.4946918320313456,-0.8463120918081595,-0.479,-0.2453402512715108,-0.40983824397774177,-0.8444331196125489,-0.8287217716703389,-0.8185469675037659
1.609,1.609,-1.197,1.609,-0.748,-0.577,1.509,1.509,-0.748,-1.197,1.509,-0.748,1.509,-0.763,-1.197,1.509,-0.697,-1.197,-0.563,-0.577,1.609,1.609,-1.197,1.254,1.609,1.254,1.254,-0.763,1.254,1.609,-0.763,-0.748,1.254,-1.197,-0.763,-1.197,-1.197,-0.577,-1.197,1.609,-1.197,-0.563,-0.577,1.115,1.509,1.115,-0.748,-0.763,-0.563,-0.697,-1.197,-0.697,-1.197,1.115,1.254,-1.197,1.509,-0.763,1.609,1.4919376748692508,-0.7812056735741235,-0.563,-0.577,-0.748,-0.7666596135938046,-0.7610792169243064
-0.385,-0.59,-0.365,1.633,-0.186,1.633,-0.385,1.633,-0.59,1.633,-0.186,-1.287,-1.287,0.208,-1.287,-0.895,-1.287,1.633,-0.385,-0.895,-1.287,-1.287,-0.617,-0.385,-0.186,0.208,-1.287,-0.365,-0.59,0.208,-0.617,1.633,-1.287,-0.895,-1.287,-0.189,-1.287,0.208,1.633,-0.617,-1.287,-0.385,-0.365,-0.617,1.633,-0.895,-0.59,-0.365,-0.385,1.633,-0.59,-1.287,-0.895,-0.3980373319314302,-0.9100778487375734,-1.2962473204040754,-0.189,-0.6063288347444055,-0.20359975353329832,0.208
-0.898,-1.037,-1.182,-0.499,-0.461,-1.037,-0.377,-0.499,-0.377,-1.182,-0.499,-1.235,-0.377,-0.276,-0.276,-1.182,-0.461,-1.182,-0.276,-1.182,-0.898,-1.235,-1.235,-0.461,-0.461,-1.182,-1.037,-0.461,-0.461,-0.276,-0.461,0.773,-1.037,-0.898,-0.377,-0.377,-1.037,-0.276,-1.235,-1.182,0.773,-0.461,-1.182,-0.499,-1.037,-1.235,-0.499,-0.898,-0.499,-0.499,-0.276,-0.898,-0.898,-1.037,-1.182,-0.898,-1.235,-0.499,-0.898,0.773,-0.5082239250178413,0.7577983268592128,-0.461,-1.2447889080123193,-1.182,-0.9096781038372309,-0.276,0.0,-0.377,-0.3861334569785459
1.051,1.403,1.1,1.1,1.1,-0.809,-0.906,0.638,-0.548,1.1,1.051,1.1,-0.809,-0.291,0.638,-0.203,-0.565,1.051,1.1,-0.906,-0.906,0.638,1.1,-0.809,1.1,-0.809,-0.548,-0.906,-0.565,1.1,1.403,1.403,-0.809,0.638,-0.906,-0.809,1.051,-0.565,1.1,0.638,-0.809,-0.809,-0.809,-0.291,-0.809,1.1,-0.809,1.1,1.051,0.638,-0.548,-0.809,1.403,-0.565,-0.906,-0.5814688866610617,-0.5606769999056882,-0.203,1.3890543982856098,1.1,1.4258621763523653,-0.822226244655889,-0.9141531055176109,-0.860209045038298,0.638
-0.888,-0.894,-0.547,-0.894,1.745,-0.547,0.275,0.557,-0.547,-0.547,-0.894,1.745,0.275,0.557,-0.894,-0.547,0.361,-0.547,0.275,1.745,0.0,-0.442,1.745,0.275,-0.547,-0.888,0.857,0.557,-0.442,0.857,-0.888,0.857,-0.547,0.557,1.745,-0.888,0.275,0.0,0.361,-0.894,-0.442,-0.894,0.0,0.557,0.557,0.0,0.557,-0.888,0.557,0.857,0.0,-0.547,1.745,-0.5595362745620351,-0.5102786499344059,-0.49392295652278617,-0.894,-0.46489272025903083,-0.9112847745187702,-0.888,0.557,1.73023138012375,0.361,-0.9045635206416601
0.048,-1.261,1.081,0.048,1.598,-0.428,1.081,-1.261,-0.27,-0.455,1.598,1.081,-0.524,-0.524,1.081,-0.455,0.391,-0.524,0.048,-0.428,-0.428,-0.27,-0.428,1.081,0.505,-1.261,0.048,-1.261,1.081,-0.524,-1.261,-0.27,-1.261,0.505,-0.455,-0.27,0.505,1.598,-1.261,1.598,-0.524,-0.455,1.598,-0.428,0.505,-0.524,1.081,-0.524,0.048,1.598,-0.27,-1.261,1.5785173763086922,-0.524,0.505,1.608551415405912,0.048,0.49392858317704436,1.6446712360371836,1.081,-0.5328053281291083,0.03899844348735379,0.08440698187742116,-0.428,-1.2688357088138393,1.6695894111586222,1.0698605706602273
0.633,1.836,0.633,1.656,0.554,0.633,-1.068,1.836,1.836,0.554,-1.197,0.554,-0.234,-1.068,0.633,0.554,-1.068,1.836,-0.234,-1.068,-0.985,-0.985,0.633,0.986,-0.234,-0.985,1.656,-1.068,0.986,1.656,0.986,-1.197,1.656,1.836,-0.985,-0.985,-1.197,-1.197,1.836,0.986,0.483,0.986,-1.197,-1.068,-1.197,0.554,0.633,0.6207556416559287,-0.985,1.836,-1.197,1.8237245207284274,0.5424382380500098,-1.068,-1.0798334916312406,0.5640835203883566,0.5800463798228283,0.6068510331710485,0.483
0.852,-1.074,0.852,1.431,0.852,0.852,1.204,-0.893,-0.889,-0.559,1.807,0.852,1.807,1.326,-1.074,-0.559,1.807,1.807,1.204,1.326,-0.889,-1.074,1.431,1.204,0.852,-0.889,1.204,-0.169,1.431,-0.169,1.807,-0.559,-0.169,0.852,0.852,-1.074,-0.169,-0.893,0.852,-0.889,1.807,1.204,-0.169,1.204,1.807,-0.169,1.326,1.431,-1.074,-1.074,1.431,-0.893,-0.893,1.204,0.852,-0.559,1.1936347735081467,1.431,0.838978048729183,1.412315521572295,1.326,-0.570810199405236,1.3137763436630407,-0.5511721877023058,-0.9026968038810677,-1.074,-0.889
-1.128,-0.899,-0.899,-0.899,-0.899,0.47,-1.128,0.906,-0.583,-0.583,0.111,-1.206,-0.899,0.218,1.356,1.356,0.501,0.218,0.906,-1.206,0.111,-1.128,0.111,0.111,1.356,-1.128,-0.583,-1.206,0.47,-0.899,0.111,0.47,1.356,-1.128,1.356,-1.206,0.47,0.906,-1.206,-1.206,-0.899,0.47,0.501,-0.583,1.356,0.4853870212432138,-1.128,0.906,0.111,-0.899,-1.206,-0.5983253068401924,-0.5530081680117974,1.3462568871501248,-1.1416344271097152,0.8936860280613816,1.3719219730949428,0.47,0.5370942123659173,-1.11469840092005
0.412,-0.336,0.866,-0.336,1.088,-0.336,0.753,-0.342,-1.268,-0.342,-0.336,0.753,-0.342,-0.336,0.866,0.753,-1.268,0.753,-0.336,-0.342,-0.342,0.17,0.565,-0.342,0.866,0.17,1.088,-1.268,0.866,0.753,-0.342,-1.268,0.17,-0.336,-1.268,0.565,-1.268,-0.406,-0.336,0.565,1.088,-0.336,-0.336,-1.268,-0.336,0.17,-1.268,0.412,0.15960094783760403,-0.406,-0.3491809676145599,0.753,-0.32553203148539156,1.088,0.1892422110229245,0.21770966440856182,0.24987652369515415,-0.342,-0.28355239825686746,-0.24219685437339783,-0.2108229854417533,-0.41318948439981906,-0.1718927517927364,0.3044585080911698,0.565,0.549825171330119,-0.3558682785962257
2.37,-0.757,-0.499,-0.065,-1.38,-1.38,2.37,-0.601,2.37,0.921,-0.626,-0.499,-0.065,0.921,-0.065,2.37,0.921,-0.065,-1.38,-1.38,-0.499,-0.757,-1.38,-0.627,-1.38,0.921,-1.38,-1.38,-0.284,-0.757,2.37,-0.284,-0.065,-1.38,-0.284,-0.626,-0.626,2.37,-0.065,-0.627,-0.757,-0.284,-1.38,0.921,-0.601,0.921,2.37,-1.38,-0.626,-0.284,-0.627,0.921,-0.065,-0.499,-0.601,-0.626,-0.08158847569346392,-0.6126899763853885,-0.05110573098880506,-0.284,2.37,-0.5743841841238522
-1.304,-0.765,-1.304,-1.304,-0.605,0.734,-0.765,-1.089,1.881,-1.079,-1.079,-1.01,1.881,1.881,-1.089,-1.089,-0.738,-0.738,-0.738,-0.605,-1.079,-0.246,1.881,-0.738,-1.079,-1.304,-1.304,-1.304,-0.765,-1.089,-1.089,-1.304,-1.304,-1.304,-1.01,-1.01,1.881,-1.079,-1.01,1.881,-0.246,0.734,-1.079,1.881,-1.079,-0.246,-1.089,-0.738,-0.765,-0.605,-1.01,1.881,-0.765,-1.304,-1.3240628078230634,-0.605,1.8634210605986894,-0.7779955655416848,1.908847486560832,-0.246,-1.089,-0.7245205478385472,-0.2632063069837385,-1.0224445418588992,-0.2158833721691531,-0.61919724231897,0.734,-0.6703194255542863,-0.738
-0.745,-0.505,-0.499,1.27,-0.239,-0.83,1.27,1.27,-0.83,-1.1,-0.745,-0.83,-1.1,-0.239,1.819,-0.745,-0.499,-1.1,1.819,-0.239,1.819,-1.1,0.139,-1.1,0.139,-1.1,-1.1,0.139,-0.83,0.184,-0.83,-0.239,0.184,-1.1,-1.1,0.184,1.27,-0.239,-0.83,0.139,-0.505,-1.1,-0.83,-0.239,0.184,-0.239,1.819,-0.745,0.139,1.27,-0.239,1.2494589400413105,-0.499,0.184,-0.25075701057810196,1.819,-0.7551806912970369,-0.83,0.1722638794432713,-0.8362542453829773,-1.1
-1.083,-0.16,-0.344,-0.329,1.745,0.802,1.745,-0.16,-0.725,-1.083,-0.16,0.802,0.802,-0.106,0.802,-0.725,0.802,-0.344,-1.083,-0.329,-1.083,-0.106,-0.329,1.745,-1.083,-0.106,-0.725,-1.083,-1.083,-0.64,-0.64,0.802,-0.106,-0.117,-0.329,-0.64,1.745,1.745,-0.16,0.802,-0.344,1.745,1.745,-0.106,-0.725,-0.7426762056746623,1.7283398608416183,0.802,1.7762150346742231,-0.6856922089900492,0.7939737131907506,-0.16,-0.117,-0.11471470296965178,-0.64,-0.07562924382359183,-0.344,-0.02950619003748743,-0.6603161404845568,-0.329
-0.032,-0.623,-0.385,-0.547,2.452,-0.623,-0.957,-0.713,-0.666,-0.623,-0.917,-0.547,-0.957,-0.713,-0.032,-0.917,2.452,2.452,-0.666,1.425,-0.713,-0.713,-0.713,2.452,2.452,-0.917,-0.547,-0.385,-0.547,-0.666,-0.957,-0.666,2.452,-0.917,2.452,-0.666,-0.666,1.425,1.425,-0.666,-0.666,-0.032,-0.623,-0.713,1.425,-0.957,-0.623,-0.957,-0.917,-0.713,-0.666,-0.917,-0.623,1.425,-0.032,-0.385,-0.666,-0.547,-0.5634813092259632
0.085,0.38,1.445,0.801,-0.499,0.801,-0.214,1.445,0.33,0.112,0.33,0.112,0.38,-0.633,-0.633,1.445,-0.023,0.112,1.445,-0.214,-0.499,1.445,-0.633,1.445,-0.499,0.38,-0.499,-0.499,0.801,-0.023,0.085,-0.023,0.085,-0.499,0.38,0.112,-0.633,-0.023,-0.499,-0.633,0.801,0.112,-0.499,-0.214,-0.499,-0.499,-0.499,0.112,0.38,-0.214,0.38,0.33,-0.499,1.445,0.36547175535935233,0.112,0.09602687215732501,0.085,0.39399609561994486,-0.023
-1.005,-0.003,-0.949,0.161,-0.578,-1.005,-0.003,-0.003,-1.005,-0.949,-0.886,-1.005,0.161,0.161,-0.949,1.813,-0.003,-0.981,0.412,-1.005,-0.981,-0.886,-0.578,-0.003,-0.886,1.813,-0.949,-0.981,-0.886,-0.886,-0.886,-0.578,-0.003,-0.003,-0.666,-0.981,-0.949,-0.578,-0.578,-0.666,0.161,-0.949,0.161,-0.886,-0.666,-0.003,1.813,1.813,-1.005,-0.666,0.412,-0.981,-0.9939839986143252,-0.003,-1.005,-0.886,-1.0235169778553133,-0.578,-0.9719776465678702,-0.01697875790959909,0.007725276263508756,0.03744188186526577,-0.949,-0.8968953241823775,-0.9618969615034633,-0.666
-1.013,-0.916,2.309,-0.916,-0.746,-0.916,2.309,0.146,2.309,-1.013,-0.746,2.309,0.91,-0.916,-0.136,2.309,-0.746,2.309,-0.956,-0.916,2.309,-0.448,0.91,-0.746,-0.956,-0.448,-0.956,-0.916,-0.746,-0.592,-0.448,-1.013,2.309,-0.956,-1.013,-0.592,-0.746,2.309,-1.013,-0.746,0.146,-0.746,-0.592,2.309,0.146,0.13069567204586247,2.309,-0.592,0.1638681205957402,-0.746,-0.916,0.21289232772669825,-0.7610233232987464,0.91,-0.7243209203347484,-0.9322066417654812,-0.448,-1.013,-0.6014897375758452,0.8928129939755656,-0.956,-0.9095080498039243,-0.46347463990754323,-0.4445667574293537
-1.112,1.13,0.525,1.208,1.13,-0.053,-0.665,-0.529,-1.112,1.13,-0.214,-0.214,-0.651,-0.529,1.208,-1.112,1.316,-0.529,1.13,1.316,-0.214,-0.529,-0.665,1.316,-0.053,-1.112,1.208,-1.112,-0.651,-0.651,0.525,-1.112,1.208,-0.214,0.525,1.208,-0.665,-1.112,-0.651,1.316,1.13,1.316,-0.665,-1.112,1.208,-0.053,1.208,-1.112,-0.651,1.316,1.208,-1.112,1.208,-0.651,-0.053,-1.112,-0.6632901602495146,-0.0649036722537358,-0.529,0.525,1.1968792326809876,-1.1199676899132605,-0.665,0.5117297453941874,-0.5399346536664179
-0.903,-0.174,-0.529,-0.529,1.228,1.228,-0.174,-0.346,-1.127,-0.346,-0.346,-0.678,-0.52,1.228,-0.174,-0.678,-0.063,-0.678,-1.127,-0.52,1.228,-0.346,-0.678,-1.127,-1.127,1.228,-0.174,-0.52,-0.346,-0.678,-0.174,-0.063,1.228,-0.346,-0.174,-0.903,-1.127,-0.678,-0.063,-0.174,-0.903,-0.678,-1.127,-1.127,-1.127,-0.063,1.228,-0.063,0.0,-0.346,-0.678,-0.012732689491564789,-0.6916729492121203,1.228,0.006392715865477433,-0.903,-1.127,-0.9136431130695758,0.06214781903794915,-0.36125364680856126,-1.1459127417060966,-0.3065343948667105,-0.0729004238351937,-0.529
-0.737,1.197,-0.439,-1.194,-0.326,-0.161,1.041,-0.161,-0.784,-1.194,-0.784,-0.326,-1.194,1.197,-1.194,-0.326,-0.784,-0.737,1.041,-0.439,-1.194,0.585,1.041,-1.194,-0.439,-0.682,0.585,-0.326,-1.194,1.197,0.585,-0.439,-0.161,-0.682,-1.194,-0.326,1.197,-0.161,1.197,-0.737,-1.194,-1.194,-0.439,-0.682,1.041,-0.737,1.041,-0.682,-0.161,-0.17348998419694572,-0.439,-1.194,-0.6955288415268457,-0.1498272955817188,-0.6804306305122741,-0.737,-0.326,-0.64721243514453,-1.2059379614668044,1.041,-1.17743147362514,-0.45127729768926783,1.0261174448692825,-0.7466161219438207
2.073,0.697,-0.187,-0.167,-0.15,-0.187,-0.634,-0.634,-1.056,0.697,-0.966,2.073,2.073,-0.634,-0.629,-1.056,0.697,-0.167,-1.056,-0.167,-0.629,-0.966,-0.15,0.697,0.756,-0.629,-0.634,-0.629,-0.966,-1.056,-0.966,-0.15,-0.187,0.697,-0.629,-0.15,-0.629,-0.629,0.697,-0.966,2.073,0.756,0.756,2.073,-1.056,-0.15,-0.167,-0.187,0.756,-0.629,2.073,-0.15,2.073,-0.629,0.697,0.697,-0.634,0.6782396441038414,-0.629,-0.966,2.073,-0.9865333728292078,-0.187,0.756,-1.056,-0.167,0.7435839513713371
0.667,0.703,0.667,-1.102,0.703,-1.102,-1.102,0.703,0.207,-0.703,0.703,0.207,-0.843,0.667,0.207,0.483,-0.725,-1.102,0.667,1.111,0.667,-1.102,1.111,-1.102,0.667,-0.703,0.667,-1.102,-0.703,1.111,-0.74,0.483,1.111,0.703,0.667,-0.74,0.207,0.667,0.483,-0.725,-0.74,0.483,-0.74,-1.102,0.703,-0.725,-0.843,-0.843,-0.843,-0.725,0.483,-0.725,-0.7363706404362913,0.667,0.6474114365083525,-0.74,-1.102,0.207,1.111,-0.7521009330558955,0.6820532795799239,-1.1123957887010167,0.19328941190522286,1.101901906686953
1.222,-1.119,-1.119,-0.221,-0.565,1.844,0.609,0.609,0.045,0.609,1.222,0.188,-0.565,-1.119,-0.565,-1.119,1.844,0.609,0.609,0.188,1.844,0.188,-1.119,-0.565,-0.565,-1.119,0.188,-0.221,-1.119,1.844,1.844,-0.221,0.045,1.844,-0.601,1.844,1.222,-0.601,-1.119,-0.601,0.609,0.045,0.609,0.126,0.609,-0.565,0.126,0.188,-0.601,-0.62129849222119,-0.221,-1.119,-0.5828832889323206,1.844,1.8265684726143927,-0.23211899153106838,0.17929950335337214,-0.19354696159911366,0.045,-0.565
-1.341,-0.606,-0.477,-0.914,-0.477,0.164,-1.341,-0.81,-1.341,-1.341,-0.671,-0.671,-0.914,-1.341,-0.81,-0.81,-0.671,-0.961,-1.341,-0.836,-0.961,-0.961,-0.836,-0.606,-0.836,-0.914,-0.914,-0.81,-0.671,-0.961,-0.961,-0.186,0.164,-0.671,-0.836,-0.477,-0.914,-1.341,-0.671,-0.914,-1.341,-0.836,-0.81,-0.961,-0.671,-1.341,-0.606,-0.914,-0.186,-0.836,-0.914,-0.836,-0.477,0.164,-0.8498536767782139,0.14844815210960832,-0.186,-0.961,-0.9244910972990131,-0.671,-0.9051986095643079,-0.8054503172942734,-0.9742684806346547,-1.341,-0.606,-0.6851218625481031,-0.81,-0.8269130613574501
0.165,1.632,0.165,-0.905,-0.692,1.234,-0.692,1.544,0.885,1.544,0.721,0.165,0.077,0.721,0.165,1.632,0.165,0.077,1.544,1.632,0.077,1.234,0.077,1.632,0.165,1.544,1.632,1.632,1.148,0.165,1.148,0.721,1.148,-0.692,0.077,1.544,0.077,-0.692,0.077,0.885,1.234,1.148,-0.905,-0.905,1.234,1.148,0.077,0.077,1.632,-0.692,0.077,1.148,1.148,0.721,-0.692,-0.905,0.165,0.077,0.721,0.06572955851904581,1.234,-0.7048230821344679,0.7075236942135446,0.15394931019616306,0.1835197875158142,1.2246148269780348,1.632
1.2,-1.193,-0.343,-0.858,1.2,-0.343,-1.046,-0.995,-0.099,-0.099,-1.046,-1.046,-1.046,-0.015,-0.995,-1.193,-0.858,-0.608,-1.046,-0.015,1.2,-0.015,-1.046,-0.608,1.2,-0.343,-0.858,1.2,1.064,-1.193,-0.099,1.2,-0.995,1.2,1.2,-0.015,-0.608,-0.858,-0.858,-1.193,1.064,-1.193,-1.046,-0.995,1.2,1.064,-1.046,-0.343,-1.193,-1.193,-1.193,-0.015,-0.099,1.2,-1.046,-1.06108661679762,-0.015,1.2,-0.995,-0.099,1.064,-0.858,-1.193,-1.2069965159080938,-1.1903315781646504,-0.022454742201981615,-0.8704681023150229,-0.11054463326821704,-0.608,-0.06903575419052561,-0.027101209525501442
1.532,-0.883,1.081,-0.793,-0.164,-0.883,1.532,0.462,1.532,1.532,1.532,-0.31,1.081,-0.793,-0.883,-0.31,-0.793,-0.31,-0.883,-0.793,-0.793,-0.164,-0.257,-0.521,-0.31,0.124,-0.257,-0.257,1.081,-0.521,-0.883,-0.164,0.124,1.532,-0.793,1.532,0.124,-0.883,-0.883,-0.257,0.462,1.081,-0.31,-0.793,-0.164,0.124,-0.32382288718004065,0.4461785962799187,0.10490507354821146,-0.521,1.0681924831368133,-0.5296853040660298,0.1596055147174914,-0.503234401620477,-0.2739928590065736,-0.1801860233114334,1.532,1.5171959529209884,0.20099861358225057
-0.377,1.5,-0.072,-0.966,-0.76,-0.966,-0.966,-0.971,-0.503,-0.377,-0.966,-0.096,-0.76,-0.971,-0.503,-0.204,1.787,-0.096,-0.204,-0.377,-0.377,-0.503,-0.096,-0.204,-0.503,-0.204,-0.971,-0.072,1.5,-0.76,-0.76,-0.096,1.787,-0.072,-0.503,1.787,1.5,-0.971,-0.072,-0.377,-0.971,-0.971,-0.503,-0.966,-0.503,-0.204,1.787,1.787,-0.096,-0.204,1.5,1.5,-0.072,-0.966,-0.096,-0.9804861648030809,-0.971,-0.086979604036731,-0.9336169440225134,-0.10841943082108339,-0.052759426797065266,-0.07515120110390043,1.5,-0.05704840968483091,-0.76,-0.204,0.00039555130629626706,1.488780924911622,-0.8972696489927725,-0.8715278597577214,0.052451836401853864,-0.22002543808819458
-0.093,-0.583,-0.194,0.229,0.361,-0.522,-0.583,-0.522,-0.045,-1.159,-0.583,0.361,-0.143,0.361,1.387,0.229,0.229,-0.583,-0.143,-0.583,-1.159,-0.093,-1.159,-1.159,1.387,-1.159,1.387,-1.159,0.361,-0.583,-0.143,-1.159,1.387,-1.159,-0.093,-0.583,0.229,-0.583,1.387,-1.159,1.387,1.387,-0.522,-0.143,-0.194,0.361,-0.045,-0.583,-0.5991189953713149,0.229,-0.5354530621145089,-0.5090996637250114,-0.49800604726794895,-0.4624503956570006,-0.15323441009446206,-0.5618593498647967
1.079,0.771,-0.861,1.079,0.771,0.869,-1.054,1.347,0.869,-1.054,0.771,-1.081,1.079,1.328,0.869,0.771,-1.054,1.347,1.328,-1.081,1.328,1.079,1.328,-0.829,-0.861,0.869,-1.081,1.347,0.073,-0.829,-0.829,0.869,1.347,-1.054,1.347,1.347,-1.081,0.869,-1.081,-0.861,0.869,-0.829,0.073,-0.829,-1.081,-1.054,1.079,1.328,0.073,1.079,-0.829,-0.861,-1.054,-0.8728397173091588,0.869,1.328,1.347,0.771,-1.0678524610774245,-1.081,0.7560017914725532
-0.306,0.027,0.787,-1.17,-0.306,-0.902,-1.17,-0.306,-0.351,-0.351,-1.17,0.014,-1.17,0.787,0.418,-0.306,-1.17,1.063,1.063,0.787,0.418,1.063,-0.902,0.027,-0.902,0.787,-0.306,-0.902,0.734,0.734,-1.17,0.418,0.734,-0.351,-1.17,-0.351,-1.17,-1.17,0.734,-0.306,-0.306,-0.306,0.014,-0.351,-0.902,0.734,-0.902,-0.306,0.418,0.787,0.40280254409047,-0.351,-0.32088385643900025,0.7786760003573319,0.014,-0.2934745861903663,-0.2730484094652196,0.45513839406314033,-0.36671433169347856,0.723723623876253
1.413,-0.941,-0.941,1.219,-0.941,1.219,1.413,-1.067,1.219,0.41,-0.773,0.41,-0.773,0.41,-1.075,-0.941,0.41,-1.067,-1.067,0.41,1.219,1.2,-0.505,0.41,-0.941,0.41,0.897,1.413,-0.773,-0.505,0.41,-1.075,1.413,-1.075,0.41,-0.941,-0.773,-1.075,-1.075,-1.067,1.2,0.897,1.2,1.2,0.897,-1.075,0.897,-1.075,-1.067,0.41,-1.067,-1.075,1.2,-0.773,-0.941,-1.0814797305123003,0.41,-1.0875312719270145,-0.9565068852052735,1.219,-0.7892759581772852,0.4004890932248258,1.413,-1.0466696789024998,-0.505,1.3968538286847807,0.897
-0.668,0.397,-0.668,0.397,-1.112,1.503,-0.715,1.503,0.622,0.622,1.503,-0.804,0.397,-1.112,1.503,1.33,0.622,-0.804,-0.668,0.289,-0.809,-0.668,-1.112,1.33,0.622,0.289,-1.112,0.622,1.33,-0.804,1.33,0.289,-0.804,-1.112,-0.809,-0.804,1.503,-0.804,1.503,-0.804,0.289,-0.668,-0.804,-0.809,1.503,0.289,-0.715,0.622,0.397,-0.668,-0.715,0.397,1.503,-0.804,0.289,-0.668,0.397,0.38220398152703333,1.33,0.43174367793770196,-1.112,-1.1245424130092871,0.4617929811577955,1.503,1.3170348690943314
0.03,-0.543,-1.007,1.002,-0.283,-0.125,1.002,-0.125,-1.007,-0.399,-0.838,0.307,-0.283,-1.007,-0.781,-1.007,0.307,-0.838,-0.781,-0.838,-0.399,-1.007,1.002,-0.125,0.307,-0.838,0.307,-0.781,-1.007,-0.838,-0.283,0.03,-0.838,0.03,-0.543,0.307,0.307,-0.781,-0.781,-0.283,-0.781,1.002,-1.007,-0.399,0.03,-0.125,-0.399,-0.838,-0.8639237253370465,-0.283,-0.781,0.03,-1.007,-0.7915199935999985,-0.29770942189278826,-0.266170282495832,0.017248262042269306,0.03766796931091828,-0.399,0.07320596946616428,-0.21313920814916218,-0.4124163069089177,-0.543,-1.0191613924407101
-1.109,-0.403,-0.403,1.697,1.697,-0.908,-0.478,-0.804,-0.478,-1.109,-0.804,1.697,1.08,-1.109,-1.109,1.651,-0.114,-0.8,1.697,-0.478,-0.908,-1.109,-0.8,-0.114,-0.8,1.651,-0.908,1.697,-0.908,1.08,-0.114,-0.403,1.651,1.651,-1.109,-0.403,-0.114,1.651,1.08,-1.109,-0.804,1.08,-0.908,-0.8,1.697,-0.908,-0.908,-0.804,-0.8,-1.109,-0.478,-0.403,-1.109,1.651,-0.478,-0.49762001746437956,-1.1230749552022505,-0.114,-1.0771388674538327,-0.4164683009863694,-1.0481862755274731,-0.8,-0.47176934843321605,-1.0013062514119313
-0.181,2.278,-1.369,-1.032,2.278,0.364,2.278,0.364,-0.602,-0.918,-0.918,-1.032,-0.181,-0.181,-0.918,-0.918,-0.135,-1.032,0.519,-0.135,-1.369,-0.181,-0.602,0.519,-1.032,-0.181,-1.369,-1.369,-0.135,-1.032,-0.181,0.519,0.519,-0.602,-1.369,-1.369,2.278,2.278,-1.032,-1.032,0.519,-1.032,-1.032,-1.032,-1.032,2.278,-0.181,2.278,2.278,-1.369,-0.135,-0.181,2.278,-1.369,-0.135,-0.135,-0.181,2.278,-0.14891110100253985,0.519,-0.602,-1.369,2.259779251419806,-0.918,-0.19323863917169898,0.364,-0.611165508495545,-1.032,-0.15526694795663473,2.2945968020539103,-0.11421856369995781
-0.904,0.667,0.706,0.667,0.667,0.667,0.667,-0.572,-0.904,-0.904,1.802,0.667,0.706,-0.97,0.706,-0.572,-0.111,-0.111,1.802,-0.021,0.017,-0.303,-0.303,0.017,1.802,0.667,-0.97,1.802,-0.303,0.667,1.802,-0.97,0.017,-0.904,0.706,-0.303,0.017,0.017,0.667,-0.904,-0.904,0.667,0.667,-0.97,1.802,-0.303,-0.904,0.667,0.6514864937926484,0.017,-0.904,0.6963851506980081,-0.9161708053185387,-0.111,0.7326929216956507,-0.021,-0.303,0.7711212737608388,-0.3180515909086127,-0.12559640298206365,-0.8666565048209087,0.005814920755084781,0.706,-0.08252450499631556
-0.546,-0.257,1.745,-0.257,1.199,1.199,-0.546,-0.546,-0.858,-0.875,1.199,-0.546,-0.257,-0.546,-0.875,-0.858,-0.875,-0.546,-0.724,-0.875,-0.858,1.199,-0.257,-0.257,1.745,-0.858,-0.166,1.745,-0.875,-0.546,-0.724,-0.546,1.745,-0.257,-0.858,-0.257,1.199,-0.724,1.199,0.687,0.687,0.687,-0.724,-0.875,1.745,1.745,1.745,1.199,0.687,0.0,1.199,-0.724,1.1934569009163634,1.243561036462762,-0.7347532703447901,-0.6941390752811176,-0.166,-0.875,1.2716266058933254,-0.257,-0.893611620724396,-0.2716204952783692,-0.546
-0.817,-0.247,-0.247,0.423,-0.419,-0.247,0.292,1.143,-0.247,0.423,-0.817,0.423,0.423,1.143,1.213,-0.817,1.213,-0.419,0.423,0.423,-0.444,-0.444,0.423,-0.988,1.213,0.292,-0.419,1.143,-0.988,-0.988,-0.247,1.213,-0.444,0.423,-0.988,1.213,-0.817,0.452,0.423,-0.817,1.213,-0.988,-0.817,-0.247,-0.817,0.423,-0.988,0.452,1.213,-0.247,-0.419,-0.44084893449342816,-0.2623558761850307,-0.444,1.1994198025359009,1.143,1.1275433607401792,0.292,0.4117486559313991,-0.9981720325287813,1.2501325588705654,-0.24578188558700587,1.2901809693054,0.4539967734146297,1.1805170932505729,0.48961634871360515,0.4418569605576925
-1.096,-1.096,1.328,1.328,-0.182,1.552,1.328,-0.493,1.328,1.552,1.328,1.552,-0.493,-1.027,-0.493,1.328,-1.035,-1.035,1.552,-0.778,-1.027,-1.035,1.328,0.081,-0.182,-1.027,-1.035,-1.027,-0.778,-1.096,-1.035,-1.035,-1.027,-0.182,1.552,-1.027,-1.096,-0.778,-0.493,0.081,-1.096,-0.493,0.081,0.081,1.552,0.081,-1.027,-1.096,1.552,-1.035,-0.493,0.081,1.552,-1.035,-0.182,-1.0515702730141305,-1.027,-1.0398921135820876,-0.493,-0.9945812488109017,-0.1996188631939096,-0.5060840529674355,1.5401082317563473,-0.47897914231303984,-1.0007519854384426,-1.096
1.114,-0.676,-0.741,1.114,1.114,-0.173,-1.032,-0.741,-0.694,0.172,-0.125,0.995,-0.694,1.212,-0.741,1.212,-0.694,-0.676,0.172,-0.676,-0.741,1.212,-0.694,0.995,-1.032,1.212,1.212,-0.694,1.114,-0.741,-1.032,1.212,1.212,-0.173,0.995,1.114,1.114,-0.125,-1.032,-0.125,1.114,1.212,1.114,-1.032,-1.032,1.212,-0.694,-0.125,-0.694,-0.741,-0.173,-1.032,0.995,-0.676,-0.7562770059341837,0.9800890549877167,1.114,-0.7041719856910075,1.212,-0.7026296479002844,-0.18243831722691578,-0.6592223112288425,-0.13795238039984833,-0.14712372848737457,1.1990225209150998,-0.6167144825292282,0.172,-0.10637152210142481
0.729,-0.341,0.354,-0.651,0.731,-0.651,-0.651,-0.242,0.982,0.729,1.216,1.216,-0.341,1.483,0.982,1.187,1.216,0.729,0.982,-0.341,1.187,-0.242,-0.651,0.729,0.982,1.187,1.483,0.729,1.483,1.187,0.982,0.731,1.216,-0.341,-0.341,0.354,0.354,0.982,0.731,1.483,-0.242,1.187,0.982,1.187,-0.651,-0.651,0.729,-0.651,-0.341,0.354,0.982,1.483,0.9684575260118508,1.187,-0.34699847204508744,1.216,1.4662960285329416,-0.242,0.731,-0.2594836755032369
-0.578,-0.757,-0.757,0.206,0.206,-0.765,-0.849,-1.049,-0.765,-1.018,-0.902,-0.765,-1.049,-0.757,-0.902,-0.757,-0.757,1.277,-1.049,-0.849,-0.765,-1.018,-0.757,-0.578,-0.849,1.277,-1.018,-0.757,0.827,0.827,1.277,0.827,-0.765,-0.902,-0.757,-0.849,-0.757,-1.049,-0.902,0.206,-0.757,1.277,-1.049,-0.902,-1.018,-0.578,-1.018,0.206,-0.902,-0.849,-0.757,-0.578,-0.7687764599452249,1.277,-0.7544754302215115,-0.902,-0.8635237184948783,-0.5860609663956773,-1.018,-0.8103696669094533,-1.049
-0.937,1.512,0.072,0.072,-1.002,-0.937,-0.975,-0.943,-1.002,-0.943,-0.975,1.512,1.512,-0.937,1.512,-0.937,-0.975,1.512,0.072,-0.975,-0.966,-0.966,-0.274,-0.975,0.926,-0.242,0.926,-1.002,-1.002,-0.242,-0.937,-1.002,-0.937,-0.966,-0.274,0.926,-0.943,-0.943,-1.002,-0.943,-0.966,-0.975,-0.937,-0.9570171122302823,-0.9184822199795892,-1.002,-0.975,-0.242,-0.943,-1.0140886048596638,-0.8767093862708877,0.926,0.072,0.056034301689867734,0.09627667007921778,-0.9862370085480604,-0.9522087548989017,0.12579066395362454,-0.2547839504283228
0.125,-1.306,-1.306,0.125,-0.348,-0.583,0.125,-1.306,0.125,1.155,-0.138,0.125,-0.583,1.304,-1.306,-0.389,1.155,-0.138,-1.306,0.125,-0.871,0.125,1.155,-1.306,1.155,1.155,-1.306,-0.138,-1.306,-0.389,-0.389,1.155,-0.583,1.155,0.123,1.304,1.304,-0.871,0.125,1.304,-0.871,0.123,-0.348,1.155,-0.871,-0.389,-0.871,1.304,-0.389,-1.306,-1.306,1.304,-0.348,-1.3182888848903025,-0.35718733019562904,-0.871,-0.389,-0.33158213117915275,-1.2685517548986822,-0.40484355827097285,-1.2176852701560494,-1.1788542768673917,0.123,-0.583
-1.286,0.41,1.181,1.266,-0.975,0.41,-0.975,1.576,1.617,1.617,-0.795,1.181,-0.259,0.41,1.576,0.41,-1.286,1.266,-1.286,-1.286,1.494,-0.259,-0.975,-0.795,1.576,-0.975,-0.975,0.41,1.576,1.576,0.41,1.181,-0.259,1.494,-1.286,-1.286,0.41,1.494,1.181,-0.259,1.617,0.41,-0.795,1.617,-1.286,1.266,1.494,1.494,1.494,1.617,1.6012415670797278,1.626033450171235,1.576,1.181,1.157641327848197,-0.795,1.559002855263293,-0.8091448358514259,-1.286,1.1959049981447492,1.5962660867500047,1.494,1.6376980004954091
1.213,-0.553,1.327,-0.803,1.263,-0.175,1.512,-0.553,-0.471,1.213,-0.471,1.213,0.388,0.388,1.327,-0.553,-0.452,-0.175,-0.803,-0.471,-0.471,-0.471,-0.471,1.263,1.263,0.388,1.327,1.512,-0.803,1.263,0.388,1.512,1.512,0.388,-0.452,-0.553,-0.803,1.213,-0.803,1.327,0.388,-0.471,-0.175,-0.803,-0.452,1.327,-0.8196091036183835,1.263,-0.553,1.512,-0.19069729029549518,-0.15177499157259405,1.500137577884431,-0.7930248428283673,1.253625746009891
0.497,-0.872,-1.079,-1.133,1.327,-0.417,-0.872,-0.651,1.327,1.544,-1.133,1.327,0.285,-0.872,-0.417,1.544,-1.133,-1.133,-1.133,-1.079,-0.872,1.544,1.327,-1.079,-1.079,0.497,-0.651,-1.079,1.327,1.327,-1.133,-0.651,1.544,-0.872,-0.293,-0.417,1.544,0.285,-1.133,1.327,1.544,-0.872,0.285,1.327,1.327,-0.872,0.497,-0.651,-1.079,-0.872,-0.417,0.285,-1.079,1.544,-0.651,-0.8814743868801526,-1.133,1.327,-1.1488129099837954,-0.4244940404451336,-0.6643998004653688,-1.1205623912977165,-0.37785573011601725,1.5315998588297035,-0.6344998471629177
-0.143,-0.629,1.254,-0.494,0.974,0.974,-1.12,-1.12,-0.894,-0.894,-1.12,0.974,-0.217,-0.494,-0.159,-0.629,1.254,-0.894,-0.629,-0.629,-0.159,-0.629,-1.12,1.254,-0.629,0.163,-0.629,-1.12,-0.143,1.254,1.254,0.163,-0.159,-0.217,-0.629,-1.12,-0.494,-0.159,1.254,-0.894,0.974,-0.894,-0.629,-0.217,-0.159,1.254,0.163,-0.217,-0.143,-0.494,-0.1759941209398986,1.2452026343869682,1.2720958531588262,-0.629,-0.2264881014673348,-0.894
-0.697,1.777,0.017,0.134,0.408,1.777,-0.65,0.408,0.408,1.079,0.408,-0.831,0.441,1.777,-0.697,1.079,0.017,-0.65,1.777,-0.65,0.134,0.134,-0.65,0.978,1.079,0.134,1.777,0.017,1.777,1.079,-0.697,0.978,0.134,1.079,-0.65,1.777,1.777,0.017,-0.831,0.134,1.777,-0.831,1.079,1.079,1.0540059950940228,0.978,-0.65,1.0809537567951646,-0.831,0.9668282566812993,0.017,0.134,0.00028266717008652506,-0.697,0.441,1.1227240097163624,-0.7134881930263632,-0.6877005830127985,0.12346240206964124,-0.6619468104554226,1.777
-0.979,-0.979,1.812,-0.979,-0.888,-0.979,-1.379,0.441,-0.888,-0.483,0.064,1.812,-0.039,-0.039,-0.483,-0.888,-0.841,-1.379,-0.483,1.812,-0.979,-0.841,0.064,1.812,-0.888,-1.379,-1.379,0.064,-0.979,-1.379,-0.841,0.064,-0.039,0.064,0.064,-0.483,-1.379,0.064,-0.483,1.812,1.812,0.608,-1.379,-0.888,0.064,-0.483,-0.483,0.064,-0.483,-0.039,0.441,-0.979,-0.039,-0.888,-0.841,-0.905377266220013,-0.9927402405583565,-1.379,-0.8688530438157864,0.064,-1.394158586566421,-0.8539031831650954,-1.345253671740496,0.050117906474333646,0.608
-0.63,1.035,-1.318,1.167,1.035,1.167,-0.266,-0.766,-0.266,0.183,-0.266,-0.845,-0.266,-0.845,1.167,0.423,-0.184,1.167,1.035,-1.318,-0.63,0.183,-1.318,-0.184,-0.845,-1.318,-0.63,-0.766,1.035,-0.266,-1.318,-0.184,-0.184,-0.63,1.167,1.167,-0.845,-0.184,-0.184,-1.318,-1.318,1.167,-0.184,-0.845,-0.63,-0.766,1.167,-0.184,1.167,-0.266,-0.766,0.183,-0.184,-0.845,-0.7806499836578309,-0.20585311103030177,-1.318,0.16993736870408482,-0.8554475095030064,-0.752891150536341,-0.63,0.21235186042903806,-0.27634398386008235,-0.2580168559251934
0.397,1.051,-0.694,-0.488,-0.53,-0.13,-0.123,-0.694,-0.694,-0.694,-0.488,-0.123,-0.644,-0.123,-0.123,1.051,-0.701,-0.644,0.004,0.397,0.004,-0.488,1.051,-0.53,1.051,-0.123,-0.701,-0.13,0.004,1.051,0.004,0.004,-0.701,-0.53,-0.701,-0.123,-0.13,-0.53,-0.488,-0.123,-0.53,-0.644,-0.488,-0.6543924102155636,-0.13,-0.543983945447614,0.004,-0.005542897625613594,-0.694,-0.123,-0.701,0.397,1.051
0.668,1.636,0.036,1.017,0.582,1.636,0.036,1.017,-0.686,0.146,-0.686,0.036,0.089,-0.686,0.582,1.706,0.668,0.089,0.211,0.582,0.668,0.089,0.211,1.636,-0.686,0.036,1.636,0.582,1.017,0.089,1.017,-0.686,0.582,1.706,1.706,1.706,0.089,1.636,0.668,0.582,0.089,0.211,-0.686,0.146,0.089,0.668,0.036,0.089,1.706,0.146,0.582,0.02188484329688782,-0.686,-0.6970072065030485,0.13074476383263217,0.6598242488002204,1.636,-0.6711945274288599,-0.6325219432375658,0.5724358612515384,0.06976012335665044
-1.131,-1.099,1.694,1.764,1.694,-0.726,-0.838,-1.099,1.764,1.357,1.694,-0.726,-1.099,1.694,0.641,-1.131,-1.131,-1.131,-1.099,0.641,-0.838,0.641,0.641,1.694,1.694,1.764,-0.01,1.694,1.694,0.488,-0.726,-0.838,1.694,1.357,-1.099,1.764,-1.099,-1.131,-0.01,-1.099,1.357,-0.01,-1.099,-1.099,1.764,-0.838,1.357,0.641,-1.131,1.694,-1.131,0.488,1.694,1.6797940005779874,-1.131,1.764,-0.838,-1.1478256278391656,0.46984929276433424,-0.01,-0.02856517921436802,-1.099,-0.8518029050080123,-0.8095034686235656,-0.726,-1.1120119318858341,-0.008485818897092393,-0.7371801333330291
0.419,-0.899,1.959,-0.536,-0.536,0.635,1.959,1.959,-0.584,0.008,0.618,-0.969,0.008,0.618,0.635,-0.899,0.723,-0.899,-0.969,0.635,1.959,-0.536,0.635,-0.584,0.618,-0.536,-0.969,-0.899,-0.899,-0.899,0.723,0.635,0.419,-0.899,-0.899,-0.899,0.635,0.008,-0.969,-0.969,0.723,1.959,1.959,1.959,0.008,-0.969,0.723,-0.584,0.419,0.635,-0.536,0.6223342914372011,-0.9809582156132012,-0.5510786442438842,0.6619754558795514,-0.4992589408256002,1.9490500231324035
-1.134,1.758,0.722,1.804,-1.134,-1.134,1.804,-1.134,1.998,1.804,0.722,1.758,1.998,1.758,-1.134,1.804,0.213,-0.69,1.758,1.998,-0.318,0.213,1.998,1.804,-0.399,-0.721,-1.134,1.758,-1.134,-0.69,-0.721,0.722,1.998,-0.721,-0.69,-0.721,1.758,-0.318,0.722,1.804,-1.134,-0.399,1.758,1.998,0.213,1.9805471032979471,2.0200702765097303,-1.134,-0.399,-1.1512476126279656,1.758,-0.318,0.2001415671582539,-1.0936743551667454,1.7436623682676473,2.0489148638600128,0.22128178491728195,-0.69,0.2771038926285808,-0.41578460109116566,0.722,-0.721,-1.0684196373638786,0.7118835970561437,-0.3799091764344507
-0.55,-0.381,0.166,0.208,-0.381,0.117,-0.381,-0.847,0.117,-0.153,0.125,-0.847,-0.381,0.166,-0.847,-0.847,0.208,0.125,0.117,0.125,0.125,-0.55,-0.191,0.208,0.125,0.125,-0.847,-0.847,-0.381,0.117,0.208,0.208,-0.55,-0.191,-0.847,-0.55,-0.153,-0.55,-0.153,0.441,0.208,0.117,-0.153,0.166,0.166,-0.381,-0.55,0.125,0.117,-0.847,0.117,-0.153,0.117,-0.153,0.125,-0.381,0.208,-0.847,-0.3975493505492027,-0.153,0.117,-0.17138644259949398,0.166,-0.191,-0.13990214294754277,0.441,0.42438542544360947,-0.34519968216562374,-0.20641848103710003,-0.8588601529465227,0.125,-0.8282962216860495
-0.113,1.379,-0.937,-0.14,-0.692,-0.937,-0.692,1.379,1.379,0.441,0.69,1.379,-0.73,-0.92,0.441,-0.73,1.379,-0.692,0.441,0.441,-0.92,-0.937,-0.692,0.69,-0.937,-0.14,0.441,1.379,-0.937,-0.73,0.69,-0.937,-0.92,-0.14,-0.443,0.441,0.69,0.441,0.69,-0.92,-0.73,-0.73,-0.443,0.69,-0.92,0.441,0.42109195373278074,0.6767066920676096,0.45985225894119397,-0.443,-0.45172104194011764,-0.73,0.49086366838417855,-0.7446319240419221,-0.692,-0.7092553197621845
-0.804,-0.464,-0.932,-0.875,-0.875,1.229,0.972,-0.464,-0.464,-1.154,-1.078,-0.875,-1.078,-0.612,1.678,1.678,0.972,0.972,-0.932,1.678,-0.875,1.678,1.678,-0.612,-0.875,-1.078,-0.875,0.972,-0.875,-1.154,-1.078,-1.154,-0.464,1.678,-0.932,1.678,-1.154,-1.154,-0.464,1.229,1.678,1.229,-0.804,1.678,-0.932,-1.154,1.229,-0.464,-0.875,-1.078,-0.932,0.972,-0.804,-0.804,-0.804,-0.875,1.229,-1.154,1.678,-0.804,-0.8861606650983145,1.6650762377365553,1.2172328598628885,-0.816232091127859,-0.612,1.6884400160547528,-1.1622529092904894,-1.078
-1.051,0.096,-0.661,-1.016,-0.661,-1.051,-1.051,-0.866,-1.016,-1.051,-0.186,-1.051,-0.738,-0.738,-0.738,-0.738,1.389,-0.738,-1.051,0.096,0.096,-1.016,1.389,-0.866,-1.016,-1.051,-1.016,-0.186,0.096,0.134,0.096,1.389,-0.866,-0.661,1.389,0.096,0.134,-1.016,-1.051,-0.186,-0.738,-0.661,-1.051,-0.6762119785225944,-0.186,-1.069021303692566,0.096,-1.035133486321787,0.07242213773978763,-0.866,0.1153742775170176,-1.016,-0.7515917355568893,0.1394439924350919,0.16855754238028278,-1.0320761745145097
-0.64,1.479,0.618,1.479,0.023,-0.64,0.618,0.618,-0.644,0.618,-0.103,1.979,1.479,-0.103,-0.571,-0.893,-0.917,1.979,1.979,0.618,1.979,-0.893,-0.644,-0.893,-0.893,1.979,-0.64,-0.644,-0.64,-0.917,-0.103,0.023,0.023,-0.893,-0.917,-0.103,-0.571,-0.917,-0.571,1.979,0.618,1.479,-0.571,-0.917,0.618,-0.64,-0.644,0.5978223795207173,-0.103,-0.893,-0.6562351252047643,-0.6312054430968844,0.626704109891773,-0.570628686307483,-0.9036715063389205,0.023,-0.6496982649617595,0.6930882950065491,-0.6173301796291033,0.7380680011770158,-0.571,0.7628043240475508,-0.5909671814561936,-0.5698615667733209
-1.03,-0.721,-1.03,1.455,1.655,-1.03,-0.439,1.655,-0.439,1.066,-1.191,1.066,-1.03,-1.111,1.655,1.455,-0.721,1.455,1.655,1.455,1.455,1.455,-1.111,-1.111,-0.902,-1.191,-0.679,-1.03,-1.191,-1.191,-1.111,-1.111,1.655,1.066,-1.111,-0.439,-0.902,-0.902,-1.03,-1.191,-0.679,-0.902,1.455,1.655,-0.679,1.655,-1.111,-1.111,1.655,-1.191,-1.111,-0.902,-1.03,-1.191,1.455,-1.191,-1.111,-1.191,-0.679,1.655,-0.439,1.455,-1.2077874172288814,-0.4499576149209457,-1.03,-1.1760654281312926,-0.40629184166276755,-0.3719243405308044,-0.902,-1.1267350670228384,-1.0452599503959148,-0.31600261731209356,-0.6916102426724368,-0.914663811814429
-1.105,-1.271,-1.105,-0.455,0.257,0.735,-1.105,-0.455,-1.056,-1.056,-0.847,-1.056,-1.271,0.735,-0.33,-1.105,0.257,-1.105,0.257,-0.455,-1.056,-1.056,-0.33,0.257,-1.271,0.735,-0.143,-0.847,-1.271,0.802,0.802,-1.271,0.802,-1.105,-1.271,-1.056,-1.105,0.802,-1.056,0.735,-0.847,-1.271,-1.271,-0.847,-0.143,-0.33,0.802,-0.34300235393477785,-0.455,-1.056,-0.30457649786408725,0.7915631203684157,-1.271,-0.46385081785633797,0.257,-1.105,-1.0658935121432114,-0.2596623305533253,0.735,-0.4161809033670952,-0.22252998186627648
-0.745,0.081,-0.664,-0.802,-0.664,-0.805,-0.805,-0.745,-0.354,0.081,-0.802,-0.802,-0.339,-0.802,-0.754,-0.754,-1.027,-0.773,0.081,-1.027,-1.027,-0.664,-0.805,-0.805,0.081,0.081,-0.339,-0.754,-0.664,-0.664,-0.339,-0.805,-1.027,-0.773,-0.745,-0.339,-0.354,-1.027,-1.027,-0.802,-0.773,0.081,-0.773,-0.664,-0.664,-0.805,-0.754,0.081,0.081,-0.802,-0.8189654715710994,-0.664,-0.354,-0.36475651638073137,-0.339,-0.6749863580639213,-0.3235538519964897,-0.805,-0.616346867169366,-0.28788148778477357,-0.754,-0.773,-0.7746507564539931,-1.027,-0.8033599935838376,-0.5822363477958494,-0.35067429757045365,-0.33022476813584467
-0.976,1.602,-0.943,-0.976,-0.054,1.625,1.602,-0.479,-0.976,-0.418,-0.158,-0.054,-0.976,1.625,-0.158,1.625,-0.976,1.602,-0.418,-0.418,1.602,-0.498,-0.169,1.625,-0.418,1.625,-0.498,-0.943,1.602,-0.943,1.602,-0.498,-0.169,-0.498,-0.418,-0.169,-0.976,1.602,-0.943,-0.479,-0.418,-0.169,1.602,1.625,1.602,-0.054,-0.498,-0.976,-0.943,-0.976,-0.498,1.625,-0.943,-0.976,-0.976,-0.479,-0.498,1.602,-0.9907188655054702,1.625,-0.4931718316416961,-0.46303632394208805,-0.169,1.5874881071349347,-0.44257281128287296,1.642650874314325,-0.418,-0.4344901243703313
-0.178,2.117,1.336,-0.825,1.296,-0.825,1.296,2.117,-0.825,-0.72,0.231,1.296,-0.834,0.231,-0.72,2.117,-0.72,0.231,1.296,1.336,0.231,1.296,1.336,1.401,2.117,-0.825,-0.834,-0.834,-0.72,-0.825,1.296,0.231,-0.834,1.401,2.117,1.296,1.296,1.401,2.117,1.336,1.296,1.336,2.117,2.117,-0.834,2.117,-0.386,-0.178,-0.72,-0.178,1.296,2.117,2.117,1.296,1.401,-0.825,-0.178,-0.72,-0.19212906011940314,-0.386,-0.834,1.3904386472225503,-0.8484526283513831,-0.8349092052042254,0.231,0.21634233266043415,0.25923345706970086,1.422864699714203,-0.8307337075408279
-0.719,-0.836,0.441,1.223,-0.836,0.277,-0.836,-0.719,-0.476,-0.668,-0.836,1.223,-0.719,-0.668,-0.848,-0.414,1.626,-0.668,1.626,1.626,0.441,0.441,-0.476,0.277,-0.414,-0.668,0.441,1.223,-0.836,0.441,-0.848,-0.414,-0.719,1.626,-0.414,-0.668,1.223,1.223,-0.848,-0.848,1.223,-0.719,-0.668,-0.848,0.441,-0.414,-0.719,1.626,-0.414,0.277,-0.668,0.25675870783602583,0.28663478041737706,0.31841086435446486,0.34821603198791423,0.3984346560220988,1.6155848149349978,1.650690506095777,1.6890544834042365,-0.848,-0.836,0.43968097423188957,-0.8626955632596298
-0.193,0.179,-0.193,-0.857,0.215,0.094,0.094,0.094,-0.857,-0.838,0.349,0.215,0.349,1.164,1.503,1.503,0.215,0.179,0.179,0.349,1.503,1.503,-0.838,-0.838,0.179,1.164,1.503,1.503,-0.838,-0.857,-0.838,0.349,0.215,-0.838,0.215,0.215,1.164,-0.193,-0.857,0.179,-0.193,1.164,0.215,0.304,0.304,0.179,1.503,-0.857,0.215,1.164,1.1463410486233407,1.1756161645884022,0.094,0.349,0.179,-0.857,-0.838,0.20344788988486054,0.1618999222728959,1.503,0.2197189581551683,0.0828088297037817,0.3368538026295258
-1.157,-1.157,1.54,-0.941,-0.827,-0.941,-1.133,1.049,1.425,-1.157,-0.827,1.54,-1.157,-0.729,-1.133,-0.355,-0.827,-1.133,1.049,1.425,-1.133,-0.827,-1.133,1.425,-1.157,-0.827,-0.729,1.54,-1.133,-0.941,-0.827,1.54,-0.941,-0.257,1.54,-0.827,1.425,1.049,-0.729,-0.941,1.049,1.049,-1.157,-1.157,-0.355,-0.941,-0.729,-1.157,-0.355,-1.133,-0.3697479728264524,-0.3147953874118772,-0.2785263380059141,-0.941,-1.1701375992394474,1.049,-1.1445728475180583,1.54,1.0365065363951929,-1.1460022194959532,1.425,-0.827,-0.8476547944815613,-0.9491305434276048,1.4138146377966105,-0.9209878548672122,-0.23794292783669174,1.4499447015690912,-1.1281978705461857
-0.826,0.368,0.368,1.549,-0.826,1.549,0.557,0.368,1.193,1.193,1.549,0.141,-0.826,0.141,0.557,0.368,-1.149,0.141,1.549,0.368,0.557,0.368,1.242,0.368,0.79,-1.149,0.79,1.549,1.242,-0.826,-1.149,-0.591,1.242,1.549,1.549,0.141,-1.149,-0.591,0.557,1.549,-1.149,0.141,-1.149,1.549,1.549,1.193,-0.591,-1.149,0.141,-1.149,0.557,1.193,-1.149,0.557,0.141,-0.591,1.193,-0.6055017298194958,-0.826,0.79,0.368,1.1796967500078788,0.557,1.549,0.5414860393275174,0.12838253224195437,0.5823779069170311,1.242,-1.149,1.2257305566653063,-0.5766198137105311,1.2598784002721952,0.6095548885853582,1.5377673271352528
0.557,-0.755,-0.524,0.557,-0.81,-0.808,-0.808,0.557,-0.808,0.557,-0.81,-0.098,2.093,0.557,2.093,2.093,-0.755,0.557,2.093,-0.81,-0.808,0.557,-0.524,1.033,0.557,2.093,-0.808,-0.755,0.719,-0.808,0.481,1.033,2.093,1.033,-0.755,-0.81,-0.524,0.719,-0.098,2.093,-0.755,-0.808,-0.098,-0.755,-0.81,-0.098,0.557,0.5437407651677533,2.093,-0.8242370384430844,0.481,-0.7715415279907587,-0.11097778024758842,0.5711472506207349,-0.8017263759212624,0.719,0.5826352815402659,2.0834501753416315,0.6148377771930638
-1.339,-1.339,-0.742,1.048,-0.899,-1.339,-0.703,-0.742,0.074,-1.056,-0.136,-0.136,0.267,-0.522,-0.703,-0.899,-1.339,-0.742,-1.056,-0.522,-0.899,-1.339,-0.136,0.267,-0.522,0.267,-1.056,-1.339,-0.742,-1.339,-1.056,-0.703,-0.136,-0.522,-1.339,0.074,1.048,-0.742,1.048,-1.339,-0.522,-0.522,-1.339,-1.056,-0.742,-0.742,-0.522,-0.522,-1.056,-0.899,0.267,1.048,-1.339,-0.742,-1.3518529054796913,0.25850120961665934,-0.522,0.2902449535339483,-1.3093551889879405,-1.2720230788885636,-0.7558303224246478,-0.5338249567039367,-1.056
-0.027,0.172,-0.027,-0.65,0.282,0.138,-0.762,0.648,-0.772,-0.244,-0.027,0.138,0.138,-0.244,0.172,-0.09,0.172,0.138,-0.244,0.138,-0.762,0.282,-0.772,0.648,-0.09,0.282,-0.09,-0.762,-0.762,0.648,-0.09,-0.762,0.282,0.138,-0.772,0.282,-0.65,-0.772,0.172,-0.09,0.648,-0.762,-0.244,0.282,0.648,-0.772,0.282,0.138,-0.027,-0.09,-0.04270159829389311,-0.244,-0.762,-0.7818202241432601,-0.7507124059319055,-0.772,-0.10018985584194885,-0.65,-0.03736372890857389,-0.7369006535686032,0.1258997643276578,0.172,0.15224845691946393
-1.017,-0.766,-1.289,1.196,1.196,-0.642,-0.642,1.196,1.196,-0.766,-0.739,-1.289,-1.289,-0.642,-1.017,-1.289,-0.633,-0.739,0.461,-1.289,-0.642,-0.642,-0.766,-0.688,-0.688,-0.633,-0.295,-0.688,-1.017,-0.688,-1.289,-1.289,-0.642,-0.739,-1.017,-0.739,1.196,-0.633,-0.739,-1.017,-1.289,-0.766,-0.766,-0.766,-1.017,-0.295,-0.642,-1.289,-1.3031458257672068,-0.660181569683217,1.196,-0.766,-1.017,1.1820986441172183,-0.633,-0.7829220874846226,0.461,0.4425718882908548,-0.295,-1.028437133519701,-0.739,0.48392422757566084,-0.9778381565374756,-0.7367619247491192
0.033,1.108,1.078,1.495,0.686,1.495,-0.066,-0.346,0.033,0.686,1.495,1.108,-0.098,0.686,1.078,-0.346,0.53,0.53,0.033,0.329,1.078,1.108,1.078,-0.066,1.108,0.686,0.329,0.033,-0.066,0.686,-0.066,-0.066,1.495,0.53,1.108,0.033,0.686,1.078,0.686,1.108,1.495,0.53,1.108,1.108,0.329,0.53,0.31840371530211065,-0.346,-0.066,0.5136160595929792,1.0912582830385114,0.34907738275879496,-0.098,0.686,-0.3578216709173286,-0.07867324574314577,0.3981438448788317,1.1362238444694097,-0.33257468000442286
1.376,-0.673,1.376,-0.673,1.376,-0.673,-0.673,-0.901,-1.338,-1.338,-1.338,-0.811,-0.901,-0.811,-0.798,-1.338,-0.811,-1.338,-0.283,0.394,-0.901,-0.283,-0.673,-0.746,-0.901,-0.811,-0.746,-0.798,-0.22,-1.338,-0.746,-0.673,-1.338,-0.746,-1.338,0.394,1.376,-0.746,-1.338,-0.746,-0.798,1.376,-1.338,-0.901,-0.673,-1.338,-0.283,0.394,-0.811,-1.352989808134401,0.3798381884462366,-0.8265239995614031,0.4043298894452716,-0.798,0.4473449869172249,-0.2953401030900535,-0.26172912385827296,0.48062875184609916
-1.027,-0.785,-1.069,-0.395,-0.785,-1.069,-1.027,2.019,-0.515,-0.967,2.019,2.019,-0.967,1.624,-0.515,-1.153,-0.925,1.624,-0.925,-0.515,-1.069,-1.027,-1.153,-0.785,-1.069,2.019,-1.069,-0.515,2.019,2.019,-0.925,1.624,-0.967,-1.069,-1.153,-1.069,-0.925,2.019,-1.027,-0.967,-1.153,-0.785,-1.069,1.624,-1.153,-1.069,-1.027,2.019,-1.027,-0.967,-0.515,-1.069,-0.925,-0.395,-1.153,-0.9386299890127738,-0.785,1.624,-1.1702021897004327,-1.069,1.612738752209859,-1.0871771119402558,-0.515,-1.0571099045655885,-1.122781410732828,-1.0969434136634832,-0.967,-0.5288297067831957,-0.516308241672485,-0.9816168577223333
0.677,0.25,-0.703,-0.961,-0.253,-0.643,-0.912,-0.912,-0.703,0.835,-0.914,-0.912,-0.961,-0.914,-0.643,0.25,0.835,0.677,0.25,-0.643,-0.191,0.25,-0.914,-0.191,0.677,0.677,-0.914,0.677,-0.912,-0.961,-0.914,-0.961,-0.643,-0.191,-0.191,-0.191,-0.703,-0.253,0.25,-0.961,-0.914,-0.703,0.25,-0.912,-0.937283484678039,0.835,-0.7156753448280404,-0.8926459229294355,-0.643,-0.253,-0.8369073632519276,-0.2659064691917106,0.8227347887553208,-0.6586903165352388,0.8643421263123042,-0.914,-0.191,-0.9280753621142797,-0.2020953458881033,-0.6881950444667316,-0.21297195248841386,0.8852889096899417,-0.961,-0.8933118302173819,-0.8764630040247481
-1.076,-1.076,-0.804,-1.295,-0.619,-1.295,-1.076,0.954,0.954,-0.873,-1.295,-1.076,0.954,-0.873,-1.295,-1.076,-0.804,0.954,-0.223,-1.295,0.954,0.699,-0.873,-1.076,-0.873,-1.295,-1.076,-0.804,-0.619,-1.076,0.699,-1.295,-0.804,-0.873,0.954,0.699,-0.223,-0.873,-0.619,0.0,-0.63291253723994,-1.076,-0.5938361183224365,-0.5663624449050906,0.954,-0.887351994839884,-0.01245518170734423,-0.5252212563786759,-0.8416684641978992,-1.085436664850481,-0.223
-0.079,-0.079,-0.206,-0.806,-0.806,0.663,0.175,1.086,-0.924,0.663,0.663,1.086,-0.079,0.663,-0.924,0.663,1.086,0.175,0.175,0.939,0.883,0.175,0.883,-0.924,-0.806,0.175,0.663,0.939,-0.924,0.883,0.175,0.643,-0.924,0.643,-0.806,0.663,0.939,-0.079,0.643,0.883,0.883,0.643,0.643,-0.924,0.663,0.883,-0.079,0.643,-0.924,-0.9391874507788086,0.663,-0.806,-0.8225771683418784,1.086,0.6521590120136304,0.6873907325855902,0.6951772268906097,0.716881699265603,-0.8828524143243145,0.175,0.883,0.1575403218553032
1.651,-0.42,-0.541,-0.541,-0.488,1.651,-0.378,0.336,-1.027,0.336,1.651,-0.857,-0.42,0.336,-0.378,-0.378,-0.378,1.651,-0.488,0.709,-0.937,-0.488,-0.937,-0.857,0.336,-0.488,-0.857,-0.857,0.336,-0.937,-0.42,0.709,0.336,-1.027,1.651,0.336,-0.488,1.651,-1.027,0.336,1.651,-0.937,-0.488,-0.378,0.709,-0.541,-0.541,-0.378,-1.027,-0.488,-0.541,-1.027,-0.378,-0.937,1.651,-0.857,0.336,-0.870526056280546,0.709,0.3123009503929479,-0.42,-0.488,-0.378,1.637531091098674,-0.4322907137442983,0.6943004841754553,-0.8270206775408021,-0.541,-0.9497159112734298,-0.3959012548206581
1.849,1.849,1.501,1.757,1.849,1.849,1.756,1.251,0.712,-0.303,-0.407,1.756,1.756,1.756,-0.303,1.756,1.501,1.756,1.757,1.501,1.849,0.712,1.251,0.316,1.849,0.816,1.501,-0.303,1.251,1.849,1.757,-0.407,-0.303,0.316,-0.407,1.757,1.849,-0.407,1.756,1.501,1.251,1.501,1.251,1.251,0.816,0.712,1.251,1.757,1.741821300814584,-0.407,1.2347202695905504,0.6968541088489378,-0.303,1.7653683824837239,1.849,0.316,1.2897844998109151
-0.033,-0.685,-0.437,-0.437,-0.161,-0.033,-0.437,-0.685,-0.161,0.144,-0.487,0.62,1.196,0.144,-0.685,0.144,-0.437,1.196,0.509,1.196,-0.033,0.62,0.62,-0.437,-0.161,-0.487,-0.437,-0.033,1.196,0.144,-0.487,-0.161,-0.487,-0.487,-0.033,0.144,1.196,-0.161,0.62,0.62,-0.161,1.196,0.62,0.0,-0.033,-0.487,-0.161,-0.437,-0.17710580019347036,-0.5008463548060227,-0.4489365393205012,0.509,0.144,-0.45071382723093506,-0.044178805369189666,0.62,-0.4243104231717255,-0.41463075962351065
0.321,1.484,-0.512,-0.793,0.825,0.825,1.484,0.228,-1.053,0.825,-0.996,-0.512,1.484,1.484,0.321,-0.512,-1.053,-1.053,1.484,0.321,-0.512,-0.316,-0.793,-0.996,-0.316,-1.053,1.484,0.825,0.321,0.825,1.484,0.825,0.228,-0.342,-1.053,-1.053,-0.996,-0.342,-0.512,-0.996,-0.512,-0.996,-0.793,1.484,-0.512,-0.996,0.825,-1.053,0.228,-1.0684141322768725,0.212654283622126,1.484,1.4671673223419057,0.25284320660733794,0.321,0.8147493410371117,-1.0400196923241536,-0.342
-0.418,-0.888,-0.418,-0.418,1.926,1.926,-0.585,-0.418,-0.611,1.926,1.926,-0.611,0.093,1.455,1.455,-0.544,1.926,-0.674,1.926,-0.544,-0.585,1.455,0.093,-0.888,-0.888,-0.585,1.029,-0.611,1.029,1.455,-0.674,-0.418,-0.611,-0.418,-0.611,1.029,1.455,1.926,-0.888,-0.544,-0.611,-0.611,-0.418,1.455,0.093,1.029,-0.418,1.926,1.9060967475559438,-0.585,1.945557538307712,-0.674,-0.6929559896095266,-0.5996057611680339,-0.611,-0.6310727071297629,1.0171906905081425,-0.544,-0.5546864139744904,-0.5423794142029345
-0.846,-0.782,-0.782,-0.782,-0.846,1.127,0.108,1.273,0.74,1.127,0.74,0.108,0.064,1.266,0.108,-0.511,-0.782,1.266,-0.733,0.108,0.108,-0.846,1.127,-0.511,1.273,1.273,1.127,0.74,1.273,1.266,0.108,0.064,0.74,1.273,-0.846,1.266,-0.782,0.064,1.127,0.74,0.74,-0.733,1.266,-0.733,0.108,1.273,1.127,-0.511,1.266,1.2471181163780805,-0.733,-0.782,0.74,1.273,0.7197892586546917,-0.846,-0.8634360583289564,-0.5194533085293362,1.2809554696696563
0.164,-1.128,-1.128,-1.128,0.164,-1.019,-0.942,-1.297,-1.034,-1.297,-0.068,-0.686,-1.019,-0.686,-0.404,-1.128,-1.034,-1.297,-1.128,-1.297,0.958,-1.297,-1.297,-0.942,-1.297,-1.128,-0.686,-1.034,-0.686,-1.034,-0.942,-1.128,-1.019,-0.942,0.164,0.958,-1.128,-1.297,-0.942,-1.034,-1.019,-1.128,-1.019,-1.128,-1.019,0.958,-0.942,-1.019,-1.128,-1.034,-0.9538127192565007,-0.686,-1.0347476434169733,-0.9995014667006574,-0.404,-1.0497175063371322,0.9460910944384228,-1.1391245490902793,-0.068,0.9794112359662906
-0.125,1.65,-1.08,1.891,-1.188,1.891,1.891,1.05,1.65,1.239,1.65,1.65,-1.08,-0.498,0.745,-0.498,1.65,1.891,-1.077,-0.125,-1.08,-1.077,1.891,-0.125,-0.125,-1.188,0.745,1.65,-1.188,-1.188,0.745,1.239,-1.077,1.65,-1.077,1.891,-1.077,-0.125,1.05,0.745,-1.188,-1.08,1.891,1.239,-0.125,-1.077,-1.08,-0.125,-1.188,1.05,1.891,-0.125,-0.13844336226378257,-1.08,1.65,1.239,0.745,1.0370272859184213,-0.1118396213200038,1.8780015236147312,-1.0957866614446632,-0.498,-0.08818358004133742
0.878,-0.746,2.13,0.878,1.193,2.13,-0.746,0.842,0.842,2.13,0.842,0.842,0.842,0.219,2.13,0.878,-0.861,-0.65,-0.546,2.13,0.842,2.13,0.878,0.878,-0.746,-0.861,2.13,-0.546,0.219,1.193,-0.746,-0.65,-0.746,-0.746,-0.861,0.532,2.13,-0.65,1.193,0.878,0.878,0.532,2.13,0.219,-0.746,-0.861,0.842,-0.65,-0.7660959054110857,0.878,0.8608144528058799,-0.7342088935314213,0.88659489985622,0.8283187828404883,-0.8737908313968553,-0.546,0.9329270930958653,0.219,0.8784520855561906
0.091,1.102,1.255,0.091,0.545,0.373,0.764,0.252,0.373,0.764,1.255,-0.892,1.102,1.255,0.373,0.545,0.545,-0.582,0.252,0.373,-0.892,0.252,1.255,0.373,0.252,1.102,0.373,0.373,1.102,0.764,0.091,1.102,0.373,-0.892,1.255,-0.892,0.252,0.545,1.255,0.764,-0.582,0.252,0.545,0.764,-0.582,0.439,-0.892,-0.892,0.764,0.439,0.252,0.2324386150919552,-0.582,-0.892,0.091,-0.9026577197625643,0.4281262244235144,0.373,1.255,1.2411472212956267,-0.8801253774680294,0.25891476434340527,0.3559495953093625,0.764,-0.8380596427698791
-1.252,-1.252,0.327,-0.481,-0.707,0.979,1.015,2.496,2.496,-1.252,0.728,-1.252,0.233,0.192,2.496,-0.481,-0.707,2.496,-1.252,0.233,2.496,1.015,0.233,-1.252,0.979,2.496,0.327,-0.481,1.015,1.015,0.728,0.728,-0.707,2.496,0.979,2.496,0.327,0.233,0.979,-0.707,0.233,2.496,0.192,0.979,0.233,2.496,2.496,0.327,-1.252,-0.707,-1.252,0.327,-0.481,0.192,-0.7167183797371838,0.979,-0.714726218270939,1.015,0.9709629540693846,-1.2615394985239836,0.988230997901869,0.233,1.0300803927141153,0.1791493452478216,2.496,-1.221003347723474,-0.4955654276266684,1.0747388639247635,0.22099138521539669
1.465,-1.333,0.133,-1.155,1.289,0.133,-1.333,-1.155,-0.319,-1.333,-0.245,1.328,-1.333,-1.333,-0.319,-1.155,-1.155,-1.333,0.133,-0.485,1.465,-1.155,1.465,-0.245,-0.485,-1.333,-0.485,-0.941,-1.155,1.465,0.133,1.465,-0.941,1.289,-1.333,1.328,-0.941,-1.333,-0.485,1.289,-0.941,-1.155,-0.319,-0.485,-1.155,-0.485,-0.245,-0.319,-0.245,-0.941,1.328,-1.333,1.328,-0.485,-0.485,1.289,0.133,-0.941,-1.333,-0.319,-1.155,1.2746939125484575,-0.9559311631009679,-0.485,-1.1725152153439522,1.314021721776642,-1.3416770999273133,-0.920141957771918,1.328,-1.3150837808286073,1.465,-0.49856416450015933,-0.875507537172646,0.11754531097343988,-1.1226358840983899
0.082,-0.83,1.117,0.644,0.082,-0.735,-0.735,-0.735,-0.735,0.333,0.333,-0.408,1.423,0.333,-0.408,0.644,0.644,0.644,1.117,0.082,1.423,0.644,0.644,1.117,0.333,-0.83,0.082,-0.094,-0.83,0.333,-0.094,0.333,-0.436,-0.408,-0.735,-0.408,0.644,1.423,-0.436,-0.83,1.423,1.423,-0.83,-0.094,0.082,-0.83,1.117,1.423,-0.735,1.117,0.644,1.423,0.082,-0.735,0.082,-0.83,0.333,-0.83,1.423,-0.408,-0.094,-0.11275952611270904,0.644,-0.8405847880222085,1.408839349740295,1.444865244338138,-0.8027623666431369,-0.4180747802621452
1.101,1.357,1.357,-0.252,1.357,0.788,0.788,1.006,-0.252,0.788,-0.684,-0.252,-0.252,1.006,1.357,1.006,1.101,0.388,1.357,1.101,1.101,-0.27,1.006,-0.292,-0.292,0.631,-0.684,0.788,1.101,0.631,-0.27,0.388,1.357,0.788,1.101,0.788,-0.27,0.631,-0.292,0.631,0.788,0.788,-0.27,-0.684,1.101,1.357,-0.252,-0.292,-0.31051323999785774,-0.252,1.101,-0.684,-0.2676971713944482,1.006,1.0906927735870848,0.9939860726891007,1.357,0.388,0.788,0.7708022918020321
-0.514,1.118,1.812,-0.514,1.812,0.567,-1.037,1.812,1.355,0.567,0.465,1.118,-0.462,-1.037,-0.514,-1.037,1.812,-0.462,1.355,1.355,0.465,-0.956,-1.037,1.812,-1.037,-0.514,0.567,1.118,1.355,0.038,1.812,1.355,0.567,-0.956,0.465,0.038,1.812,-0.514,1.355,-0.956,1.812,-0.462,-0.956,1.812,-0.514,-0.956,-1.037,-0.514,-1.037,0.567,-0.956,0.038,0.465,0.567,1.812,-0.956,-1.037,1.355,1.3410951376489495,-0.514,-0.462,1.387431691955268,-0.5264353357913579,1.4184434117225775,0.038,0.5594349975174465,1.7978810488887562,0.465
1.04,0.574,0.189,0.189,-1.296,-1.296,-1.296,-1.142,-1.142,-1.296,0.503,-0.924,0.336,0.503,-1.142,-1.142,0.336,0.336,0.336,-0.924,0.438,-0.924,-1.296,0.336,-0.924,-0.065,-1.142,-0.924,0.503,-1.142,0.189,-1.296,0.503,0.336,0.336,-0.924,0.336,0.503,-1.142,1.04,0.438,0.336,0.438,-1.296,-1.142,1.04,-1.142,0.438,0.336,1.04,-0.924,0.189,-0.065,-0.08058374689212666,-1.142,0.438,0.336,0.503,1.0257507165337492,0.3212307421882615,-0.9359713911370531,0.42751899289873624,0.17885684006461366,1.0652607634475537,-1.296
-0.281,1.845,-0.867,0.994,0.994,-0.281,-0.632,0.994,0.994,-0.632,0.171,0.171,-0.867,1.845,-0.632,-0.867,0.994,-0.867,0.129,0.171,0.085,0.12,1.845,0.12,-0.281,0.994,-0.743,-0.743,0.994,0.171,-0.743,-0.632,-0.632,0.171,1.845,1.845,-0.632,-0.632,0.129,-0.632,0.12,0.171,0.171,-0.743,-0.743,-0.281,0.085,-0.281,-0.743,-0.632,0.171,0.085,-0.743,1.845,0.171,-0.281,0.15113850067031412,1.830696417005942,0.07166065964765841,-0.2921976738327695,-0.867,-0.7541100848341469,-0.2644349976561854,-0.22532441366858003,0.10765180752471423
0.578,0.578,0.717,-0.153,-0.428,-0.428,1.067,-0.234,0.578,-0.598,0.578,-0.598,-0.234,2.076,1.067,2.076,-0.867,-0.598,1.067,-0.598,0.717,0.717,-0.428,2.076,-0.153,1.067,0.578,0.504,0.717,-0.867,-0.598,2.076,-0.598,1.067,1.067,1.067,-0.234,-0.598,0.717,-0.867,2.076,-0.428,0.717,2.076,-0.867,0.578,-0.428,0.578,-0.234,0.717,-0.867,-0.24830129965307068,-0.8849439331664408,-0.153,0.504,0.70805034156654,0.7473650417932409,-0.598,-0.21804567029541558,1.067
0.761,1.073,0.798,0.798,0.788,-0.413,1.073,-0.882,0.788,0.798,-0.842,-0.842,0.788,-0.842,-0.882,-0.882,0.788,1.313,0.761,0.788,0.945,-0.842,-0.024,0.761,-0.882,-0.024,-0.882,1.313,1.313,1.313,-0.024,0.761,-0.882,-0.024,1.073,0.761,0.788,1.073,1.073,0.798,0.798,-0.024,0.945,1.073,0.788,1.073,-0.882,-0.413,0.945,-0.024,0.761,1.0578585293450689,0.798,0.7470470239084593,-0.842,0.9284469673186692,1.313,-0.4235175068044005,0.785021387154691,1.2995787672893824,0.788,1.0891681678986034
-0.888,-1.1,0.124,-0.102,-0.888,-0.388,-0.142,-0.167,-0.388,-1.1,-0.888,-1.1,-1.1,-0.102,-0.142,-0.142,-1.1,0.798,0.124,-1.1,-0.142,-0.597,-0.167,0.798,-0.102,0.124,-1.047,-0.888,-0.142,-0.597,-1.1,-0.597,0.124,-0.888,-0.142,-0.388,-1.047,-1.1,-1.047,-1.047,-1.047,-0.167,-0.102,0.798,-0.388,-1.047,-0.888,-0.40223289672885726,-0.142,0.124,-1.1,0.10807388944691189,-0.597,-0.102,-1.1096105550962891,-0.6106910184373301,-1.0853299073007132,-0.11733515868944833
0.551,-0.821,0.551,-1.248,-0.821,0.92,0.92,-1.248,-1.248,0.551,-1.361,-0.751,-1.422,-1.248,-0.751,-1.361,0.92,0.804,0.804,-0.77,-1.248,-1.248,-1.361,-0.77,-1.248,-1.422,-1.361,0.92,-0.768,-0.751,-1.248,-1.422,-0.77,-1.361,-1.422,-0.768,-0.77,-1.361,-1.422,-0.821,-1.422,-1.422,-0.821,-0.751,-0.821,-0.768,-0.821,-0.821,-1.361,-1.422,-1.248,-1.422,-1.361,-0.77,-0.77,-1.248,-0.751,-0.821,-1.422,-1.361,0.551,-0.7839287795219962,0.804,-0.7482874620738089,-0.768,-0.7892251124747086,0.537548213855595,-0.7125981024459918
1.692,0.185,-0.445,-0.387,1.692,1.103,0.481,-0.768,-0.558,1.103,0.532,1.103,0.428,-0.387,0.185,0.185,-0.387,-0.768,0.532,1.692,1.692,-0.445,0.532,0.185,1.692,1.692,-0.445,-0.768,-0.768,0.185,-0.558,0.481,1.103,0.185,0.481,-0.387,0.481,-0.558,-0.445,-0.768,1.103,1.692,0.532,1.103,0.185,-0.387,0.185,-0.445,-0.387,1.692,-0.558,1.6715785188793029,-0.5718725426209036,0.481,0.532,0.4609819937569263,-0.387,-0.40955642320662683,-0.39032244948876726,0.5148638817391349,1.103,0.5350989773437231,-0.36429142358661293,1.092885338124566
-0.285,-0.389,-0.285,-0.389,-0.421,-0.285,-0.602,-0.602,-0.389,-1.191,-1.191,1.409,-0.507,-0.794,0.303,1.409,1.735,-1.191,-0.507,-1.191,1.409,1.409,-0.389,-0.389,1.409,-1.191,-1.191,-1.191,0.303,-0.389,-0.285,-0.285,-0.794,1.735,-0.507,-1.191,-0.389,-0.389,1.735,1.735,-0.602,-0.794,-0.285,-0.389,1.409,-0.389,-0.602,-0.507,-0.794,-0.615740686149242,-0.285,0.303,1.409,1.3980415229194818,-0.8061139085209874,-0.421,-1.191,0.290433232496292,1.735
-0.116,0.21,-0.116,-1.072,1.357,0.83,-1.072,1.554,1.357,1.357,-0.116,0.358,-0.116,1.357,-0.317,0.21,1.554,1.357,-1.072,0.83,-1.072,0.74,-0.234,1.554,-0.317,-0.317,-0.116,0.358,1.554,-1.072,-1.072,-0.234,1.357,0.74,-0.116,-0.116,1.554,-0.116,-0.234,-0.234,0.21,0.83,-0.317,-0.116,-0.234,-0.317,1.554,-0.317,-0.317,1.357,1.554,-1.072,-1.0859533170660365,1.5403284953448937,0.83,-1.049549791229301,-0.116,1.3468111998368903
0.174,0.174,-0.846,-0.906,0.376,-0.461,1.037,0.528,0.069,2.838,2.838,0.849,-0.906,0.174,0.528,0.849,-0.846,-0.461,0.376,0.376,0.174,0.528,0.069,-0.846,2.838,2.838,-0.461,0.528,-0.461,0.849,0.849,2.838,0.174,0.069,1.037,0.069,-0.846,2.838,0.174,2.838,-0.906,2.838,2.838,0.528,1.037,0.849,-0.906,0.528,0.069,0.528,-0.461,2.838,-0.846,2.8218052667527282,0.174,0.849,-0.906,2.8581147592720737,0.516628380260872,0.16223847734985133,-0.8515440244617987,2.87760547686179,0.05913334548839416
1.536,1.797,-0.43,0.206,1.797,-0.43,-0.685,-0.518,-0.43,0.797,0.206,1.797,-0.685,0.206,-0.43,-0.43,-0.518,-0.537,-0.685,0.797,1.797,1.536,1.536,-0.537,1.035,0.206,1.035,0.326,1.035,-0.685,1.797,-0.685,1.536,-0.685,1.536,1.797,1.536,1.797,0.797,1.797,0.797,-0.537,-0.43,-0.518,0.326,0.797,1.536,0.797,1.797,0.206,-0.43,0.206,1.797,-0.537,1.7836023737184696,-0.43,0.19048945673932524,0.21967974688015185,-0.4435675874784372,-0.5469832804083674,1.8198557098260686,-0.685,-0.4041563864287273,-0.6969418236392908,0.797,0.7794105726582163,0.326,-0.6608893409950221,-0.5190372383853928,1.035,0.281980489264881
2.375,2.375,0.279,0.264,2.375,0.361,-0.758,-0.768,0.279,-0.758,0.279,2.375,-0.8,2.375,-0.768,2.375,0.279,0.264,-0.8,-0.715,-0.715,0.264,-0.768,-0.715,-0.758,-0.758,0.361,0.361,-0.8,-0.399,-0.8,-0.602,0.361,2.375,-0.8,-0.399,0.279,2.375,2.375,2.375,2.375,-0.602,0.279,-0.758,-0.602,0.361,2.375,0.264,0.250081855232801,-0.715,-0.602,-0.613130667490179,2.3610987019838636,-0.399,-0.758,-0.568928091544664,2.405020260315171,-0.7709153515641235,-0.5452523968976252,0.279,-0.8,-0.7230197015579114
-0.244,-0.244,1.321,0.392,-0.019,-0.613,-0.858,-1.16,0.392,-0.974,-0.974,-1.16,-0.974,-0.019,-1.16,-1.16,-0.858,-0.019,-0.974,-0.019,1.321,-0.974,0.392,-0.858,1.321,-0.645,1.321,-0.645,-1.16,-0.019,-0.613,-0.974,1.321,0.392,-0.858,-1.16,-0.613,0.419,1.321,-0.613,0.392,-0.858,1.321,-0.244,-1.16,0.392,-1.16,-1.16,-0.974,-1.16,-0.613,-0.645,-0.244,-0.2574420869732291,-0.019,-0.22006786251048754,-0.6597148048936503,-0.858,-1.177173411493303,-0.974,-0.619272849136288,-0.8702838766422527,-0.6384164387083051
-0.675,1.198,-1.167,-1.102,0.117,1.198,0.117,-1.102,1.198,-0.425,-1.167,-1.167,-0.675,-0.425,0.117,-0.425,-1.102,-1.079,-1.079,0.472,-1.167,0.751,0.472,-1.079,-0.425,0.472,-1.102,1.198,-1.079,0.117,-0.425,-1.167,0.117,-1.167,0.751,0.751,0.755,0.755,0.117,-1.167,0.117,0.117,0.472,-1.102,0.472,-0.675,-1.102,-1.167,-0.675,-1.079,-1.102,1.198,-1.079,0.117,0.09959449641649874,1.198,-1.167,0.751,0.472,-0.425,0.12617782736914068,1.18613202582727,0.15238199944563377,1.2211939089976565,-1.102,-0.43761422742655637,-1.1205118308978912,-0.675,0.755,0.18853285642983095
-1.189,-0.042,1.671,-0.812,-1.189,-0.042,1.671,-1.189,-0.694,1.671,-0.812,-0.042,-0.664,-0.694,-1.045,-0.694,-1.045,-0.042,-0.06,-1.189,0.704,-1.189,-0.042,-0.042,-0.694,1.671,-1.189,-1.189,-0.042,-0.664,-1.189,-1.045,-1.045,-0.812,0.704,1.671,-0.694,0.704,1.671,-1.045,-1.189,0.439,-0.694,-0.664,-0.812,0.704,-0.812,-0.694,-1.045,-1.045,-0.042,0.704,0.6927554950544746,-0.664,0.439,0.7224129273217709,-1.189,-1.2084569128883274,-0.06,-0.08126727471887932,-1.045,-0.812,-0.6752636110113641,1.671,1.6487785566787143,0.42597653930397006,-1.1526394594315632,-0.694
1.048,-0.891,-0.275,-0.345,-0.577,-0.86,-0.345,0.033,-0.577,1.048,-0.577,-0.891,-0.475,-0.891,0.033,-0.891,-0.475,-0.577,0.033,-0.577,-0.475,-0.891,1.048,-0.163,-0.275,-0.475,0.913,-0.577,-0.345,1.048,-0.475,-0.163,-0.86,0.913,0.033,-0.86,-0.345,-0.475,0.033,-0.345,-0.891,-0.577,-0.275,-0.475,-0.5927191250785981,1.048,-0.9099573902523561,0.913,1.042277668346268,0.8948903407780512,-0.3598101454287869,0.033,-0.8786301435829565,0.020218843372391992,-0.28399852779621637,-0.4887011650423795,-0.8507464197744572,-0.258007139839943,-0.793643132671615
-0.584,-0.957,0.83,0.128,0.284,0.167,0.167,-1.077,-0.644,-0.957,-0.808,-0.584,-0.584,-0.584,-0.957,-1.077,1.425,1.425,0.167,-1.077,0.128,0.284,-0.808,1.425,-0.584,0.83,0.284,1.425,0.83,-0.584,0.83,0.167,0.83,1.425,1.425,0.167,-0.957,-0.808,-0.644,-0.584,-0.808,-0.584,0.167,0.128,-0.644,0.284,-1.077,0.83,-0.584,-1.077,-0.808,-0.957,-0.957,-0.808,-0.9650077771103933,0.128,1.425,1.4129548186578766,-1.077,0.1158431802616017,0.167,0.83,-0.584,-1.0915237515555858,0.8151771883369759
-1.4,-1.4,1.625,1.625,-1.4,-1.079,-1.4,-0.549,1.625,0.592,-0.716,-1.079,1.625,-0.379,-0.549,0.592,0.842,-0.549,0.592,-1.4,-1.079,0.842,-0.379,-0.379,-1.079,1.625,1.625,1.625,1.625,-0.379,-1.079,0.592,0.908,-1.079,-1.4,-0.716,0.592,-1.079,-1.4,0.592,0.908,-1.4,-1.4,-0.142,-1.079,0.908,-0.716,-0.379,0.842,0.592,-0.379,-0.379,0.908,0.8929274545040036,-0.549,-1.4,1.625,-0.142,-0.15335465871064358,0.9399264631148441,-0.11381391252475002,-0.3903348494236838,0.592,0.9664485801703182,-0.716,0.842,-0.5626907317939467,-1.079,-0.5001791779092519,0.5767334502504812
0.082,0.483,-1.071,0.082,0.443,-0.992,-0.992,0.483,-1.11,-1.089,-1.11,-1.11,0.082,-0.992,-1.071,0.082,1.019,0.483,1.758,-0.992,0.082,-1.11,1.019,0.082,1.758,0.483,-1.089,-1.11,0.082,0.483,0.082,0.082,-1.11,0.483,-1.089,-0.272,-0.272,-1.089,0.082,-1.089,1.758,1.758,-1.071,-1.071,0.483,-0.992,-0.272,-0.272,-1.089,-1.071,-1.11,1.758,0.483,0.483,1.019,0.082,1.758,1.0104407768483439,0.443,-1.089,-1.071,0.4301433685511142,-1.0877064197265478,0.483,1.045316017352025
-0.495,-0.495,-0.8,-0.466,1.046,-0.8,-0.8,1.046,-1.032,1.21,-0.973,0.296,-0.973,-0.726,0.296,1.21,-0.973,0.296,-0.466,-1.032,1.046,-0.69,-0.973,1.21,1.046,-0.69,0.296,-0.973,-0.8,1.21,-0.973,-0.726,-0.726,0.296,-0.8,-1.032,1.21,-1.032,0.296,-0.726,-1.032,-0.466,-0.495,-0.5154521439691454,-1.032,1.21,-0.466,-0.8,-1.047694228333907,0.296,-0.726,1.2001538349385719,0.28160309433054875,-0.7396545208323684,-0.973,-0.9887077019874014,-1.026091049890453
-1.014,-0.626,1.247,-0.332,-0.887,1.746,1.247,1.532,-0.629,-0.887,1.566,1.746,-0.626,-0.332,1.532,-0.332,-0.332,1.247,1.566,-1.014,-0.332,-0.887,1.532,1.566,1.247,-0.767,1.247,1.746,1.746,-0.332,1.566,-1.014,-0.887,-0.626,1.566,-0.626,-0.626,-0.767,1.532,1.746,1.566,-0.626,-1.014,1.532,-1.014,-0.887,-0.767,-0.629,-0.767,1.247,-0.887,1.746,-0.626,-0.626,1.532,-0.332,1.247,-0.3406736494812957,1.520579516702615,-0.626,-0.29638438466132516,-0.767,1.574417404865708,-0.629,-1.014,-0.6371731107960347,-0.2824464508042308,1.746,1.7256044575115557,1.236774670650769
-1.006,1.309,0.758,0.758,-1.006,-0.103,0.758,1.472,0.758,0.536,0.536,1.309,1.472,0.758,1.725,0.758,-1.006,1.725,-1.006,1.725,1.725,1.309,-1.006,-1.006,1.546,0.624,-0.103,0.356,1.309,1.725,-0.103,0.758,0.536,0.356,-0.103,1.309,1.472,1.472,-1.006,1.725,1.546,1.309,-0.103,1.546,1.546,1.309,-1.006,-0.103,1.725,0.624,0.758,0.356,1.309,1.546,0.536,1.2950320978216048,0.610916303053492,1.3211146612700801,0.34213768553781015,-0.11602376774122072,-0.06214061779078094,0.39715009629330067,0.4441235493278135,1.530514775012912
-0.29,1.337,-1.165,0.32,-0.452,-0.423,-0.423,-0.452,1.337,-1.165,1.337,-0.213,-0.423,1.337,-1.165,-0.452,-0.7,1.337,0.32,0.32,-0.423,-0.452,-1.165,-0.61,-0.29,-0.7,-1.165,-0.29,-0.29,-0.61,-0.7,-0.088,-1.165,-0.088,-0.088,-0.7,0.32,-0.452,-1.165,-0.088,-0.61,-0.7,-0.7,-0.7170675450821785,1.337,-0.61,-0.29,-0.6228897088206935,-0.5972158879407001,-0.452,-1.165,-0.423,1.3255071487554013,-0.4610796336060127,-1.1800406987960415,-0.5520476806239075,-0.6600006680373667,-0.213,-0.088,-1.1330411365418034,-0.41496954552717186
1.063,-0.154,-0.319,-0.787,-0.154,0.551,-0.922,0.551,0.555,-0.922,-0.319,-0.302,0.551,0.555,0.555,1.063,0.194,-0.289,0.551,-0.787,0.555,-0.787,-0.289,-0.319,0.551,-0.289,0.555,1.063,-0.154,-0.289,-0.154,0.555,-0.319,-0.154,-0.787,-0.289,1.063,-0.289,1.063,-0.302,0.194,-0.302,1.063,0.194,-0.922,-0.922,1.063,0.194,-0.302,0.555,-0.154,-0.154,-0.922,-0.289,-0.302,-0.319,-0.31121088830834476,0.551,-0.16896049843879962,1.063,1.0507974748761593,-0.29965182480960906,-0.2744083268281316,-0.3308277113818988,1.0744582609550395,-0.9341410134813755
-0.477,-0.477,0.861,1.442,-0.406,-0.839,-0.754,-0.839,0.687,-0.793,0.687,1.442,-1.068,-0.793,-0.839,-0.406,-0.793,-0.754,-1.085,-0.793,-0.839,-0.754,-0.477,-0.477,-1.085,0.687,-0.793,0.687,-1.085,-1.068,-1.085,-1.068,1.442,-1.068,-1.085,1.442,-0.793,-1.068,-0.839,-0.793,0.687,-0.754,-0.839,-0.406,-1.068,0.861,-0.406,-0.477,1.442,-1.085,0.687,-0.839,-0.8536542178415885,0.861,-0.8233953839724263,1.420769357384868,-0.406,-0.8040881396305652,0.6738465342992456,-0.7560067441238811,-0.4154702055804413,1.4627308484210662,-1.0989223913326476,1.499529121773246,1.530528726131773,-0.793,-1.067299064024776
-0.852,-0.335,-0.705,-0.317,-0.852,-1.14,-0.335,-0.705,1.384,-0.317,0.127,-0.472,-0.852,0.127,0.039,0.039,-0.317,-1.14,1.384,-0.705,-0.947,-0.317,-0.852,-1.14,-1.14,-0.705,-0.947,-0.947,0.039,-1.14,0.039,0.127,1.384,-0.472,0.127,1.384,0.127,-1.14,-0.705,-0.335,0.039,-0.705,1.384,-0.852,-0.947,-0.947,0.039,-0.947,-1.14,0.039,0.127,-1.14,-0.852,-0.947,0.039,1.384,1.3698733325955235,-0.472,-0.8696522489588919,-0.705,-0.8342797867962722,1.4217454121198285,-0.821565061532476,-0.335,-0.7748558911757456,-0.4869042007310062,-0.3437394570049184,-0.46059005043803813
-1.054,1.14,0.906,-1.054,0.906,0.086,0.54,0.906,0.54,0.54,1.14,-0.372,-0.546,-1.054,0.893,-1.109,-1.109,0.54,0.893,-1.109,1.14,0.54,0.893,-1.109,0.893,-0.546,0.54,0.906,0.086,-0.372,-1.054,-0.396,-0.372,0.893,0.893,0.086,-1.054,-0.546,-0.396,0.086,-1.109,-1.109,-0.372,0.906,-0.372,0.54,0.086,0.906,0.54,0.5271368063087938,0.086,-0.546,-0.396,0.8917218364731895,0.5684913409506631,0.9361504891579401,-0.5645883792211418,-0.40592825952025025,-0.372,-1.109,0.6202161847364172,-0.3870243553730106
-0.262,-1.244,0.2,0.734,-1.026,-1.244,0.734,-0.95,-0.262,-0.95,-1.026,-1.026,-0.27,-0.262,-0.95,-0.27,-1.244,-0.27,0.2,0.2,0.2,-1.244,1.156,-1.244,-0.95,0.734,1.156,-0.27,1.156,-1.026,0.734,-0.27,-0.27,-1.244,0.2,0.734,0.734,-1.244,-1.026,-0.262,0.443,-1.244,1.156,-1.026,0.2,0.734,-0.262,-1.026,-1.244,-1.026,0.2,0.2,0.734,-1.026,0.0,-0.262,-0.95,-0.2800581919596705,-0.011749978705702506,-0.2345175664574884,0.443,-1.0398395511385918,-0.27,0.009175226098470391,-0.28582233514125716,-0.25675433679598386
-1.094,0.539,0.019,0.667,-0.567,1.517,-1.094,-0.797,-1.091,0.019,0.539,-0.781,-1.091,1.517,-0.781,0.019,1.517,0.539,0.539,-0.781,-1.094,-0.781,0.667,-0.781,-0.797,-1.091,-0.6,-0.567,-1.094,0.539,-1.094,-1.091,1.517,0.667,-0.781,-0.797,-0.6,0.667,-0.797,0.667,-1.091,-0.781,-1.091,-1.094,1.517,-0.797,-0.567,0.019,1.517,-0.8063626826243171,-0.5843412054954087,0.667,-1.094,-0.5458679107068993,0.6533427261605577,0.6827508931526214,0.539,-0.5147155976273847,-1.091,1.5049011226958977,-1.1076617091427716,-0.6,0.5298226108116771,-0.781,0.7204797295858213
1.083,-1.07,-0.104,0.968,1.328,-1.408,-0.697,-0.104,0.895,-1.07,0.895,1.328,1.083,-0.104,-1.07,0.968,-1.408,-1.408,-1.07,-0.697,-1.408,1.328,1.328,1.083,-0.697,-1.408,-1.408,-0.697,-1.408,-1.07,-0.697,-1.07,-1.408,-1.408,-1.07,-0.098,0.469,-0.104,-1.408,0.968,-1.07,0.968,0.9563152117373535,-0.098,-1.408,1.328,1.083,-0.697,-0.104,0.895,-0.7141040730540458,-0.6842180828060234,0.469,1.318248712630031,0.8798557636374311,-0.11493653095922103,0.4543076605883144,0.9194177879002183
2.329,-1.095,-0.852,-1.212,-0.703,-0.703,-1.095,1.051,-1.212,-0.703,-0.852,2.329,2.329,1.44,2.329,-1.095,-1.212,-1.212,2.329,2.329,2.329,2.329,1.44,2.329,2.329,-1.095,-0.703,1.44,-0.852,0.393,2.329,1.051,0.393,1.051,1.096,-1.095,1.096,1.096,-1.212,-1.212,-0.852,-0.703,-1.095,-0.852,2.329,-1.095,-1.1121924000757968,2.311340824876527,-0.703,0.393,2.3481309907605046,0.3819147199962649,-1.212,-0.852,-0.7142804117929485,-0.8691874808519299,-0.8372484572470092,-1.2255708870891329,-1.2147275133550326,0.4149299847661432,-1.0761278160703158,-1.0594053635108782,0.0,-0.6984294645081687,-1.1958003635396084,-0.8051344626160577
-0.355,0.057,-1.168,0.856,1.212,-1.128,-0.891,0.057,-1.168,-1.168,-1.128,1.152,1.152,-0.355,-0.422,-0.422,-1.198,0.057,0.856,-1.198,-1.128,-0.891,-1.168,1.152,-1.168,1.212,0.856,-1.168,-0.422,-0.422,1.212,-0.422,-1.168,-1.198,0.057,-0.355,-0.891,-1.168,-1.198,-1.128,-1.168,-1.198,1.212,-0.891,-1.198,-0.422,-0.355,-1.128,-1.168,1.212,0.057,0.856,-1.198,-1.128,-0.891,0.057,-0.422,1.212,0.057,-1.198,0.04368774380107375,0.856,-0.355,-0.891,-0.4356820579432383,-0.36983249349883257,-0.9087189809368723,-0.8524004749000945,-1.128,-1.168,-1.1419927577368982,-0.38865570969560786,1.152,-0.31644447349785987,-1.1801002101440499
-0.882,0.996,-0.824,-0.559,-0.384,-0.147,0.996,0.38,-0.882,-0.147,-0.882,0.012,-0.824,0.012,0.996,-0.824,0.996,-0.559,-0.559,0.38,-0.824,-0.102,-0.824,0.996,-0.559,-0.882,0.996,0.38,-0.824,0.012,-0.471,-0.384,-0.824,0.38,-0.471,0.012,0.012,-0.882,0.012,0.012,-0.824,0.012,-0.147,-0.003101242835165349,0.996,-0.384,-0.824,-0.471,0.022256653450982575,-0.16331332410952137,-0.102,-0.559,0.38,-0.3991683781084598,-0.10305294257351669,-0.11212313744446238
-0.842,-1.292,1.054,-1.292,0.543,0.543,0.543,1.054,-0.043,1.054,0.346,1.054,-0.765,-0.842,0.346,0.543,-0.842,1.054,-0.599,-0.493,-1.292,-0.337,-1.292,-0.842,1.054,1.054,0.543,-0.337,-0.043,-0.337,-0.493,-1.292,0.346,-0.765,1.054,0.543,-0.599,-1.292,-0.765,0.346,-0.043,1.054,-1.292,-0.043,1.054,-1.292,-1.292,-0.599,0.543,0.346,-1.292,-0.337,1.054,0.5308815005739375,-0.35232391594927426,1.0378331071195328,-0.043,-0.493,-0.765,-0.842,-0.5050782589656155,-0.31239362049277136,-0.056613579950084696,-0.2918717072100899,-0.774376767757663,0.335288123784152,-1.3042455901142909
-0.461,-0.506,-0.683,-1.176,-0.683,-1.176,-0.461,-1.176,-1.176,0.324,-0.461,-0.683,-0.506,-0.787,0.24,-1.176,-0.461,-1.176,-0.461,-0.35,-0.506,0.324,0.324,1.37,0.324,-0.461,0.24,-0.787,-0.35,-0.683,-0.461,1.37,-0.506,1.37,-0.461,-0.787,-1.176,-0.461,-1.176,-0.787,0.24,-0.506,1.37,-0.35,-0.683,0.24,-0.506,0.324,1.37,0.24,0.324,0.24,0.24,-0.506,-0.683,-0.35,-0.461,-0.787,0.0,-1.176,-0.8054046936337182,-1.1877849102474836,0.324,-0.35863957817257835,0.24,-0.3389800401724584,0.3129549614342485,-0.6901653829927868,0.22262660371500684,-0.6418510480625003
0.847,-0.588,1.674,0.847,0.464,-0.632,1.321,0.464,1.321,-0.588,-0.632,-0.632,1.144,0.084,-0.632,1.674,0.084,1.674,1.144,0.464,0.847,0.464,-0.632,-0.567,1.144,1.674,1.674,0.847,-0.632,-0.632,-0.632,0.464,0.464,0.464,-0.632,0.847,-0.632,0.084,1.321,-0.567,-0.632,0.847,0.084,-0.632,0.084,0.847,1.674,-0.632,0.084,-0.567,0.464,0.847,0.084,-0.632,-0.567,1.144,-0.588,0.8330925851709766,0.06806808021838032,-0.632
1.486,-0.861,-0.861,1.486,-0.144,-0.861,-1.34,-0.861,-0.893,1.486,1.483,1.483,1.11,-0.893,-1.34,1.486,-1.34,-1.34,-0.152,-0.893,-0.893,-0.893,-0.144,-0.144,-0.741,0.534,-0.893,-0.861,-0.741,-0.144,-0.741,-1.34,0.534,1.483,1.11,-1.34,1.486,-1.34,1.486,-1.34,-0.861,-0.152,1.483,-1.34,-1.34,-1.34,0.534,1.483,-0.152,1.483,-0.893,-1.34,1.486,1.11,-1.358543451255396,1.4694995114112963,-0.9077084269206734,-0.741,1.4687708303028406,-0.152,-0.144,-1.3410363987910507,-0.16082004382025322,1.5273068940650536
-1.042,-1.117,-1.042,-0.014,-0.014,-0.378,-0.307,-0.014,-0.378,0.477,0.477,-1.281,-0.243,-1.117,0.477,-1.068,-1.117,-1.042,-0.243,-1.281,-1.117,-1.281,-1.281,-0.378,-1.117,-1.281,-1.042,-1.068,0.477,-0.914,-1.042,-0.378,-0.914,-0.378,-0.307,-1.068,-0.243,-0.243,-1.068,-0.914,-1.281,-0.914,0.477,-0.378,-0.014,-0.014,-1.281,-1.281,-1.042,-0.243,-1.068,-0.914,-1.042,-1.068,-0.243,-1.068,-0.2538509133713542,-1.042,-0.914,-1.117,-0.014,-0.9272523897374657
-0.871,0.492,-0.488,-1.025,0.702,-0.488,-0.488,-0.871,-0.82,-0.488,-0.488,-1.025,-0.841,0.181,0.492,0.181,0.181,-0.829,0.987,0.181,0.702,0.702,-0.841,-0.488,-0.871,-0.871,-0.488,-0.82,0.987,-1.025,-0.829,-0.841,0.987,0.987,0.492,-0.829,-1.025,-1.025,-0.871,-0.841,-0.488,0.181,-0.829,0.181,-0.82,0.492,-0.829,-0.82,0.181,-0.8416548342415947,-1.025,0.702,-0.871,0.16752258331693834,-0.488,0.687661133666906,0.492,-0.7997633700529766,-1.0418645508212048,-0.825607456751053,0.47793676616530734
1.19,0.26,0.354,-0.436,1.295,1.792,-0.436,0.26,-0.227,0.354,1.19,1.19,1.056,1.792,-0.436,1.792,0.896,1.19,0.26,-0.473,0.26,1.295,-0.473,1.792,-0.227,1.056,-0.473,1.792,1.295,0.896,1.19,-0.227,1.295,1.792,1.056,-0.227,1.19,1.295,-0.436,1.295,0.26,1.792,-0.473,1.19,1.19,0.896,1.792,0.896,-0.436,-0.473,1.056,1.792,-0.473,1.295,0.896,1.19,0.8782091619229528,0.354,1.0405710786160796,1.283113824816222,1.1780251160235582,0.90115892799998,1.2261167215029758,-0.48479544735512314,0.3414233658637116
-0.395,0.813,-0.573,-0.785,-0.863,-1.556,1.356,-1.556,1.022,-0.395,-0.122,0.813,-0.863,1.022,-0.573,-0.863,-0.395,-1.556,-1.556,-0.404,-0.395,-1.556,-0.785,-0.395,-1.556,1.022,-1.556,-0.785,-1.556,-0.573,-0.395,1.022,1.356,1.022,1.022,-0.785,1.022,-0.863,1.022,-1.556,-0.122,-1.556,-0.863,-1.556,-1.556,-0.395,-0.785,1.356,0.813,-0.785,1.356,-0.573,-0.8018146432540242,-0.404,-0.122,-0.14047432604175536,-1.556,1.338158247891778,-0.7366460081712687,0.8039271212690245,-1.5683290794812494,-0.12706967897069546,-0.863,-0.7182597647349809,-0.6947273157011898,-0.8774089546600745
-1.614,-0.883,-0.853,-0.296,0.353,1.277,-1.614,-0.853,-0.853,-0.7,-0.853,-0.296,0.392,0.392,1.277,-1.614,-1.614,-1.614,-1.614,-1.614,1.277,1.716,-1.614,-1.614,1.716,-0.7,-0.296,-0.883,0.192,-0.7,-1.614,1.716,1.277,1.277,1.716,0.392,-0.883,0.392,0.392,-0.883,1.716,-1.614,-1.614,1.716,1.716,-0.296,-0.296,-1.614,-0.7,1.277,0.353,0.353,1.716,0.353,0.192,-0.883,1.277,1.716,1.277,-1.614,-1.614,0.353,1.716,-0.853,0.392,-0.7,-0.869487327030928,0.3435490149017531,0.3702387603094845,-0.296,-0.7102182411681954,0.41481337092766957,-0.6551264124326515,-1.614,1.277
-0.575,2.052,-0.248,2.052,1.578,1.363,1.28,0.168,2.052,-0.893,-0.893,-0.575,0.03,0.03,1.526,-0.248,1.28,-0.575,0.03,-0.248,-0.575,1.526,-0.893,1.578,-0.248,1.28,-0.893,1.578,1.28,-0.893,1.578,-0.248,0.03,-0.248,-0.893,1.578,-0.575,-0.248,0.03,-0.575,2.052,1.363,1.28,1.526,2.052,1.363,1.363,-0.248,-0.575,0.168,1.526,2.052,2.040337489342469,-0.248,1.526,1.363,-0.575,-0.2590172609794213,1.3451719481880369,1.3802104957524652,1.5082361427901725,-0.23745021512102585,1.5306611553902667,0.03,-0.20405727679937488
0.228,1.2,-0.453,1.63,-0.976,1.371,-0.976,-0.453,-0.453,1.227,0.886,1.63,1.63,0.228,-0.976,1.227,0.886,1.227,1.227,1.63,-0.976,0.886,1.371,1.63,0.886,-0.453,-0.453,0.228,0.886,-0.976,0.228,1.2,1.371,0.886,1.2,-0.976,0.41,1.371,0.886,0.886,-0.453,0.0,-0.021549412417548115,0.228,-0.976,0.0006177293793986453,1.227,1.2110696950260906,0.025593837135202798,0.053062886227948254,1.2,0.41,1.2332829012308872,0.11169333239069967,1.371,1.2628365100453194,0.15820138498146047
0.497,0.286,0.825,0.286,0.286,0.497,2.182,0.497,-0.874,-0.874,0.286,-0.874,0.286,-0.538,0.825,0.497,2.182,0.825,2.182,-0.874,-0.874,0.286,0.497,-0.874,0.825,0.497,2.182,-0.538,0.256,0.256,-0.385,0.256,0.825,-0.385,0.256,0.256,-0.538,2.182,2.182,-0.385,2.182,0.286,-0.538,0.286,0.256,2.182,0.497,2.182,2.182,0.286,0.825,0.7994940820697052,0.256,0.23793579525253758,0.0,0.0,-0.538
0.819,-0.837,-0.997,0.819,-0.198,1.124,-0.908,-0.837,-0.837,-0.837,0.175,-0.918,-0.918,-0.198,0.819,-0.997,-0.624,0.819,-0.918,1.124,0.819,-0.908,1.124,-0.918,-0.997,-0.837,-0.875,-0.198,-0.837,-0.198,-0.624,-0.918,-0.908,-0.875,-0.624,1.124,-0.837,0.175,-0.875,0.819,1.124,-0.997,-0.837,0.819,-0.198,-0.198,0.175,0.819,-0.875,-0.997,-0.908,-0.875,-0.997,-0.918,-0.9294536605281611,-1.0134363814400582,-0.8904909667820677,0.175,-0.8822854119991567,1.124,0.819,-0.624,-0.9627361728863358,-0.6357940362582798,0.16373514417166501,-0.198,-0.837
-1.061,-0.212,-0.439,1.479,1.787,1.357,-0.492,-0.953,-0.876,-0.876,1.357,1.787,0.118,-0.212,1.357,-0.953,-0.492,0.118,1.787,1.357,-1.061,-0.492,-0.953,1.479,1.479,-1.061,-1.061,1.479,1.357,1.479,1.787,-0.876,-0.212,1.479,-0.953,-1.061,1.479,1.479,-0.492,-0.439,0.118,-0.439,-0.876,-0.953,0.118,1.787,0.09843821839025933,-0.966298573811933,0.13210978115828031,-0.212,-1.061,0.15736434251009257,-0.439,1.357,1.479,-0.44911809034999656,-0.4077554999335858,-0.22475206368448797,-0.9266055792841579,-1.0723817106720221,-1.0155350652581747,0.20360279563356193,-0.1743422462132681,-0.9976134764422792
-0.573,0.552,1.589,-0.573,-0.753,0.552,1.589,-0.573,-0.573,-0.573,-0.099,1.589,-0.099,-0.171,-0.573,0.552,0.118,0.714,-0.099,-0.171,0.552,0.552,0.552,-0.573,0.714,0.118,-1.045,0.58,-0.573,-0.171,0.552,-0.099,-1.045,-0.753,-0.099,-0.573,1.589,1.589,-0.171,0.714,0.58,-1.045,-0.573,-0.099,-1.045,-0.753,-0.099,-0.573,-0.171,-1.045,-0.753,0.552,0.118,0.58,-0.753,0.566803190475856,0.10868931560082132,0.552,0.5378880835417169,-0.099,-0.11508048479240154,-0.171,0.6083258490287442,0.15648926324026446,-0.768004926030096,-0.1799380873196395,0.17614459031836793,-0.08817973329621995,0.6459005111310389,-0.716049248452406,-0.05800837161962988
-0.903,-0.03,-0.93,-0.93,-0.624,-0.967,0.371,-0.624,-0.903,1.578,0.711,-1.159,-0.03,-0.513,-0.624,-0.93,-0.513,-1.159,-0.513,-0.903,-0.513,0.711,-0.93,-0.967,-0.967,1.578,-1.159,0.371,-0.967,-1.159,0.711,-0.513,-0.624,-0.93,0.711,-0.967,1.578,-0.903,1.578,-0.93,-0.513,0.371,-0.513,-0.93,-0.513,0.711,-1.159,-0.93,0.371,-1.159,0.371,-0.03,-0.624,1.578,-0.93,0.371,-0.9477796181283478,0.711,-1.159,0.6933228970594122,-0.513,0.7116268872539009,-0.5308165817467346,-0.967,-0.49318387643376915,-0.6412188413439733,-0.903
-0.603,-1.056,-0.247,0.958,-0.81,-1.026,-0.598,-0.598,1.524,0.958,1.114,1.114,-1.026,1.114,-0.603,-1.056,-1.026,1.524,-0.81,-1.026,0.958,-1.056,-0.915,-0.915,-0.81,-1.026,-1.056,0.958,-0.81,-1.026,-1.026,1.114,1.524,-0.915,1.524,-0.603,-0.247,-0.915,1.114,-1.026,-0.81,-1.026,1.114,-0.81,-0.81,-0.247,-0.598,1.524,0.958,-1.026,-0.8169682037040803,0.9387540482872129,-0.2581950732850298,-0.612684823332885,-0.22053226664696646,1.5099338229691288,-1.056,-0.19731505601482477,1.5651720215971838,-0.603
1.492,1.492,0.433,-1.017,-0.262,1.755,-0.262,1.492,-0.416,-0.989,-0.416,-0.989,0.271,-1.017,-1.017,-0.262,-0.278,0.433,-0.989,0.587,1.492,1.755,-0.416,0.587,1.755,-0.989,-0.278,-1.017,-0.278,-0.989,-0.262,0.587,1.755,0.433,-0.278,-0.278,-1.017,-0.416,-0.278,1.755,-0.416,-0.278,0.271,-0.416,-0.278,0.433,-0.989,0.433,1.492,0.587,-1.017,-0.278,-0.416,-0.262,0.271,0.2552301179190079,-0.2914004686670718,-1.003908098951496,0.41728678615196924,0.2929476812632021
2.282,-0.871,-0.871,-0.022,0.207,-0.163,-1.179,-0.443,2.282,-1.179,-1.179,-0.966,-0.443,-0.034,2.282,-0.966,-0.928,-0.034,-0.443,2.282,-0.966,-1.179,-1.179,2.282,-0.966,-0.966,-1.179,-0.034,-1.179,-0.966,-0.928,-1.179,-0.871,-0.022,-0.443,-0.928,0.207,-0.871,-0.443,0.207,0.207,-0.163,-0.022,2.282,-0.443,-0.034,-0.871,-0.163,0.207,-0.928,-0.871,-0.8861278017233593,-0.9444307808098698,-0.034,-0.04834545343759352,0.19525505340080737,-0.17423566780154495,-0.02161657525995194,0.23493438179052922,-0.898380609404218,-0.8534163306696405
1.774,0.24,0.24,1.852,-0.528,0.305,-0.096,-0.446,0.305,0.24,-0.238,1.774,1.774,1.852,-0.528,0.474,0.474,0.24,-0.528,-0.446,-0.528,-0.096,0.24,1.774,1.774,0.843,1.774,-0.446,1.852,-0.096,-0.528,-0.238,1.774,0.474,-0.096,1.852,-0.096,0.474,1.852,0.305,0.24,-0.446,0.24,-0.528,0.843,-0.528,0.843,-0.238,0.305,0.28877138900805455,-0.25359528527317116,1.852,1.774,-0.096,-0.446,-0.10668140650444756,0.3328932363911208,1.7581958469444794,0.24,0.22905061748478897,-0.20781491769601645,0.834584674641719,0.474
1.605,-0.494,0.362,-1.226,0.397,0.397,-0.874,-0.321,-0.494,0.397,-1.226,-0.98,-0.874,0.362,-1.226,-0.874,0.397,0.397,-0.874,-0.494,0.397,-1.226,-0.321,-0.321,-0.522,-1.226,-1.226,-0.522,-1.226,-0.494,-0.321,0.362,1.605,-0.98,-0.98,0.397,1.193,1.193,0.397,-0.874,-0.494,-0.98,-0.522,-0.98,1.605,0.397,-0.874,-0.321,-0.494,-1.226,-0.874,1.605,-0.874,0.362,-1.226,0.3410019710398998,1.193,0.3902202728665917,-0.494,0.40277909823754593,0.397,0.4194642063394947,0.3761681247771053,1.605,-1.239557227306129,0.4135048399808452,-0.874,-0.321,1.1827423914539446,0.44036258125542593,0.47562453807906024
-0.134,-0.134,-0.634,-0.368,-0.634,-0.368,0.493,-0.634,-0.368,-0.617,-0.617,-0.617,-0.634,-0.582,-0.617,-0.134,0.493,-0.368,0.712,-0.842,-0.368,-0.617,0.05,-0.691,0.712,0.712,-0.582,-0.368,-0.842,-0.842,-0.842,-0.842,0.05,-0.842,0.493,-0.691,-0.842,-0.134,-0.134,-0.368,-0.617,-0.617,-0.842,-0.691,-0.582,0.05,-0.634,-0.5995384040197889,-0.134,-0.617,-0.5722002805885602,0.493,0.03419719524208879,-0.6437635950510847,0.712,-0.632143728266305,-0.14904552296438534,0.06410978451208621,-0.691,-0.368,0.4776324192883649
-0.277,-1.115,-0.851,-0.821,-0.012,-0.277,-0.295,-0.277,-0.851,-0.821,-0.821,-0.821,-1.315,-0.012,-0.277,-0.863,-1.115,-0.851,-0.863,-0.295,-0.863,-1.115,-1.315,-0.821,-0.821,-1.115,-0.821,-1.115,-0.012,-0.277,-0.277,-0.277,-0.012,0.219,-0.821,-1.315,-0.277,-0.389,-1.115,-0.851,0.219,-1.315,-0.863,-0.851,0.219,0.219,-1.315,-1.315,-0.863,-0.851,-0.012,-0.863,-0.295,-0.30472509208133375,-1.315,-1.3313528748012278,-0.874341317924972,-0.851,0.219,-0.02142005375079132,-0.821,-0.2917227272198724
-0.333,0.656,-0.641,1.481,0.656,-0.641,-0.333,1.481,-0.641,-0.333,-1.333,-0.641,-0.641,-0.08,-1.333,-0.641,-1.333,-1.333,-1.333,-0.622,-0.622,-0.08,1.481,1.481,-0.843,-0.843,1.481,-0.08,-0.843,1.481,-1.333,1.481,0.656,-0.622,1.481,1.481,1.481,-0.641,-1.333,-0.2,-0.843,-0.622,1.481,-1.333,-1.333,-0.641,0.656,-0.843,0.0,-0.333,-0.2,-0.6561130993854476,-0.08,1.481,-0.8524927983166027,-0.6236753917429357,-0.008053748461731338,-0.622,-0.09390143201673794,-0.20782996329890327,-0.08303463135117228,0.6429181543200426,-0.5674500139147686
-0.867,-0.88,1.301,-0.88,-0.671,-1.07,-0.654,-1.07,-0.654,-0.665,-0.867,-0.88,-0.867,-0.698,-0.88,-0.654,-0.867,-1.07,-0.665,-0.867,0.224,1.455,0.224,1.301,-0.698,0.224,-1.07,-0.671,-0.867,0.224,1.301,-0.654,-0.665,-1.07,1.455,-0.698,-0.671,-1.07,1.301,0.224,-0.654,1.301,-1.07,1.455,-0.654,1.301,1.301,1.455,0.224,1.301,-1.07,-0.671,-0.686567089355628,-0.6362339189324492,-1.0854438445319379,-0.867,-1.0480412570712196,0.2141770966151295,1.2889301927834678,-0.654,-0.87839656034625,-0.8510797044546137,-0.6222612646847345
-0.964,-0.86,-0.257,-0.257,-0.404,-0.944,0.45,-0.944,1.437,1.437,-0.257,-0.944,-0.257,0.45,-0.944,-0.964,-0.515,-0.86,1.437,0.033,-1.029,0.45,-0.944,1.437,0.45,-0.257,-0.964,-0.515,-1.029,-0.86,1.437,-0.964,-0.86,-0.257,1.437,1.437,0.45,-0.86,0.033,-1.029,-1.029,-1.029,-0.86,1.437,-0.964,1.437,0.45,0.45,0.43442143534353306,-0.257,-0.944,-0.86,-0.964,-0.9537253179434565,-0.9759574807829283,0.4520244309890611,0.476509497757174,-0.515,-0.26724503832428714,1.437,1.4274196541682593,-0.2302328480806437,0.033,0.011017542148155722,-0.9257942133603715
-0.175,1.382,-0.175,-0.872,-0.872,-0.793,-0.793,-0.175,-0.175,0.521,-0.426,1.382,1.382,0.521,1.297,-0.175,1.297,1.297,-0.426,0.412,-0.175,-0.175,1.297,-0.275,-0.872,-0.793,-0.175,-0.175,1.382,0.521,0.576,-0.872,0.521,-0.793,-0.175,-0.175,-0.426,-0.275,-0.872,1.382,1.382,-0.175,1.3632422787150813,0.521,1.406113779395185,-0.19255158026950758,1.297,0.5084613794740968,-0.872,-0.793,-0.426,-0.4441990010244436,-0.8826024503094375,0.576,0.412,-0.8419032094981708,-0.8062165795372225,0.5340715837968143
-0.256,1.735,-0.256,0.889,-0.704,-0.256,2.268,1.226,-0.439,1.278,-0.302,-0.302,-0.439,2.268,-0.302,1.278,0.116,1.735,-0.704,-0.704,1.735,-0.704,2.268,1.735,-0.302,-0.256,-0.704,1.735,-0.256,1.735,1.735,-0.439,0.116,-0.302,2.268,2.268,0.116,1.735,0.889,-0.256,1.735,1.278,2.268,1.226,1.278,1.226,-0.302,1.226,1.278,0.116,1.735,0.116,1.7186096830215032,1.278,-0.704,-0.302,1.226,0.10644566116695445,-0.3186302589852892,1.759764900352734,1.8031612781070425,0.15074770206669172,2.268,0.889,1.8306294870232562,-0.439,-0.4510285584763166
-0.273,1.175,1.184,1.184,-0.273,-0.705,-1.145,-1.033,-0.396,-1.145,1.184,1.184,-1.145,-1.145,-0.368,-1.033,1.175,0.93,0.93,-0.273,-0.273,-0.273,-0.368,-0.273,-1.033,-0.396,-0.368,-1.033,-0.273,0.569,-1.145,-1.033,-0.273,1.175,-0.273,0.93,1.184,-1.033,-0.705,-0.273,1.184,0.93,1.184,1.184,1.175,-1.033,-1.033,-1.145,-0.368,-0.705,1.175,1.175,-1.033,1.184,-0.368,-0.3782443297187927,0.93,1.1711472643707563,1.175,-0.396,1.160735741108367,1.1948078246899243,-0.705,-1.145
-0.45,-0.45,-0.219,0.656,-0.219,-0.933,-0.899,-0.972,0.306,-0.58,0.656,-0.899,0.306,-0.554,-0.45,-0.554,-0.899,-0.972,-0.933,-0.45,-0.972,-0.58,-0.933,-0.554,-0.554,0.306,0.656,-0.554,-0.899,-0.45,-0.899,-0.219,0.656,0.656,0.306,-0.899,-0.554,0.656,-0.554,-0.933,-0.219,-0.972,-0.58,-0.899,-0.45,-0.392,-0.972,-0.392,-0.899,-0.972,-0.219,-0.2339500017877142,-0.9109553069269073,-0.933,0.656,-0.9887445923566744,0.6430362515717617
0.777,-0.597,1.304,-0.135,-0.135,-0.101,-1.195,-1.195,1.304,0.777,-0.135,-0.582,-0.135,-1.195,-0.101,-1.195,0.36,1.304,-0.135,-0.582,0.145,0.145,1.304,-0.597,-1.195,1.304,-0.582,0.145,-1.195,1.304,-0.018,1.304,-1.195,-1.195,-0.597,-0.582,0.777,-0.597,-0.582,-0.101,1.304,0.777,0.145,0.145,-0.597,-0.597,0.36,0.145,0.777,0.36,-0.101,-0.018,-0.11353139677291622,-0.597,-0.6151663718755332,-1.195,-0.07580924427270555,-1.2110747171604412,-0.135,-0.559974596377313,-0.15546072168695715,0.7656263007999873,-1.1621346236761692,-1.1331606030864063,-0.5308744670073714,-0.1311572763009262,-1.102624842989444,1.304,-0.10967221179461337
0.917,-0.761,-0.74,1.45,-0.877,-0.756,1.45,0.549,0.549,-0.877,1.45,-0.366,1.45,-0.877,0.549,0.549,0.492,-0.756,0.492,0.917,-0.74,-0.756,-0.609,1.45,1.45,-0.366,-0.366,1.45,-0.366,-0.74,-0.756,0.492,-0.877,-0.609,-0.756,-0.877,-0.366,-0.609,1.45,-0.761,1.45,-0.761,-0.609,1.45,0.917,0.549,-0.609,0.5375058854562162,-0.366,-0.6205501268490057,-0.5895315319116906,-0.877,1.4373029038445104,0.5905217432846679,-0.38039635441247466,0.492,-0.5382489985996561,1.4728125234603895,-0.74
-1.028,-0.782,-0.732,-0.345,-0.732,-0.015,-0.782,-0.042,-0.015,-1.028,-0.782,-0.345,-0.372,-0.345,1.223,1.223,-0.43,-0.042,-0.042,-0.372,-0.345,-0.43,-0.372,-0.345,-1.028,-0.43,-0.345,-0.015,-0.732,-0.042,1.223,-0.345,-0.43,-0.43,-0.372,-0.732,-0.372,-0.732,-1.028,-0.732,0.435,-0.372,1.223,-1.028,-0.015,-0.042,0.435,-0.732,-0.06234970418033464,-0.372,-0.43,1.223,-0.782,-0.02872282654738785,-0.3828035826402206,0.002508938251312709,-0.44832103929348516,-0.7410123439615557,0.42255871851893345,0.054094793163380325,-0.3455630243545414,-1.028,-0.345,-0.020190087945522267
-1.232,1.396,1.396,-0.463,-0.606,-0.463,-1.232,-1.067,-0.463,-0.606,-1.067,0.926,-0.002,-0.002,0.926,-0.559,-0.505,-1.067,-1.232,-1.067,-0.559,-0.906,-1.067,-0.002,-0.606,-0.002,-0.906,-0.505,0.926,1.396,0.926,1.396,-1.232,1.396,-1.232,-1.232,-0.906,-0.002,-0.505,-1.232,-0.002,1.396,-1.232,-0.463,-0.906,-0.505,-1.067,-1.232,-0.906,1.396,-0.559,-0.5804972922374909,-0.505,-1.232,-1.067,-1.2475690742569479,-1.081449216987897,-0.002,-0.606,-0.545775542309632,0.926,-1.038909876354149,1.380767624233363,-0.906,0.9150905655840716
-0.062,-1.315,-0.062,-0.772,-1.025,0.71,-0.896,-0.51,-0.896,-1.058,-1.315,-1.025,-0.772,-0.444,-0.062,-0.31,-0.51,0.71,-1.058,-1.058,-0.444,-1.315,-1.058,-0.31,-0.772,-1.315,-0.062,-0.444,-0.444,-0.896,0.71,-0.51,-1.315,-0.444,-1.058,-1.025,-1.025,-1.025,-0.772,-0.896,-0.772,-0.896,-1.315,-0.31,-0.062,-1.058,-0.062,0.71,-1.025,-1.315,0.71,-0.896,-0.51,-1.025,-0.896,-0.062,-1.0435005654675702,-0.07784297624841828,-0.31,-0.02616715442429563,0.01272040689988578,-0.902293314119975,0.041865667696162026,0.0753112764618959,0.71,-1.058,-1.315,0.6945993828031769
1.573,0.056,-0.641,1.573,-0.74,1.573,0.281,-0.449,-0.934,-0.641,0.056,1.065,-0.74,0.281,-0.883,-0.934,-0.74,-0.449,-0.74,-0.449,1.573,-0.449,0.056,0.281,-0.74,-0.934,-0.74,0.281,-0.934,-0.883,0.056,-0.883,-0.641,-0.934,-0.883,-0.883,0.056,1.573,1.065,-0.74,-0.641,1.573,-0.74,-0.641,-0.74,1.065,-0.641,-0.641,-0.74,-0.413,1.573,-0.883,-0.934,-0.413,-0.43071195503158943,-0.449,1.065,-0.9472694727910564,-0.74,0.281,1.0550282489888039,-0.7545120383680084,-0.7241782844082988,0.056,-0.4012378356436985,-0.7017547066974379,1.088711368201045
-1.167,1.402,-1.114,-0.442,-1.167,1.623,-1.167,-0.398,-0.539,-1.167,-1.114,-0.539,1.623,-1.167,-0.488,-0.488,-0.622,1.402,-0.622,-1.167,-0.442,-0.488,-0.622,1.623,1.402,-0.539,1.402,1.402,1.623,-1.114,-1.114,-1.114,-1.114,-1.114,-1.114,-1.114,-0.343,-0.442,-0.442,-0.539,-1.167,-0.343,1.623,-1.167,-0.488,1.402,-0.488,-0.442,-0.5012073238888838,-1.167,-0.343,-1.18565848093108,-0.46159221638514375,-1.1484969276919645,-0.4282237032063569,-1.117435168926375,-0.45305842962114273,1.623,-0.539,1.402,1.6101128305183792,-0.4244815916372295,-1.114,1.393205672789329,1.4161550757393795,-0.622
-0.909,-0.7,-0.909,1.398,-0.909,-0.909,-0.914,-0.802,-0.7,1.398,-0.802,1.398,-0.7,-0.909,0.181,0.077,-0.909,0.181,-0.802,0.181,0.035,0.077,0.035,1.398,1.398,-0.909,0.077,0.972,-0.802,0.077,0.077,-0.909,0.077,0.077,0.972,0.181,-0.914,-0.7,-0.909,-0.909,0.035,1.398,-0.914,0.181,0.181,0.181,-0.914,0.077,-0.909,1.398,0.077,0.181,0.035,-0.909,-0.9351758232342209,-0.909,-0.8854437511456182,-0.9193882590391874,0.972,1.382945882312427,1.398634566258411,-0.8656553563677266,0.1718475339046312,1.4481558412345912,-0.8322408683327717,-0.7,-0.8031777253896478,1.48229971554606,-0.802,1.50264575142719
1.76,0.719,-0.843,-0.178,-0.843,1.856,0.015,-0.71,1.856,1.856,-0.543,1.856,1.76,-0.843,0.015,1.76,0.015,0.015,1.856,-0.71,-0.543,-0.843,-0.843,0.015,-0.71,0.684,0.684,0.684,-0.71,-0.843,0.719,-0.843,1.856,-0.71,0.719,0.684,1.856,-0.71,0.015,1.856,1.76,-0.543,0.684,0.684,0.466,0.719,1.76,1.76,-0.543,-0.543,0.684,-0.71,-0.543,1.856,-0.843,-0.178,0.015,0.719,0.466,-0.843,-0.861330299217757,-0.543,1.76,0.015,-0.0036756215368728418,0.03282241530004073,0.684,0.45794283567110494,0.6738412719541084,0.07124779481954784,0.7303277724786554,1.7511631353519521
-0.462,-1.085,0.017,0.017,-0.507,-0.462,-0.507,-1.085,-0.37,-1.085,-1.351,-1.085,0.981,-0.507,-1.351,-1.351,-0.507,0.017,-1.351,-0.37,0.017,-1.351,0.981,-0.462,0.671,-0.37,-0.37,0.017,0.017,-0.521,-0.37,-0.37,-1.014,-1.085,-0.37,0.017,-1.014,-1.085,-0.37,-0.37,0.671,-1.014,0.671,-1.351,-1.351,-1.351,0.017,-1.085,-1.351,0.981,-0.521,0.671,-1.014,-0.462,-1.085,-1.014,0.671,-0.462,-0.37,-0.521,-1.085,-1.100771053409232,-0.507,0.671,0.6533082160804631,0.017,-0.462,-0.0010952855238382034,-0.37,0.981,0.025044563004407907,-0.3890355923222828,-1.0734454458477654,0.9739982740436538,-1.014,-0.33090414118312034
-1.011,-0.215,1.089,-1.011,-0.678,-0.374,-0.678,-1.011,-0.374,-0.215,0.163,-0.374,1.434,-0.374,1.594,1.434,-0.642,1.434,-1.011,-0.678,-0.642,-1.011,1.434,1.434,-0.362,1.594,-0.374,-0.215,-0.678,1.594,1.089,-0.374,-0.642,1.434,1.594,1.594,1.594,-0.374,-0.215,1.089,0.163,-0.678,-0.374,-0.642,0.163,1.594,-0.642,1.089,1.5796324751048503,-0.215,-0.362,-0.37653914387342463,-0.6528852573576618,-0.23125173507961347,1.0719300638090234,-0.374,1.434
-0.706,0.275,0.448,-0.864,-0.706,-0.447,-0.239,0.563,-0.706,-1.302,0.563,-0.864,0.275,-0.706,-1.302,-1.302,-0.706,-0.706,-0.763,0.275,-0.763,-0.706,-1.302,0.563,0.275,-0.447,-1.302,0.275,0.563,-1.302,0.448,0.448,0.885,0.448,-0.864,0.275,-0.763,-0.864,-0.447,-1.302,-0.239,0.885,-0.864,-0.447,-0.864,-0.763,0.885,-0.706,0.563,-0.7184079259769955,0.275,0.5469480055092566,-0.447,0.5744003146623461,0.5930380020658373,-0.45808671072451623,-0.4259094618384204,0.26239106976481574
1.961,-0.444,1.961,0.142,-0.071,-0.071,0.177,-0.781,1.556,0.177,-1.08,1.961,-0.444,0.142,1.961,0.177,0.177,-0.071,-0.071,-0.071,1.961,0.142,0.206,0.684,1.556,1.556,0.684,1.961,-0.781,1.961,0.177,0.684,-1.08,-0.071,1.556,0.142,1.556,0.177,-1.08,0.142,-0.781,-1.08,1.961,-0.781,1.961,0.206,1.961,-0.071,-1.08,1.961,0.684,0.6627423793138928,-0.444,-0.4558960792374681,-0.08019675539610355,0.177,0.206,0.7232708880126859,-0.03789051757621901,0.7554983051619518,0.142,0.12116219027232966,-1.095128856965998,-0.781,-1.0769481322053058,0.15374862534261854
0.337,0.293,-1.132,-1.132,-0.85,0.337,0.083,-0.96,-1.234,-1.234,-1.234,-0.96,-0.96,-0.069,-1.132,-0.96,0.293,-1.132,-1.132,0.337,-1.132,-0.544,-1.234,0.337,-0.85,-0.671,-0.069,-0.671,0.083,0.293,-0.85,-0.96,-1.234,-1.234,-1.234,0.083,-0.671,-1.132,-0.96,-1.132,0.337,-0.96,0.293,-0.85,0.293,-0.544,-1.234,-0.671,-0.069,0.293,-0.08520808998348241,-1.248059769711667,-0.043893156309507325,-0.6860215040327001,0.083,-0.96,0.06880827377635246,-0.02397701784699277,0.022225382296630267,0.2801787637269293,-0.9788351573497927,-0.6480836063604826,0.337,-0.6273943187555225,0.053650899843953354,-1.132
-1.116,0.238,0.422,-0.691,-0.691,-0.753,0.422,-0.415,-0.691,-1.116,-0.415,0.422,-1.116,1.077,-0.691,-0.753,-0.415,0.238,-0.753,-0.092,-0.415,-0.691,0.238,-1.116,-0.092,-0.691,-0.415,-0.691,-0.092,0.238,0.238,1.077,-0.33,-0.728,-0.728,-0.728,-0.33,-0.728,-0.415,-1.116,0.238,1.077,0.422,-0.415,-0.753,-0.728,-0.753,-1.116,1.077,-1.1334467383656648,0.238,0.422,-0.092,0.4056838806930073,-0.691,0.2265116873135036,-0.415,0.27743419301787253,-0.7030343254430368,-0.6683762558845954
-1.237,-1.104,-1.104,-0.986,-1.043,0.179,-1.043,-0.781,0.97,-1.043,-1.104,-0.986,0.97,0.97,-1.043,-0.986,0.945,-0.781,-0.757,-1.104,-1.043,-0.781,0.945,-0.757,-1.043,0.179,-1.237,0.39,0.39,-0.986,-1.043,0.39,-1.237,-0.781,0.945,-0.757,-0.986,0.945,-1.104,-1.104,0.97,-1.237,0.945,-1.104,-1.104,-1.104,-0.781,-1.237,-1.237,-1.043,-0.986,-1.237,-1.237,0.179,0.97,-1.043,-0.757,-1.2542313418964506,-0.986,-0.7705940420851828,-1.0034940190768438,-0.7445421179770565,-1.104,-1.0563788573953228,-1.1218172774078
1.511,-1.095,0.941,1.511,1.086,1.511,0.09,0.09,-0.781,1.511,0.09,0.941,1.086,1.086,0.405,1.511,-0.387,-1.095,-0.387,1.511,-1.095,-0.781,-0.781,-0.781,1.086,0.587,1.086,0.09,-0.781,-1.095,0.941,-1.095,-0.387,1.511,-1.095,-0.387,-0.369,-0.387,-0.369,0.941,0.09,-0.781,-1.095,-0.369,-0.781,0.941,1.086,1.0599209516952186,0.09,-0.369,0.06876802935926325,0.405,-1.095,0.587,1.1093629804086997,-0.387,-0.4008248669245519,-1.1041122210644858,0.941,-0.781,-0.3804253499407116,0.10602280826504945
-1.244,0.374,-0.821,-0.097,0.422,1.152,0.374,-0.097,-0.821,-1.244,-1.155,1.152,0.374,1.683,-1.244,1.683,-0.097,-1.244,1.152,-1.155,0.514,1.683,0.848,0.514,-1.244,0.848,1.152,-0.821,-1.244,1.152,-1.244,-0.821,1.683,-0.821,-1.155,-0.821,-1.244,1.683,1.152,-1.155,-1.244,0.374,-1.244,1.152,1.683,0.374,0.514,-1.155,-0.821,1.683,-1.244,-0.097,0.514,-1.155,1.683,0.422,0.848,-0.097,1.670785613307289,1.152,-1.244,1.7212893953792332,-1.1643333642430462,-1.2591642256971092,1.1400324463451688,1.7651860300892301,-0.10904712746492437,0.8329115028783676
-0.753,-0.643,-1.365,-0.714,-0.657,-0.657,-1.365,-0.755,-0.755,-0.657,2.217,-0.755,0.233,-0.003,0.233,-0.753,2.217,-1.365,-1.365,2.217,-0.657,-1.365,2.217,0.233,-0.556,-0.714,2.217,-0.714,-1.365,-0.643,-0.003,2.217,-0.753,-0.657,-1.365,-1.365,-0.003,-0.003,-0.003,-0.714,-0.003,-0.657,-0.753,-0.556,-0.003,-0.657,-0.003,-0.714,0.233,0.233,-0.643,0.233,2.217,2.1977679092885722,-0.6592783719102191,-0.6108862509454163,-0.755,0.21541095006167318,-0.003,-1.365,-0.7674215534980707,-0.753,-1.3750016346910883,-1.3264625989872914,-0.657,0.24192945807451485,0.2764231386676223,-0.01566616245418267,-1.3033391547533928,2.2334028536736126,-0.556,2.277397667493672
0.264,0.85,-0.086,1.121,0.264,0.264,-0.736,0.955,0.264,0.85,0.028,1.274,0.85,0.955,0.955,-0.736,0.955,0.264,-0.614,0.85,1.121,-0.086,-0.086,1.274,1.121,-0.736,0.105,0.028,1.121,1.274,-0.614,1.121,0.264,1.121,-0.736,0.105,0.264,0.105,-0.736,1.121,1.121,1.274,-0.086,1.121,1.121,1.121,0.105,1.121,0.028,1.274,1.2576064858163618,-0.614,-0.6318164395033499,0.013551653777120767,1.315937551152616,-0.5996151911097076,-0.736,0.85,0.955,-0.5762514627851076,0.0652803207008438,1.1043073254205393
1.557,-0.408,2.28,1.557,-1.217,2.28,-1.217,-0.218,1.557,2.28,2.28,-1.217,-0.218,2.28,2.28,-0.688,1.639,1.639,0.986,0.986,1.27,1.27,-1.217,0.986,-0.218,0.69,-0.688,-1.217,-1.217,1.639,2.28,-1.217,2.28,1.27,2.28,-1.217,-0.408,2.28,-0.218,-0.408,-1.217,1.27,-0.688,1.27,2.28,1.27,-0.408,1.639,-0.218,-0.408,-0.218,2.28,0.986,-0.688,-0.7135338568714027,1.639,-1.217,0.9753856497646914,0.69,1.625727274495649,-0.408,1.27,1.557,0.6783892930183523
-0.565,1.351,1.215,-0.193,1.351,0.212,0.942,1.338,1.215,-0.193,0.942,1.338,1.215,1.351,1.215,1.277,1.338,1.277,-0.565,1.277,-0.193,0.942,-0.565,1.215,0.942,1.277,-0.193,1.215,-0.193,0.942,1.351,1.351,-0.193,1.277,1.338,0.055,1.215,1.215,0.942,1.338,0.0,-0.193,0.0,0.212,0.0,0.055,1.215,0.942,-0.565,0.9274627964018056,0.0,-0.020654408803557258,0.055,1.277,-0.193,1.2601280837966602,1.2987361180209198,1.338,0.9550492423497947,1.215,-0.20411329502197076,1.2010287254196141,1.322132273587279,1.3293973304454236,1.3509124721439416,1.3669184515651267
-0.648,-0.091,0.775,0.775,-0.299,-1.095,-0.299,0.775,-1.095,-0.85,0.775,-0.85,-0.851,-1.095,-0.851,0.299,-0.299,-0.85,0.775,-0.438,0.329,0.329,-0.299,0.299,0.775,0.775,-0.299,-0.438,0.775,-0.299,-0.851,-0.851,-0.299,-0.851,0.775,0.775,-0.85,0.775,-0.438,-0.648,0.775,-0.85,-0.438,-1.095,-1.095,-0.299,-0.851,-0.648,0.775,-0.648,-0.299,-1.095,-0.851,-1.095,-0.091,-1.113719295697568,0.299,0.775,0.28725161400985044,0.3093230249109765,-0.648,-1.081161834909047,-0.10296937762665628,-0.07239970019037387,-0.02535759635537512,0.7586261410301114,0.8123751932465255,0.8313064674502127,0.34908135015108255,-0.6580481839346933,-1.041805365098425,0.8840568020480543,-1.0208489527370903,-0.438
-0.612,-0.472,-0.472,-0.472,0.082,-0.632,-0.612,0.155,0.952,-0.612,-0.612,-0.472,-0.612,-0.632,-0.343,-0.472,0.952,0.082,-0.343,0.952,-0.472,-0.632,-0.059,-0.477,0.155,-0.343,-0.059,0.155,-0.632,0.082,-0.612,-0.343,-0.059,-0.632,-0.343,-0.472,-0.477,0.155,-0.059,0.155,-0.059,-0.632,0.0,-0.472,-0.648546927909347,0.952,-0.485388927521606,-0.477,0.082,-0.44934453176948974,-0.616772683124935,-0.49463679824575413,-0.4220401819037865,-0.014918919913379758,-0.612,0.155,-0.5994933213641425
-0.981,0.679,-0.915,1.384,-0.981,0.867,-0.915,0.389,0.06,-0.915,-0.981,0.867,1.384,0.188,1.613,-0.981,0.679,0.679,1.613,0.389,1.384,-0.915,1.384,0.06,-0.981,0.188,-0.539,0.679,1.613,0.867,0.188,-0.539,0.679,1.613,1.384,0.389,0.188,0.389,-0.539,0.389,-0.915,0.867,0.06,-0.539,0.679,-0.981,0.04429135501302501,0.6654041351691484,0.389,-0.5476125408705105,1.613,-0.915,1.384,0.09649687586352958,0.6980676525504618,1.5996836894612139,0.14232087029693052,-0.5187624126951994,1.368691518283453,-0.9277035381008135,1.3976986013887964
1.329,-0.88,1.247,-0.88,0.599,0.4,-1.008,0.748,0.599,1.329,-1.008,1.247,-0.88,1.247,1.247,0.4,0.599,0.748,-0.88,-1.008,1.247,1.329,0.4,1.247,1.247,-0.904,0.528,-0.904,1.187,0.528,1.329,0.599,1.247,0.748,-1.008,1.329,0.4,0.4,-0.904,1.329,0.748,1.187,0.748,1.329,-0.88,1.329,0.528,0.4,-1.008,-0.88,1.187,0.599,-0.88,0.748,0.4,1.187,-0.904,-0.88,0.748,1.1793346466209702,1.329,0.388071111906773,1.232966812026068,1.3143171486656346,1.3534778435408525,1.247,0.7354467963857432,-0.9195209164886268,0.599,-1.008,-1.0229692915770456,0.528,-0.9873010035175802
1.458,-0.675,0.396,1.967,1.458,-0.675,1.458,0.502,-0.387,-0.888,1.458,1.458,0.821,-0.888,0.502,-0.499,-0.499,0.502,0.502,0.821,0.807,0.502,1.967,1.458,-0.888,1.967,1.967,1.967,-0.387,-0.888,1.458,0.502,0.807,-0.675,1.967,0.807,-0.387,1.967,0.807,-0.888,-0.675,1.967,-0.675,0.502,0.502,-0.387,1.967,1.458,1.956087340280833,0.807,1.447430107234267,0.502,1.9972928054337413,0.7933858504934924,2.045325769621046,0.8232868435878752,0.396,2.08125388114862,0.4883808531466465,0.821,0.7921674787462891,2.110311304493085,2.1591704910347747,-0.888,0.38251665380168154,-0.40103497922968034,0.8639006462216462,2.2196006842612905
1.049,-0.109,-0.683,-0.68,1.049,1.049,-0.098,-0.539,0.887,0.113,-0.342,-0.109,-0.68,-0.68,0.113,0.887,0.113,-0.68,-0.539,-0.342,0.887,0.887,-0.109,1.049,-0.68,-0.109,-0.539,0.438,-0.342,-0.68,-0.342,-0.68,1.049,0.438,-0.342,0.887,-0.68,0.887,0.438,-0.342,0.438,-0.683,-0.683,-0.109,-0.539,-0.68,-0.342,-0.6966795871098272,-0.5464224897034594,-0.683,-0.6525627772966048,-0.3616501301937988,-0.6967317388303579,-0.6547535655549348,0.113,-0.098,-0.6143833501932268,-0.49347939534503327,-0.6189010946008425,-0.109
2.11,1.592,2.11,1.592,-1.001,-0.943,1.592,-0.943,0.007,2.11,-0.943,0.007,-0.393,1.592,1.592,2.11,1.592,-0.393,-1.001,-0.231,1.592,-1.001,-0.411,-0.231,-0.943,0.126,-1.001,-0.943,-0.411,-0.411,0.007,2.11,0.126,-0.393,-0.231,0.588,-1.001,0.126,-0.231,-1.001,0.588,1.592,-1.001,1.592,0.588,-0.231,-0.411,-0.393,1.592,-0.231,0.588,0.588,2.11,1.592,-1.001,-0.943,1.5801327353689578,0.5810324500572271,-0.393,-0.9584924588605906,0.6352936452368854,0.007,0.6797727983368519
0.919,-0.907,1.009,1.934,0.787,0.787,1.934,-1.25,0.169,-0.432,1.934,0.919,1.252,0.787,-1.25,-0.432,-0.432,-1.25,0.919,0.169,-1.073,-1.073,1.934,0.919,1.252,0.787,-1.073,1.009,1.009,-0.907,1.934,-1.25,-1.25,-1.073,1.009,-1.073,-0.432,0.169,-1.073,0.169,1.252,-1.25,-0.432,-0.907,-1.25,1.252,0.787,0.169,-0.907,-1.25,-1.25,-1.073,0.169,0.787,1.009,1.934,0.15462571874463937,-0.907,0.772804362454614,-0.9286328105180093,0.9936392150239785,-1.0839021100799089,1.036370034439284,-1.25,0.919
0.454,0.477,-1.367,-1.367,0.89,-0.744,0.454,0.89,0.454,-1.367,1.207,-1.367,0.89,0.477,-0.744,-0.332,-0.45,0.89,-0.45,-1.367,0.89,1.207,1.207,-0.744,1.28,1.28,1.207,-0.744,-1.367,0.477,1.28,0.477,-1.367,0.477,0.477,-0.696,-1.367,-0.696,0.89,0.89,-0.332,-0.332,-1.367,1.207,-1.367,1.207,-1.367,1.207,1.207,0.454,-0.696,-0.332,0.477,0.477,0.454,0.454,-0.744,-0.7650475199334626,0.89,1.28,-0.7413364094725498,-0.45,-0.332,-1.367,0.454,-0.4643154418281423,-0.35039712269204804,0.477,-0.4270675510974232,-1.3836837069709034,0.464579940617087,-0.30698640532810373
-1.045,-0.196,-0.342,0.609,2.133,-0.196,-1.255,-1.255,-0.342,-1.19,-1.19,-1.255,-0.688,-0.703,-1.255,-1.045,-1.19,-0.688,-1.045,0.254,-1.255,-1.255,-1.255,0.609,0.254,-0.703,-1.19,2.133,-0.342,-1.045,0.609,0.609,-0.342,2.133,-1.19,2.133,-1.045,-0.342,-0.196,0.609,2.133,-1.19,2.133,2.133,-1.19,-0.703,-0.342,-1.19,-1.255,-0.35528538368626267,-0.196,0.609,-0.688,-0.7000539169778629,0.5995739011985778,-1.045,-1.2624374178170052,-1.2239191947700345,2.133,2.1129814602604244,0.254,-0.205400812264209
0.392,-1.407,0.996,0.392,-0.504,-1.407,-0.852,-0.642,-0.504,-1.407,-1.407,-0.852,0.135,-0.852,0.703,-1.407,-1.407,0.135,0.392,1.186,-0.642,-0.642,0.703,-0.642,0.703,-0.504,1.186,-0.642,0.703,1.186,-0.642,1.186,-1.407,0.703,-1.407,1.186,0.996,-0.852,-0.852,0.996,0.392,0.996,0.135,0.375200557333378,0.703,0.0,-1.407,-0.504,0.4016631747225211,0.9823561681532429,1.0249108865040917,1.0580904212238396,0.43136761102516213
-0.484,-1.033,-1.033,-0.484,-1.178,-1.178,-1.278,-0.683,-1.278,-0.87,-1.033,-1.178,-0.416,-1.278,-1.178,-0.87,-1.033,1.025,-1.278,-0.597,-1.278,-1.033,-0.683,-0.416,-0.683,-0.683,-1.278,1.025,-0.87,1.025,-1.178,-1.033,-1.178,-1.278,-1.033,-0.597,-1.178,-0.87,-1.278,-1.178,-0.416,-0.87,1.025,-1.278,-0.484,-0.683,-0.609,-0.597,-1.278,-1.178,-0.609,-0.683,-1.033,-0.484,-0.597,-0.609,-1.178,-0.87,-0.416,-0.88151570853137,-1.1942785168324035,-0.8478834062690686,-1.278,-1.2930608256484795,-0.8139348970108704,-1.0456092230797815,-0.49800152469019,-1.0237004798781537
0.84,-0.707,-0.74,-0.962,-0.397,-0.123,-0.962,0.84,-0.571,0.84,-0.962,-0.74,-0.393,-0.123,-0.393,-0.707,-0.74,-0.424,-0.707,-0.707,-0.707,-0.962,-0.393,-0.543,0.84,-0.962,-0.571,-0.393,-0.707,-0.74,-0.123,-0.962,-0.123,-0.962,-0.74,-0.123,-0.543,-0.74,-0.571,-0.707,-0.74,-0.393,-0.74,-0.543,-0.397,-0.571,-0.5843952380511085,-0.424,-0.962,-0.707,-0.5522452437845357,-0.9721783705976867,-0.43260711445621114,-0.39284065558467596,-0.7172118661615845,-0.5040921079235181,-0.3705217761210885
-0.379,0.311,0.398,-0.276,0.398,-0.276,1.432,0.311,1.518,1.518,-0.409,0.638,-0.379,1.432,0.398,0.54,1.518,-0.409,-0.379,0.398,-0.428,-0.276,-0.428,1.518,0.54,1.432,1.432,1.432,1.518,-0.276,-0.379,0.638,-0.428,1.432,-0.379,0.54,-0.276,0.638,-0.409,-0.409,1.432,0.398,0.638,0.311,0.398,0.638,1.518,1.432,-0.276,0.54,0.311,-0.2908264468785157,1.518,0.5273536956053505,-0.409,0.398,-0.379,-0.428,0.29462128120773645,1.4218833344679978,0.5744051086037082,0.6101418675328913,0.638,0.648660177870643,1.5037894084561125,-0.43843777331904327
-0.88,1.799,1.799,-0.506,-0.752,1.799,0.585,-0.591,-0.506,-0.88,-0.752,-0.988,0.297,-0.506,-0.591,-0.988,-0.591,-0.34,-0.34,-0.988,-0.34,0.297,-0.988,0.585,-0.88,0.297,-0.752,0.585,0.297,-0.988,-0.201,-0.988,0.297,1.799,-0.88,-0.752,0.297,1.799,-0.506,-0.88,-0.506,-0.591,-0.201,-0.5224340659453153,-0.605295228395574,-0.47985737150575075,-0.988,0.297,-0.34,-0.469085262190641,-0.46119910338823744,-0.21178664604034667,-0.3567306058321022,-0.752,-0.41870491302645924,0.28151811020276074,-1.0064677903869137,-0.18384890567229734,0.338050485510273
-1.086,-0.075,-0.845,0.373,0.423,0.373,-0.845,-1.086,-0.845,-0.532,-0.075,-0.845,0.423,-0.075,0.423,0.62,-0.075,-1.086,-0.845,0.373,-0.845,-0.532,-0.861,0.62,-0.845,0.423,-0.075,0.037,-1.086,0.373,0.62,-0.861,-0.532,0.62,0.037,-0.845,0.62,0.373,0.373,-1.086,-0.861,-0.861,0.423,-0.532,-0.861,-0.845,0.373,-0.532,0.037,-0.075,-0.08776346885891392,-0.8587513646031755,-0.532,-0.051479992344910366,-1.086,-1.103704095931697,-1.0807463420108183,0.62,-0.5422850791424795,-0.861,-0.515213267514237
-1.012,-0.137,1.299,-1.033,1.966,0.049,0.284,0.284,0.628,1.013,1.966,0.049,0.628,0.049,0.628,-1.012,-1.012,1.013,-0.137,1.966,-0.377,1.013,0.049,0.628,-0.137,-1.033,-1.012,1.299,1.966,-1.033,0.284,1.966,0.284,1.966,0.284,0.049,-0.137,-1.033,0.628,1.966,1.966,-0.137,1.966,-1.033,1.299,0.628,-1.033,-1.033,-1.012,0.284,-0.377,0.284,0.284,-0.377,0.2634742849878142,1.013,-0.137,0.049,0.3064270316342855,0.035651551266163053,-1.012,1.0006440975959152,-1.033,-0.3874028530807873,-0.1480577987839822,1.0308114052142063,-0.11080823254079668,0.628,0.07757342998170275
-1.18,1.378,-1.18,-1.04,-1.18,1.571,-0.744,-0.026,1.571,-0.393,-0.393,-1.18,-0.026,0.754,-0.782,1.378,-1.18,-0.744,-0.393,-1.04,-0.614,1.378,1.571,-0.782,0.754,-0.782,1.571,-0.393,-0.744,-1.18,-0.393,1.571,1.378,-1.04,1.571,-1.18,-0.782,-1.04,-1.04,-1.18,-0.393,-0.614,-1.04,-0.393,0.754,-0.026,-0.026,1.378,1.571,-1.18,-0.614,-1.18,0.754,-1.04,-1.04,1.571,-0.782,1.378,-1.18,-0.614,-1.04,0.754,-1.193815221141275,-0.393,-1.1556692779503774,-0.6250671461238997,-0.5661281185582347,-1.1178771918020114,-1.050429117825744
1.904,1.239,-1.108,0.684,1.904,-0.394,-1.082,1.305,1.904,0.299,-1.108,1.305,-1.082,1.239,1.904,1.239,-1.108,1.904,-0.394,-1.108,-1.108,0.415,1.904,1.305,-1.108,1.305,-1.108,0.771,0.771,1.239,1.904,0.771,1.305,0.684,-1.082,0.771,0.299,-1.082,1.305,0.299,-1.082,1.305,-1.082,-1.082,1.904,1.305,-1.108,0.299,1.904,-1.082,0.771,1.305,-1.108,1.904,1.2900821549931119,1.3366341091702574,-1.1222929304388556,1.8926429826605453,0.299,-1.1027414635798554,0.7599657396425672,0.7865403981585646,-1.082,-0.394
1.569,-0.963,-0.963,0.387,-0.763,-0.751,-0.963,1.569,0.079,-0.963,-0.751,-0.802,0.387,-0.763,0.079,-0.802,0.387,0.079,-0.802,0.387,1.569,-0.157,1.569,-0.802,0.387,-0.157,-0.751,-0.802,-0.802,-0.963,0.387,0.387,0.387,-0.157,-0.763,-0.138,-0.386,-0.963,0.387,-0.802,-0.802,0.387,-0.157,-0.963,-0.138,1.569,-0.802,-0.15570710414660358,1.5506249487241826,-0.12879757403825715,-0.751,-0.1708201145413238,-0.13329203549363491,1.5867565540661104,-0.9753673392146814,0.37293390931133313,0.37897198456209513,-0.763
-0.89,-0.891,-0.891,-1.146,1.164,-0.851,-1.146,0.847,-0.89,-0.851,-1.146,0.732,-0.851,0.847,0.732,-0.851,-1.146,-0.508,-0.891,-0.118,-0.851,-1.146,0.847,-0.851,-0.851,0.847,-0.823,-0.508,0.847,-0.891,-0.89,-0.823,-0.118,-1.146,-0.851,-0.89,1.164,-1.146,-0.851,-0.89,-0.851,-1.146,-0.508,0.847,1.164,-0.89,-1.146,-0.823,-0.891,-0.823,0.847,-1.146,-0.89,-0.8991867959421213,-0.8784181899472296,0.732,0.847,-1.146,-0.823,1.164,-0.118,-0.8556366301809821,1.1553172985257274,0.8354235445535689,-1.1601641699885015
0.193,1.221,-0.668,-0.764,1.105,-0.764,0.546,0.027,1.221,0.546,0.769,0.621,0.193,0.769,0.769,0.027,1.105,-0.764,0.546,-0.668,1.221,1.105,1.105,1.105,1.221,0.546,0.546,-0.764,0.546,0.769,0.621,0.027,0.769,0.769,0.027,0.546,1.105,-0.764,-0.668,0.027,-0.524,0.193,-0.524,0.769,0.193,1.221,-0.764,-0.668,-0.524,0.621,-0.7722724422931806,-0.5371955406747047,0.6088435788797577,0.193,0.546,-0.4945149873983406,0.6632775763063,0.027,0.5340101671449469,0.769
2.131,-1.145,-0.832,-0.954,2.131,2.131,-0.916,-0.954,-0.916,2.132,2.132,-0.922,-0.832,-0.922,2.131,-0.922,-0.954,-0.954,2.132,-1.145,-0.922,0.416,2.131,2.131,-0.922,2.131,-1.145,0.314,-0.916,-0.88,2.132,-1.145,-0.832,-0.88,-0.922,-0.88,-1.145,-1.145,2.132,-0.922,-0.916,2.132,-0.88,2.131,-0.916,-0.922,2.132,2.132,0.314,-0.832,2.131,-0.922,0.314,-0.88,0.2962905318545125,0.416,-1.145,-0.916,2.131,0.3948647990432487,2.1152103148991097,-1.154979887377076,2.158085137811487,-0.929223109700192,-0.9095275992125392,2.214317637793955,-0.954,-0.974305766559524,2.2405805166083117,-1.1074260580313657,-1.0750372345613513
-1.06,2.853,-1.06,-0.108,-0.229,2.853,-0.229,2.853,-0.229,-0.585,-1.06,-1.06,-0.824,2.853,-0.884,-0.108,-1.06,-0.229,-0.108,-0.585,-0.884,-1.06,-0.108,2.853,-1.06,-0.229,-0.824,-1.346,-1.346,0.533,-0.824,2.853,-1.346,-0.884,-0.585,-1.346,-1.06,0.423,-1.06,-1.346,2.853,-0.824,2.853,-0.884,-0.824,-1.346,2.853,0.423,-0.824,-1.346,-0.884,-1.06,-0.229,-0.108,-1.0812343993913942,-0.585,-0.6041139376089659,-0.8365089653386166,0.533,-0.11953790942997458,-0.2446227372204224,-0.06376129959377831
-1.054,0.047,-1.054,-1.054,-0.77,-0.803,-1.054,-0.538,-0.92,-0.139,-1.054,-0.928,0.047,-0.92,-0.39,-0.77,-0.538,-0.951,-0.803,-0.77,-0.139,-0.951,-1.054,-1.054,-0.951,-0.538,-0.39,-0.928,-0.928,-0.538,-0.928,-1.054,-0.77,-0.139,-0.77,-0.538,-0.538,-0.803,-0.139,-0.928,-0.92,-1.054,-0.928,-0.39,-1.054,-0.538,-0.951,-0.803,-0.39,-0.139,-0.92,-0.951,-1.054,-0.92,-0.9331369407105999,-0.139,-0.8920729289431816,0.047,-0.39,0.02946565835981656,-0.1525006719013412,-1.0614219108236234,0.0750856728236302,-0.77,-0.10977334053440549,-1.0153970078182188,-0.4017733254631468
-0.487,0.051,-0.448,1.912,1.912,-0.487,-0.403,1.912,-0.403,1.105,1.912,1.912,-0.57,-0.792,-1.0,0.051,1.912,-1.0,-0.403,-0.487,-0.57,-1.0,-0.448,1.105,-0.448,1.105,-0.792,1.105,-0.448,-0.57,-0.363,1.105,-0.448,-0.403,-1.0,-1.0,-0.792,-0.448,-0.363,-1.0,1.105,-0.57,-0.487,1.0955649160438665,1.138787242025445,1.1682095208794405,-0.5814989167487116,0.051,-0.448,-0.5294282616065157,1.912,-0.403,-0.46345983382911055,-0.42088441766145174,-0.38880336722681513,1.8970106089949077,-0.4184453195002423,0.03548276984352659
0.072,0.072,0.758,-0.294,-0.321,1.753,0.072,0.602,0.072,0.77,0.072,-0.321,-0.348,-0.901,-0.348,1.753,-0.294,0.072,1.753,0.77,-0.901,-0.294,0.363,0.758,0.758,-0.901,-0.348,0.602,0.602,-0.901,0.758,0.602,0.602,0.072,0.602,0.758,-0.901,-0.321,-0.901,-0.901,1.753,0.363,-0.901,-0.294,1.753,1.753,0.072,0.072,1.753,0.758,0.072,0.758,0.602,-0.321,0.77,0.05775953447237122,-0.33349225731510795,0.590126718009813,-0.2786454398337519,-0.23595949000680536,0.10166559674002563,-0.22025469460969532
-0.727,-0.828,-0.721,-0.883,-0.828,-0.727,-0.727,-1.043,-0.202,-0.755,-0.407,-1.043,-1.043,-0.721,-0.97,1.226,-0.828,-0.202,-0.202,-0.755,-0.755,-0.97,-0.828,-0.828,-0.883,-0.721,1.226,-0.97,-0.407,-0.97,1.226,-0.828,-0.828,-0.721,-0.883,-1.043,-1.043,1.226,-1.043,-1.043,-1.043,-0.883,1.226,-0.828,-0.407,-1.043,-1.054604587338928,-0.755,-0.883,-0.769818690266654,-0.8958607878765313,-0.7393202244669687,-0.97,-0.9892625668076772
0.017,-0.919,-0.895,-0.919,-0.984,-1.196,0.017,-1.196,-1.213,-0.177,-0.919,-0.503,-0.81,-0.503,-0.984,-0.81,-0.895,-0.984,-0.81,0.017,-0.594,0.017,-0.984,-0.594,-0.81,-0.895,-1.213,-1.213,-0.984,-0.919,-0.895,0.017,-0.984,-1.213,-0.984,-1.196,-0.895,-1.196,-1.213,-1.196,-0.81,-1.196,-1.213,-0.895,-0.984,-0.984,-0.919,-0.503,0.017,-0.895,-0.9118641739424194,-0.81,-1.213,-1.2347782420991866,0.0026996720356078554,-0.594,-0.6084305631846638,-0.8875303895907547,-1.196,-0.177,-1.1963237174882977,-0.5587553285632044
-0.274,-0.954,1.839,-0.356,0.957,-0.954,0.957,-0.954,-0.356,-0.674,-0.885,0.222,0.957,1.5,1.839,-0.885,-0.879,-0.885,1.839,1.839,-0.885,-0.954,1.839,0.957,-0.274,1.5,-0.954,-0.674,1.5,1.839,-0.879,-0.674,-0.274,-0.954,0.222,-0.674,-0.274,-0.885,-0.274,-0.274,0.957,-0.879,1.5,-0.885,1.5,-0.954,-0.674,-0.356,0.957,0.9304592608318349,-0.6863742480570182,-0.274,-0.6598425947310379,-0.623628140793525,-0.885,1.5,1.483884832412201,-0.954,-0.9710187909801964,-0.903564616801332,1.839,-0.879,0.222,0.20302395852812757
-1.051,-0.372,-1.153,-1.153,0.963,-1.051,-0.372,1.674,-1.051,1.116,-0.372,0.963,-1.051,-1.321,1.374,-1.153,-1.153,-1.321,1.674,-1.153,-0.207,0.43,1.674,-0.207,-0.372,1.374,-1.321,-1.321,1.674,0.963,1.116,-1.051,-1.051,-1.321,-1.051,1.116,-1.051,-1.321,0.43,-1.321,-0.207,-1.321,-0.207,1.674,1.374,1.374,-1.321,-1.153,-1.153,-1.321,-0.372,-1.321,-1.051,0.43,-1.0604495474363256,1.374,-1.321,-1.153,-1.168332349365678,-0.372,0.963,-1.1217305435955522,1.674,1.3581407266550205,-1.3371121707381497,0.950721093724995,1.6624147272819991,1.3963564429739461
-1.262,-1.158,1.516,-1.032,-1.032,-1.032,-1.158,1.179,-1.262,-0.765,0.748,0.748,-1.262,0.28,-0.751,1.516,-1.158,1.179,1.179,-1.262,-1.262,-1.262,-1.262,-0.765,1.516,-1.032,0.261,-0.751,-1.158,-1.158,0.28,1.516,-0.765,-1.032,0.261,0.28,0.748,-0.751,1.516,0.28,-1.158,1.516,-0.765,-1.262,-1.158,-1.262,0.748,0.28,0.748,0.261,0.7326765727604124,-0.751,1.179,0.28,-0.765,-0.7674097063340168,0.24665696386641328,0.7488317519749507,-0.7746362715426228,-0.7495930140205557,0.7782413955343551,0.2705536011314695,-0.7376136992786957
-1.246,-0.218,-0.218,0.707,-0.218,-1.246,-1.124,-1.124,1.121,-1.246,-1.246,-0.514,-1.246,-0.514,0.707,1.322,0.409,-1.124,-1.124,0.476,-1.246,-1.246,-0.218,-1.124,-1.124,-1.246,0.707,-0.218,0.409,1.322,-1.246,0.476,0.418,1.121,-0.218,-0.218,0.707,1.322,0.409,1.121,-1.124,0.707,1.322,0.476,0.4596007082178103,1.121,1.322,0.4915222360899116,-0.514,-1.124,0.418,0.5460799100698832,1.1064547368809239,0.409,1.3059103089601332,1.1406297421535827
-0.501,0.422,-0.029,-0.223,-0.982,-0.982,-0.534,0.422,-0.223,-0.982,-0.621,-0.982,-0.223,1.049,1.762,-0.534,-0.029,1.762,0.422,1.049,-0.029,-0.501,1.049,1.049,-0.621,-0.534,-0.424,1.762,-0.982,-0.534,1.762,-0.534,-0.223,-0.534,-0.424,-0.534,-0.621,-0.424,-0.982,-0.424,-0.534,1.049,-0.534,-0.982,-0.501,1.762,-0.424,-0.223,1.049,-0.534,-0.501,-0.982,-0.424,-0.621,-0.4438021851742932,1.762,1.7457179034358656,1.7748978451476334,-0.42955379515931746,-0.9985524270003956,-0.5460920321228401,-0.9872071774073807,-0.5149073966899457,-0.474998855593943,1.0388054786873948,1.071486183904068
-0.317,1.515,-1.246,-0.977,-1.246,-0.058,-1.246,-1.246,0.235,1.79,-0.855,-1.246,-0.918,-1.246,-0.608,-1.246,1.515,-0.608,-1.246,1.79,0.235,-0.058,1.79,1.79,-0.608,-1.246,-0.918,0.235,-0.855,1.79,1.515,1.79,1.79,-0.977,-0.855,1.515,-0.058,-0.977,1.515,1.79,-1.246,1.79,-0.317,-0.918,-1.246,1.515,-0.977,-0.977,-0.317,-1.246,-0.918,-0.855,-0.317,0.235,-0.608,0.22176910673326503,-0.977,-1.246,1.79,-0.6218017687507481,-0.5795318538551739,0.28053602303777686,-0.855,-0.8700155991802667,1.7747051871250188,-1.2593547684903141
-0.146,-0.146,-0.462,-1.054,-0.919,0.845,1.554,-0.919,1.738,-0.706,1.124,1.124,-0.919,0.845,1.769,0.845,0.845,1.769,-1.054,1.738,1.124,1.769,1.124,1.769,1.769,-0.462,1.769,1.124,1.554,1.554,1.554,-0.919,1.738,0.845,-0.462,0.845,0.845,1.769,-1.054,1.738,-0.706,-1.054,-1.054,-1.054,1.738,1.554,-0.919,0.845,-0.146,1.769,1.769,1.124,0.845,-0.462,1.554,1.738,-1.054,1.554,-0.919,1.738,1.554,1.124,1.5400020944414072,-0.706,-0.7302732867586259,0.845,1.1128637344575707,-1.054,-0.919,-0.146,1.1588858397025579,1.738
0.012,-0.383,0.07,0.245,-1.284,0.318,0.012,0.012,2.328,1.32,-1.284,-1.284,0.012,0.012,0.753,1.32,1.32,0.012,0.012,-0.616,-1.284,2.328,0.318,-1.284,1.32,0.318,0.012,0.245,-1.284,-0.616,0.318,2.328,0.753,0.753,2.328,0.318,-0.616,-1.284,1.32,0.07,2.328,-0.616,0.012,2.328,0.753,0.07,0.753,-0.383,2.328,2.3096817454254928,-0.616,0.012,-1.284,-1.2975546983905772,-0.0024384591305819884,-1.280765910858568,0.753,0.318,1.32,0.07,1.302177334113603,-0.3942330808194472,2.3280128601854497,-0.36204164568982106,0.245,-0.6264619784497308
-0.007,0.565,1.418,-1.005,-0.007,1.346,0.54,0.54,0.734,1.699,-1.005,1.023,1.699,0.54,0.54,0.734,-1.005,-0.007,-1.005,1.418,-0.007,0.565,1.418,-0.007,1.699,0.303,0.565,0.303,1.418,1.023,1.699,1.699,1.418,1.346,0.54,-0.007,0.54,0.565,0.54,-0.007,1.346,0.565,1.699,1.699,-1.005,0.565,1.346,1.418,-0.007,1.023,1.396802851673452,-1.005,0.565,0.54,1.346,1.0107953938285599,1.4249385002680146,1.3324143491842824,1.4373016292216287,-0.016099247153133555,0.5258897988987993,1.3706751857751949,0.554215477552531
-0.389,1.581,-0.414,-0.549,0.838,0.838,-0.414,-0.549,-0.69,-0.414,-0.497,1.581,-0.389,0.838,0.838,-0.497,-0.497,-0.389,-0.875,-0.69,-0.875,-0.497,-0.497,0.353,-0.69,-0.389,-0.69,-0.497,-0.549,-0.69,-0.875,0.415,-0.875,-0.875,-0.549,0.353,-0.69,0.353,1.581,-0.69,-0.549,-0.549,-0.389,-0.414,-0.875,-0.389,1.581,-0.414,-0.389,-0.549,-0.389,-0.69,-0.875,-0.7063122296253074,-0.5628080856745501,1.581,-0.414,-0.5315749876616456,-0.5019921013787475,-0.47404153686209727,0.838
0.45,0.45,-0.848,-0.825,0.221,-0.848,-0.825,0.533,1.682,0.45,1.682,0.45,0.221,-1.149,-1.149,-1.149,1.682,-0.848,0.533,-0.848,-0.825,-0.848,-0.825,-1.144,-0.848,-1.144,0.45,0.221,-0.825,-0.825,-0.144,-1.144,-0.144,-1.144,-0.144,-0.2,0.221,-1.144,-1.149,0.533,1.682,-0.825,0.221,-1.144,0.221,1.682,-1.149,0.221,-0.825,0.221,-0.2,0.20423981545889103,0.533,0.2494577388462303,0.27604195706316653,-1.144,0.5213802839683973,0.5608933531493174,-0.144,0.45,-1.149,0.6034674144625762,-0.16193085468036916,1.682,-0.21439727714529155,0.3184611488407874,-1.1611353145062815
-0.521,-0.521,1.596,-0.521,1.596,-1.107,-0.94,-0.981,-0.521,-1.107,-1.101,-1.107,-0.624,-1.101,-1.107,-0.981,-0.624,1.632,-0.134,-0.521,-0.134,1.632,-0.981,-0.521,1.596,-0.521,1.632,-0.94,1.596,-0.981,0.585,-1.101,1.632,-0.94,-0.624,-0.94,-0.94,-1.101,-0.521,-0.521,-1.107,-0.624,-1.101,-0.134,-0.521,-1.101,1.596,-0.134,-1.107,-1.101,-1.1277442018723247,-0.981,-0.521,1.632,0.585,-1.0700476400523884,-0.9966116437400008,-0.134,1.6191109948832751,-0.9448437535196488,-1.0329284428178662,-0.624,-0.15051656506434094,-0.5346623114311551,-0.986708430853569
-0.66,-1.176,0.844,-1.176,0.434,-0.66,0.279,-0.469,0.434,-0.948,0.844,-0.66,-0.469,0.434,0.434,0.434,-0.66,-0.948,-0.66,-0.66,-0.469,-0.948,0.434,-0.948,-0.469,-0.909,0.401,0.279,-0.378,-0.378,-0.948,-1.176,0.401,-0.66,-1.176,-1.176,-0.66,0.401,-0.909,0.279,-0.909,-1.176,0.279,0.434,-1.176,-0.378,-0.469,0.844,-0.909,-0.9284155032449181,-0.66,0.279,-1.176,-0.48072026052286015,0.26605342691267997,0.29485684765196624,-1.1944449346349877,-1.168190403152391,-0.6740989451852247,-0.8940704564581633,-0.6283917923498861,0.8342450231346178,0.3344869927190646
-0.106,0.11,1.379,0.11,1.961,1.223,-0.106,0.11,1.223,-0.462,1.223,-1.282,0.11,0.13,0.113,1.961,-1.282,1.379,1.961,-1.282,0.13,-0.462,0.113,0.598,1.379,1.223,-1.282,1.961,1.961,0.11,1.961,1.223,0.11,-0.462,-0.106,0.13,-0.106,-1.282,1.379,-1.282,0.113,0.13,0.11,1.379,-1.282,0.113,-1.282,1.379,0.11,0.09861408566988195,-1.282,1.379,1.3665843999081726,1.400307145885049,1.4317285998324962,1.961,1.223,0.113,0.13,1.9527503010982525
1.371,0.526,-1.378,0.716,-0.754,0.338,-1.378,-1.378,0.338,0.338,-0.754,1.951,-1.378,1.371,0.716,-1.378,-0.754,-0.754,0.18,0.716,0.18,0.948,1.951,0.526,0.338,-1.378,0.716,0.18,-0.754,1.371,0.948,-0.404,0.526,0.716,1.371,1.951,0.18,0.716,-1.378,-0.754,-0.754,1.371,-1.378,1.951,0.716,-1.378,-0.754,0.18,0.16674245920475417,0.948,1.951,-0.404,-0.7680312380838048,-1.378,-0.7566129182739065,-0.7145054002079391,1.9388946777106146,0.338,1.993381733988394
-0.542,-1.049,-0.19,0.271,-0.546,0.271,1.497,-0.542,-1.156,-1.156,-0.19,-1.156,-1.36,-1.36,-1.36,-0.679,0.111,-1.156,-1.156,-1.36,-1.36,-0.546,-1.049,0.111,-1.36,0.271,-1.049,-1.36,-1.049,-0.542,-0.546,-1.36,-1.049,1.497,-0.19,-1.36,1.497,-1.156,1.497,-0.679,-1.049,-0.19,1.497,-0.542,0.111,-1.36,-0.546,-0.542,0.271,-0.5614931563263664,0.2562380711678464,1.497,-0.19,-0.5134872057677028,1.4851108801737714,1.5082251495304222,-0.5562824680642415,-0.5155895780754831,0.111,-0.48801337525714206,-0.20454149063522284
-0.565,-0.931,-0.747,1.929,1.08,-0.643,1.557,-0.931,-0.747,-0.931,1.929,-0.695,0.27,1.929,-0.747,1.557,-0.643,1.557,1.08,-0.643,-0.565,0.131,-0.695,0.27,-0.747,1.557,-0.747,1.929,-0.931,0.131,1.08,1.08,0.131,-0.747,-0.931,0.131,1.557,-0.565,1.08,0.27,-0.747,-0.931,1.557,-0.565,0.131,-0.643,0.27,0.27,0.2449123678622165,-0.931,-0.945179791702729,-0.905152957959597,0.28291774833203504,-0.565,-0.695,1.08,-0.747,1.557,0.313974157307562,0.131,-0.7119030019812705,1.929,1.066351183193337,-0.643
0.771,0.771,0.771,1.015,0.2,0.771,0.771,-1.187,-0.219,-0.668,-1.025,-0.219,0.2,0.771,1.427,-0.219,0.15,-1.187,0.2,0.771,0.2,1.427,-1.187,-1.187,-0.668,-0.668,1.015,1.427,-0.219,1.015,1.427,-1.025,-0.668,-0.467,-1.187,1.427,0.771,-1.025,1.015,0.771,-1.025,-1.187,0.15,-0.467,0.771,-0.668,1.015,-1.025,0.771,-1.187,-1.2081876459787333,0.2,-0.668,-0.219,-0.23412686170817518,-0.467,-0.681002503434304,-1.1828060405293774,-0.4754077002555823,-1.1565675125604353,1.015,0.7615500007748851,-0.20564407689197914
0.503,-0.979,1.485,-0.896,1.445,1.445,-0.896,1.485,1.238,-0.896,-0.896,-0.635,0.286,1.238,-0.635,-0.113,0.503,0.286,-0.979,-0.635,0.503,-0.113,0.469,1.445,1.485,1.238,0.286,0.503,0.286,1.485,-0.113,-0.896,1.238,1.445,-0.896,1.485,-0.113,0.286,-0.979,1.445,1.485,-0.896,1.445,-0.979,0.286,1.238,0.503,-0.113,-0.635,1.485,1.4631838531661463,-0.648195300079295,0.286,-0.619101957961084,-0.896,1.445,0.503,-0.979,-0.9113539972535357,0.27429491884615304,-0.898736656212056,-0.12051478794387405,1.238
-0.298,-0.841,-0.841,-0.598,1.722,-0.298,1.722,-0.059,-0.598,-1.094,-0.298,1.722,0.004,0.468,-0.544,-0.996,-0.841,0.004,0.004,0.004,-0.598,1.722,-0.544,-0.996,-1.094,-0.544,-1.094,-1.094,1.722,-1.094,-0.059,-0.298,-0.059,-0.059,-0.059,1.722,0.004,-0.996,-0.841,-0.996,-1.094,1.722,-0.598,-0.598,-1.094,-0.996,-0.996,-0.544,-0.5567383865825144,-1.094,0.468,-1.1080533536541404,0.004,-0.5045009255179207,-0.996,-0.598,-0.841,1.722,-0.059,-0.6102955198828633,0.4570499669594964,-0.8598265852441997,-0.07277742519512442,-0.5830936758136672
-0.084,-0.929,-0.929,-0.674,0.371,2.123,-0.316,0.379,0.371,1.941,0.379,1.941,2.123,1.941,0.428,-0.929,0.379,0.379,1.941,1.941,-0.674,-0.316,1.054,2.123,2.123,0.379,1.941,-0.316,-0.316,-0.316,-0.929,2.123,0.379,-0.084,-0.084,1.941,-0.316,2.123,1.054,-0.929,0.379,-0.084,1.054,2.123,-0.084,-0.084,1.941,1.941,-0.674,1.941,-0.316,-0.084,-0.1025846250642018,-0.674,-0.3269005971402637,-0.929,-0.9452890390681429,1.929888781097569,0.371,0.3551839194110403,1.9687899965753592,-0.07027024573475352,0.379,-0.3106696489876813
-0.355,-0.352,-0.792,0.924,0.924,-0.397,1.07,-0.792,0.924,1.07,-0.355,-0.917,0.41,-0.603,-0.922,0.924,-0.355,0.924,-0.917,1.07,1.07,-0.922,0.924,-0.917,-0.922,0.924,0.924,0.924,-0.917,1.07,-0.603,1.07,-0.922,-0.792,-0.603,-0.355,-0.792,1.07,-0.922,-0.917,-0.397,0.924,-0.917,-0.355,-0.792,-0.922,-0.603,-0.9372899803698935,-0.397,1.07,-0.4140980992811961,-0.3733072223255231,0.41,0.3930345423036,-0.7977843334999462,0.43662939839650605,-0.34229493609801415,-0.352
1.696,0.219,1.135,-0.863,1.318,-0.672,-0.711,-0.711,-0.711,-0.672,-0.863,-0.711,-0.771,-0.672,-0.863,1.696,-0.711,0.219,-0.771,-0.863,-0.711,0.219,-0.771,-0.711,1.318,-0.22,0.219,-0.011,-0.011,1.696,-0.672,-0.711,1.135,1.135,-0.011,-0.672,-0.771,1.135,-0.863,1.318,-0.672,0.219,1.696,1.318,-0.771,1.696,-0.011,1.135,-0.22,-0.711,1.318,1.2972562850696772,1.696,1.32324639881363,-0.863,1.679930339481003,1.3554813584328316,1.7061035106258715,1.1198620666784587,0.219,1.1413394711460785,-0.8751563696072545
1.091,-0.414,-0.399,0.963,-0.414,-0.414,-1.025,-0.718,-0.414,0.592,0.31,0.963,-1.025,-0.414,-0.508,0.592,1.091,1.091,-0.718,-0.508,0.658,0.658,-0.508,-0.414,-0.414,-1.025,-1.025,-1.025,-0.508,1.091,1.091,0.963,0.592,0.592,0.658,-1.025,1.091,-1.025,0.31,-1.025,0.31,-0.508,-0.718,1.091,-0.508,0.963,1.091,-0.399,-0.414,-0.522671371643123,0.951692397597656,-0.4148966634400746,0.658,0.9803467654935878,0.31,-0.718,1.0166856347870497,0.2978928334753299,-1.025,0.592,-0.4219519380097652
0.718,0.494,-1.148,-0.482,-0.482,-0.593,-0.913,0.125,-1.148,-0.108,0.142,0.125,-0.482,-1.148,-0.712,-1.148,-0.913,-0.712,-0.108,-0.108,0.142,-0.712,0.718,-1.148,-0.482,-0.108,-0.913,0.125,-0.593,-0.913,-1.148,-1.148,0.718,0.494,-1.148,0.142,-0.482,0.494,0.142,-0.482,-0.108,-1.148,-1.148,-0.913,-0.712,0.142,0.718,-0.108,0.12532258909392066,0.7067123114258952,0.16860559520554896,0.125,0.21227488386329252,-0.482,0.7442770902643185,-1.148,-0.11855541460028055,0.11296396731806184,0.768247593203299,0.494,0.13483825766471375,-0.08310701972150843
0.829,0.169,-1.232,-0.188,1.249,-1.232,-0.188,-0.234,1.665,-0.05,-1.232,-0.234,-0.234,0.169,-0.188,1.665,1.221,-1.073,1.665,0.829,-1.073,1.221,1.665,1.221,-1.073,1.665,0.169,0.829,-1.232,0.829,-0.05,-1.232,1.249,0.829,-1.073,1.249,-1.232,-1.073,1.665,-0.234,-1.232,-1.232,-1.073,-1.073,1.665,-0.05,-1.073,-1.0875613232624008,0.829,-0.234,-0.05,-0.188,0.8170635955659897,1.665,1.221,0.169,0.15566615862354388,-1.054648921265495,-1.0355902107418624,0.17262509877416293,0.21124201610360333,-0.25044585990709917,0.23160969972233036
1.436,0.176,-0.725,0.412,-0.072,1.436,1.436,-0.584,-0.883,0.176,-0.072,-0.584,0.176,-0.584,-0.936,-0.883,-0.725,-0.653,0.176,-0.936,-0.936,-0.725,0.176,-0.072,-0.653,0.317,-0.584,-0.883,-0.725,-0.584,0.412,-0.725,-0.725,-0.584,-0.936,0.317,0.412,-0.584,-0.936,1.436,-0.653,0.412,-0.584,0.412,-0.725,1.436,-0.584,0.412,-0.072,-0.584,0.412,-0.072,-0.725,0.40302145695113895,-0.7406690436897883,0.41094652257783953,-0.883,0.317,-0.653,-0.936,-0.8981771148195306,-0.08074705853535627
1.616,1.616,0.088,-0.702,1.461,1.01,0.988,1.01,-0.702,1.01,0.088,1.461,-0.773,-0.773,0.988,-0.773,-0.027,1.01,-0.027,0.988,1.616,0.988,-0.773,-0.702,0.025,0.088,1.616,0.088,-0.702,-0.773,1.461,-0.702,-0.027,-0.027,1.461,0.025,0.025,1.01,1.616,-0.027,-0.349,-0.349,-0.36745485753647805,0.025,-0.027,1.461,1.616,-0.702,-0.7188911006450468,-0.32046421378119117,0.016759847441812404,-0.773,1.606814496545527,1.446849261590991,0.988,0.06046885414693975,-0.7914991707844954,1.4866560658441477,1.01,1.521682913425823,1.5498485851302928,1.571997065437916,0.08174714554443369
1.117,1.008,0.785,0.785,1.117,1.117,-0.571,-0.086,0.396,-0.652,1.008,1.008,0.396,0.396,-0.153,0.578,1.008,-0.153,-0.652,1.117,1.008,-0.861,0.578,-0.652,-0.861,1.008,-0.861,0.578,-0.086,1.117,-0.652,-0.652,-0.861,-0.153,0.396,1.008,1.117,-0.652,-0.861,-0.571,-0.861,-0.652,1.008,-0.571,-0.652,-0.086,-0.571,-0.153,1.008,0.578,-0.10009877484092508,0.5572692802538499,-0.05032517858328368,-0.652,0.396,-0.5809945549124086,0.785,0.385629632853258
0.372,0.925,1.052,1.027,0.372,0.199,1.052,-0.086,-0.086,1.052,-0.323,0.005,0.356,1.027,1.052,0.356,0.199,0.356,-0.086,0.005,1.027,-0.378,0.005,1.027,0.356,1.052,0.925,-0.378,0.925,0.005,-0.378,0.372,0.005,-0.086,0.356,0.925,-0.378,0.372,0.925,-0.086,0.372,0.9115495449322701,0.356,-0.378,0.3375997612903815,-0.39470837695644145,1.052,1.027,0.9352123399261348,0.3608509889920163,0.9768888314062568,1.036140442874171,1.0518399856728424,-0.323,0.4157578883043377
-0.867,-0.867,-0.841,-1.046,-0.777,0.849,0.355,0.315,1.423,-1.046,0.315,0.849,-0.777,-0.867,0.355,-1.046,-0.867,-0.867,-1.046,-1.046,0.849,-0.867,-0.914,0.767,-0.841,-0.841,-0.841,-1.046,-1.046,0.315,0.315,0.849,-0.914,0.315,0.849,0.315,1.423,-0.841,-0.841,0.849,1.423,0.767,0.315,0.355,-0.914,1.423,0.767,1.423,-0.914,1.423,0.849,1.423,-0.777,0.849,-0.867,-0.777,0.849,-1.046,-0.914,-1.0662820905742905,1.423,-0.841,-1.0073624505309555,1.4102151607112812,0.315,-0.9277418469915417,-0.9021779600138919,0.8390235876750813,0.767,-0.8581614191003129,-0.8749806175836893
-0.805,2.394,0.948,-1.057,0.045,2.394,0.948,0.948,0.948,-1.057,2.394,-1.057,2.394,-0.963,0.679,0.679,0.679,0.948,-0.805,-0.804,-0.963,2.394,0.045,2.394,-0.963,-1.057,0.045,0.679,0.679,-0.963,0.679,0.972,0.972,0.187,-0.963,2.394,0.948,-0.804,-0.805,2.394,-0.963,2.394,0.972,-0.804,2.394,0.045,0.187,0.948,-0.963,0.679,-1.057,0.187,0.17463086773698927,0.948,0.679,0.045,0.6612379212563123,-0.805,2.394,-1.057,-0.963,2.381793454139468,-0.804,2.406993744473838,-1.0690979812047239,2.428933499725168,-0.814526076070182,0.21800208868623733,0.9368964339867794,0.6875899682442169,0.972,0.7264504178108255
-0.927,-0.245,0.993,-0.924,1.768,-0.079,-0.927,0.551,-0.842,0.551,0.674,-0.245,0.551,0.674,-0.079,0.674,0.993,1.768,0.551,-0.842,1.768,0.993,1.768,0.551,-0.927,1.768,0.993,-0.842,-0.924,0.447,1.768,-0.079,-0.927,0.993,-0.924,0.551,0.993,0.993,0.551,0.993,-0.245,-0.927,0.993,0.993,-0.842,0.993,0.674,1.768,-0.079,-0.09400979766305953,0.447,0.993,-0.046917721274178044,0.674,-0.015466630302526867,0.551,0.4379286190267254,-0.927,0.6561583479271232,0.5359295414319489,-0.9423271042584235
-1.069,-0.376,-1.081,-1.069,-0.811,1.264,-0.873,-0.873,-1.069,-1.081,1.245,-1.069,1.264,-0.413,-0.376,-0.413,-0.811,1.245,-0.376,-0.811,-0.811,1.245,-0.413,1.245,-0.413,-0.376,-0.873,1.245,-0.811,-0.413,-0.811,-0.328,-0.413,1.245,-1.069,1.245,-1.081,-1.081,-1.081,-1.081,-0.811,-1.081,-0.873,1.264,0.422,1.264,1.264,-0.413,-1.081,-1.081,-1.081,-1.069,1.264,-0.376,-0.811,-1.081,1.245,1.264,-1.069,-0.873,-0.376,-0.8855056685511976,1.249453113946594,-0.8537878991061713,-0.328,-0.811,-1.0940532687431235,-0.8280917045242311
1.255,1.025,-0.649,1.436,-0.649,1.025,1.436,-0.592,1.025,1.025,-0.649,-0.516,1.436,0.435,1.025,1.436,1.255,1.025,1.215,-0.231,-0.649,-0.516,0.207,0.207,1.215,-0.231,-0.649,0.207,-0.592,1.255,-0.592,0.435,0.435,-0.649,1.436,1.255,1.436,1.215,-0.516,0.435,0.435,1.436,1.436,1.215,1.025,0.435,-0.231,-0.592,1.0077799850172553,-0.649,1.436,1.255,0.207,-0.24435868918203468,0.18704237951125,1.0492942133107106,-0.6053133384377428,1.215,1.2016768856339541
1.084,-0.657,1.0,0.832,1.0,0.832,-0.673,1.044,-0.657,1.044,-0.59,0.832,0.804,-0.59,1.084,-0.59,-0.673,1.084,-0.657,-0.657,-0.887,-0.887,1.084,1.044,-0.887,1.044,0.323,1.084,-0.887,1.044,-0.673,0.832,0.323,-0.59,-0.657,1.084,-0.673,0.804,0.804,1.044,-0.59,-0.673,-0.673,-0.673,-0.657,-0.887,0.832,1.0,1.084,-0.887,1.0683586642995797,-0.673,0.804,0.323,0.8184496664497418,-0.901630209196484,-0.8659511874959898,1.1091678759125059,-0.59,-0.657
1.383,-0.771,-1.149,-1.1,-1.1,-0.967,-1.1,-0.858,-0.967,-0.858,-0.336,-1.149,-0.9,1.383,-1.1,-0.771,-0.336,0.459,-0.9,-0.712,-1.1,-1.1,-0.336,-0.771,-0.967,1.383,-1.149,-0.858,-0.858,-0.712,-0.336,-0.858,-0.712,1.383,-1.1,1.383,-1.1,-1.149,-1.149,-0.858,-0.336,-0.712,1.383,-0.336,-0.712,-0.771,-0.967,-0.771,-0.9,-0.967,-1.149,1.383,1.383,-0.9,-0.712,-1.149,1.383,1.3726517084808256,1.4193548595227587,-0.9126292263325949,-0.878070637830504,-0.336,-1.1,-1.1625705442203338,-0.858,-0.35173462463404404,0.459,-0.3277466639446112,-0.8730216924895418,-1.1295165264086762,-1.1120392259434904
-0.986,0.789,-0.986,-0.942,-0.758,-0.836,-0.609,-0.758,-0.836,-0.986,-0.986,-0.986,-0.986,-0.758,-0.758,-0.938,-0.609,-0.938,-0.938,-0.653,-0.836,-0.938,-0.986,-0.307,-0.938,0.049,-0.836,-0.942,0.789,0.789,0.049,-0.609,-0.938,-0.653,-0.942,-0.986,0.789,-0.609,-0.836,-0.942,-0.609,-0.938,-0.938,-0.938,-0.942,0.049,-0.836,-0.938,0.034785908424468624,0.06954080759808136,-0.945588318520389,-0.609,0.11389925136697387,-0.986,-1.0028048038216857,-0.8542455991302684,-0.621493453060693,0.15343529566514902,-0.942,-0.653,-0.307,-0.758
-0.886,-0.763,-0.763,0.059,0.059,-0.746,0.903,-0.886,-0.568,-0.746,0.059,-0.011,1.719,0.903,-0.763,-0.886,-0.746,-0.746,-0.746,-0.414,-0.763,0.059,0.903,-0.763,-0.011,-0.746,0.059,-0.886,-0.886,0.059,0.059,1.719,1.719,1.719,-0.886,-0.414,-0.568,-0.568,-0.011,-0.414,-0.763,1.719,0.419,0.059,1.719,-0.763,-0.886,-0.011,0.903,-0.414,-0.903170318439441,-0.763,-0.746,-0.7781804424337629,-0.8644532914503199,-0.026886845846126654,-0.568,-0.4291965922727883,0.419,0.4022419931291536,-0.8351489749330017,0.019860945894765926,-0.7531208868864092,-0.7182238202756561,-0.6939729417613775
0.782,0.782,1.398,0.215,1.422,0.782,1.394,0.404,-0.324,0.215,1.296,1.394,2.143,0.215,1.422,0.782,1.296,1.422,0.782,2.143,1.394,1.296,1.422,-0.772,1.398,1.398,-0.772,-0.772,1.398,1.398,1.296,0.782,2.143,-0.324,1.394,2.143,1.394,1.296,0.782,0.215,2.143,-0.772,2.143,2.143,1.394,1.3655880319705331,0.404,0.3933223031930432,1.296,-0.772,2.143,1.398,1.389141807708859,1.422,0.215,1.439080992258253,1.4882473617307244,0.4236633648981721
-0.869,-0.989,-0.857,-1.039,0.852,-0.989,-0.857,-1.039,-0.869,-0.989,1.125,-0.448,1.125,-0.857,0.092,-0.13,1.125,-0.869,-1.039,0.852,-0.857,-0.56,-0.857,0.852,-0.448,-1.039,-0.857,0.092,-0.448,-0.869,-0.857,0.852,1.125,-0.989,-0.13,-0.56,-0.869,-0.56,-1.039,-0.857,-0.989,-0.869,-0.448,-0.989,-0.989,-0.989,-1.039,-0.869,-0.448,1.125,-0.857,-0.56,-0.13,-0.8857737407275615,-0.14676371794078968,-0.4599055858196469,-0.42802129746525447,0.852,-0.3936444034049377
0.327,0.187,0.187,0.967,2.296,2.296,0.492,0.234,2.296,0.492,0.631,2.296,-0.26,0.631,1.138,-0.26,0.327,-0.26,1.138,0.492,1.138,1.138,1.138,2.296,0.631,1.138,0.187,0.187,0.967,0.327,0.187,2.296,0.967,0.187,0.327,-0.26,0.631,-0.26,0.187,2.296,0.234,2.296,0.234,0.447,0.187,2.296,0.187,2.296,0.967,0.187,0.492,0.967,0.234,2.296,0.21975165358309978,1.138,0.447,0.17467399123153388,-0.26,1.1262294172960516,0.27075221880131756,0.43360674603701543,0.631,0.327,0.956248369402559
0.815,1.028,-0.132,0.815,1.354,-0.876,0.395,1.113,0.815,0.815,0.815,-0.872,-0.872,1.113,-0.872,1.028,-1.181,-0.096,1.354,1.113,1.354,-1.181,-0.872,1.113,1.354,-0.132,-1.181,-0.876,-0.876,-0.132,-0.096,-0.096,1.354,0.395,-1.181,-0.872,0.395,-1.181,-0.876,-1.181,-1.181,1.028,0.815,1.028,1.113,0.395,-1.181,-0.872,0.815,0.803856443435009,1.028,0.8407705820562442,1.354,1.113,-1.181,0.8893726702728891,1.0142122847550685,-0.876,-0.8980319496946739,1.1037669674119186,1.1052188121891833,-0.8809111512789609,-0.8661456830870203,1.1320091866954205,1.0643188374581067,1.0885597117644554
-0.03,-1.068,-0.793,-0.366,-1.068,-1.024,-1.068,-0.18,-0.793,-0.03,-0.18,-0.34,-1.068,0.508,-1.024,-0.793,-0.366,-0.18,2.149,-0.793,-1.068,-0.182,-0.03,-0.18,2.149,-0.366,-0.18,-0.182,-0.182,-0.03,2.149,-0.03,-0.366,2.149,2.149,0.508,-1.024,2.149,-1.024,2.149,2.149,0.508,2.149,-0.366,-0.182,-1.024,-0.366,0.508,-0.03,-0.182,-0.793,-0.3786179460812166,0.4983291787893814,-1.0379373194456802,-0.04651387443229925,-0.34,-1.0035294826296526,-1.068,-1.08292229608292,-0.3565970368168073,-0.18,-0.1951469455165707,-0.004556543226324464
-0.242,0.826,-0.242,-0.242,-0.424,-0.424,0.826,1.061,-0.47,1.061,-0.835,-0.506,0.826,-0.835,1.875,1.875,1.061,-0.903,-0.903,1.875,1.875,-0.506,-0.506,1.875,-0.47,-0.506,-0.835,-0.506,-0.47,1.875,0.739,-0.903,-0.47,-0.835,0.826,1.875,-0.903,0.739,-0.903,-0.47,-0.835,-0.903,1.875,1.875,1.061,-0.835,-0.903,-0.835,-0.47,1.061,-0.47,-0.506,-0.835,-0.8469146652557126,0.739,-0.48531518944026253,-0.8237542566920081,-0.5215139746160107,1.0477189717453694,-0.7729525158434967,-0.242
0.704,0.273,0.273,0.273,0.693,0.273,1.524,-0.776,1.976,1.976,0.273,-0.749,0.693,-1.05,1.524,1.976,1.524,-0.749,0.415,1.976,1.524,-1.05,-0.57,1.976,0.704,1.524,-0.776,0.273,1.524,-0.57,0.704,1.976,-1.05,0.273,-0.749,-1.05,0.693,-0.57,-0.749,0.693,0.273,1.976,0.704,0.273,-0.776,1.976,0.415,0.704,0.4003971719074034,0.273,-0.776,0.26260847361504985,0.693,-0.7883198858335473,-0.749,-1.05,0.3026175660164825,1.976,-0.7578052335053196,-0.7595242187405066
-0.41,0.496,-0.901,0.496,0.496,-1.033,0.496,0.496,-1.033,-0.41,1.384,-0.901,-0.41,1.384,0.496,-0.205,1.384,0.445,-0.41,1.384,-0.557,0.496,-0.205,-0.901,-0.41,1.384,-0.265,0.496,-0.265,-0.901,-0.265,-1.033,1.384,-1.033,1.384,-0.557,-0.744,-0.744,-0.265,-0.265,-0.744,-0.205,-0.41,0.496,-1.033,-0.901,1.384,-0.41,-0.265,-0.2759233850716154,-0.557,-0.901,-0.744,-0.41948584430059216,1.384,-0.3753236327609139,-0.5711042655792486,-1.033,-0.5343172895868988,1.3691274430250098,-1.048726598675152
1.025,-1.087,1.025,-1.125,-0.317,-1.087,1.025,0.409,-1.125,-0.401,-0.401,-1.087,-0.317,0.352,0.4,1.025,1.025,0.274,-0.317,-0.587,-1.087,0.352,1.025,0.4,1.025,-0.587,0.274,-0.401,1.025,-1.125,-0.317,-0.587,-1.125,-1.125,0.274,-1.087,-1.087,-0.317,-1.125,0.274,-0.401,-0.317,-0.317,-0.317,-0.401,-0.32588016280142273,-1.087,-0.4144821377874993,0.352,-0.587,-1.1009012547547463,0.4,1.025,0.338844174232537,0.3778256730995222,0.274,-0.6031293425216894,0.26340420124691294
1.861,-0.258,-0.709,1.861,-0.665,-0.084,1.861,-0.747,1.147,-0.665,-0.747,-0.747,1.861,0.484,1.147,-0.747,-0.169,1.147,1.861,-0.665,1.861,-0.258,-0.709,1.861,-0.665,-0.169,1.861,-0.169,-0.169,-0.258,-0.665,-0.258,1.147,1.861,-0.747,1.861,-0.709,1.861,-0.747,-0.709,-0.7352489007053945,0.484,1.147,-0.6899066611925553,-0.747,-0.258,-0.084,-0.09695615872588481,-0.7630400900638645,-0.27152850629660885,0.470335064482735,-0.665,-0.23881375299479088,0.5048443640875014,0.5705669012138721,-0.6746662862896448,-0.169,-0.623413074086228,1.861
-1.241,1.18,-1.241,-1.241,-0.774,-0.201,-1.241,-1.241,-0.9,-0.497,-0.774,0.579,-1.241,-0.774,1.039,-1.241,-1.241,-0.9,-0.774,1.18,-0.9,-0.365,-1.241,-0.497,-0.9,-0.497,-1.241,-0.9,1.039,-0.9,1.18,1.039,-0.497,-0.774,-1.241,-0.365,0.579,-0.497,1.039,1.18,-1.241,1.18,-1.241,-0.9,0.579,-1.241,-0.201,-1.241,-0.9,-1.241,-1.241,-1.241,-0.201,-0.774,-0.497,-0.365,-0.37891541134739165,-0.9,-0.9133554613562795,-0.7850198630940651,-1.2501992854909278,-0.5136346735278626,0.579,-0.21849560161763124,-0.48048574414649015,-0.8844638525067522,-0.8463956720279868,-0.8237182178964181
-0.979,-0.119,-0.979,-0.185,-0.155,0.071,-0.155,-1.065,-0.687,-0.185,-1.065,-0.979,-0.687,-1.065,-0.979,0.29,0.29,0.29,-0.155,-1.065,-1.065,-0.979,-0.979,-0.979,2.257,-0.119,-0.031,-0.687,0.071,-1.065,-0.687,2.257,2.257,-0.155,2.257,0.29,-0.119,-1.065,-0.119,-0.155,0.071,0.071,0.071,-0.185,2.257,0.071,0.071,2.257,-0.119,-0.155,-0.185,-0.119,-0.031,0.071,-0.119,0.29,-0.687,0.05692520592587982,-0.979,-0.04638178648669655,-1.065,2.257,-1.0763060222670287
-0.694,1.219,1.219,0.339,0.339,-0.916,1.219,-0.696,-0.426,0.148,0.339,0.339,-0.696,0.646,-0.916,-0.426,1.056,0.339,1.219,0.646,0.646,0.148,-0.696,0.339,0.646,1.056,0.339,-0.916,-0.426,-0.426,0.148,-0.407,0.148,0.646,-0.916,0.339,0.148,1.056,0.148,-0.694,-0.916,-0.696,0.646,-0.426,-0.916,-0.43959666738650743,0.339,-0.9309807138882508,0.32754213824242046,1.219,-0.696,-0.694,-0.7178085947745839,-0.4022258916547758,0.646
-0.938,0.126,-0.938,-0.574,0.126,-1.259,-1.259,-1.143,-1.143,1.339,-0.938,0.126,1.027,1.027,-0.153,1.339,1.027,-0.091,-1.259,-1.143,-0.574,-1.143,1.027,-1.143,-0.153,-0.938,-1.259,0.431,-1.143,-1.143,1.027,-0.153,1.027,-0.091,-1.259,-0.938,-1.143,0.126,1.339,-1.259,-1.259,-0.574,1.339,-0.091,-1.259,0.126,-0.091,0.126,-0.574,0.431,1.027,-0.153,-0.091,-1.143,-0.10287151107464237,-1.1588144269841583,0.41862673115326743,1.339,-1.113856362468435,1.0172548702873752
-0.944,-0.372,-0.944,-0.878,1.38,1.819,-0.372,-0.878,-0.596,-1.344,-0.557,-0.647,1.819,-1.344,-0.372,-0.647,1.38,-0.372,-0.372,-0.372,-0.188,-0.878,-0.944,-0.372,-0.372,-1.344,-0.188,-0.372,-0.188,-0.944,-0.372,1.819,-0.596,1.38,-0.188,-1.344,-0.557,-1.344,-0.647,-0.557,1.819,-0.596,-0.944,-1.344,-0.878,-1.344,-0.372,-0.647,1.819,1.819,-0.557,1.38,1.819,-1.344,-0.188,-0.372,-0.3940400854344955,1.8049471668406771,-0.944,-0.647,-0.6732842424798314,1.845769804826763,1.3714929231379156,-0.878,-0.596,-0.19612202158194553
-0.654,1.157,-0.485,-0.654,-0.53,-0.005,-0.83,-0.843,-0.83,-0.654,1.157,0.829,-0.83,-0.318,-0.485,-0.005,-0.318,0.829,-0.654,-0.843,0.829,1.157,-0.83,-0.005,1.157,1.157,-0.843,0.829,1.157,0.829,-0.843,1.157,-0.485,-0.485,-0.005,-0.843,-0.485,-0.53,-0.485,1.157,-0.843,-0.83,-0.53,0.419,-0.005,-0.83,-0.843,-0.015692882588523218,1.157,0.829,1.1419429753056858,0.8058243474272875,-0.8600337185982124,0.838765242503685,-0.485,0.02163177487348486,0.419,-0.318,0.042748311063386155
0.515,1.691,0.161,2.408,0.055,0.161,2.408,0.055,1.0,2.408,0.515,-0.885,0.276,1.691,0.161,0.276,-1.072,-0.885,1.0,-0.021,-0.021,2.408,0.276,0.515,1.0,2.408,-0.885,-1.072,0.055,-0.021,-0.885,1.691,2.408,1.691,0.276,0.276,2.408,-1.072,1.691,0.161,1.691,-1.072,0.055,1.0,0.9726447980762586,-1.072,1.691,0.515,0.04845146353773092,0.161,0.07851631808122811,-0.021,1.0119764245358347,0.15323623759653154,1.6736606296358454,2.408,0.188914796975833,1.0534464965602444,1.089366866621303
0.782,-1.2,2.147,-0.81,1.439,1.439,2.147,-1.2,-1.2,0.17,0.17,-0.878,-0.321,0.17,-0.81,-0.262,-1.2,-0.974,-1.2,-0.878,0.782,0.17,0.17,2.147,1.439,0.782,2.147,1.439,-0.974,-0.878,-0.262,2.147,2.147,-0.974,-0.974,2.147,0.17,0.782,0.782,-0.81,0.782,0.782,2.147,1.439,-1.2,-0.878,0.782,-0.81,-0.974,-0.321,2.147,-1.2,2.147,-0.321,-0.81,-1.2,-0.262,-0.878,-0.3272206984521426,-1.2080403806358437,-1.1534415756066099,1.439,1.4214259051671383,-0.889436153509163,1.461321634063832,-1.116309829093637,0.17
-0.433,-0.989,2.182,-0.433,0.814,-1.128,2.182,-0.989,-0.617,-0.617,-0.989,1.327,2.182,-0.716,-0.617,1.327,-0.716,-0.989,2.182,-0.617,0.814,-1.128,-0.989,-1.128,-0.031,-0.989,1.469,2.182,-1.128,-1.128,-0.716,-0.433,-0.617,2.182,-1.128,0.814,-0.617,1.469,-0.433,1.469,1.469,-0.433,1.327,-1.128,-1.128,-0.031,-0.989,1.469,1.327,1.3079760331800168,-0.617,-0.433,2.182,-1.0046955505499253,-1.1401919159923222,-1.1206959378458836,2.1717097399987795,-0.9963309035632071,2.197485636810714,-0.6330749738220122,2.231165101133976,-1.0713066258751938,-0.44536122286598245,1.3262755906417656
0.495,-0.95,0.641,0.641,1.959,1.959,0.451,0.451,-0.959,-0.959,-0.95,1.959,-0.959,-0.959,-0.95,0.495,0.562,-0.326,0.562,-0.326,-0.95,0.451,-0.326,1.959,0.451,-1.059,0.641,-0.95,0.641,0.451,-0.959,-0.959,0.641,-0.326,0.641,-0.326,1.959,-1.059,0.562,0.346,-1.059,0.346,1.959,-0.326,-0.326,1.959,0.451,-0.959,-1.059,0.495,-0.95,1.959,0.562,-0.959,-1.059,0.346,-1.08167272924125,1.959,-1.05803561737483,0.451,0.548927082698209,0.33465747808575375,0.641,-0.9699189480604135
0.041,-0.234,1.933,-0.284,-0.324,-0.397,-0.2,1.933,-0.2,-0.2,0.041,-0.324,-0.449,-0.2,1.933,-0.449,-0.759,1.429,-0.324,1.429,0.041,1.429,0.041,-0.2,-0.284,-0.2,-0.2,-0.324,0.041,1.933,-0.397,0.041,-0.324,-0.234,1.429,-0.284,1.429,1.933,1.429,-0.2,1.933,-0.2,-0.759,1.933,0.041,-0.759,-0.759,1.933,-0.449,-0.397,0.041,1.429,-0.234,-0.25695879801919824,0.028903112599221903,-0.2,0.07027896453991694,-0.284,-0.4099942114193376,-0.22510272982390914,-0.46530168685274925,-0.2963264519684646,1.920352968601612
0.131,0.932,0.137,-0.978,-0.507,-1.258,0.137,-1.258,-0.238,-0.238,-1.258,-0.238,0.932,0.868,-0.507,-0.62,0.868,0.932,1.5,1.5,1.5,0.868,0.932,0.932,-0.62,0.131,-1.258,0.868,-1.258,-1.258,-0.978,-0.62,1.5,-0.978,1.5,-1.258,-1.258,-0.238,-0.238,-0.507,-1.258,-0.62,0.932,0.932,-0.978,-0.978,0.131,-0.62,-0.507,-0.978,0.868,1.5,-0.6313266468456765,0.8501927463211324,0.932,-0.9920254929296332,0.11930630976843111,-0.9743196443556587,0.137,0.11602684040668831,-1.258,0.162610923880829,0.9177620530092133,-0.5203604280206411,-0.4709478154423435
2.23,0.42,-0.594,-0.301,2.23,2.23,-0.823,-0.817,-1.026,-0.817,0.42,0.664,2.23,0.42,0.42,-0.823,-0.301,-0.301,-0.594,1.091,-0.594,1.091,0.42,-0.817,-1.026,-0.823,2.23,-0.823,2.23,0.664,1.091,2.23,-0.594,2.23,2.23,-1.026,-1.026,2.23,-1.026,0.664,0.42,-0.594,1.091,0.664,1.091,-1.026,0.664,-0.594,0.707,-1.026,2.23,-0.823,-0.594,-1.026,-0.817,0.42,-0.301,1.091
-0.821,0.499,-0.964,-0.103,-1.116,-1.116,0.499,1.454,0.499,0.499,-0.964,1.454,-0.103,1.454,-0.964,0.499,1.786,1.786,0.499,-0.143,-0.103,1.786,-1.116,0.576,-1.116,0.499,1.786,0.499,-0.964,-0.103,-0.821,-0.103,0.041,-0.964,1.454,0.041,-0.821,0.499,-1.116,1.454,0.041,0.041,0.041,-1.116,-0.821,1.786,-0.821,-0.8311387494648371,-0.103,-0.143,-0.12206412841287446,0.576,0.499,-0.15498213121322363,0.47890172212829757,1.454,0.5616963038262409,0.041,0.5087724161329346,0.01977636247837242,-0.964,0.0427554368368389,1.4375507974895796,1.786,0.5897477284271067,-0.09113230180543619,0.08298042651580569
-0.089,0.482,-0.419,2.128,2.128,2.128,0.733,2.128,0.733,0.482,1.023,0.733,0.733,2.128,-0.372,-0.419,0.482,1.023,0.733,2.128,2.128,2.128,-0.089,0.482,-0.089,0.733,0.733,-0.419,0.482,0.482,0.733,0.733,-0.089,0.103,2.128,0.128,-0.372,0.103,1.023,0.733,0.128,0.103,0.103,0.482,0.128,0.733,0.103,0.482,2.128,0.103,-0.089,1.023,-0.372,-0.419,-0.43278556329134155,-0.10711711102411992,1.0117634584772817,0.733,-0.061683240295116765,1.0497770271134705,-0.38131441555561607,1.1017367633060646,-0.3894765306766488,-0.3422497079571316,0.0,-0.29325151931831495
-0.809,-1.061,-1.218,-1.218,-1.061,-1.061,-0.809,-0.809,-0.611,-1.061,2.095,-1.218,-0.376,0.985,0.985,-1.061,-1.218,2.095,-0.611,-1.218,0.985,-1.218,-0.611,-0.376,-0.098,2.095,-0.809,-1.061,0.985,-1.061,-0.376,-0.611,2.095,0.507,-0.809,-1.061,-1.061,-0.376,-0.376,-1.218,0.598,-0.809,-0.376,-0.825362247772133,2.095,-1.218,2.083168847945796,0.985,0.507,-0.38744517787905186,-0.36871505258159715,-0.611,0.598,-0.3353095983001193,-0.098,2.115877186301095,0.49446354497844164,2.142330329809815,-1.061
0.112,-1.168,-1.168,-1.168,-0.072,-0.265,0.768,-0.572,-0.265,-1.168,0.112,-0.572,0.112,0.112,-0.572,-0.572,1.725,1.725,1.725,1.725,-0.572,-1.168,-0.072,1.725,0.127,-0.06,-0.572,0.768,1.725,1.725,-0.572,-0.572,-0.152,-0.152,-1.168,-0.265,0.112,-0.152,-0.572,-0.072,-0.152,-1.168,0.127,0.112,-1.168,0.112,-0.265,-0.152,-0.572,0.127,-0.2743116982919936,-0.06,-0.2365819537475335,-0.5804403854451627,-0.07969256061732148,0.09715927098816658,-0.536829508033068,-0.0572273984719684
-0.214,-0.214,-0.885,1.103,1.467,1.506,1.506,-1.192,1.506,-0.11,1.467,-0.885,-0.11,0.157,0.535,1.467,-0.885,-0.214,-0.885,-0.885,-1.192,1.506,-1.192,1.506,-0.885,-1.192,-1.192,-1.192,0.535,1.467,1.103,-0.11,0.535,1.506,0.535,-1.192,0.744,0.157,1.506,0.535,-0.885,1.103,0.535,0.535,1.506,-1.192,0.744,1.103,0.744,-0.214,1.103,1.103,-0.885,-0.11,-0.12649141292639055,0.744,0.535,-0.10116845709707484,1.0870119133480696,0.520662449859295,0.157,1.467,-0.214
0.426,-0.06,-0.061,-1.382,0.684,0.934,0.684,0.934,-1.382,0.684,-1.382,-1.382,-1.382,-1.176,1.485,-0.818,-0.061,-1.176,-0.061,1.485,-1.382,0.519,0.519,-1.176,-0.818,-0.061,-0.06,1.485,-1.382,-0.06,-0.06,-1.176,-1.176,1.485,-0.061,-0.818,-0.06,0.684,-1.382,0.684,0.934,-0.061,-0.818,-1.382,-0.818,-1.176,-0.06,0.426,-1.176,-0.07643721485428821,-0.023797089998332445,-0.061,-1.382,1.485,-0.07444644768205703,0.01908410560278269,-0.818,1.4711416729014175,0.684,-0.037731269854381244
-0.752,1.835,-0.732,-1.09,-1.09,-1.09,-0.732,-1.09,-0.732,-0.752,-1.17,-0.41,-0.732,0.803,2.054,-0.41,-1.17,-0.752,0.916,2.054,-1.09,1.835,0.803,0.916,1.835,0.803,-0.752,-1.17,-1.17,-1.17,2.054,0.803,-1.17,-1.09,-0.752,-1.17,0.803,-1.17,1.835,1.835,-0.752,-1.09,-0.732,-0.752,1.835,-0.772486893097836,1.8202031388154905,0.0,-0.7382331592922561,1.8462412628959604,-1.09,-1.17,-1.1785528185467966,-1.1438510325816085,1.897366806018828,-1.0946113482458795
-0.007,0.048,1.389,1.389,-0.345,-0.007,0.52,1.389,1.389,-0.345,-0.051,0.556,0.556,-0.345,0.556,-0.887,1.389,-0.887,-1.063,1.389,-0.887,1.389,-1.063,-0.345,-1.063,-0.887,1.268,-0.345,-0.887,-0.051,-1.063,-0.345,1.268,-1.063,0.048,1.389,1.389,-0.345,0.52,1.389,1.389,-0.051,-0.007,-0.051,1.389,-0.345,1.389,-0.007,0.048,-0.007,-0.887,-0.345,-1.063,-0.35865985344649914,-1.0757511005237674,-0.051,0.556,1.389,-1.0249516315596305,-0.32937274612147216,1.268,1.374323007984571
0.277,-0.302,-0.704,0.277,-1.009,-0.751,-0.675,-0.929,-1.009,-0.929,0.277,-0.704,-0.473,-0.751,-0.302,0.277,-1.009,-0.473,-0.929,1.522,1.522,1.522,1.522,-1.009,1.522,-0.302,-0.473,0.277,-1.009,-0.704,-0.929,-0.929,-0.751,-0.675,-0.929,-1.009,0.62,1.522,1.522,-0.751,-0.473,-0.751,-1.009,-0.704,0.62,-0.751,-0.929,-0.7698837205439193,0.6058484901543105,-0.7438848484664861,-0.302,-0.9415156767650193,-0.3114707829604382,-0.675,0.277,-0.473,-0.6939998127014007,1.522,-0.6459858181037405,-0.2652486953630589,-1.009
-1.208,-0.892,-0.491,-0.54,-0.293,-1.208,-0.293,-0.796,-0.293,-0.075,-0.075,-0.293,-1.208,-0.491,-0.293,-0.971,-0.075,-0.491,-0.075,1.079,-0.971,-0.892,-0.971,-0.075,-0.54,-0.54,1.079,-0.075,-0.075,-0.491,-0.971,-0.796,-0.323,-0.892,-0.892,-0.971,-0.892,-0.892,-0.54,-0.293,-0.796,-1.208,-0.971,-0.293,-1.208,1.079,-0.293,-1.208,-0.54,-0.892,-0.971,-0.796,-0.796,-0.491,-1.208,-0.8116587957103755,-0.971,-0.981659649306577,-0.892,-0.9137991705222938,-0.075,-0.09416273473460757,-0.54,-0.293,-0.9440361276498618,-0.5559160166285877,-0.8961822256594024,-0.323,-0.7638590922395564
-0.67,-0.349,0.526,-1.101,-0.695,0.502,-0.349,0.296,0.039,0.502,0.502,0.296,0.296,0.502,1.24,0.502,0.502,1.24,-1.101,0.039,0.502,0.526,-0.423,-1.101,1.24,-0.695,-0.349,0.502,-0.67,-1.101,0.039,1.24,0.039,0.502,-1.101,0.502,-0.349,0.296,0.296,-0.67,0.296,-0.423,0.502,-1.101,0.502,0.296,0.296,-0.695,-1.101,-0.423,0.502,0.4902279414120232,-0.43163066886999923,0.296,0.526,0.5180949472145103,0.28302416022900945,-0.349,-0.67,0.3277241777082297,0.039,0.508630988063088,-1.1157649308764044,0.5236225263380178,0.5333675825060774,1.24,0.026119794002462476,-0.695,0.5799433360578928
-0.667,2.19,2.19,-0.667,2.19,1.02,0.449,-0.667,1.364,1.926,1.02,-0.031,-0.031,1.926,1.926,-1.179,1.02,-1.179,-0.667,1.926,-0.667,-0.038,-0.667,-0.667,-0.031,-0.031,-1.179,0.112,0.112,-1.179,-0.667,-1.179,1.364,2.19,-0.667,2.19,-0.667,1.364,2.19,2.19,0.112,2.19,-0.038,0.449,1.926,-1.179,-1.179,1.02,1.926,-0.038,0.112,0.449,1.02,-0.667,1.926,-0.684266625370205,-1.179,1.364,-0.031,1.9110907539543,2.19,-0.038,1.3536411868616733
-0.045,1.003,1.139,-0.045,1.368,1.432,-0.127,-0.533,-0.207,1.432,1.139,-0.06,1.003,-0.06,-0.045,-0.045,-0.06,-0.06,1.003,-0.045,-0.533,-0.533,1.368,-0.533,-0.207,1.368,-0.127,1.003,1.003,-0.207,1.139,-0.127,-0.72,-0.72,1.368,-0.045,-0.06,-0.533,1.368,1.139,-0.207,1.003,1.432,-0.72,-0.127,-0.127,-0.72,-0.045,-0.06,1.368,-0.045,-0.127,-0.045,-0.06489547446218738,1.003,-0.13917698268597462,0.9950406461989799,-0.207,-0.533,-0.06,1.139,-0.2170192545765916,1.121040926627944,-0.06929518460275545
-0.729,-0.902,-0.478,-0.624,-1.113,-1.374,-0.478,-0.826,-0.872,-0.729,-0.872,-1.113,-0.729,-0.021,-0.624,-1.374,-0.729,-0.624,-0.872,-1.374,-0.478,-0.478,-0.478,-1.374,-0.826,-0.826,-1.113,-0.729,-0.478,-1.113,-0.478,-1.374,-0.021,-0.902,-1.113,1.329,-0.021,-1.374,-1.374,1.329,-1.113,-1.113,-0.872,-0.902,-0.478,-0.872,-1.374,-0.902,1.329,-0.478,1.329,1.3140154251847564,-0.826,-1.113,-1.374,-0.021,-0.041441890999995026,-0.872,-0.624,-0.6408379318809999,-0.88616185549784,-0.8384390719351917,-0.8112800034654017,-0.729,-0.478
2.089,1.168,-0.83,-0.93,2.089,-0.893,-0.85,-0.85,1.168,-0.585,1.142,-0.93,-0.83,-0.93,-0.585,-0.85,1.142,-0.93,1.391,1.803,2.089,-0.93,-0.93,-0.85,-0.93,-0.893,1.391,-0.585,1.803,1.803,1.142,1.168,-0.93,2.089,-0.585,-0.85,2.089,1.803,1.142,-0.85,1.803,1.391,-0.83,1.803,-0.893,2.089,-0.585,1.391,-0.83,1.142,-0.585,-0.893,2.089,-0.585,2.089,-0.93,1.168,2.0709534043895985,1.1491503281811284,2.118403918457059,-0.83,2.169703059495063,1.1828409002139322,-0.9407272540416709,-0.8439200916793484,-0.9063273900385054,2.2050386779606748
-0.968,-1.151,-1.054,-1.064,-1.054,1.247,-0.821,-1.151,1.236,-1.054,-1.054,-1.151,-0.821,-0.821,1.236,-1.151,-1.054,1.247,-0.968,1.247,-1.054,-0.968,-0.968,-0.387,0.497,1.247,0.497,-1.151,-1.064,1.247,0.497,1.247,1.247,1.247,-1.064,-0.387,-0.073,-1.151,1.236,-1.151,-1.064,-0.821,-1.064,-1.151,1.236,0.497,1.2254038715506366,-0.387,1.247,1.2221295145139799,1.2695540974097044,-0.40236703681356956,-0.968,-0.9823927124190752,0.4830567969780018,1.3123191515983386,-1.0746796044454348,-0.9490334794541008,-1.027899406406043,-1.1613147061618903,-0.3610574083269829,1.3390231804728547,0.5157420551259578
1.067,-1.253,-0.839,-0.622,-0.35,1.698,-0.542,-0.526,-0.35,-1.253,-0.839,-0.35,-0.526,-0.542,1.067,-0.622,-0.839,1.698,-0.542,-0.622,-0.622,1.698,-1.253,-0.526,1.698,-0.89,-0.89,-0.839,-1.253,-0.89,-0.839,-0.542,-0.622,1.446,-0.35,-0.542,-0.839,-1.253,-1.253,-0.89,-1.253,-1.253,-1.253,-0.839,-0.542,-0.526,-1.253,-1.253,-1.253,1.446,-0.622,1.698,1.446,1.698,1.446,-0.839,-0.839,1.067,-0.622,-0.526,1.698,-0.89,1.446,-0.5458254928239749,1.4290407265645977,1.6834362123277122,-0.5178199812560004,-0.542,-1.253,-0.35,-0.557426257335714,-0.622,-0.5237215694340721,1.4631538860764568,-0.47181449869018904,-1.265437075548012,1.4965497262925533,1.7343127103646734,-0.902721470398442
1.117,1.285,-1.194,1.117,0.988,-1.156,-1.194,1.285,1.117,1.285,-0.734,-1.194,-1.194,-1.194,-1.156,-1.194,-0.734,1.117,-0.734,1.254,-1.156,1.254,0.41,1.117,0.988,-0.734,-1.194,1.254,-0.228,1.285,-1.194,-0.734,-1.156,1.117,-0.228,-1.156,1.117,-1.194,1.285,-1.194,-0.25,-0.228,-0.25,1.117,1.117,-0.228,0.41,1.254,-1.156,-0.734,1.0984159870138894,-0.23975879871466033,-1.1709260985089815,-0.20221977541293693,-0.16258654650040408,1.1191104155161262,-1.194
-0.746,-0.746,0.874,2.204,2.204,-0.976,-1.011,2.204,-0.746,0.794,-0.461,-1.011,-0.976,-0.746,2.204,-0.946,0.794,2.204,-0.461,0.794,0.794,-0.976,2.204,-1.011,-0.617,0.794,-0.617,-0.461,-0.746,0.794,-1.011,2.204,-0.461,-0.946,-0.461,2.204,-0.946,-1.011,-0.834,-0.976,-0.834,-0.617,-0.617,0.794,0.874,-0.946,-0.976,-0.834,-0.976,2.204,-0.834,-1.011,-0.461,0.794,-0.834,-0.746,0.874,-0.617,2.204,-0.461,0.794,-0.630086266541418,-0.976,2.189921639489024,-0.4714743468004051,-0.834,-0.946,0.8667913512525227,2.202229750431869
-0.888,-0.973,-1.139,-1.139,-0.228,1.208,-0.973,-0.973,-1.139,-0.284,-0.228,-0.228,-0.973,-0.973,1.208,0.39,1.145,-0.973,-0.228,1.153,0.644,1.145,1.145,1.145,-1.139,-0.284,1.145,-0.973,-0.228,-0.973,1.153,1.145,-0.228,0.644,1.145,-1.139,0.644,0.644,-0.888,-0.228,-0.888,0.39,-0.973,-1.139,0.39,-0.228,1.153,1.208,-0.284,1.208,1.208,-0.284,-0.973,0.644,-1.139,1.153,-1.1553362951836437,1.142398086015182,-1.1410692158094395,-0.2926799643384805
-1.008,-0.872,-1.008,-0.522,-0.457,-0.933,-0.457,0.857,-0.916,-0.916,-0.933,-0.872,0.347,0.347,0.461,-1.008,-1.008,0.347,-0.933,0.857,0.857,-0.457,-0.457,0.857,-0.457,-1.008,-0.872,-0.522,0.347,0.023,-0.933,0.023,0.347,-0.872,-0.522,-0.933,-1.008,-0.933,0.857,-1.008,0.347,-0.933,-0.872,-0.933,0.347,-0.872,-0.916,0.857,0.8393216238485048,-0.522,-0.5416298967958049,-0.916,-0.457,-0.872,0.023,0.8711320165482535,-0.8922971912028469,-0.933,0.347,-0.9511937520999684,-1.008,0.8938122512689304,0.461,0.9419194418099546,-1.0223429897683747,0.011109207264718875
2.247,-0.91,-0.711,-0.711,1.087,-0.977,2.247,-1.042,1.087,2.247,-0.91,1.087,1.59,-0.977,-1.001,-0.977,-1.001,-1.001,0.915,2.247,-0.91,-1.001,0.428,1.087,0.428,0.915,1.087,-0.977,-0.91,-1.042,-1.042,1.087,-0.977,-0.711,-0.91,-0.711,1.59,1.087,1.087,1.59,1.087,1.59,-0.91,1.087,-1.042,2.247,1.59,-0.91,2.247,-0.977,1.087,-1.042,2.247,1.59,0.915,1.087,1.0770845833172995,1.5756895578360088,-0.977,-1.001,0.428,2.233952704196481,1.121899800207101,0.9037157129718953,1.5925052733734069,-1.0109649014749147
0.618,-0.822,1.865,0.465,-0.822,0.618,-0.534,0.465,-0.609,-0.846,1.865,0.618,-0.534,-0.534,-0.822,-1.084,-0.996,-0.846,0.618,-0.846,-0.846,-0.996,1.865,0.465,-0.534,-1.084,0.465,-0.996,0.465,-0.822,-1.084,-0.996,1.865,1.865,-0.534,-0.534,-0.609,-0.996,1.865,-0.822,-0.609,1.865,-0.996,0.734,0.465,-0.846,-0.846,0.734,-0.996,-1.084,-1.084,-0.534,-1.084,-0.609,-0.822,-0.996,-0.8440317198575694,-0.822976006020056,-1.0947171786995251,-0.7992966781342786,-0.846,-0.7589423634462271,-0.7219803977729194,-0.8553577462626966,-0.6821875673586654,0.618,-0.5466669183034687
-0.957,1.117,0.254,-0.727,-1.112,-1.112,-0.358,-0.138,-0.526,1.323,1.485,1.117,1.485,1.323,1.323,-1.112,0.254,-0.957,-0.727,-0.727,-0.358,1.485,-0.957,1.117,-1.112,-0.526,1.323,-1.112,-0.526,1.117,-1.112,-1.112,1.323,-0.526,-0.957,-1.112,1.485,1.117,-0.358,-0.358,1.117,1.323,-0.727,1.117,-1.112,1.323,-0.957,-0.526,0.254,-1.112,-0.526,-0.957,-1.112,-1.112,1.323,1.117,1.485,-0.957,-1.112,-0.526,1.4739878384467873,1.1051610465668191,-0.138,0.254,1.3091914399342748,-1.1249081926418751,1.5027785244417484,-1.1034452942883137,-0.727
-0.838,-0.838,-0.446,1.643,-1.029,1.643,1.127,-0.838,-0.771,-0.838,-1.029,-0.771,-0.838,1.127,1.643,-0.446,-0.798,-0.446,-0.872,-0.798,-0.798,-0.798,-0.872,1.643,-1.029,-1.241,-1.029,1.127,1.643,1.127,-0.798,-1.241,-1.241,-0.798,-1.241,-0.838,-0.838,-1.241,-0.771,-0.872,-0.798,-1.241,-0.872,-1.029,-0.872,-1.241,-0.872,-0.487,-0.798,1.643,-0.872,-0.487,-0.487,-1.029,-0.771,1.643,-1.044802340882508,-0.872,-0.838,-1.004120600553493,-0.798,1.127,-0.8561231818912052,-0.966026599566801,-0.7880837447928515,-0.7503652981110972,-0.446,-0.8869258201498307,-0.943431419347755,-0.46914522109603585,-0.423754117714841,-0.8463712027686155,-1.241
2.332,0.841,-0.955,0.787,2.332,-0.524,-0.793,-0.961,-0.955,0.841,0.082,-0.955,-0.793,2.332,-0.524,-0.961,-0.961,0.082,-0.524,-0.793,1.403,0.787,-0.524,-0.961,-0.793,2.332,0.787,2.332,1.403,0.841,2.332,-0.955,2.332,0.964,0.964,-0.793,-0.524,-0.524,0.841,0.082,0.964,0.787,-0.955,0.964,-0.955,1.403,0.787,2.332,0.964,0.964,0.841,0.787,2.332,-0.524,0.777419806245927,0.082,-0.5374704711060987,0.9511871215864001,1.403,0.06619601595699867,-0.4900648888776333,-0.961,2.321745935176704,2.3584011065455135,0.9719432114582485
-0.247,1.502,2.088,-0.265,2.088,-0.515,1.548,1.548,-0.257,-0.265,-0.247,2.088,0.943,2.284,2.284,-0.515,-0.379,2.088,2.088,-0.265,2.284,-0.265,-0.379,-0.257,1.502,2.284,1.502,-0.257,1.548,-0.247,1.548,0.943,-0.247,-0.265,1.502,2.284,-0.257,0.943,2.284,-0.379,2.088,-0.257,1.502,2.284,-0.379,-0.515,-0.257,-0.257,-0.265,-0.379,0.943,1.548,2.284,-0.27194397059261993,-0.24891357997609462,1.5361358444825606,-0.27781681231556804,-0.22316908565424368,2.272320767323626,-0.39440612542801334,2.088,2.071359973786822
-0.181,1.032,-0.3,-0.181,-0.889,-1.059,-1.059,-0.889,-1.059,0.842,0.842,-0.34,-0.181,1.032,0.554,0.554,-0.181,0.842,0.568,0.842,0.568,0.554,0.603,0.554,0.568,0.842,0.554,-0.3,-0.889,1.032,-0.3,-0.889,0.842,0.842,0.603,-0.181,-0.181,-0.889,-0.181,-1.059,1.032,-0.34,-0.3,-0.181,-0.35144016303681425,0.568,-0.1947335433986518,0.603,-0.32213354361532914,1.032,0.842,-0.30748925600174326,0.554,0.5324091913319419,-0.29818526356266006,0.5915409035845732,0.5715065867683206,0.8276006230008204,0.6237008363420724,1.0171082018141187
-0.46,0.86,1.285,-0.265,1.285,-0.458,-1.109,-0.458,-0.999,-0.504,-1.27,-1.109,-0.458,-1.27,-1.27,-0.921,-1.27,-0.46,-0.46,-0.999,-1.27,-1.109,-0.921,1.285,1.285,-1.109,-1.27,-0.999,-0.265,-0.46,0.86,1.285,-0.999,-0.921,-0.921,-0.46,-0.504,-0.999,-0.999,-1.27,-0.458,-0.999,-0.999,-0.46,-0.921,-0.999,-0.458,-0.265,-0.27657702237171644,-0.921,-1.109,1.285,-1.1260057942094914,-0.458,-0.22809075831196376,-0.999,-1.093403583906679,-0.46,1.2753597972828803,-0.9329602046965109,1.2907920621213917,-0.8945540051819529,-0.47480253133973604,-1.009019612243618,1.3321253324049438
2.058,-1.0,0.739,0.739,1.987,1.987,-0.457,0.162,-1.0,0.739,-1.0,0.157,-1.0,2.058,1.987,1.987,0.162,1.987,2.058,1.987,-0.761,0.661,0.661,-1.0,1.987,1.987,0.162,0.661,0.162,0.157,-0.457,0.711,0.661,2.058,1.987,0.661,-0.761,0.711,0.661,-0.761,0.711,2.058,-1.0,-1.0,0.739,0.661,-0.761,0.162,0.162,0.157,0.711,1.987,0.162,-1.0,2.058,0.739,0.7243719081835552,-1.0,-1.0221784813468022,1.987,-0.9820825304653028,-0.457,-0.47276216459483167,0.157,0.661,2.058,0.6460356130209686,-0.9324131777050434,-0.44752667190521944,2.0451386661055535
-1.072,-0.82,-1.235,-0.333,-1.251,-1.072,-1.072,-1.235,-0.576,-1.235,-1.072,-0.576,-0.661,0.069,-1.251,-1.235,-0.576,-0.82,-1.251,-0.357,-1.072,-0.576,-0.333,-0.333,-0.333,-1.072,-1.251,-0.82,-1.072,-0.333,-1.251,-0.576,-1.235,-1.251,-0.576,-0.82,-0.661,-0.661,-1.235,-0.357,0.069,-0.139,0.069,-0.661,-1.235,-0.576,-1.251,-0.82,-1.072,-1.072,-1.251,-0.576,-0.661,-0.576,-0.82,0.069,-1.235,-0.661,-1.251,-1.2515001409868374,-0.5870472800024754,-0.5695422497049192,-0.831553328480923,-0.6741255699929662,-0.5223673134340525,-0.357
-0.289,-0.718,0.2,-1.039,-0.814,0.857,0.2,1.757,1.757,1.757,1.757,0.2,-0.289,-1.039,1.757,0.857,1.191,-1.039,1.757,-0.814,-1.039,-0.831,0.857,-0.289,-0.831,-0.814,-1.039,-0.289,0.2,1.757,-0.831,-0.836,-1.039,0.2,0.2,1.191,-0.836,-0.289,-0.718,1.757,-1.039,-0.836,-0.836,0.2,1.757,-0.831,-1.039,-0.718,-0.836,-0.8474723462438044,-0.8231964185611494,-1.0525923010292186,-0.289,-0.3113224842755254,0.857,-0.831,-1.0109293000730273,-0.847063338722418,0.2,-0.9855838626693398,1.757,-0.2594533845684749,1.191,-0.23593138573629735,1.7393150722894097,-0.8053614168609671,-0.7756813910412923,-0.7312212787880809
-0.765,0.809,0.809,-0.89,0.809,-0.765,-0.89,0.809,-1.418,1.218,0.912,-1.418,-0.765,0.215,-1.418,-0.765,0.512,-0.89,0.912,0.912,-1.418,0.913,0.809,0.215,-0.765,-0.765,0.913,-1.418,0.512,1.218,-1.418,0.912,0.512,-1.418,-1.418,0.912,1.218,-0.89,0.199,0.199,1.218,-0.765,0.912,-1.418,0.512,0.809,-0.765,-0.7881362439362276,0.7971798146521196,1.218,-0.7453528760027568,-0.89,1.2041606978299804,0.913,0.5002747646680382,0.9012452320990023,-0.9038506450017367,0.8998010743847539,-1.433957179532286,1.2443488036341774
1.899,-0.619,-0.996,0.244,1.899,0.244,1.899,-0.996,-0.31,-1.029,-1.021,0.77,-0.665,-0.996,1.899,-0.31,1.899,-1.029,-0.31,0.244,1.899,0.77,-1.029,-0.996,-0.619,0.77,-0.996,1.899,-1.021,-0.619,-1.029,-1.029,-0.665,-1.021,-0.996,-0.619,-0.176,-0.619,-0.665,-0.996,-1.021,0.244,-0.176,-1.021,-1.0412773783980809,-0.665,-0.996,-1.029,-0.6811978981865956,-0.619,-0.176,-1.0108238605413853,0.244,1.899,-0.31,-0.32607473831141204,-1.0160780233474045
-0.569,0.249,-0.898,-0.932,-0.567,-0.898,1.599,0.249,-0.847,-0.898,-0.567,-0.898,-0.567,-0.847,0.629,-0.847,0.735,-0.898,0.629,0.629,-0.569,-0.847,-0.569,-0.898,-0.569,-0.932,-0.567,-0.567,-0.898,-0.932,0.249,1.599,0.629,-0.847,-0.898,-0.567,0.704,0.249,-0.898,0.629,1.599,-0.932,0.704,1.599,0.735,0.629,0.629,-0.569,-0.932,-0.569,-0.569,-0.847,-0.569,-0.567,0.249,-0.569,0.735,0.629,1.599,1.580293534445777,-0.5801754314260013,-0.5810840462608176,1.6294412305197559,0.24104383602689589,0.7224085184493843,0.7702137081694811,-0.847,0.704,0.6865129710226554
0.563,-0.531,0.563,0.157,-1.265,-1.277,-0.041,-0.041,1.423,-0.717,-1.265,-1.265,1.423,-1.277,-1.265,-0.531,0.484,0.157,1.423,-1.265,-1.265,-0.531,0.563,-0.041,-0.531,-1.265,1.423,1.423,-1.277,-0.717,1.423,1.423,-0.531,0.563,1.423,-0.041,0.484,0.157,-1.277,1.423,-0.041,-1.277,-0.671,-1.277,-0.717,0.157,-1.277,0.563,1.423,0.563,0.484,-0.717,-1.265,-0.041,-0.717,-1.277,-0.717,-0.671,0.484,-0.717,-0.671,-0.734711319534433,-1.277,-1.265,0.484,0.157,-0.041,0.4689258766635414,-0.6937823214246223,-0.056418915302367464,-0.531,-1.2777625757250635,0.563,0.552291615217814,0.15028616920601437,0.49240118356035745,-1.2465753405609357
-0.902,-0.902,-0.627,-0.747,0.73,-0.827,-0.627,-0.627,-1.025,-1.025,-0.747,-0.827,-0.614,1.093,-0.614,0.73,-0.747,-0.627,-0.614,1.093,-0.827,-0.614,-0.827,0.73,-1.025,-0.827,-0.747,-0.902,0.73,1.093,-1.025,-0.747,0.404,-0.902,-0.827,-0.627,-0.627,-0.902,-0.627,-1.025,-1.025,0.73,0.493,-1.025,0.493,-0.827,0.73,0.73,-0.627,-0.902,-1.025,-1.0414083472150029,-1.0027839434591717,-0.6380295563495939,-0.827,0.73,-0.8351818199690597,1.093,-0.614,-0.9137846344062968,-0.7892363922751243,1.0781641140539764
-0.716,-0.094,0.483,-0.816,-1.307,1.38,-0.289,0.444,0.444,0.483,1.288,-0.289,-0.816,-0.816,0.444,1.288,0.444,-0.289,-0.816,1.38,-0.094,-0.716,0.444,1.38,-0.816,1.288,0.483,-1.307,-1.307,-0.094,1.288,-1.307,0.483,1.288,-1.307,0.444,-0.716,-0.816,-1.307,-1.307,-0.289,1.38,-1.307,-0.716,-1.307,-0.716,0.444,1.38,-0.816,0.444,0.4247976925201265,0.483,-0.289,0.483,-0.8281757287163414,1.38,-0.7966076281048631,0.4606480921691144,0.5019845456209623,-1.307,1.3669038819693378,0.4679666533174205,-0.304557987274531,-0.094,-0.716
1.644,-0.637,-0.443,0.655,-1.035,-0.626,-0.813,-1.035,-0.386,0.655,-0.813,-0.813,0.856,-0.813,-0.792,-0.792,1.644,-1.035,-1.035,0.856,-0.792,0.655,-1.035,-0.637,0.655,0.856,0.655,1.644,-0.792,1.644,-0.626,-0.443,-0.637,0.655,0.655,0.655,-0.626,-0.813,-0.813,-0.813,-0.792,-0.626,-0.792,0.655,0.655,1.644,-0.792,-0.813,-0.792,-0.443,-0.626,-0.386,0.655,-0.813,-0.4014470322227625,-1.035,0.6397426411129185,-1.0482603917666828,0.6872565434186628,-1.0107686377037735,-1.0019211700482382,-0.9477082051575987,1.644,0.856
-0.732,-1.072,-0.075,0.606,-1.124,0.606,-0.765,-0.325,-0.075,0.807,-1.072,-0.132,-0.732,-1.072,-0.075,-1.072,-1.124,-0.325,-0.075,-0.075,-0.765,0.606,-1.124,-1.124,-1.072,-0.132,-1.124,-0.732,-0.132,0.606,-0.075,-0.075,0.807,-1.072,-1.124,-0.325,0.845,-0.765,-0.765,-1.124,-0.075,-0.325,0.845,-0.075,0.845,-0.325,0.807,-0.732,-1.124,-0.7474225050563812,0.7890516738375032,0.8216782177189269,0.8547866638022376,-0.132,-1.072,-0.7171896722595628,0.8869674500546906
-1.112,-0.708,-0.621,-0.621,0.407,1.379,1.379,-0.708,0.663,-0.708,-0.946,-0.621,0.407,-0.57,-0.621,0.663,1.379,-0.946,-1.112,1.379,-0.57,-0.77,-0.621,-0.621,-0.946,-0.57,-0.624,-1.112,-0.946,-0.57,-0.946,-0.946,-0.621,-0.77,-1.112,1.379,0.407,0.407,-0.77,-0.57,-0.708,0.663,-1.112,0.407,-1.112,0.663,-0.57,-0.708,-1.112,-0.624,-0.77,0.407,0.407,-0.946,-0.57,-1.112,1.379,0.663,0.6403384132846184,1.3649777906353138,0.407,-0.708,-0.7193280017534458,-0.621,0.6790194011634653,-0.9638451776315672,0.3885089907066885,-0.5869247917604825,-0.9136685192458726,-0.6360111398988041,-0.888724213374548
1.43,-0.971,1.43,1.162,0.553,-0.617,0.553,0.553,0.687,1.056,-0.925,-0.971,-0.971,1.056,1.43,0.553,0.553,0.687,0.687,1.162,-0.925,-0.556,0.687,0.553,-0.925,1.162,1.056,-0.556,0.687,-0.925,0.793,1.162,1.162,1.43,0.793,-0.617,0.687,1.056,-0.971,-0.925,-0.617,1.43,1.056,-0.617,-0.925,0.687,1.43,0.553,-0.556,-0.971,1.162,0.553,1.1469083250478904,0.793,-0.556,0.7804452377992098,0.687,1.43,1.41572441358269,-0.5717717387307585,1.2013871641309095,-0.617,0.6736592557960613,0.7067240683073953
1.631,-0.403,1.393,-0.949,-0.401,1.631,-0.96,-0.949,-0.96,1.393,-0.371,-0.401,-0.96,1.631,1.631,-0.96,1.425,-0.949,-0.96,1.393,1.393,-0.371,-0.244,1.631,1.393,-0.401,1.425,-0.949,-0.949,-0.949,-0.244,-0.96,1.425,-0.138,-0.96,-0.401,-0.949,-0.244,1.631,-0.403,-0.138,1.393,-0.4163115082453237,-0.244,1.38200539809547,-0.401,-0.25716162535230025,1.6210849698699275,-0.4181638739371616,-0.371,-0.96,-0.949
-0.548,0.451,-0.894,0.072,-0.894,-0.548,-0.606,-0.639,-0.548,-0.606,-0.548,0.875,-0.548,0.875,0.451,0.451,1.515,1.515,0.072,0.072,1.515,-0.894,0.875,0.072,0.451,-0.894,-0.548,0.451,0.451,-0.894,0.451,-0.639,0.451,1.515,-0.347,1.531,-0.606,-0.548,1.515,1.531,1.531,-0.894,-0.894,0.072,-0.639,0.875,-0.606,0.072,0.072,-0.347,1.531,1.531,-0.639,-0.606,1.515,0.072,1.5041203022497809,1.5471904448317237,-0.548,0.058400979318831606,0.08965598702364885,0.12845534290185637,1.5925107242228473,-0.894,0.15760116347584946,-0.5624456103629866,-0.540147947333478
-0.461,-0.461,2.193,0.531,1.084,-0.69,0.818,0.531,1.084,2.193,-0.461,-0.988,2.193,0.574,1.084,-0.988,-0.667,1.084,-0.988,0.818,0.574,2.193,-0.461,0.574,-0.988,-0.461,2.193,-0.988,0.574,0.818,-0.461,-0.045,1.084,2.193,2.193,0.574,-0.69,-0.045,0.574,0.574,-0.461,2.193,-0.461,-0.045,-0.667,-0.69,2.193,-0.667,0.818,-0.69,0.574,-0.988,2.193,-0.461,0.531,0.5149871253412128,-1.0018390517475302,-0.9737627871882837,-0.667,0.574,2.1785576226143863,-0.4715673213612596,0.818,0.5388965001466928,-0.6842561914498222,0.5609350946366458,1.084,-0.9186451215167598,-0.43737085240745893
1.558,0.032,-1.242,1.558,-0.155,-0.497,-1.242,-0.384,-0.497,-0.497,-0.155,-0.251,-0.185,-0.155,-0.615,-0.497,-0.251,-0.497,-1.08,-1.08,-0.615,-1.08,-0.185,-1.242,-1.242,-0.497,0.032,-1.242,-0.251,-0.185,-0.251,-0.497,-0.251,-1.08,-0.497,1.558,-0.384,-1.242,-1.242,-0.251,0.032,-0.251,-0.155,1.558,1.558,-0.251,-1.08,-0.155,-0.1730221710330646,-1.0974853196751642,-0.497,-0.5212844093102069,1.558,1.5424968749432886,-1.242,0.032
-0.518,-0.518,-0.518,-0.971,-0.851,-0.971,-0.851,-0.324,1.777,-0.589,-0.324,1.815,-0.324,1.777,-0.557,-0.589,-0.851,1.815,1.815,-0.971,-0.557,1.815,1.815,1.777,-0.971,1.815,-0.634,-0.971,1.815,-0.589,-0.851,-0.971,-0.324,-0.518,-0.324,-0.324,-0.589,1.815,-0.634,-0.634,-0.971,-0.518,1.777,1.815,-0.971,-0.9920956051434758,-0.518,1.815,-0.851,-0.589,-0.634,1.777,-0.6481969131469875,-0.5327679836532981,1.7981305387970978,-0.6015589338462012,-0.9578430813920858,0.0,1.8329735958619973,-0.8621643270497035,-0.324,-0.4883313430781346,1.7614521624803174,1.7885990117822632,-0.4632803565163216,1.8246436866318114,-0.012469130743261234,0.020313209475765055,-0.8161696733568803,-0.557,-0.3366145363343294,-0.45131281705866905,-0.7928992908448893,-0.9204106767929702,1.879080107523201,-0.31170926942907395,-0.7481425017642022,-0.5694318484923534,-0.40898339973897624
0.532,-0.682,1.488,-0.966,-0.061,-0.592,-0.321,-0.682,0.532,-0.966,1.488,-0.682,-0.321,0.532,-0.966,0.532,-0.061,1.488,-0.004,0.532,-0.592,-0.004,1.488,-0.966,1.488,1.488,-0.682,-0.592,0.532,1.488,-0.682,-0.592,-0.663,-0.682,-0.663,1.488,-0.321,-0.004,-0.592,-0.321,-0.321,-0.09,-0.682,-0.061,0.532,-0.966,-0.663,-0.321,-0.682,-0.6949123071114821,-0.061,-0.321,-0.004,-0.6690578328525318,-0.663,0.532,1.488,-0.6312627018602696,-0.07359260112302331,-0.592,-0.966,-0.03661741925815199,-0.09,-0.671101493812705
-0.755,-0.165,-1.008,0.136,0.136,-1.255,-0.557,-0.557,0.835,-0.936,0.136,0.835,-1.008,-0.936,-0.51,-0.755,-0.51,-0.165,-1.255,-1.255,0.835,-0.936,-0.165,-0.936,-1.008,-0.51,0.835,-0.755,0.835,-0.936,-1.008,0.835,-0.755,-0.557,-0.557,-0.936,-1.255,-1.255,0.835,-1.255,-0.557,-1.255,-0.165,-0.755,-0.557,-1.008,-1.255,0.835,-1.008,-0.755,-0.936,-1.255,-1.255,-0.165,-0.755,-1.008,-0.51,0.136,-0.7672000869105166,-1.255,0.835,-0.557,-0.722990917331555,-1.2689389357020366,-0.17921797764405512,-0.1364175132800989,-0.5254099111780359,-0.09446823763691756
0.419,-0.343,-0.859,0.046,-0.466,-0.859,-0.508,-0.515,-0.137,-0.515,-0.466,-0.515,0.046,0.046,-0.147,-0.466,0.741,-0.147,-0.515,-0.343,-0.147,-0.515,-0.859,0.741,-0.859,-0.508,0.046,-0.859,-0.466,-0.466,-0.137,-0.343,-0.343,-0.137,-0.466,-0.137,-0.466,-0.515,0.046,0.741,0.046,-0.508,-0.515,0.046,0.03331864415715912,0.741,0.7267606921396935,-0.137,0.056185149686539045,-0.466,-0.4791226087774857,-0.508,-0.343,0.7579079298949573,-0.153579596044463,-0.859,-0.8772977895419584,-0.5196308914233346,0.419,-0.526957661894732,-0.46874735195304706
-1.263,0.107,-0.698,-1.263,-0.968,-0.749,-0.698,-1.263,-0.749,-1.263,-0.968,-1.263,0.507,-0.189,-0.968,-0.749,-0.65,-0.968,-1.002,-1.263,-0.65,-0.65,-0.698,-1.263,-1.002,-1.263,-1.002,-1.263,-1.002,-0.561,-1.002,-0.189,-1.263,0.107,-0.65,-0.561,-0.189,-1.263,-1.263,-0.749,-0.968,-1.002,-0.65,0.507,-0.189,-0.561,-1.263,-0.6589103507875081,-1.2697364936336533,0.49245151302071294,0.5145504559376611,-1.2136613000436927,-1.1957158110756432,-0.5739832500103805,0.561475759843202,-0.98027697565944,-0.6411798718372265
-0.766,-0.917,-0.766,-0.785,-0.477,-0.477,-1.143,0.428,-0.785,-0.063,-0.477,0.197,-1.143,-0.063,0.961,-1.143,-1.143,-0.477,-0.785,-0.785,-0.917,-0.887,0.961,-0.917,0.961,-0.917,-0.063,0.197,-0.785,0.961,-0.766,0.428,-0.887,-0.766,-0.766,-0.917,-0.766,0.961,-1.143,-0.887,-0.887,-0.887,-1.143,-0.766,-0.785,-1.143,-0.766,-0.917,0.428,0.197,-0.063,-0.07493687234499193,-0.785,-1.143,-1.1621752733623743,-0.766,0.1855343193979617,-0.029541755111793168,-0.917,-0.7966277673750433,-0.477
0.895,-0.67,1.073,1.073,-0.67,-0.67,-0.67,-0.398,-0.864,-0.67,1.24,1.123,-0.67,-0.398,-0.864,1.123,1.24,1.073,-0.67,1.073,1.123,-0.473,1.123,-0.473,1.073,-0.398,1.24,1.123,1.073,-0.67,1.073,0.035,-0.67,-0.864,-0.398,1.073,1.24,0.895,-0.398,1.123,1.123,0.035,0.501,-0.864,1.073,1.24,1.2300711032928269,1.0551062164459704,-0.473,-0.864,-0.8807668836517532,1.2620786131660338,1.2887945471738085,-0.8488024342656473,-0.67
1.331,-0.19,1.939,1.331,1.331,1.283,1.939,-1.06,1.283,1.939,1.331,1.331,1.939,-1.028,-1.06,1.939,-0.747,-0.747,-0.496,-1.028,-0.19,1.283,-0.747,-1.06,-0.747,-0.496,-1.028,-1.06,-0.496,1.331,1.939,0.423,-0.496,-1.06,-1.06,-0.496,-0.496,-0.496,1.283,-0.19,1.939,-1.028,-1.06,1.939,-1.028,-0.496,-1.06,-1.028,0.423,-1.036328487202008,1.939,-1.0747366446692002,-0.747,1.283,-0.19,1.2710790278119874,1.331,1.9239545578904573
-0.422,-0.644,-0.772,-0.772,-0.704,2.187,2.187,-1.231,-0.644,-1.096,2.187,-0.704,-1.231,-0.422,-0.644,-1.096,-1.231,-0.38,-1.231,-1.231,-1.081,-1.081,-0.772,-0.422,2.187,-0.422,-0.38,-1.231,-1.096,2.187,-1.081,2.187,-0.442,-1.096,-0.772,-0.772,-1.231,2.187,-0.644,-0.704,-1.081,2.187,2.187,-1.096,-1.096,2.187,-1.081,2.187,-0.704,-0.772,2.187,-0.422,-1.081,-1.231,-1.097275173299984,-1.0628191658285242,2.187,-0.442,-0.38,-0.39620490802781444,-0.704,-0.772,-0.7210509767579075,-0.43325468301797965,-0.451898067058566,-0.644
0.382,1.303,-0.548,-0.548,1.634,-0.868,1.303,-0.671,0.289,0.289,-0.809,-0.809,0.289,0.382,-0.433,-0.433,-0.868,1.303,-0.433,1.634,-0.671,-0.671,-0.548,-0.548,0.382,-0.433,0.382,0.384,-0.433,0.289,1.634,1.634,0.382,1.634,-0.809,-0.868,-0.809,-0.548,-0.868,-0.433,-0.433,-0.868,0.382,1.634,-0.809,-0.548,1.634,0.289,1.303,-0.548,0.384,-0.868,-0.548,-0.433,-0.868,1.303,-0.809,-0.8779265257493684,-0.864199300017553,0.289,-0.548,-0.44342733147820246,-0.5615845378978516,1.2901745231821773,-0.671,-0.8160927535117998,0.384,1.3164480422834475,1.634,1.6203367618555582,0.382,-0.3907905090736742,1.3567881550767795,-0.37571815401024483,-0.5198909970000577
-0.822,0.985,-0.361,-0.533,0.233,-0.533,-1.083,-1.083,-1.083,0.233,-0.361,-0.822,0.985,0.233,0.985,0.233,0.911,0.985,0.233,-0.814,-0.361,-0.814,-0.814,-0.822,-0.361,0.985,-0.361,0.233,-0.814,0.233,-0.533,-0.814,-1.083,-0.822,-0.814,-0.802,-1.083,-1.083,-1.083,0.911,-0.802,-0.802,0.985,-0.802,-1.083,0.985,0.233,0.0,-0.533,-0.012822300050181519,-0.814,0.911,-0.361,0.985,-0.3727517281170313,-0.822,-0.8408242930142922,0.014428639753423194,0.897760412521553,-0.8321098752777044,0.233,-0.802,-1.083,-0.3586252014357146,-1.0921809189598501
-0.805,1.59,-0.151,-0.527,-0.485,-0.151,0.312,0.312,-0.485,-0.846,-0.527,-0.846,-0.805,1.381,-0.805,1.59,-0.679,-0.485,-0.805,-0.805,-0.29,0.312,-0.485,-0.527,-0.151,-0.485,-0.527,-0.527,0.312,0.312,1.59,1.59,1.381,-0.805,-0.151,1.381,-0.151,-0.151,1.381,-0.485,-0.846,-0.29,-0.846,-0.679,-0.151,-0.527,0.312,-0.679,-0.29,-0.151,1.381,-0.527,-0.846,-0.805,1.3668730001110982,-0.29,0.312,-0.3081200378674817,-0.8209699210476978,-0.151,1.59,-0.5384052622235249,0.2974046368759625,-0.679,1.5720165727405362,-0.46917413171379385
-0.33,-1.033,-1.033,-0.517,0.685,-1.033,-0.117,0.329,-0.117,0.685,-0.33,0.042,0.329,0.042,-1.033,0.042,0.814,0.814,0.042,-0.517,-1.033,0.042,-1.033,0.685,-0.517,1.211,0.685,-1.033,-0.551,0.685,-1.033,1.211,-0.33,0.042,-0.33,0.042,-1.033,-1.033,-0.33,-0.551,-0.551,-0.33,0.042,-0.551,-0.117,0.329,0.685,-0.551,-0.5623354195310293,0.042,-1.033,0.3168482406326834,0.3615851115390389,-0.117,0.814,0.6713882568814219,-0.5313536950109502,-0.12480561481738854
0.413,-0.312,1.546,0.413,0.413,-0.188,0.189,-0.496,1.546,-0.712,-0.459,1.546,0.189,-0.712,0.413,-0.496,-0.713,1.546,1.546,-0.08,-0.08,-0.312,-0.188,-0.08,-0.712,-0.188,-0.459,-0.496,1.546,-0.312,-0.496,1.546,1.546,-0.08,-0.712,1.546,0.413,-0.496,-0.312,-0.312,0.413,-0.496,1.546,-0.713,-0.08,-0.188,-0.08,0.413,-0.08,-0.713,1.546,-0.712,0.189,-0.08,0.17485888216274412,1.535081609672606,0.20548580660492746,-0.496,-0.188,-0.09575517260005162,-0.713,-0.20040945693772658,-0.7325319060358271,-0.312
-0.254,1.361,1.361,-0.859,1.588,0.75,1.361,0.405,1.247,1.588,-1.077,-1.077,0.75,-1.077,-1.077,1.247,1.588,1.511,-0.254,0.405,1.588,-0.859,1.588,1.361,-0.859,-0.811,-1.077,1.361,-0.811,1.511,1.588,0.405,1.588,-1.077,-1.077,-0.811,1.511,1.511,1.247,1.247,0.405,1.361,-0.859,1.361,1.511,-1.077,1.3498262336076545,-0.811,-0.8380128349756985,1.588,1.5668969791880119,1.6108162040008385,1.4959738599362962,1.3879930725970615,1.53523772672851,1.4155984995295336,-0.859,1.247,1.6424452374391814,1.2313485855357014
-1.16,-1.029,-1.029,-1.16,-1.16,-1.16,1.65,1.194,-1.029,0.151,1.65,-0.504,-1.16,-1.029,0.738,-1.029,-1.16,1.194,-0.504,-1.029,0.574,-0.504,1.194,1.194,-1.16,1.65,-1.16,-0.661,-1.029,-0.407,-1.16,-0.504,1.194,-0.661,0.738,-0.504,0.738,1.65,0.151,-1.16,-1.16,-1.16,1.65,0.151,1.65,0.151,0.738,-0.504,0.151,-1.16,0.738,-0.407,1.194,-1.1688867516321353,1.1786154103558277,-1.029,0.7270246096080611,-0.4188234373102678,1.65,-0.504,0.574,-1.1358680230338363,-1.109426959110101,-1.0856465148788101,-0.379484306756961
-1.033,-0.61,2.141,2.141,-0.536,0.769,-0.61,-0.531,-1.033,-0.61,-0.61,-1.033,0.769,-0.946,2.141,-1.033,2.141,-0.61,-0.946,-0.946,-0.531,2.141,-0.844,-0.021,0.71,-0.946,-1.033,-0.844,-0.531,-0.61,-0.531,-0.61,2.141,-0.844,2.141,-0.946,2.141,-0.531,-0.844,-0.946,-0.946,-0.531,-0.531,2.141,-1.033,-0.531,0.71,-0.536,-0.61,0.769,-0.021,-1.033,-0.946,-0.037749092085317786,0.7579558678258812,-0.02325067947170608,-0.9630386369237819,2.141,-1.0428861830255611,-0.9235074101293244,-0.6237230755680797,0.71
0.036,1.104,-0.148,-0.067,0.573,0.573,1.104,0.573,-0.148,-0.067,-0.409,0.036,-0.298,-0.298,1.104,1.104,-1.168,1.104,-0.409,-1.168,1.104,-0.067,-0.067,-0.298,-1.168,-1.168,0.036,1.602,0.036,0.036,-0.816,1.602,-0.067,-1.168,-0.816,0.573,-0.148,-0.816,1.104,-0.067,-1.168,1.104,0.573,1.602,0.036,-1.168,1.104,-1.168,1.602,-0.148,-0.148,1.104,-0.409,0.573,-0.42404575680951384,-0.298,-0.1620131555610223,-0.31406400579092775,0.036,-1.168,0.5599093778613307,-0.2755386958693439
-0.799,1.312,-0.582,-0.165,-0.91,-0.206,-0.91,1.261,-0.799,-0.165,-0.91,1.261,-0.582,0.374,0.083,-0.165,-0.206,-0.91,-0.799,1.312,-0.582,-0.582,-0.582,-0.582,-0.91,0.083,-0.582,-0.582,1.261,1.261,-0.91,-0.165,0.374,-0.582,0.591,1.312,1.312,0.591,-0.165,1.261,-0.206,-0.21559593669714486,0.083,-0.1768835506299145,-0.91,-0.799,0.374,-0.8207602742624,1.312,0.5804603051816992,0.6191554473243817,-0.582,0.6464631546311518,-0.9214938220503565,1.3026056957238121
-1.171,1.542,-1.171,1.963,1.776,-0.789,0.241,1.776,1.963,-0.789,0.99,0.141,-0.789,0.99,0.241,1.776,-0.451,1.542,0.241,-0.789,1.776,1.776,0.99,1.776,0.141,-0.869,-0.869,-0.789,1.542,1.542,1.542,-1.171,1.542,1.963,1.963,-0.789,-1.171,1.963,-0.451,-0.451,1.776,0.241,1.963,1.542,-1.171,0.141,-0.789,-0.869,-1.171,0.141,-0.789,-0.869,1.776,1.963,1.776,1.7556661498565846,-1.171,1.7940470203948777,0.141,0.99,-1.1853599146145406,-0.869,-1.1620224615168122,0.12941447409303097,-0.451,0.241,1.8290248436019427,-0.4745755580719418,1.542,-0.789,-0.8020566491078084,-0.8787635779418843,-0.43114095419590154
-1.201,0.065,1.132,2.042,1.132,0.065,-0.781,0.065,-1.28,1.163,-1.201,-0.511,-0.511,-1.201,-1.201,-1.28,-1.28,-0.511,-1.28,-1.201,1.302,-0.781,1.163,1.163,-1.201,-0.511,1.163,-1.28,-1.201,0.065,-1.28,2.042,-0.511,1.302,1.302,1.132,-1.201,1.132,2.042,-1.201,1.132,0.065,2.042,2.042,2.042,-0.781,-0.781,-0.781,0.065,2.042,-1.28,1.163,1.132,-0.511,0.0,-1.201,0.065,-1.28,1.302,-1.2921312681699753,1.1527988150873412,2.042,-0.009738894415320708,-1.2314037905921151,0.014220953396281292
0.706,-0.22,-0.22,-0.33,0.706,-0.22,-0.89,0.903,-0.89,-0.22,0.903,0.903,-0.423,0.903,-0.701,-0.423,0.706,-0.701,0.903,0.71,-0.701,0.306,-0.701,-0.22,0.903,-0.33,-0.22,-0.117,-0.701,0.706,-0.117,-0.89,-0.22,0.71,-0.89,0.903,0.903,0.706,-0.89,-0.117,-0.117,-0.89,0.706,0.903,-0.22,0.306,0.706,0.903,0.306,-0.22,-0.23443603272677374,-0.423,0.706,0.8878988247559256,-0.89,-0.9051533573276638,-0.117,0.29250011193446546,-0.8620416875099095,-0.8293033744470266,-0.793710562493294,-0.701,-0.7225576219077006,-0.1867436275405338
0.903,1.224,-1.174,0.736,0.903,-0.749,0.736,-1.174,0.835,0.225,-1.174,0.903,0.835,-1.002,-1.002,1.098,0.903,-0.035,-1.002,-1.002,1.098,0.835,-1.002,-1.174,1.098,-0.035,0.903,-1.174,-0.749,1.098,1.224,-1.174,1.224,1.098,-1.174,-0.035,-0.749,-1.174,-1.174,0.835,1.098,0.903,-1.174,-0.749,0.903,0.903,-1.002,0.225,-0.749,-1.174,1.224,-0.7645137275831511,1.098,-0.7388013726646443,0.835,-0.7054041786339256,1.210369920304855,-1.002,-0.6598639597282209,1.0852975260044333,0.225,1.119307541320426,1.264931307527988,-0.035,-1.0141996502254236
-0.575,-0.781,-0.843,-0.843,1.664,0.933,-0.186,-0.087,-0.416,-0.087,0.933,-0.843,-0.186,-0.087,-0.781,0.933,-0.416,0.933,1.664,-0.781,-0.781,-0.843,-0.781,0.391,0.391,-0.575,0.933,1.664,-0.239,0.933,1.664,1.664,-0.186,-0.186,-0.416,-0.239,-0.843,-0.781,-0.239,0.933,-0.575,1.664,0.391,-0.843,-0.087,-0.867392804271404,-0.8490220938447441,1.6407958111459366,-0.186,-0.781,0.3807980431648792,-0.575,-0.8077762950256127,1.6637514814412702,-0.19749973777300694,-0.416,-0.10113454193281149
0.214,-1.346,-0.968,0.241,-0.185,0.541,0.083,-1.043,0.541,-1.043,-0.968,-1.346,0.541,-0.968,-1.043,0.541,-1.346,-0.185,0.083,0.541,-0.968,0.214,-1.043,0.739,-0.968,0.739,-0.869,-0.185,-1.346,0.541,-1.043,-1.346,-0.968,-0.869,-0.869,-1.346,-0.869,-1.043,-1.346,-1.346,0.241,-1.346,-0.185,0.739,0.214,0.083,0.06607408317267671,-1.043,-0.19200594179420183,0.541,-0.968,0.08505067683502317,-0.16979363198415443,0.7291096426818423,-0.869,0.7625382261793068,0.19895162392203977,-1.0567831069542288
1.3,-0.713,1.025,-0.721,-0.599,-1.052,1.749,1.3,1.3,-0.599,1.442,-1.052,1.442,-0.276,0.232,-0.713,-1.052,1.3,1.749,0.232,1.025,1.442,1.025,1.749,-0.713,1.749,-1.052,-1.052,-1.052,-0.721,-0.713,1.025,1.3,1.749,-0.721,-0.721,-0.599,1.442,-0.713,-0.721,0.232,1.3,1.749,1.3,1.749,-0.276,1.749,-0.599,1.7341098308080187,1.7851117526599083,-0.721,0.232,1.442,-0.6156548548483031,-0.713,-0.7389551061810025,1.8195370920439784,0.22438915446394356,1.3,1.025,1.0052899641862059,0.2586044246926819,-0.5661859406162078,-0.7226846998304711
-0.912,-1.301,1.105,-0.912,-1.026,-1.026,-0.56,-0.912,-1.301,-0.742,-0.266,-0.167,-0.428,1.105,-1.301,-0.167,-1.026,-1.301,1.105,-1.301,1.105,-0.266,-0.56,-1.026,-1.301,-1.301,-0.742,-0.912,-1.301,-0.167,-1.026,-0.034,-0.034,1.105,-1.026,1.105,-0.742,-1.026,-0.034,-0.428,-1.301,-0.742,-0.167,-0.428,-0.266,-1.026,-1.0443893344928499,1.105,-1.0050345231200797,-1.301,1.090504192570419,1.127244641566778,-0.2790722594464278,-0.034,1.184899437708685,-0.23812879565169018,-1.3163515012818618
-0.958,-0.103,1.291,1.291,-0.632,-0.15,-0.632,1.723,-0.958,-0.958,-0.651,-0.834,-0.213,1.723,-0.834,-0.834,-0.15,-0.15,1.291,-0.103,-0.834,1.291,1.723,-0.651,1.291,-0.632,1.723,-0.651,-0.15,-0.103,-0.834,-0.834,1.291,-0.651,-0.389,-0.834,-0.632,1.723,-0.834,-0.15,-0.15,-0.958,-0.834,-0.834,-0.15,-0.103,-0.632,-0.119159082502493,-0.834,-0.651,-0.389,-0.6648934456270806,-0.958,-0.849563925134769,-0.16176736207062317,-0.786980432165037,1.291,-0.7488624490163804,-0.11842260725531928,1.723,-0.08844405496159455,-0.9703342204341354
2.019,-0.227,2.019,0.972,-1.23,1.299,-0.443,-1.23,0.972,0.972,-0.227,-0.227,-0.627,-1.23,1.299,0.972,-0.786,-1.23,0.972,-1.23,-0.786,2.019,0.613,-0.443,-1.23,-1.23,2.019,1.299,-0.227,-0.627,0.972,-1.23,0.613,2.019,-0.527,-0.527,-0.786,-0.527,0.613,2.019,0.972,-0.227,2.019,-0.527,-0.5418969739745282,-1.23,1.299,-0.786,-0.5122675384026458,0.972,1.2888625208326256,0.9610616228569271,-0.443,0.613,-0.7978906797753293
-0.027,0.228,1.335,0.228,0.649,-0.245,1.335,-1.033,-1.221,0.228,0.228,0.314,-0.027,0.649,0.649,0.228,1.54,-1.221,-1.033,1.54,0.228,-0.027,-1.221,-1.221,0.228,-1.221,-1.221,-0.027,1.54,-1.221,-1.033,-0.245,1.54,-1.221,-0.245,-1.221,0.649,1.54,0.477,-1.033,-1.033,0.228,-0.245,-1.221,0.314,-0.027,1.54,1.335,0.314,-0.027,0.649,-0.04034007318926336,0.228,0.477,0.4530496104761481,-1.033,1.335,-1.221,-1.0421248387466993,-0.245,0.6404800878738593,-0.9818966417390567,0.4851524140760346,0.00978944975798539,-0.2572253986859634,0.21610665481497485,0.24281307065309668,0.5235302538325352,0.28253660182317025
0.021,-0.568,0.342,0.328,-0.898,-0.568,-0.568,1.754,-0.568,0.65,-0.568,0.328,-0.898,0.021,1.754,1.754,0.328,0.328,0.537,0.263,0.272,0.021,-0.898,1.754,-0.898,0.272,-0.568,0.272,-0.898,1.754,0.328,-0.898,0.342,1.754,0.328,-0.898,0.65,0.263,0.65,0.021,0.65,0.65,-0.568,1.754,-0.898,0.263,0.537,0.5215222415934145,-0.5838619294175887,0.328,0.5679585133720295,-0.5492398901385821,0.6033610388343452,-0.5103726704708845,-0.46865480902809986,0.342,0.33017435157800773,0.3148894123670222,-0.9080357363974904
-0.586,-0.833,0.861,0.861,0.528,-1.127,-0.791,-0.597,-0.597,-0.419,1.457,-0.791,-1.127,-1.127,-0.791,0.528,1.457,0.528,-0.833,-0.419,-0.597,1.457,-1.127,-0.597,-0.597,-0.597,-0.586,1.457,-0.791,-0.833,1.457,-0.597,1.457,1.457,0.461,-1.127,-0.833,-1.127,-0.791,-0.597,1.457,-1.127,1.457,-0.597,-0.586,-0.419,1.444372255844078,-1.127,-0.833,0.528,1.474934102358104,1.522670433821854,1.5513701981450527,-0.6120349807115262,-1.1428003491610959,0.5183378712043695,-1.1267927848708619,-0.791
-0.313,1.261,0.055,1.103,-0.952,-1.088,-1.088,-0.313,1.261,-1.088,1.261,-0.313,1.261,1.261,0.725,-0.313,1.103,1.261,-0.596,0.725,-0.952,-0.313,1.103,-0.313,-0.313,0.055,-0.148,-0.952,-0.596,-1.088,-0.607,-0.607,-1.088,-0.313,-0.952,-0.952,1.103,-0.596,-0.607,-1.088,1.261,-0.607,-0.313,0.055,-0.607,-0.596,-0.6209493389736797,1.261,0.042388133748957266,-0.952,0.725,-0.6064098762807885,1.103,-0.9617163120576329,1.0815406229901594,-0.5838541813461878,-0.313,-0.148,1.116497384105096,-0.16755731204214325
-0.778,-0.538,-0.732,-0.732,-0.732,-0.069,1.284,-0.383,-0.732,-0.732,-0.778,-0.538,-0.732,-0.163,-0.069,-0.779,-0.778,-0.778,1.284,-0.383,-0.163,-0.319,-0.516,-0.163,-0.516,-0.732,-0.069,-0.779,1.284,-0.778,-0.779,-0.319,-0.069,-0.538,-0.163,-0.778,-0.538,-0.778,-0.732,-0.779,-0.538,-0.538,-0.516,-0.163,-0.383,1.284,-0.1754275074094459,1.2592764611596736,-0.319,-0.538,-0.33366695484065423,-0.778,-0.5630596381647159,1.2994613433092537,-0.779,-0.5177431897261701,1.3363057216394403,-0.732,-0.7557170030898892,1.363187873273032,-0.3005373329285385,-0.7175885621952214,-0.13519524917605996
-1.209,-0.439,-0.908,-1.209,-1.302,-0.77,-0.586,0.294,-0.908,-1.302,-1.302,0.294,-0.908,-1.302,-0.908,-0.586,-0.439,-0.77,-1.302,-0.77,-0.439,-0.908,-0.27,-0.77,-0.908,0.003,0.003,-0.586,-0.439,0.003,-1.209,-1.209,-0.09,-0.27,0.294,0.294,-1.209,-1.209,-1.209,0.294,-1.209,-0.439,-0.586,-0.908,-0.586,-1.209,-0.908,-0.586,-1.302,-0.439,-0.586,-0.908,0.003,-1.302,-0.439,-0.586,-0.77,-0.586,-0.27,-0.2858864430345821,-1.209,0.003,-0.908,-1.302,-0.6022055975998318,-1.311006068149268,-0.439,-0.008803091808164722,-1.2223658192399165,-0.915972838275937
-0.838,-0.838,0.193,-0.98,1.418,-1.062,0.193,-1.327,0.193,-1.062,-1.062,1.418,-0.838,-1.327,1.418,-1.193,-0.06,0.193,1.418,-1.062,-0.98,-1.062,-1.193,-0.838,-0.98,-1.217,-1.193,-1.217,-1.327,-0.838,-0.09,-1.193,0.193,-1.217,-0.09,-1.217,1.418,-1.327,-1.217,-1.217,-1.193,1.418,-0.09,-1.193,-1.193,-1.062,-1.193,-1.193,-1.327,-1.217,-1.327,-1.062,-0.98,-1.062,-0.838,-1.193,-0.06,-0.09,0.193,-1.217,-0.8479113578279333,-1.0749121887368003,-0.98,-0.0746441898474477
-1.213,-0.368,0.024,-0.672,0.024,-0.496,-0.549,-1.213,-0.672,1.859,-1.213,-0.237,-0.237,1.859,0.024,-0.549,-0.672,-1.213,1.859,-1.213,0.024,-0.672,0.024,-0.237,-0.549,1.859,-0.468,-1.213,-0.549,0.024,1.859,-0.549,0.024,-0.549,0.977,-0.496,-0.468,0.977,0.977,-0.549,1.859,0.024,-0.496,-0.672,0.977,0.9627010202404224,-1.213,-0.468,0.024,0.008054575470861532,-0.368,-0.6827134582589668,-0.549,1.859,1.015584486503631,1.844495780361252,-1.2237824679693363,-1.1852200732407423,-0.5617987495416243,1.0750620291022062
-1.158,-1.158,-1.158,0.576,1.07,-0.281,-1.158,1.168,1.566,-0.281,1.817,-0.726,0.576,1.07,1.07,1.168,-1.158,-1.158,0.576,1.566,1.108,1.108,1.817,1.07,-0.755,1.108,-0.755,-0.281,-0.755,1.817,1.817,-0.726,1.168,-0.281,1.817,1.566,1.566,1.168,-1.158,1.566,1.817,1.168,-0.281,0.576,1.566,1.817,1.168,1.817,1.07,-0.281,-0.726,1.168,-0.755,1.07,1.566,1.0503001712213311,0.576,1.817,-0.755,1.108,-0.281,1.093423216728908,0.5636199707772948,1.5496883368668284,1.5708243836270364,1.1539336572956038,-0.29538022132882386
-0.919,1.228,-0.507,1.228,1.047,1.047,1.228,-0.919,1.565,0.837,-0.926,1.565,1.047,0.642,0.642,-0.618,0.642,-0.926,1.565,0.642,-0.507,-0.919,1.047,-0.507,-0.919,-0.919,0.337,-0.919,1.047,1.228,0.837,-0.926,-0.618,-0.926,0.337,1.047,-0.926,-0.926,-0.507,-0.507,1.565,0.642,0.837,-0.919,1.565,-0.507,1.047,0.337,1.228,0.3223803073446369,-0.5169507617643115,0.642,-0.9282927289237763,0.626193737357616,0.8259279788505368,-0.9082968656659278,-0.4893072609069928
0.875,0.716,-0.217,-0.217,-0.535,-1.134,0.67,-0.694,0.716,-1.134,-1.134,0.716,0.875,0.716,1.063,-0.694,1.063,-0.496,-1.134,-0.785,0.67,-1.134,-0.785,-0.785,0.67,1.063,1.063,0.716,-0.785,0.716,-0.694,-0.535,-0.217,-1.134,-0.694,-0.217,-0.535,1.063,-0.496,-0.785,1.063,-0.694,1.063,0.67,1.063,-0.217,-0.496,1.063,1.0486766033370296,0.67,0.716,-0.785,0.875,-0.217,-0.535,1.0878256042508718,-0.23442321657115125,0.6579485106208139,0.8619401792992665,-0.19176630451963025,-0.5088592503295344,-0.4738694383942368,-1.134,0.7045946691430306,-0.5457637144680458,-0.7963940490629894
-0.971,0.247,-0.954,-0.125,0.181,-1.092,-0.014,0.365,-0.954,-0.014,-0.725,-0.725,0.454,-0.971,0.181,0.181,-0.971,-0.125,-0.954,-1.092,0.181,0.454,-0.725,-0.014,-0.954,-0.971,-0.954,0.247,-1.092,0.365,0.181,0.181,0.247,0.454,-0.971,-0.971,-1.092,0.181,-0.125,-1.092,-0.725,-1.092,0.247,-0.971,0.247,-0.971,-1.092,0.181,-0.014,-0.954,-0.971,-0.02427579037494917,0.247,-0.9833786738955594,-0.125,-0.9717566804937289,-0.725,0.02469423633307036,0.454,-0.14438845125228536,-0.9538945488780951,-0.9141677174512975,-0.09260080195965585,-1.1038752136549443,0.365,0.17082567311805338,0.4419899133697182,-0.9585914946170405
-0.844,1.184,1.935,-1.395,-0.295,-1.395,-0.295,1.378,-1.395,1.378,-0.503,-0.503,1.378,0.752,-1.395,-1.395,-1.395,1.935,0.012,1.935,1.935,1.184,1.184,0.752,1.378,1.184,0.012,-0.503,1.935,1.935,-0.844,-1.395,-1.395,1.184,-1.395,-1.395,-0.844,0.752,-1.395,0.156,-1.395,-0.844,-0.844,0.156,1.184,0.012,0.752,1.935,-1.395,-0.295,-0.844,0.7363170894606658,-0.503,1.925598473945118,1.1731630165212017,-0.0011894840121331601,0.156
1.077,0.401,-1.528,-1.528,-0.838,-0.418,-0.418,-0.522,1.077,-1.528,-1.528,-1.163,-0.838,-1.163,-0.228,-1.163,-0.838,1.077,0.401,-0.418,-0.522,-1.163,-1.163,-1.528,-0.522,-0.491,-0.228,-0.228,-1.163,0.874,-1.163,0.401,1.077,-1.163,0.874,-0.491,-1.528,-0.228,-0.418,-1.528,1.077,-1.528,-1.163,-1.528,0.874,-1.528,0.874,-0.838,-0.418,-1.528,-0.522,-0.522,1.077,-0.228,-0.418,-0.838,-1.163,-0.5347593070080562,-0.8475441182079371,-0.8240302207894813,-0.7943978753310221,-1.528,-0.7578910136898317,-0.7205642710260632,-1.1716684989079407,0.401,0.38146492743964,-1.1235636531660145,1.0677335011845954,1.0719658729078498
-0.693,-0.204,-0.995,-1.146,-0.291,1.056,-0.995,-1.146,1.5,-0.549,-0.968,-0.204,-0.968,-0.204,-0.968,-0.968,-0.291,1.5,1.056,-1.146,-1.146,-0.968,-0.291,-0.549,-0.549,-1.146,-0.693,-0.995,-0.204,-0.968,1.056,-1.146,-0.995,-0.204,-0.693,-0.995,-0.291,-1.146,-0.995,1.056,-0.204,-0.204,-0.549,-0.995,1.056,-0.204,-0.09,-0.204,-0.968,-1.146,-0.968,1.5,-0.968,-0.204,-0.549,1.5,-0.09,-0.21771708666148457,1.056,-0.18548769427072212,-0.5640996638716073,-0.9800173025627987,-0.291,-0.30337472561530193,1.041473390001609
-0.781,-0.018,-0.914,-0.736,-0.856,-0.781,-0.127,-0.433,-0.736,-0.781,-0.127,-0.599,-0.992,-0.433,-0.992,-0.433,-0.127,-0.914,-0.914,-0.736,-0.599,-0.914,-0.914,-0.433,-0.914,-0.914,-0.856,-0.781,-0.781,-0.992,-0.992,-0.856,-0.992,-0.992,0.068,-0.856,-0.914,-0.127,-0.736,-0.599,-0.992,-0.736,-0.433,0.068,-0.736,-0.599,-0.433,-0.781,-0.736,-0.914,-0.018,-0.03636031662361565,-0.433,-0.005876844152386155,0.04401170081049975,-0.599,-0.7476321524197793,-0.6154982011303474,-0.781,0.08307132756838463,-0.992,-0.127
-0.84,-0.949,0.417,-0.949,1.6,-0.949,0.976,-0.303,-0.949,0.317,0.317,0.976,0.317,-0.949,1.6,-0.655,-0.84,0.976,-0.4,0.317,1.6,1.6,-0.698,-0.303,-0.949,1.6,1.6,0.417,-0.655,-0.949,-0.303,0.976,-0.949,-0.698,-0.84,-0.303,-0.303,-0.4,0.976,1.6,0.417,-0.698,0.417,-0.655,-0.4,-0.655,-0.4,-0.4,-0.303,-0.698,-0.84,-0.655,0.317,0.976,-0.655,-0.949,0.417,-0.698,-0.303,-0.6634625490381386,-0.3134097772523142,0.4031012383615067,-0.6119992212630104,-0.5747231831130822,0.45232607806504926,0.317,-0.7127686644638463,1.6,-0.84,-0.5411297436523105
-0.333,-0.686,-1.098,-0.686,-0.069,-0.855,-0.333,1.305,-0.855,1.14,1.305,-0.686,1.305,1.14,-0.533,-0.657,1.14,-0.069,-1.098,-1.098,1.305,-0.855,-0.657,-0.657,-0.069,1.14,-0.686,1.14,1.14,-0.855,0.552,1.305,-0.657,-1.098,-1.098,-0.686,-0.533,-0.657,1.305,1.14,-0.333,1.14,0.552,-1.098,-0.657,1.14,-0.855,-1.098,0.552,-0.657,-0.533,-0.657,-0.855,-0.855,-0.333,1.305,-0.686,-0.855,-0.333,-1.098,-0.069,-0.8681134600074013,-0.6979935745645974,-0.07834059646685602,-0.3446220530687583,-1.1154617339450035
1.923,0.868,0.699,-0.483,0.699,-0.808,-0.483,-0.093,-0.093,-0.808,-0.141,0.868,-0.093,-0.141,0.699,-0.907,1.923,1.917,-0.141,1.923,-0.808,-0.189,-0.907,-0.093,1.923,-0.093,0.699,-0.808,1.917,1.923,-0.907,1.917,1.917,-0.141,-0.907,0.868,1.923,-0.093,1.917,1.923,0.868,-0.141,-0.093,-0.141,1.917,-0.808,-0.808,1.917,0.868,1.923,-0.093,-0.11413965848252984,-0.483,-0.189,-0.808,-0.08637598198808259,1.917,-0.141,-0.907,-0.8229749143504145,-0.4968595796656139,-0.9189020217101197,1.9066218938397415,-0.7878484993583135,-0.7549246279662977,-0.4515376921289993,-0.20105594427994386,-0.1573125511038785,1.9081434368755976,-0.04864564925286998
-0.457,-0.211,2.103,2.09,2.103,1.341,2.09,-0.173,0.153,1.341,0.453,-0.457,-0.891,0.153,1.341,-0.457,-0.891,2.09,0.453,0.453,2.09,0.153,0.153,2.09,2.09,2.103,2.09,1.341,-0.891,-0.891,1.341,-0.173,2.103,-0.211,2.09,-0.173,-0.211,0.453,-0.891,0.858,2.103,1.341,-0.211,-0.891,0.453,2.09,2.09,-0.173,0.858,0.153,2.09,2.073920109812299,-0.891,-0.211,0.858,0.153,0.8473894504048581,-0.9023537745135978,0.453,-0.173,2.117686633048585,2.103,0.4340726295474333,2.1624183677306896,0.1376984601967213,-0.8668786534500151
-0.815,-0.91,-0.91,0.926,0.944,1.062,-0.91,1.445,-0.616,0.367,0.926,-0.616,0.367,0.367,1.445,-0.537,-0.273,0.944,-0.815,0.944,1.445,-0.91,-0.537,1.062,-0.815,-0.91,0.944,-0.537,1.062,1.062,-0.616,-0.815,-0.273,1.445,1.062,-0.616,-0.273,-0.537,-0.815,-0.616,1.062,1.445,0.367,0.367,0.367,-0.91,-0.537,-0.5573363468269213,1.445,-0.616,0.944,-0.815,-0.8349488237192833,0.926,0.367,0.9123980047991885,-0.6250131100237614,0.9353955992387876,1.062,-0.5219989084503611,-0.4832914233526435,1.4289392157671632,-0.8011105684800655,-0.91
-1.502,-0.103,-0.103,-0.957,-1.121,0.828,-1.502,-0.366,0.274,0.385,-0.892,-0.103,-0.366,0.385,-1.502,-0.957,0.274,0.828,-0.103,-1.121,-0.892,-1.502,-0.957,-1.502,-0.957,-0.326,-1.121,-0.103,-0.892,-1.502,0.828,0.828,-1.121,-1.502,-0.892,-1.502,-1.121,-0.103,-1.121,-1.121,0.828,-1.502,-0.957,0.274,-0.957,-0.957,0.828,0.385,-0.103,-0.366,-0.326,-0.11864508083476367,0.274,0.8074781263145759,-1.121,0.25749831081492724,0.8556241615592967,-0.3300855862924968,-0.892,-0.29319459012725735,-1.502
-1.249,-1.249,-0.891,-1.249,-1.249,-0.752,1.087,-0.377,1.331,-1.249,-1.249,1.331,2.118,1.331,1.087,-0.377,-1.256,-0.377,-0.377,1.087,-0.752,-0.593,-1.256,-1.256,-0.593,1.331,1.331,-0.377,-1.256,-1.256,-0.593,-0.752,-1.249,-0.891,-1.249,1.087,-0.802,-0.891,-0.377,2.118,-0.377,2.118,-0.377,2.118,-0.593,-0.891,-1.256,2.118,2.118,-1.249,-0.377,-0.752,1.331,-0.802,-1.256,-0.752,-0.802,-0.593,-1.256,1.087,-1.249,-1.2728446876885182,-0.802,1.0700191406894854,-1.257445746114529,-0.8156640836138425,-0.891,1.1098506275738425,1.331
-1.311,-0.999,-0.337,-1.373,-1.373,-0.999,-1.421,-1.421,-0.268,-1.311,-1.373,-0.268,-0.644,-0.999,-0.999,-1.311,-1.421,-0.999,-1.373,-1.311,-0.268,-1.311,-1.005,-0.999,-1.373,-1.421,-1.311,-1.373,-1.005,0.128,-1.421,-1.373,-1.373,-1.005,-1.373,0.221,-1.421,-1.421,-1.373,-0.999,0.221,-0.999,-1.421,-0.268,-1.311,0.221,-0.999,-0.337,-0.644,-1.421,-0.337,-0.337,-1.311,-0.337,-1.005,0.128,-1.005,-1.311,-1.005,-1.005,-1.373,-0.268,0.221,-1.005,-0.644,-0.6568337989270049
-0.188,-0.429,-0.64,1.637,0.036,-0.188,1.373,-0.429,1.358,0.466,1.358,1.373,1.637,-0.188,0.466,-0.429,-0.937,0.423,-0.937,-0.429,1.373,-0.937,1.358,1.373,-0.429,-0.429,1.373,-0.429,-0.429,-0.429,0.423,1.637,1.637,-0.188,0.423,1.358,-0.64,1.637,-0.937,0.466,-0.64,-0.188,0.036,-0.429,-0.429,0.036,-0.64,-0.188,0.466,-0.937,-0.937,0.036,0.036,0.466,0.017808033287513892,-0.937,0.06322350758455564,-0.9498481521751271,-0.64,0.07336204923589665,1.637,1.373,-0.8898807714769459,-0.8556173742028471,1.360456380467944,-0.6505098396785365,1.358,0.10783907653650979,0.45126505465618316,-0.8061560111267797,-0.188
-0.777,-1.272,1.069,-0.777,-0.22,0.122,-0.322,0.122,0.043,-0.896,-1.272,-1.272,-0.777,-1.272,-0.777,0.122,1.069,-1.272,-1.272,-1.272,0.043,-0.22,-0.322,1.069,-0.896,-1.272,1.704,1.704,1.704,-0.322,-0.22,-0.322,1.704,-0.896,-0.896,0.351,0.351,-1.272,-0.896,-1.272,1.704,-0.777,0.043,0.351,-1.272,0.122,-0.322,-1.2890685035556722,-1.2497447572407039,-1.2251774920241922,-0.777,-0.33762185357281377,-0.7899672611772693,-0.3149529179098751,0.351,-1.1850094076787243,1.704,0.10785422687189371,1.069,-1.1492598225579498
-0.834,0.267,1.017,-1.128,-0.912,0.108,-0.534,-0.912,-1.034,-1.034,-0.771,-1.034,-1.128,0.267,1.017,-0.665,-1.128,-0.912,-0.912,-0.771,0.267,0.108,-0.534,-1.034,1.017,-0.665,-0.771,-1.128,-1.128,-0.834,-0.912,-0.912,-0.771,-1.128,0.108,-0.834,1.017,-0.834,-0.534,-0.834,-1.034,-1.128,-0.665,-1.034,-0.912,0.108,-0.665,-1.128,-0.912,-0.771,-0.534,-0.5496115901107048,0.267,1.017,-1.034,-1.0514191669028456,-0.834,-0.665,-1.0195109938124178,0.9985978399810956,-0.8444883943554979,-0.8194211222697245,0.2521021220876335,-0.6731578352466051
-0.878,-0.838,0.499,-0.279,0.499,-1.014,-0.635,-0.608,-0.878,-0.838,1.637,0.462,-0.878,0.462,-1.014,0.524,-0.878,0.524,0.524,-0.878,0.499,0.524,-0.608,0.524,-0.635,-0.878,0.499,1.637,1.637,-1.014,0.499,1.637,-0.279,1.637,-0.838,0.462,-0.878,1.637,1.637,-0.635,0.462,-1.014,0.499,0.524,-0.279,0.499,-0.838,0.462,0.499,-0.279,-1.014,-0.279,0.499,0.524,-0.838,-0.635,0.48326158832062965,-0.8508413307079178,0.5125919774681175,0.5334298184862871,-0.7946080986860666,-1.014,0.5051109399252919,-0.7548180279461916,1.637,0.462,0.5479091790285548
-0.655,-1.457,0.34,-0.655,-0.31,0.79,-1.457,0.34,-1.457,-0.869,-0.862,-1.141,0.34,-0.862,0.34,-0.869,0.922,0.34,-1.141,0.34,-1.457,-1.019,-0.862,-1.457,0.79,0.922,0.34,-1.019,0.922,-0.862,-1.457,-1.019,-1.457,-1.019,0.79,-0.869,-0.31,-1.019,-1.141,-0.869,-1.019,-1.141,0.79,-1.019,-0.869,-0.862,-1.141,0.79,-0.31,-1.457,-0.655,-0.31,-0.862,-0.869,0.79,-0.8801479042991309,0.34,-0.8729300847546038,-0.8369076936796774,-1.019,-1.0372867308445117,-0.8239876703231824,0.922,-1.457,0.3307577974547682,-0.655,-1.005973662114579,-1.4740295213431467,-0.6719946391184992
0.366,1.684,-0.624,0.366,0.366,-0.488,1.684,-0.591,-0.488,-0.809,-0.591,0.966,-0.591,0.98,0.966,1.684,-0.488,0.366,-0.624,0.366,-0.624,0.966,1.684,-0.488,-0.4,1.684,-0.809,0.98,0.966,-0.809,0.966,1.684,-0.624,0.366,0.98,0.204,0.98,-0.488,0.366,1.684,-0.624,0.366,-0.624,1.684,1.684,1.684,-0.4,-0.624,1.684,0.204,0.966,0.204,-0.488,0.366,-0.4,-0.624,0.98,0.35522341310518757,0.4155392157357946,1.684,-0.49967861925424595,-0.47111188460918574,0.461089267138335,-0.41174051762469843,0.9706171316711195,0.4991449064129142,0.19234689559452853,0.9955380845436548
-1.272,-0.952,-1.272,-1.272,-0.285,-1.272,-0.299,-1.272,-0.299,-0.285,0.75,0.75,0.34,-0.285,-1.272,0.413,0.75,1.324,-1.272,-0.952,0.75,-0.149,1.324,1.324,-0.285,-1.272,-1.272,0.34,0.413,0.75,-1.272,-0.952,-0.149,-1.272,-0.952,0.413,1.324,0.75,0.34,-0.952,1.324,0.431,-0.299,0.34,-1.272,1.324,-0.299,-1.272,0.431,1.324,-0.285,-0.3079894532493785,0.34,-1.280887562768384,-0.2671276997823641,0.75,0.413,-1.2338256001406431,0.3323290351429246,-1.196896745434579,0.4171326989815622,-0.29632470758296914,-0.2536386574755624,0.4026652182852055
2.165,-0.986,1.667,-1.235,-0.39,1.667,-1.235,-1.235,-0.43,-1.235,0.978,-0.295,1.667,-0.39,-0.295,-0.295,2.165,2.165,-0.986,1.667,-0.39,2.165,0.955,-0.295,0.978,-0.43,-0.39,-0.001,0.978,-1.235,0.978,0.978,0.978,-0.43,1.667,2.165,-0.39,-0.986,0.955,1.667,0.978,2.165,-0.39,1.667,2.165,-0.39,1.667,-0.986,-0.986,-1.235,-0.43,-1.235,0.978,0.9536089952371484,-0.44113116615779324,2.165,1.667,-0.001,-1.2462238678482707,1.6496917151294017,-0.295,-1.1964006122019712,-0.018353603507248285,0.03005660119828979,-0.986,1.6884592535259628,-0.30942939295800437
-0.569,1.283,-0.358,1.367,1.367,-1.193,-0.356,1.621,-0.358,-0.569,1.367,1.621,-0.569,0.727,-0.682,1.367,-1.193,1.621,-1.193,-0.682,0.727,-0.356,0.727,-0.358,-0.682,0.727,-0.358,-0.358,-1.193,1.283,1.372,-1.193,1.372,1.621,1.621,-0.358,1.283,-1.193,1.283,-0.569,0.727,-1.193,-0.682,1.372,0.727,-0.682,1.283,-0.358,1.372,0.727,-1.193,-1.193,1.621,-0.358,-0.3685009090758091,-0.569,1.283,0.727,-0.3270529664875701,0.7132245356190032,-1.2028258999734944,0.7320184875750849,1.6120590613358934,-0.5816891328620295,-0.28125124667302925,-1.1627342626431618
-1.169,-0.172,-0.599,-0.678,-1.169,-0.599,-1.004,-0.905,-0.599,-0.678,-0.423,-0.905,-0.423,-0.952,-0.905,-1.004,-1.004,-0.952,-0.952,-1.169,-0.952,2.33,-0.952,-0.678,-0.172,-1.004,-0.172,-1.004,-0.172,-0.599,2.33,-0.678,-0.952,-0.678,-0.599,-0.172,-1.169,-0.599,0.388,-1.004,-0.678,2.33,2.33,-1.004,-1.169,-0.905,-1.004,0.388,-0.599,-0.599,-1.004,-1.169,-0.678,-1.004,-0.599,2.33,-0.423,-0.952,2.33,-0.905,-0.599,-0.172,-1.169,-0.613323294015668,-0.18075545461377138,-0.13884047765147836,2.317318645827376,-0.43552646974313514,-0.11341795361883497
1.129,-0.756,-0.987,-0.995,-0.93,1.617,1.129,-0.995,0.86,-0.995,-0.756,-0.264,-0.93,1.617,0.86,-0.995,-0.686,-0.987,-0.987,0.34,0.86,-0.686,0.86,0.86,-0.93,-0.686,-0.756,-0.756,0.86,-0.756,0.86,0.34,0.86,0.34,-0.995,-0.756,-0.93,1.617,1.129,0.34,-0.756,-0.987,1.617,-0.93,-0.686,0.86,0.34,-0.995,-0.93,1.617,1.129,-0.93,-0.93,-0.949810506587129,1.129,0.86,1.617,0.34,1.1171048781297903,-0.686,-0.8992280680366189,-0.6940231494279085,-0.264,-0.756,0.32487835756166455,-0.6655518307530963,-0.8390267070322109,0.34520766007336573,0.3737630575395725
-1.177,-0.165,0.664,1.823,0.664,0.664,-0.968,-0.171,-0.306,-0.171,1.823,-1.177,1.823,0.664,-0.503,-0.171,0.172,-0.503,-0.968,-0.165,-0.968,-1.177,-1.177,-1.177,1.823,-0.444,1.823,-1.177,-1.177,-1.177,0.172,-1.177,-0.503,-0.306,-1.177,-0.171,-0.968,-1.177,-0.171,1.823,-1.177,-0.165,-1.177,-0.165,-0.444,-0.503,-0.444,0.664,-0.968,-0.171,0.6464136899394712,-0.45878540060889883,-0.18676424862240795,-0.306,-0.15527617381916703,0.6735491554777097,1.823,-1.177,-0.31962833580250716,-0.2905847741479758,-1.1935988613673043,-1.1599302718677715,-1.1396424959774267
0.705,2.05,-0.88,0.705,0.558,0.255,0.705,-0.354,-0.88,0.705,-0.88,-0.354,-0.88,-0.354,-0.88,0.255,-0.354,0.705,0.857,2.05,-0.957,0.255,0.953,-0.957,-0.354,0.558,-0.957,0.953,0.953,2.05,0.558,-0.957,-0.972,-0.972,0.857,0.558,-0.972,-0.88,0.705,-0.972,-0.972,-0.972,-0.88,-0.972,2.05,2.05,2.05,2.05,0.705,-0.972,0.558,-0.972,-0.88,-0.957,-0.88,0.857,0.558,-0.972,2.05,0.857,0.953,0.8422817794387714,0.9354701804744663,0.705,0.255,-0.957,0.6892795816069581,0.558,0.8791222651279008,0.24487689821597555,0.9657967720337065,-0.88,2.05,-0.972,2.0346888089332396,0.2683579355295126,2.069793749842941
0.075,1.553,-1.127,-0.41,-0.41,1.62,-0.278,-0.177,1.133,1.133,1.553,1.62,1.62,-0.278,1.553,-0.278,-0.278,-0.64,-0.64,-0.177,-1.127,-1.127,1.62,1.133,-0.41,-0.64,-0.41,-1.127,-0.41,1.553,-1.127,-0.41,-1.127,1.133,-0.278,-0.278,-0.278,-0.278,-0.64,-0.177,-0.177,1.133,-0.177,-0.278,0.075,1.62,-0.41,-0.41,-0.41,1.553,1.62,-0.41,-0.177,-1.127,-0.278,-0.278,0.783,1.133,-0.177,-0.278,1.1277724351366532,0.783,-0.41,0.7739026601599706,-1.127,-0.2914398878270158,0.8151033519434596,0.8353908620610179,-0.42295958255119775,0.8735553727100449,-1.1352602334206408,-0.3993382929569925,-0.24324695607997626,-0.1934756868330888
-0.646,-0.813,2.197,2.197,-0.646,-0.987,2.076,-0.813,-0.593,2.076,-0.646,2.197,-0.884,-0.646,-0.736,-0.967,-0.328,2.197,-0.328,-0.967,-0.987,-0.646,-0.328,2.197,2.076,-0.646,2.197,-0.328,-0.736,-0.736,-0.987,-0.967,2.197,-0.813,-0.884,2.076,-0.987,-0.884,2.076,-0.987,-0.593,-0.884,2.076,-0.593,-0.328,-0.646,-0.967,-0.987,2.197,-0.593,-0.967,-0.328,-0.987,-0.646,-0.813,-0.884,2.197,-0.6570641063266249,-0.8244635703117092,-0.9787927335121593,-0.787659840132844,-0.7719790295919231,-0.745966457070408,-0.5991095772601867
-0.685,-0.685,0.11,-1.162,-0.705,-0.993,-0.379,-0.987,-0.987,-0.478,-0.379,-0.685,-0.993,1.725,1.725,-0.685,-1.162,-0.478,-0.685,-0.987,-0.685,-0.993,-0.685,-0.685,-1.162,-0.705,-0.379,-0.987,-0.987,1.725,-0.987,-0.705,-0.705,-0.987,-1.162,-0.685,-0.705,-0.379,1.725,-0.993,-0.993,-0.685,-0.685,-0.379,0.11,-0.685,0.11,1.725,-1.162,-0.993,1.725,-0.705,-0.685,-0.685,1.7120655650166419,0.11,-0.379,1.7492118650995507,-1.010263876221963,-0.6979846826339151,0.09190656929162412,-0.9845877408122472,-1.162,-0.7151891239671055,-0.3909045893521997,-0.9591532612704452
-0.539,-0.745,-0.663,-0.333,-0.663,-0.539,-1.028,-0.333,-0.333,-0.875,-1.028,-0.539,-0.745,-0.663,-0.539,-0.875,-1.028,-1.057,-0.663,-0.745,-0.875,-0.663,-1.028,0.979,0.845,0.845,-1.057,-0.663,-1.057,-1.057,0.423,-1.057,-0.333,0.423,-1.028,0.979,-0.333,-1.028,-0.745,-0.539,-0.333,0.423,-0.875,-0.875,-1.057,-1.0693636553861299,0.423,0.979,-0.333,-0.663,-0.539,-0.745,-0.5556908763878784,-1.0398392391277904,-1.0067927368176512,-0.7557082846974075,-0.6784743076240605,-0.982676206441304,-1.028,-0.6401801113918062,-0.5202228637293282,-0.48666009625201095,-0.875
-1.2,-0.555,-0.337,0.287,-0.602,-0.225,-0.337,-0.337,-0.06,-0.06,-0.337,0.637,0.637,-0.602,0.637,-0.77,0.637,0.637,0.637,-0.555,-0.225,-0.337,0.637,0.914,-0.337,0.287,-0.06,-0.77,-0.77,-1.2,-0.602,0.637,0.914,-0.77,-0.77,-0.06,-0.225,-0.225,-1.2,0.287,-0.06,-1.2,0.287,-1.2,-1.2,-0.555,-0.337,-0.602,0.914,0.287,0.27118760106220885,-0.5680320322997051,-1.2,-0.225,-0.77,-0.612192583623582,-0.24012508069559463,-0.523736716892606,0.637,0.3157498237312233
-0.844,-0.921,0.848,-1.228,0.139,-0.921,2.055,-0.389,-0.921,-1.228,-1.228,0.633,0.633,0.633,0.139,-0.921,0.139,-1.228,2.055,-1.228,-0.921,2.049,2.049,-0.844,2.055,0.848,-0.921,2.049,0.633,-1.228,-0.844,2.055,-0.921,-1.228,2.049,2.049,-1.228,-0.625,0.139,2.049,-0.625,-0.921,-1.228,-1.228,-0.844,-1.228,2.049,-0.921,2.055,2.049,2.055,-0.389,-0.921,-0.625,-1.228,0.139,-1.246508409313695,0.12147703728209885,-0.844,0.633,2.049,0.848,-0.9335013265463552
-0.999,-0.707,-0.674,-1.154,-0.731,0.842,-0.999,0.064,0.064,-0.555,-0.674,-0.674,-1.154,0.842,0.064,0.319,-1.154,-1.154,0.842,0.064,0.319,0.842,-0.555,-0.674,0.319,0.319,-0.555,-0.731,0.842,-0.555,-0.731,-0.555,-0.999,-0.707,-0.674,-0.999,-1.154,0.319,0.319,0.064,0.428,0.842,-0.674,0.842,-1.154,0.319,-1.154,0.842,-0.731,-1.169397164128068,-0.555,0.428,-0.707,-0.747765544153903,-0.999,-0.5714311391752832,0.319,-0.674,-1.0106516338830873
-0.205,-0.205,0.728,-0.205,1.425,-0.945,-0.205,-0.945,-0.316,-0.316,0.874,-0.187,0.728,1.425,-0.945,-0.575,0.695,0.874,-0.187,1.425,0.874,-0.187,-0.187,0.177,0.874,0.728,-0.187,-0.187,0.728,-0.575,0.728,0.177,-0.187,-0.205,1.425,0.728,0.728,-0.945,0.695,-0.945,-0.187,-0.945,0.695,-0.187,-0.187,-0.205,-0.187,0.695,-0.316,-0.945,-0.187,0.695,0.177,0.177,0.177,1.425,-0.945,0.874,-0.316,0.728,0.695,-0.3327279306830444,0.8626342603319012,0.7158020812190931,-0.205,-0.3052214510805681,-0.9622137915753827,-0.2668235805111384,0.6779828566964555,-0.2258682425095196,0.912450537550637,0.16694103247948502,0.7693110903935149,-0.187
-0.093,-0.44,-1.021,-0.44,-0.093,0.139,-0.933,-0.44,-0.299,0.099,-1.021,1.538,1.538,-0.933,-1.021,-0.093,-1.021,1.538,1.987,1.987,-0.093,-0.44,-0.093,0.099,1.538,1.987,-0.093,-0.299,1.987,1.987,1.538,-0.44,-0.299,-0.933,1.538,-1.021,0.139,1.987,-0.933,1.538,0.139,1.538,-0.44,1.987,0.45,-0.933,-0.093,-1.021,-0.933,0.099,1.538,-0.299,-0.3150576149405625,-0.933,-0.093,-0.2699957614161502,1.987,0.099,-1.021,-0.44,-0.45742564139407793,-0.9455828265770363,-0.10372575541122639,-0.9025878367614036,-0.07612085306958272,0.08725761864758358,-0.0432127832689978
1.101,-0.458,1.101,-0.414,-0.421,1.587,-0.907,-0.711,0.65,-0.414,-0.293,-0.458,-0.421,-0.293,-0.293,0.905,0.905,-0.907,-0.711,1.587,-0.293,-0.421,-0.458,-0.293,0.905,1.101,-0.293,0.905,1.587,-0.711,-0.414,0.65,-0.907,-0.907,-0.414,1.587,-0.414,1.587,1.587,-0.421,1.587,-0.293,-0.414,0.65,-0.293,-0.414,1.587,1.101,0.905,-0.293,0.65,-0.907,-0.4274957006261727,0.8875479513373079,-0.421,-0.30568392082422896,-0.27249699221767326,0.9243134101314922,0.9679854776098679,-0.22795341112006454,-0.711,1.5759825793012836,-0.4327298489162584,-0.458
-1.285,-0.978,-1.285,-0.538,-0.538,1.75,-1.285,-0.978,0.063,-0.63,-1.285,-0.538,0.051,-0.538,0.051,-0.671,-1.285,1.75,-0.671,0.051,-1.117,0.051,-0.538,-0.671,-0.538,-0.978,-1.117,-0.671,0.051,1.75,1.75,1.75,-1.117,-1.285,-1.117,-0.978,-0.978,-0.63,0.051,0.063,-1.117,-1.117,-0.978,-1.117,0.051,-1.285,-0.671,-1.117,-0.63,-0.538,-0.978,-0.9988407645809994,0.063,-0.9608658353485837,-0.6836466719330154,-0.5527716133931696,-0.6398240410564052,0.0,-0.9000735408375053,0.054065662778569584,-0.5132961332772525,0.08110493376782964,0.10868924411043629,-1.285
0.411,-0.909,1.259,-0.764,0.411,-0.862,0.411,-0.862,1.259,0.931,-0.613,-0.909,-0.909,0.931,-0.613,-0.613,0.612,1.259,-0.151,-0.862,1.259,-0.151,-0.151,-0.613,-0.613,-0.909,0.931,-0.909,-0.613,-0.909,1.482,-0.909,-0.764,-0.613,-0.613,-0.909,1.482,-0.862,1.482,-0.909,-0.862,-0.909,-0.613,-0.862,-0.151,-0.764,-0.862,-0.764,-0.8750407708581377,-0.151,1.259,1.482,1.243189022013516,0.931,0.612,-0.7766547562417204,-0.7570534244057316,-0.909,-0.9347356483323959,-0.838880724259835,-0.613,1.4658200103097978,1.4993057322390362,1.2821410843761816,-0.8009086494972633,1.3131772395144283
0.449,-1.319,-0.439,-0.969,-0.269,-1.114,-1.114,0.302,-1.096,0.302,-1.319,-1.114,-0.852,-1.114,-0.969,-1.319,-0.852,-0.969,-1.096,-0.969,-1.096,-1.319,-0.269,-0.969,-1.096,-1.096,-1.114,-0.269,-0.439,-0.969,-0.439,-1.114,0.449,-1.319,-1.319,-1.096,0.302,-1.096,-0.969,-1.319,-1.319,-0.852,-0.269,-1.096,-1.114,0.449,-1.319,-1.114,-1.319,-0.969,0.302,0.0,-0.852,-0.969,-1.114,0.302,-0.9824968464067406,-0.8615596026364061,-0.009273897425952676,0.2864865831421792,0.449,-0.9430470686823347,0.4285188447776864,-0.439,-1.096,0.4530753749794556,-1.129293470413932,-0.44947649129909717
0.509,1.417,1.417,-0.233,0.465,-0.591,1.761,-0.233,1.563,0.509,1.563,1.761,1.417,-0.591,-0.233,1.563,-0.388,-0.845,0.465,1.563,-0.845,0.509,-0.845,-0.591,0.465,1.563,0.509,1.761,0.517,0.517,1.761,0.517,0.465,0.465,1.417,0.517,-0.233,-0.591,1.761,0.509,-0.845,0.465,-0.233,0.465,0.517,0.5002888787783302,0.4488258346088179,1.761,1.563,0.5540021082657278,-0.233,1.417,0.509,-0.388,0.49276349500507677,1.550765973972895,1.7481075448540782,1.769052270055207,1.589922781225992,1.3974226977397906
-1.426,-1.426,0.875,-1.232,1.576,1.576,-1.426,-0.57,0.875,0.875,-0.889,-1.426,-1.232,-1.426,0.875,0.875,-0.649,-1.232,0.875,1.576,-1.232,-1.426,0.112,-1.426,0.112,-0.649,-0.889,0.733,-1.232,0.875,0.733,-1.232,0.733,-0.649,1.576,-1.426,-0.57,-0.649,-0.889,0.733,-1.426,-1.426,-0.57,-0.889,-1.232,1.576,0.733,-1.232,-0.57,-0.102,-0.889,0.112,-1.232,-0.102,-0.649,0.733,-0.6667518208795298,-1.426,-0.57,-0.5800163776304519,-0.5562195752921876,-0.5015138362049065,-0.6264578001606746,-0.45823438179770226,-0.5749165479675677,-1.2427598778636835
-0.669,1.649,1.649,-0.667,0.474,0.398,-0.667,0.931,0.803,1.649,-0.667,-0.667,-0.076,0.474,0.931,0.398,-0.076,-0.667,-0.919,-0.919,-0.076,1.649,0.95,0.95,-0.669,0.474,-0.667,-0.667,-0.667,0.474,-0.669,-0.076,-0.667,0.398,-0.076,1.649,0.398,-0.919,0.803,-0.669,-0.669,-0.919,-0.667,0.474,-0.669,-0.919,-0.919,-0.076,0.398,0.95,1.649,0.95,0.931,0.9172008933564763,-0.076,0.398,-0.919,0.9382809484674492,0.474,-0.9312162954839194,1.6368764085610317,0.803,-0.669,-0.8910828444551779,-0.6823658826260753,-0.6600786268113094,0.99939448425355,1.6854377705516914
-0.882,-0.999,0.886,-0.999,0.082,-0.882,-0.048,-0.048,0.939,0.082,0.886,0.886,0.886,0.682,-0.048,0.886,0.939,-0.882,0.886,0.082,0.886,0.886,-0.882,0.939,-0.048,0.682,-0.048,1.338,-0.882,0.886,-0.999,-0.999,-0.999,0.682,0.082,0.682,-0.153,0.886,-0.999,0.939,-0.999,0.682,0.886,-0.153,0.682,-0.999,1.338,0.082,0.082,-0.882,1.338,0.082,-0.882,-0.999,0.886,-0.153,-0.8881138397553643,-0.17482993571593783,-0.8421178346349468,-0.7969604326924341,-1.0201872783240908,0.682,0.07195070182885624,0.664014741672061,0.0945830137371872,1.338
0.063,0.836,1.98,1.98,-0.771,1.98,-0.573,0.895,-0.12,-0.12,0.895,-0.441,-1.134,0.895,-0.441,-0.687,0.895,1.98,0.836,1.98,-0.573,1.98,-0.771,1.98,-1.134,-0.573,-0.687,-1.134,-0.441,0.895,-1.134,-1.134,0.895,1.98,0.063,-0.771,-0.12,1.98,0.895,-1.134,-0.441,1.98,-0.441,0.063,-0.687,-0.573,-0.771,0.063,-0.687,-0.441,0.063,-0.687,-0.441,0.836,0.8156764287122685,-0.573,-0.45714953088721466,-0.5862128126938074,0.895,0.8491360818573878,1.98,0.8761160498004796,-0.5615193172608729,-0.7045887529088661,-0.5303445001754157,-0.771,-0.42910364863812794,0.8837347830064886,-1.134,-0.4044920827829738
-0.669,-1.365,-0.669,-0.705,-0.669,-1.047,-1.047,-0.295,-0.705,-1.365,-1.365,-1.047,-0.669,-0.005,-0.295,-1.365,-0.005,-0.669,0.45,-0.268,-0.295,-0.005,-0.705,-1.047,-0.005,-0.295,-0.669,0.412,-0.705,-0.295,-0.669,-0.669,0.45,-0.481,-0.669,-1.365,-1.365,-0.481,-1.047,-1.365,-1.365,-0.705,-0.669,-0.705,-0.268,-0.669,-0.669,-0.268,-0.705,-0.669,-0.7215334699802515,-0.481,0.45,-1.365,-0.295,-0.005,-0.6958577014251324,-0.2835133394240465,-0.2269679319739832,-1.3792310919289639,-0.30502614031874853,-0.6481586937999207,-0.27166513671901027,-0.6072637249593729,0.412,-1.3647203802704766,-0.019416985308970142
-0.661,2.413,-0.49,-0.496,-0.407,-0.407,-0.49,1.319,1.69,0.283,0.28,-0.496,2.413,2.413,1.723,1.723,1.69,1.723,2.413,1.69,1.723,-0.496,0.283,-0.496,-0.661,1.319,1.69,0.28,2.413,2.413,-0.407,2.413,2.413,2.413,2.413,1.69,2.413,1.69,1.319,1.723,-0.407,0.28,0.283,1.723,-0.407,1.7124539123549738,1.319,-0.661,-0.42248095159738785,1.747940330592172,1.3078146957969574,0.2629086243826215,-0.3841454728380196,2.413,-0.35295619628295916,2.3917122268976576,-0.49,-0.496,1.3438818767829617
-0.547,-0.664,1.933,-0.575,-0.228,-0.547,-0.277,-0.511,0.644,0.644,-0.547,0.644,-0.511,-0.228,-0.547,-0.664,0.644,1.933,1.933,1.375,0.644,1.933,0.644,-0.277,-0.511,1.933,-0.547,-0.664,-0.664,1.375,-0.228,1.933,-0.277,1.375,0.644,-0.547,-0.228,-0.664,-0.277,-0.228,-0.547,-0.664,1.933,-0.228,-0.575,-0.575,1.933,0.0,-0.228,0.644,-0.011419938307225916,-0.511,-0.664,-0.547,-0.5280099353555318,-0.6761174539187818,0.03478850049743566,-0.6543080145421694,-0.575,-0.48261206125309963,1.933,-0.277,-0.45954969797200407,-0.6112561169494697,-0.24160315545360034,-0.2027714819513326,1.921100301949626,0.084086019150784,1.9509920894166275
0.17,0.301,-0.156,0.17,0.301,-0.602,0.17,0.301,0.505,0.899,0.672,0.301,0.672,0.899,-0.943,-0.943,0.672,0.458,0.458,-0.602,-0.156,0.899,0.505,0.239,0.17,0.672,0.458,0.899,0.301,0.505,0.301,-0.602,0.672,-0.156,0.301,-0.602,0.301,-0.943,-0.602,-0.943,0.239,0.458,0.458,0.899,0.458,-0.943,0.8797608273231463,0.4436216028164645,-0.156,0.4816740448620246,0.505,0.239,-0.602,-0.9577060652533205,0.4894498713479249,-0.6206828285736591,0.5259638451048254
-1.111,0.537,-0.412,-0.939,0.537,-1.111,-0.64,-1.111,-0.563,-1.307,-0.939,1.007,-0.64,-0.63,-0.412,-0.614,-1.307,-1.307,-1.307,-1.111,-1.307,-0.63,-0.563,-1.111,-0.563,-0.614,-1.307,-0.563,-0.563,1.007,-1.111,1.007,0.537,-0.939,0.537,0.537,-1.307,-0.939,-1.307,-0.563,1.007,-0.563,-1.307,-0.412,-0.63,-1.307,-0.64,-0.563,-0.64,-0.563,-0.412,-0.63,-1.111,-1.307,-0.614,-1.3252820518219515,-1.1226471206829454,-0.6483681859799824,-0.6474244510815911,-1.1006687151007928,-0.939,-1.0784037640522315,-1.0525973789062473
0.434,0.434,1.178,0.434,0.502,-0.945,0.492,1.926,0.492,-1.233,0.492,1.178,-1.02,1.178,1.926,-0.945,0.434,1.926,-0.945,0.492,-1.02,1.926,-1.02,-0.465,-1.02,-1.233,-1.233,-1.233,-1.233,-1.233,-0.945,-0.395,0.434,-0.945,-1.02,-1.233,-0.465,0.492,-1.233,0.492,1.926,1.926,-0.945,0.492,-0.395,0.434,-0.4099980176234912,-0.465,0.492,1.926,0.4190890959823625,-0.4755610551951237,-0.945,0.477071761061993,1.9143902721989174,-0.9556892785094429,1.935467424676885
0.57,1.211,-0.512,0.231,-0.512,0.57,0.231,1.402,0.084,-0.953,0.084,0.084,0.406,0.536,1.211,1.211,0.231,1.402,-0.512,1.606,1.606,0.231,1.402,1.606,1.606,0.57,1.606,1.606,1.402,1.606,1.606,1.606,0.231,-0.953,1.211,1.211,-0.953,1.211,0.536,0.536,-0.512,1.606,-0.953,-0.953,0.406,0.57,0.406,1.606,1.592824705287526,1.6415412791691033,1.211,0.3950072497700507,1.6975423278157116,-0.512,1.402,1.3857883588064803,1.4186315116960078,0.231,1.7385100330446839,-0.5241805485917013,0.2182373829934575,0.5561004035325369,0.5736403161604767
-0.861,-1.207,1.644,-1.207,-0.804,1.644,-0.861,1.644,-0.484,1.2,-0.781,-0.621,-0.621,-0.621,-1.207,-0.781,-0.804,-1.01,-0.781,-0.407,-0.621,-1.207,-1.01,-1.207,1.2,1.644,1.2,-0.861,1.644,-0.861,-0.621,-0.804,-1.01,-1.207,-1.207,-0.484,-1.01,-1.01,-0.861,-0.621,-1.207,-0.804,-0.804,1.2,-0.621,-0.781,1.2,-0.484,-0.502087790261442,-1.207,1.644,-0.804,-1.01,1.6323064033111523,-0.861,-1.02515003441724,-0.8208661955817078,1.1870676033915661,-1.2207302015623385,1.6663438518835232,-0.8713011721042982
1.206,1.636,-0.659,0.442,-0.624,-0.659,-0.958,-0.659,-0.958,0.442,-0.311,0.442,1.636,1.636,1.206,-0.958,0.442,-0.659,-0.659,0.004,1.206,1.013,1.013,0.004,-0.311,-0.958,0.442,-0.659,-0.958,-0.624,-0.659,1.636,-0.311,-0.842,-0.958,0.442,-0.842,-0.842,1.206,1.013,-0.842,1.206,1.206,1.206,-0.311,0.004,-0.624,1.013,-0.311,1.206,-0.958,-0.624,0.442,-0.9772955867067498,0.4261881272592541,-0.32403016490417214,1.1946643526667962,0.48484134237811016,1.005531321656964,-0.9378324925498458,-0.2805066666981802
-0.923,0.915,-0.011,-0.011,1.727,-0.923,-0.956,1.479,0.915,1.97,1.727,-0.956,0.915,-0.923,0.783,-0.011,0.539,-1.184,1.97,1.727,-0.956,1.727,0.915,-1.184,-0.923,1.97,-1.184,0.915,0.539,0.783,1.479,1.479,1.97,-1.184,0.539,-0.956,1.97,1.479,1.727,-0.956,-1.184,-1.184,1.479,-1.184,-0.011,1.727,0.915,0.539,-1.184,0.915,0.539,-0.956,0.915,0.5280858382568292,0.5680649300016101,0.63005085629255,1.479,1.727,1.7097199888991492,1.97,1.951816483459689,1.7565351514313954,2.000880667538518,0.674999791958414,0.9021535606110989
-0.773,-0.21,-1.097,-0.494,-1.073,0.784,2.0,2.0,-0.494,-1.073,2.0,0.043,-0.21,-1.073,2.0,-1.097,0.043,-0.21,1.275,0.784,0.784,2.0,-0.494,1.275,1.275,2.0,-0.494,-1.073,0.075,2.0,-1.097,2.0,2.0,-1.073,1.275,-1.073,-0.494,0.043,2.0,-0.773,-1.097,2.0,1.275,-0.773,-0.773,-1.097,-1.073,0.784,0.784,0.075,-0.773,1.275,-0.21,-1.073,-0.494,0.784,-0.5162552412598833,1.275,1.2579319221513452,0.075,-0.2202235399484537,-1.0859670558377639,2.0,-0.17896948288518344
-0.775,1.893,-0.646,-0.099,0.872,1.893,-0.099,0.872,-0.099,-0.099,0.371,-0.322,0.371,-0.775,-0.322,-0.466,-0.322,0.413,-0.646,-0.775,-0.775,-0.466,-0.322,-0.775,-0.099,0.872,-0.451,-0.775,-0.646,0.872,-0.775,0.872,0.371,-0.322,-0.646,1.893,1.893,-0.099,1.893,1.893,-0.451,1.893,0.371,0.371,-0.099,-0.322,-0.33825204716938123,-0.775,0.872,0.413,1.893,-0.11686312724241615,0.3981293054353059,0.8628343122331774,-0.646,-0.466,0.35973869449089324,0.3993809260867391,-0.0771637604557407,-0.48027611946171006,-0.4359057881109067
-0.686,-0.686,-0.758,-0.758,-0.758,1.036,0.737,1.036,1.75,1.498,0.165,0.737,-0.758,1.965,2.23,-0.686,1.75,1.965,0.737,2.23,2.23,1.498,2.23,1.75,-0.758,1.965,2.23,1.965,2.23,1.75,1.965,-0.686,0.165,1.498,0.165,1.75,1.498,0.165,-0.758,1.75,1.965,0.165,0.165,1.036,0.737,1.036,1.036,0.737,1.498,-0.758,1.036,1.75,0.737,0.165,1.036,0.0,0.737,-0.011897033849429183,0.165,0.724905568466031,0.1526184313399419,-0.686,-0.758,0.17873284377537924,0.7625474921184654,1.965
-0.89,-1.02,-1.012,-0.561,-1.02,-0.864,-1.02,-0.495,-1.02,-0.864,-0.561,-1.037,0.989,1.025,0.989,-1.037,-0.561,-0.561,-1.037,0.989,-1.012,-1.037,-0.89,-1.02,-1.012,-0.203,-1.037,-0.864,-0.864,-1.037,0.989,-1.037,-0.561,-1.037,1.025,-0.89,-0.864,-0.561,-0.89,-1.037,-0.864,-1.02,-0.89,-1.012,0.989,-0.495,-1.012,-0.495,-1.012,-0.864,0.989,-0.495,-1.037,-0.203,-1.02,0.989,-0.89,-0.561,-1.012,0.976195114646664,-0.864,-0.5075194136862297,-0.9028338430614419,-1.053411551038728,-1.028307032998951,-0.456299054974646,-0.881453799477926,-1.0054994698625055
-1.013,-1.013,-0.562,-1.031,-0.562,-0.848,-0.788,-0.226,-1.013,-1.031,-0.226,-0.491,-0.848,-0.788,1.874,1.874,-1.013,1.874,-0.491,-1.031,-0.798,-0.798,-0.798,-0.226,-0.995,-0.848,-1.031,-1.031,-1.013,1.874,-0.995,-0.491,-0.491,-1.013,-0.788,-0.226,-0.562,-0.788,-0.491,-0.798,-0.562,-0.995,1.874,-0.995,-0.491,-0.995,-0.848,-1.013,-1.031,-0.562,-0.995,-0.848,-0.788,-0.7998439619802629,-1.013,-0.8634227010219336,-1.023699798688881,1.874,-0.798,-1.0060289704291037,-0.5727668230190528,1.8600245084333795,1.895453004758832,-0.9678350583832179,-0.226
1.27,-0.597,0.904,-0.995,-0.542,-0.542,-0.597,-0.959,-0.959,-0.597,0.904,0.904,-0.959,0.484,1.27,-0.995,-0.542,-0.597,-0.542,-0.995,-0.995,-0.995,1.27,-0.614,-0.542,-0.995,0.904,-0.959,-0.542,0.73,-0.597,0.308,0.904,-0.614,1.27,-0.614,-0.597,-0.542,-0.995,0.308,-0.959,0.904,0.308,-0.542,0.73,-0.597,-0.542,-0.597,0.904,-0.959,-0.9733328453258044,0.308,1.27,-0.614,-0.9408672708095241,0.73,-0.6229255936289153,0.8909793091944077,-0.597,-0.5805381481650403
-0.031,0.293,0.293,0.197,-0.824,0.353,0.197,0.524,-0.031,0.197,-1.162,0.353,-0.031,-0.031,-0.427,-1.162,0.293,0.197,0.524,0.353,-0.824,0.597,-0.824,-1.162,-1.162,0.197,0.524,-1.162,0.597,-0.824,-0.824,0.597,-0.031,0.353,-0.031,0.353,0.597,-0.579,0.293,0.293,-0.031,-0.824,-0.031,0.353,0.353,-1.162,0.597,-0.824,-0.031,-0.579,-0.031,-0.031,0.353,0.524,-1.162,-0.427,-0.04665264975871507,0.197,-1.173009988527487,0.509928516449314,-0.4413198677862319,0.5425588279130664,-0.824,-1.1442440348694858,0.1872960073616386,0.582071004063035,0.293,-0.005001481011049483,0.02350038393166779
-0.261,1.639,-0.77,1.639,-0.642,1.078,-0.601,-0.642,-0.77,-0.642,-0.601,1.078,1.639,1.639,-0.77,-0.261,-0.642,-1.115,-1.115,-0.77,-0.77,1.639,-0.261,-1.115,-0.261,-1.115,-0.261,-0.601,1.078,1.639,0.268,-0.642,-1.115,0.181,1.639,-0.642,0.181,1.078,-1.115,-1.115,-1.115,0.268,-0.601,-0.601,1.078,0.585,-0.601,1.639,-0.77,-0.601,1.078,-0.7825019550772283,-0.7455600187119029,-0.642,1.0607859447265269,1.0899038540956678,-1.115,1.639,1.136785471026907,1.6182548532833618,-0.6800913592783839,0.181,1.6279363850761144,0.16682266971830084,-1.1315131027827927
-1.107,1.485,0.884,0.884,-0.948,1.485,-0.178,-0.178,-1.107,0.884,-0.029,-0.986,1.485,-0.948,-0.178,1.589,1.485,1.485,0.072,1.485,-1.107,-0.986,0.884,-0.986,-0.178,1.485,-0.178,1.485,0.884,-0.986,1.485,1.485,-1.107,-1.107,-0.948,1.589,1.589,-1.107,-0.948,-0.986,-0.948,-0.986,-0.948,-0.022,-0.029,-0.178,0.884,-0.029,0.072,0.884,-0.178,1.485,-1.107,-0.986,-0.948,-0.022,0.072,0.0581901524924533,1.589,-1.114736089450301,1.571263072364716,1.4692581426318987,-0.9587611645686274,1.5035405382240175,-0.178,-0.030584160460974195
-0.863,-0.834,2.067,-0.35,-0.35,0.692,0.692,-0.113,-0.113,-0.35,2.067,-0.834,0.731,0.734,0.734,0.692,2.067,1.292,0.734,-0.35,1.292,-0.834,-0.113,2.067,-0.674,0.731,1.292,-0.863,0.731,0.734,-0.35,-0.35,-0.674,-0.863,2.067,-0.834,-0.863,0.734,1.292,2.067,0.734,-0.35,2.067,0.692,1.292,0.7201185068313388,-0.3666788822405967,1.280000782583706,1.3136110373151955,2.0563233354252235,0.731
-1.158,-1.158,-0.205,-1.158,-1.233,-0.205,0.111,-0.205,-0.205,-0.205,-1.233,-1.233,0.353,0.353,0.143,0.353,-0.106,0.111,-1.158,0.111,-0.205,0.745,0.143,-1.158,-1.158,0.143,-1.158,0.745,0.745,-1.233,-0.136,-0.205,-0.205,-1.158,0.143,0.745,-0.106,0.353,-0.205,0.353,-1.233,0.143,0.745,0.143,-1.158,0.353,-0.106,-0.106,0.353,0.353,0.353,0.353,0.745,-1.158,0.34216788665498993,-0.136,-1.1750431320847912,-0.106,-0.205,0.143,0.111,0.09580870961806867,-1.233,0.7347886573746866,0.12525788653792613,-1.2485377314525983,0.0
-0.743,0.545,-0.317,0.095,-0.297,-0.341,0.095,-0.743,0.545,-1.071,-0.236,-0.341,-1.18,0.095,1.965,-1.18,-0.236,-1.18,-1.071,-0.297,-0.236,-1.071,-0.341,-1.071,-0.341,-1.071,-1.18,-0.743,1.965,-0.743,0.095,-1.18,-1.18,-1.071,1.965,-0.297,-0.297,-0.317,1.965,-1.071,-1.18,-0.297,-0.317,0.545,-0.317,-1.18,1.965,1.965,-0.341,-0.236,-1.071,-0.2494752626166832,-0.743,-0.35889968945742606,-1.18,-0.297,-0.3216939113095895,-0.29677368088819817,-1.1943294148098016,0.545,-0.19953855737095885,-1.081212851240081,-0.3112598622578493,-0.2551083507927043,-1.0495573153849564,-0.26841768040455755
0.686,-0.753,-0.385,0.686,-0.758,-0.588,-0.715,0.686,-0.588,-1.27,1.65,-0.753,-0.385,-0.588,-0.715,0.266,-0.707,-0.707,0.686,-1.27,-1.27,-0.588,-0.758,-0.753,0.266,1.65,-1.27,-0.715,-0.588,-0.385,-0.753,0.686,-0.707,-0.385,-0.758,0.686,-0.588,1.65,-0.758,-1.27,-1.27,-0.707,0.266,1.65,-1.27,0.266,-0.715,-0.385,0.266,1.65,0.686,-0.753,-0.39408382283318827,-0.758,-0.588,-0.707,-0.715,-0.7243839625228403,-1.27,-0.7642480669367778
-0.548,-0.548,1.478,0.605,-1.002,1.478,1.478,0.187,0.187,0.766,-1.002,1.478,-1.002,0.102,-0.316,0.766,-0.316,-0.008,1.478,0.102,0.102,-0.548,0.605,-1.002,-0.548,0.187,0.605,-0.008,-0.548,1.478,-0.548,-0.316,1.478,-0.316,0.187,-0.008,-0.384,1.478,0.187,-0.008,0.187,0.766,0.1718778474268891,-0.008,1.478,-0.316,1.4527694017656219,-1.002,0.605,-1.0191868773438928,-0.384,-0.9794398651188624,-0.3339395185977883,-0.2942552315497564,-0.2591603038105506,0.102,-0.548,0.20720868346472354,1.4851138506217159
1.409,1.478,-0.441,-0.155,-0.898,1.409,-0.127,-0.562,-0.127,1.478,1.478,1.409,-0.898,-0.562,-0.898,1.409,-0.127,-0.843,-0.843,1.409,-0.898,1.478,0.631,-0.441,-0.898,-0.127,0.631,1.478,-0.441,1.409,-0.562,1.478,1.409,-0.155,0.631,-0.898,-0.155,-0.843,-0.155,-0.843,-0.562,-0.876,-0.898,-0.876,-0.562,1.409,-0.562,-0.441,-0.562,-0.876,-0.441,-0.155,-0.127,1.478,-0.155,-0.562,1.4627778275962864,-0.441,1.5059576264215566,-0.5741280286078544,-0.898,1.564626224684699,0.631,-0.9141496163812697,1.409,-0.843,-0.8772263287581233,-0.8543737070545797,-0.16598860390092535,1.621460218282923,-0.11695017041447539
1.469,-0.371,-0.661,1.315,-1.178,-0.661,-1.319,-1.319,-1.319,0.742,-1.319,-1.178,0.742,-0.732,-1.178,1.315,1.469,-1.319,-1.178,0.742,1.469,1.469,0.195,0.109,0.742,0.742,-1.319,-1.178,-1.319,-1.178,-0.732,1.315,0.742,-0.732,0.742,-0.661,0.109,-0.371,-0.661,1.315,-1.319,1.469,-1.319,-1.319,-0.661,1.469,-0.371,0.195,1.315,0.109,1.469,-1.178,-1.178,0.195,0.109,-0.661,1.315,-0.732,1.2982026686574377,-0.7469933442794329,-1.186591599577888,-1.156174339872818,1.469,1.3221748187584166,1.4503939975636164,-0.7073027767969476,0.18674013254107605
-1.027,-0.851,-0.184,0.153,-0.631,-0.301,0.153,-0.168,-1.027,0.153,0.232,-0.631,0.153,-1.027,-0.631,-0.184,-0.851,-0.168,-0.997,-0.851,-0.301,-0.851,0.153,-0.301,-0.184,-0.613,0.153,-0.168,-0.631,-1.027,-0.997,-1.027,-0.851,-0.997,-0.301,0.153,-1.027,-0.301,-0.613,-0.184,-0.997,-0.168,-0.613,0.232,0.232,-0.851,-0.997,-0.184,-0.631,-0.631,-0.168,-0.997,-0.851,-0.168,-0.613,-0.997,-1.027,-0.301,0.232,-1.0105396449250874,-0.3164502932346805,-1.039912807894535,0.22069318041373617,-0.184,0.26782171811062294
-1.23,-1.192,-1.23,1.139,0.361,-1.192,-1.192,-0.591,-1.23,1.139,-1.192,0.527,1.009,-0.591,1.009,-0.359,-1.23,0.527,1.009,-1.23,-1.23,0.361,1.808,-1.23,1.336,1.139,1.139,-0.591,-1.192,-0.359,1.808,1.808,-1.192,0.361,-1.23,-0.359,1.139,-0.591,-1.23,-1.192,-0.591,-0.591,1.336,1.808,-1.23,1.336,0.527,1.808,-0.359,1.009,-1.23,0.527,-1.192,-0.591,-1.2127729740160025,-1.2456670318565246,1.139,1.7951076388766845,-1.1742510650318394,1.8296268801350446,-0.5999595484601218,0.361,0.514326436930973,1.336,-1.1481363509312132,-0.567409346832492,0.3443592770636656,-0.5393125166196207,-0.3699741424194127,1.3237030288134755,-1.1852212504248691
1.49,-0.938,-0.487,-0.487,-1.043,1.49,0.234,-0.601,1.49,-1.043,-0.487,0.039,0.234,0.234,-0.601,-1.043,-0.487,1.14,-0.938,-0.95,0.039,1.49,-0.938,0.279,-0.601,-0.487,-0.487,0.234,-1.043,-1.043,-0.95,-0.95,-0.938,1.14,1.14,0.039,0.279,0.279,1.49,-0.95,0.279,-0.487,1.49,1.14,1.49,0.234,-1.043,-0.938,1.14,-0.938,-0.9585701556723147,1.49,-0.487,1.1260618024771147,-0.95,-0.5029243968142295,-0.4783364501334307,-0.9123444084356298,-0.9598448027455787,0.234,-0.601,1.4828236334692044,-1.043,1.1478394601248625,-0.6146307885421998
-0.764,-0.47,1.884,1.884,-1.056,-1.056,-0.053,0.158,-0.74,0.158,1.884,0.158,-1.056,1.624,1.624,0.158,-0.47,-0.74,1.884,0.158,-0.764,-0.47,1.884,0.158,0.871,-1.056,-1.056,1.884,-0.74,0.158,1.624,1.624,1.884,1.624,0.158,0.871,-0.74,-1.056,-0.74,1.884,-0.764,0.158,1.884,0.158,-1.056,-0.74,-0.47,-1.0716151010441557,0.0,0.871,0.8582389693227835,-0.764,-0.012335378991754874,-0.48109517946860314,0.158,0.8794488134878866,-0.053,0.1455725669309606,0.1838070013141846,-0.06535486163847341
0.57,0.57,-0.774,-0.774,1.69,-0.774,-0.853,-0.625,1.69,-0.625,-0.625,-0.853,1.69,0.493,1.539,-0.174,0.493,-0.728,-0.853,-0.728,-0.853,1.539,1.69,-0.625,1.539,-0.625,-0.774,-0.853,1.539,-0.853,0.57,0.57,0.57,1.69,-0.174,0.57,-0.728,-0.853,-0.174,-0.774,-0.728,0.57,1.539,1.69,-0.7369474046401695,-0.7018199548825529,-0.6875090478551961,0.5503259301706702,0.493,-0.625,-0.174,1.5254264685928052,1.543973607273919,0.6058148212009333,1.574769411382762,1.6784223141600536,-0.774,-0.18579482736254832,0.48260224074781644,1.7020371157260412
0.933,-0.593,-1.252,1.435,-0.25,-0.593,-0.704,-0.218,-0.949,-0.949,-1.252,0.933,-1.252,-1.252,-0.593,-0.808,-1.252,-0.593,-0.949,-0.808,-0.25,0.933,-0.25,-0.218,-0.218,-0.593,-1.252,-0.704,-0.218,-1.252,-0.218,1.435,-0.539,-0.808,1.435,-0.539,-0.808,-0.593,-1.252,-0.218,-0.949,-0.949,-1.252,-0.218,-0.949,1.435,-0.539,-1.252,-0.539,1.435,-0.949,-0.9644705815447374,-0.9274551945752387,-0.704,-0.25,1.4177399527413854,-0.808,-0.218,-0.9012321275795161,0.933,-0.8699531647214258,-0.26080658175232585,-0.593,-0.23491586650016244
1.388,-0.815,-0.364,0.41,-0.779,-0.364,-0.779,-0.364,-0.937,-0.725,-0.364,0.41,-0.815,-0.937,1.388,-0.364,-0.757,-0.725,-0.937,1.484,-0.364,-0.779,-0.364,-0.937,0.545,-0.937,-0.364,-0.364,-0.779,-0.937,-0.725,-0.779,0.545,-0.364,1.388,-0.815,-0.757,-0.815,0.545,-0.779,1.388,-0.815,-0.725,1.388,-0.757,1.388,1.484,1.484,1.388,-0.364,1.484,-0.725,-0.937,-0.815,-0.3745431069132366,-0.8358572695898258,1.4695385493413755,1.388,1.5030625252052736,0.545,-0.34590390972346796,0.41,-0.30799645282627863,1.540923080260804,0.5330386821645717
-1.083,1.888,1.1,-0.608,0.082,1.888,-1.083,1.172,-0.608,0.155,-1.083,0.709,0.709,0.155,1.172,-1.083,-0.608,-0.608,1.1,-1.083,1.1,1.253,0.155,0.155,1.888,1.253,-0.714,-0.714,1.1,1.888,-0.608,1.1,1.253,1.172,1.888,1.1,1.253,0.082,1.253,-0.714,1.172,1.1,-1.083,0.155,-0.608,-0.714,1.888,0.709,1.172,-1.083,1.1,-1.1006867599207557,0.6967655089461275,1.089042245824013,0.082,-0.6220281576674879,0.7353885289279293
-0.476,0.411,-0.239,1.473,-0.976,-0.784,-1.21,-0.784,-1.21,-0.784,-1.21,-0.476,-1.107,-1.107,-1.21,1.473,0.411,1.024,-0.239,-0.976,-1.21,1.024,-0.976,-1.21,1.473,0.15,-1.21,-0.784,1.024,-1.21,-0.239,1.473,-0.239,1.473,-1.107,-1.21,-1.21,-0.784,0.411,-1.21,1.473,-1.107,-0.784,-0.976,-0.976,-0.239,-0.476,0.15,-0.784,-1.107,0.411,-0.239,-1.107,0.411,1.024,-0.476,-0.239,0.399751078545132,-0.4922047051956391,1.011669107868348,1.473,-0.976,-0.784,-1.21,0.4335487994504032,0.4658055844780831,0.5049054433124857
0.301,-0.937,1.272,1.169,1.062,1.272,0.301,-0.198,-0.156,1.272,1.272,-0.156,1.062,1.062,0.301,1.272,1.062,1.062,1.062,-0.156,-0.487,-0.043,-0.914,-0.937,-0.914,-0.914,0.301,1.062,1.272,0.301,-0.043,-0.043,-0.914,1.169,-0.914,-0.937,0.301,-0.937,-0.487,1.272,-0.914,-0.937,-0.156,0.301,1.169,1.169,-0.156,1.154842218317879,1.272,-0.043,-0.05852824638702299,-0.487,-0.198,-0.1716767382405627,-0.00025541601176633753,-0.49674580939100044,1.2020006378166797,-0.914,-0.45711456380996535,-0.937,1.2586789851770617,-0.11687794381878441
-0.605,-0.696,-0.605,0.758,1.417,1.479,-1.187,0.758,0.336,-0.696,1.522,-0.696,-1.187,1.417,-1.187,0.336,1.522,0.336,0.336,0.336,0.758,-0.605,1.522,-0.696,-0.024,1.522,0.336,1.479,-1.187,-0.605,1.417,0.758,1.417,-1.187,-0.696,1.522,-0.605,0.758,1.479,0.758,1.479,-1.187,-0.696,0.0,1.522,-0.024,0.758,0.743080998742104,1.51118226361512,1.5352919629336679,1.417,1.4095439291430278,1.479,-0.696,-0.030199128781120594,-0.605,1.5690953343447702,0.000644506444184045,0.336,0.7988524017366183
-0.282,-0.282,-0.482,0.391,-0.282,1.092,-0.282,0.391,-0.616,-0.335,-0.75,-0.335,-0.362,-0.616,-0.282,-0.75,-0.335,-0.282,-0.75,-0.362,-0.75,0.391,-0.75,-0.335,-0.282,-0.75,-0.482,-0.362,0.391,-0.362,-0.282,-0.579,-0.362,1.092,-0.335,1.092,0.427,-0.616,-0.482,-0.579,-0.282,-0.482,-0.482,-0.75,-0.75,-0.616,-0.335,1.092,0.391,-0.362,1.0719871538911323,-0.3865013989900817,1.1112620915560407,-0.34801545417419594,-0.765821597142397,0.38357064388825746,0.427,-0.579,-0.282,-0.6271345459355081,1.1593216279775513
-1.257,-0.737,-0.737,1.845,0.659,-0.62,-1.257,1.845,-1.257,-1.257,-1.257,-0.62,-0.719,-1.085,1.845,-0.622,-0.719,-1.085,-0.737,-0.719,-0.737,-1.085,-1.085,-0.076,0.659,-0.622,-0.62,-0.719,0.659,-0.719,-0.719,-1.257,1.035,1.845,1.035,-0.719,-0.622,1.845,1.035,-1.085,1.845,-0.076,-1.257,-0.719,1.845,-1.257,-0.62,1.845,1.845,-1.257,1.845,-1.085,-0.076,0.659,-0.719,-0.719,-0.719,-1.085,-0.737,-1.257,-0.7538296519646108,1.035,-1.2675819218180495,-0.7128637079195947,-0.62,-0.6361687499749811,-1.085,1.845,-1.101055905556132,-0.612425432664461,0.659,1.0217293089988255,1.0456115090085731,-1.0674862811246515
1.072,-0.501,-0.486,-0.486,1.072,0.911,0.911,0.911,-0.486,-0.486,-0.326,0.292,-0.326,-0.73,1.072,-0.501,-0.486,-0.326,-0.065,-0.326,1.052,-0.73,-0.73,-0.73,-0.326,1.072,1.072,-0.486,1.072,1.052,-0.501,-0.501,1.052,0.911,-0.326,0.911,-0.501,-0.73,0.292,-0.73,-0.73,-0.501,0.292,0.911,-0.326,0.292,-0.73,0.292,-0.326,0.27600649396274696,-0.73,-0.7468409121875428,-0.065,-0.07458574534004349,-0.3392419859849283,-0.501,-0.315456877491606,0.3078837558036556,-0.516705867109596
-0.031,0.999,-0.62,-0.806,0.021,-0.485,1.439,-0.62,-0.031,1.439,-0.286,-0.72,-0.72,1.439,1.439,-0.303,-0.806,1.439,-0.485,-0.303,-0.62,-0.286,0.021,-0.72,-0.031,1.439,-0.031,-0.303,0.021,-0.62,0.999,0.021,-0.031,0.021,1.439,0.999,-0.303,-0.806,-0.031,1.439,-0.62,0.021,0.999,-0.62,-0.72,-0.62,-0.031,-0.485,0.999,0.9820695850365069,-0.806,-0.72,-0.7342537076895106,-0.62,-0.303,-0.286,-0.31920336698954743,-0.031,-0.27776975501279083,-0.485,-0.042724519681734824,-0.29913618132802855,-0.015485927959741911,-0.2679467759120501,-0.24139460980007377,0.021,-0.2230637646687608,-0.8158588971374474,-0.20961058479498731
-0.126,-0.126,-0.827,-0.889,-0.126,0.394,-0.827,-0.335,-0.889,-0.126,-0.126,-0.645,-0.126,0.05,-0.126,-0.645,-0.126,-0.827,0.394,-0.126,-0.126,-0.335,-0.335,-0.898,-0.898,-0.003,-0.827,-0.898,-0.126,-0.898,-0.898,-0.889,-0.126,-0.827,-0.827,-0.335,-0.645,-0.126,0.05,-0.898,-0.827,-0.827,-0.126,-0.126,-0.13721358804912076,-0.09074702405599942,-0.335,-0.827,-0.898,-0.14133759278278984,-0.9182218329816607,-0.003,-0.12109401791032204,-0.645,-0.6606380490864354,-0.8964755517538728,-0.8386803360488889,-0.013080480138070654,0.05,-0.8602725893577375,0.394
1.44,1.501,1.44,-1.051,1.479,1.479,-0.602,-0.602,0.115,0.813,-0.851,1.501,1.44,1.048,-1.051,1.048,0.813,-0.851,0.067,1.44,1.048,0.813,-0.602,1.44,1.44,-1.051,-1.051,-0.851,-1.051,1.44,-0.851,1.44,0.115,-0.851,0.115,1.479,1.501,1.501,0.067,-0.851,1.048,1.501,-0.602,1.4920750786424308,1.44,0.115,0.813,1.0354188976021295,1.4277168307044041,0.7972808693335572,0.067,-0.6119362249214088,-0.5735649212414524,-1.051
-0.621,-0.482,0.026,-0.276,0.66,-0.064,0.287,0.273,0.287,-0.9,-0.064,0.026,0.026,1.213,0.273,-0.621,0.026,0.287,0.287,-0.064,-0.9,-0.621,0.66,0.66,-0.276,-0.9,0.287,0.287,1.213,0.66,1.213,0.273,-0.064,-0.9,-0.482,-0.9,1.213,0.287,-0.621,-0.621,0.026,-0.064,-0.064,-0.482,-0.9,-0.276,1.213,0.287,-0.276,0.273,-0.621,0.273,0.026,0.287,1.213,0.01499283226772761,-0.064,-0.482,0.2706764348562707,-0.4982695196178041,-0.9,-0.276,0.25726349505980906,0.052602597336194115,-0.45164599440072745,-0.08043283928671092,-0.05649153373563636,-0.39593512863769537,-0.36915417649347027,1.195044874298052
1.9,-1.077,2.111,1.9,-1.077,-1.309,2.111,0.138,2.111,1.35,-1.309,1.35,-0.889,-0.889,-1.077,-0.889,1.35,2.111,-1.077,1.9,1.532,1.9,-0.889,1.35,1.532,-1.077,-1.309,-0.889,1.35,2.111,-0.889,-1.309,-0.889,2.111,-0.2,-0.559,0.138,-1.077,-1.309,1.532,-1.309,1.532,2.111,-0.559,1.9,-1.309,1.532,-1.077,1.35,1.532,-1.077,-1.077,1.532,-0.559,-1.309,-0.889,1.532,2.111,1.5157008449080291,2.0941124026210347,-0.559,1.5550884875740172,2.1289870685946197,-0.5767800043273295,2.1704348023858087,2.2157957102141506,-0.2,-0.9018748167194828,0.138,-0.551080608625199,2.259573470821585,1.9
-0.527,-0.945,-0.94,-1.122,-0.945,-0.527,-0.945,-0.945,-0.94,-0.94,1.348,-0.94,-0.945,0.117,0.117,-1.122,1.348,0.117,0.337,-0.22,-0.94,-0.945,1.348,-0.945,-1.122,0.337,1.348,0.337,0.117,-0.94,-0.945,-0.94,-0.527,0.117,0.117,1.348,-1.122,-0.945,-1.122,-0.94,1.348,-0.945,0.337,-0.419,-0.22,0.0,0.337,-0.22,0.32074016868663,-0.419,-0.945,-0.2285449815551922,0.35462574194787694,-0.18364722008741427,0.40786631945796203,-0.4356244015401426,0.44265633217268463,-0.94,0.46703129878492683,-0.012378890270866954
-0.716,1.029,-0.882,1.885,1.885,-1.083,-0.716,1.885,0.012,1.029,-0.882,-1.083,-0.716,-0.224,-0.716,1.885,-1.083,-1.083,1.363,1.029,-0.882,0.012,-0.224,0.126,-0.882,-1.083,0.441,0.126,-0.882,-0.716,-0.224,0.012,1.363,0.126,1.029,-0.716,0.126,0.126,1.363,-0.882,0.126,-0.224,1.885,-0.224,1.363,-0.882,-0.882,1.363,-0.716,-0.8919606834174204,-0.7351905950915931,-0.224,0.012,0.126,-0.23681345241257096,1.029,0.441,0.43102536768557775,-0.8616540803935808,0.1124507008140699,0.1477799631423559
-1.095,-0.364,-0.488,-0.618,-1.28,-1.095,-0.364,-1.28,-0.777,-1.095,-1.28,-0.618,-1.095,-0.241,-0.252,0.024,-0.252,-1.28,-1.095,-1.28,-0.252,-0.364,-0.364,-0.618,-1.28,-0.241,-1.095,-0.618,-1.095,-0.364,-0.488,-0.618,-0.241,-0.618,-0.618,-0.618,-1.28,-1.095,-0.252,-0.777,0.024,-1.28,-1.095,-1.28,-0.777,-1.28,-0.241,-1.28,-0.488,-0.364,-0.152,-0.777,-1.095,-0.241,-0.25497830668146454,-0.488,-0.364,-0.152,-0.5015152504497868,-0.4867834269460696,-1.28,-0.4516949617601796,-0.37451258214669597,-1.2969897198690152,-0.618,-0.41099887986805755,-0.16051658289880885,-0.12471255218378069,-1.2565436154233975,-1.2408062126216335
1.117,1.834,-1.219,1.294,1.834,0.074,-1.219,0.626,1.117,1.294,0.074,-0.743,-1.219,-1.219,0.048,0.505,1.117,0.048,1.834,1.294,0.505,-1.219,1.834,1.834,0.048,-1.219,1.834,0.048,1.294,-0.743,0.074,0.048,-0.31,1.294,0.505,0.048,0.048,-0.31,0.505,1.117,1.834,-0.743,-1.219,1.294,-1.219,1.117,1.834,1.1051655234666862,1.8204760513880447,1.294,1.157965191412881,-0.31,0.048,0.626,0.6091193478544608,0.6501165198389453,-0.743,0.6944976461116733,0.7242220258199678,0.074,1.1983196691960922,-1.231070591183949
0.641,1.014,1.717,0.551,1.921,1.717,1.921,-0.413,1.717,1.717,-0.766,-0.806,1.921,-0.806,-0.847,1.921,-0.413,1.717,0.641,-0.806,1.717,-0.847,-0.766,1.717,1.921,0.641,1.717,-0.766,-0.766,0.551,1.717,-0.806,0.641,-0.766,0.512,-0.847,1.014,0.641,-0.847,-0.806,1.014,1.717,-0.766,-0.806,-0.413,0.512,-0.8183981622745182,-0.7965461404726386,1.014,0.641,-0.7551837363726649,1.921,-0.4242361064422523,-0.847,1.9051192164015112,-0.8615042412225142,1.006251908607492,1.717,1.9185713481323627,-0.7231231048277764,-0.3768751806456246
1.352,1.483,1.483,1.483,-0.765,0.756,0.141,1.352,-0.928,0.756,-0.175,1.352,1.045,1.352,-0.928,1.045,-0.763,-0.03,-0.03,-0.928,-0.765,-0.175,-0.928,1.352,-0.03,-0.763,1.045,1.045,1.352,-0.763,-0.763,1.483,-0.765,-0.175,-0.765,1.483,-0.763,1.352,1.483,1.483,-0.03,0.141,-0.175,-0.175,-0.928,0.141,-0.765,-0.19088574767490035,1.483,-0.763,1.045,1.352,1.465998838249019,1.0334681705054174,0.756,1.337296542328354,1.5124409317005636,1.53892656227814,0.12547636588202798,-0.9415779772443307
1.417,-1.034,1.417,1.417,-0.578,-0.516,-0.578,-1.034,1.726,1.726,0.635,1.32,1.726,0.635,0.635,-1.034,-0.578,-0.516,-0.473,1.417,1.32,0.791,1.417,-0.605,1.417,-0.605,1.32,-0.473,1.726,0.791,0.635,1.417,1.32,-1.034,0.791,0.635,1.417,0.635,-1.034,-0.605,0.635,-0.578,1.726,-0.605,0.635,-1.034,1.32,-0.578,0.6219913392786,0.791,-0.605,-0.5868165575718978,0.7815297705733436,-0.6196709573478403,1.417,1.4064705077550317,-0.5766274446928639,-0.548888255812216,1.425584248264826,-0.516,0.8150862260009636,-0.473
0.141,0.91,-1.447,-0.312,0.91,0.448,-0.945,0.448,0.91,-0.945,-1.447,-0.945,-0.647,0.141,-0.312,-0.743,-0.312,0.448,-0.647,-1.447,0.845,-0.945,-1.447,-0.743,0.845,-0.647,-0.945,-0.945,-0.743,0.448,0.448,0.141,-1.447,0.141,0.91,-1.447,0.141,-1.447,-0.647,-0.945,0.141,0.448,-0.945,-1.447,-1.447,-0.945,0.91,-0.312,-0.647,0.845,-0.312,-0.6642034418765016,0.141,0.8310133776490657,-0.6405415617736091,-0.3220717304567961,-0.6093542349214774,0.91,-0.945,-0.9638918211134937,0.8920725390655394,0.1320495478211346,0.8684249792256156,0.16642163168807725,-0.9537199355117039,-0.3020432798071717
-0.874,0.575,0.428,-0.666,0.575,-1.032,-0.853,-1.032,0.465,0.428,0.465,-1.137,0.465,0.428,-0.874,-0.853,0.465,1.197,-1.137,-0.666,0.575,-0.853,-1.137,-0.874,-1.137,-0.874,0.501,0.501,0.465,1.197,-1.032,0.428,-1.032,-0.874,0.575,0.465,0.428,0.575,0.575,0.501,-1.137,0.465,-1.137,-0.874,1.197,-0.666,-1.137,0.428,-0.666,0.501,0.428,-1.137,-0.874,0.428,-0.666,-0.853,-1.137,0.428,0.465,1.197,0.465,0.501,0.465,0.575,0.428,1.197,0.5606189847890232,1.1825266110980521,0.601621635641083,0.45555835884962353,0.49134154691962495,-0.874,1.2245138008694518,0.5459816705408304,0.42001629794229434,0.4639152083251609,1.2482139037739228,0.6369214156369607
1.25,-1.14,-1.14,-0.227,-1.14,-1.044,1.25,-0.778,-0.896,-0.778,-0.227,-0.793,1.25,0.002,-0.793,-0.778,-0.227,-1.14,-0.896,-1.044,-0.227,-1.14,-1.044,-0.778,-1.14,-0.896,-0.896,-0.214,-1.044,0.002,1.23,-1.044,-0.793,-1.14,0.002,-1.14,-0.778,1.23,-0.227,-1.14,-0.793,1.23,-1.044,-0.793,-0.778,-0.896,-1.044,-1.14,-0.896,1.23,-1.14,-0.793,-1.1522985338299379,-0.778,-0.8036710257815194,0.002,1.25,-1.044,1.2157448729781448,1.2514443755504612,-0.214,-0.009869882639482238,-1.1060543543204624,0.022938600407740477,-1.0552607620701384,-0.7882792188132125,1.294947093762366
-0.104,-0.483,0.782,0.882,0.673,-0.856,0.882,0.782,0.882,-0.104,-0.104,-0.856,-0.104,-0.856,-0.325,-1.261,-1.261,0.882,-0.999,-0.999,0.882,0.882,-0.584,-0.856,0.882,-1.261,-1.261,-0.325,-0.584,-0.325,-0.856,-0.584,0.673,-0.104,-1.261,-0.999,-0.104,0.673,-0.483,-0.325,-0.856,-0.999,-0.856,-1.261,-0.584,-1.261,-0.325,0.782,-1.261,-0.104,-1.261,0.673,-0.325,-1.261,-0.584,0.6577028523700595,-0.5932505998864318,-0.34134064125917885,0.782,-0.483,-1.2766649269130408,0.882,0.6823411798815617,-0.104,-0.49821538521195574,-0.4753835084585975,-0.550456666134554,-0.5255935828772842,0.7106976851888587,0.7652535327701938,-1.248073521886007
-0.649,-0.464,-1.352,-0.729,0.545,0.662,-1.177,-0.612,-1.352,2.108,0.545,-0.729,-1.352,-1.352,-1.352,0.662,-1.177,-1.177,-0.771,-0.771,-0.649,-1.177,-1.352,-1.177,-1.352,-1.177,2.108,-0.771,-1.352,0.545,0.545,-1.352,-1.177,-0.612,2.108,-0.464,-1.177,-1.177,-0.729,0.545,0.662,-1.352,-0.771,-0.649,-0.612,2.108,-0.729,-0.612,-0.729,-0.612,-0.649,-1.177,-1.191186641958377,2.108,-0.628361641184166,-0.7410559089376073,-0.771,2.0919352366798933,-0.464,2.137784034820496,0.545,0.662,-1.1533169193571955,-0.6578864150067729,-0.4783376241220878,-1.352,-0.6915033132664677,-0.6448547481489965,-0.44163322587861953
0.559,-0.121,-1.192,-0.595,-0.8,-0.907,-0.595,-1.192,0.559,-0.595,1.459,-0.535,-0.595,-0.595,-0.8,0.557,-0.535,0.6,0.6,0.557,-1.192,1.459,0.559,-0.907,0.6,-0.907,-0.907,-0.907,-1.192,0.6,-0.121,-1.192,0.557,-1.192,0.6,-0.8,-1.192,-0.595,-0.595,-0.535,0.6,-0.907,1.459,0.6,-0.121,0.6,0.557,0.559,-1.192,-1.192,-1.192,-0.535,-1.192,0.557,1.459,-1.206095947950939,-0.595,0.5418649858284641,-0.8,-0.5503737056721019,1.4478533498629103,0.559,-0.121,0.6,-0.12961395836512918,-1.1536185930309204,0.5877906377154163,0.5402240918595601,-1.1072858622836597
1.237,-1.355,0.927,0.185,-1.355,-0.03,1.237,-0.954,0.185,1.419,-0.27,0.185,1.419,1.237,0.927,-1.355,-1.355,1.419,-0.415,-1.355,-1.355,1.237,-0.27,0.185,-0.27,-1.355,-0.954,1.419,-0.27,-0.03,-0.954,-1.355,1.237,0.927,-1.355,0.185,-0.954,0.483,-0.03,-0.03,0.185,-0.954,1.237,-1.355,1.419,-1.355,0.483,-0.27,-0.27,0.483,-0.27,-0.2884805890709664,-1.355,0.927,-0.27076234206096966,-0.415,-1.3692817411545246,0.9180398549940875,-0.4294270062594779,-0.03,0.185,-0.040460912023876014,-1.3409186732049851,-0.4082902719496464,-0.0031659103643133513
-0.478,-0.478,-0.848,-0.604,1.229,-0.604,-0.068,-0.557,1.229,1.229,-0.557,-0.068,0.185,1.229,-0.478,1.229,-0.848,-0.962,-0.848,-0.068,-0.962,-0.962,-0.604,-0.068,-0.478,0.185,1.229,1.229,0.784,1.066,-0.557,0.784,-0.478,-0.604,1.066,-0.848,-0.557,-0.604,-0.557,1.066,-0.604,-0.478,-0.962,-0.557,-0.068,-0.848,1.229,-0.478,-0.478,-0.48693051544176497,-0.4586371426839271,1.229,-0.42441820179073697,-0.068,-0.848,-0.604,1.2161483832847502,1.066,0.185,-0.3903145153999943,-0.3398573449109105,1.0501983838191464,-0.962,-0.9759195182014981,-0.557,-0.07796496723387013
-1.022,0.306,-0.89,-1.086,0.556,0.556,-0.368,0.464,0.556,-0.368,-0.569,-1.086,-1.022,0.306,-0.368,-1.282,-1.282,0.464,-1.086,-0.04,-0.04,-0.569,0.464,-0.368,0.464,-1.282,-1.086,-1.282,-0.368,0.556,0.306,-1.086,-0.04,-0.368,0.556,-0.04,-1.282,-0.368,-0.368,0.464,-1.086,-1.282,-0.89,-1.022,-0.368,0.306,-0.569,-0.569,-0.89,-0.368,-1.022,-1.022,0.556,-1.086,-0.89,-0.368,-1.022,-0.04,0.556,-1.086,-1.0346204400999626,-1.282,0.464,0.5409749510933742,-0.569,0.306,-1.2958353465323575,0.5650280194679347,-0.89,0.4547589718825049,0.47965962394380984
1.962,-0.886,-0.886,1.962,0.3,0.021,1.962,-0.625,-0.625,-0.625,-0.886,0.3,-0.682,-0.886,0.3,-0.997,-0.997,0.3,-0.625,-0.327,-0.886,1.962,-0.778,0.3,0.3,-0.778,0.079,0.079,1.962,-0.682,0.021,0.3,-0.886,-0.997,-0.997,-0.886,-0.625,1.962,0.021,-0.997,-0.778,0.3,1.962,-0.997,-0.778,-0.886,-0.79398853953007,-0.625,-0.9018702991667762,-0.8893771852607006,-0.327,0.079,0.021,-0.7515094610195518,-1.009095908147633,-0.6385916784069824,0.06699995059555693,-0.7185681905477675,0.13603708233594958,-0.682,-0.696950880839395
-1.196,-1.011,-1.035,-1.011,-1.196,1.157,1.157,-1.196,-1.196,-0.589,0.128,-0.115,-0.589,0.196,-1.035,-1.196,-0.589,-0.215,-1.035,-1.035,-1.011,-1.011,-0.115,-1.196,-1.196,-1.196,0.128,-0.215,0.128,-1.011,0.11,-1.035,-1.196,-1.011,-1.196,-0.115,0.196,-0.215,0.196,-0.215,-1.035,-0.589,0.11,-0.115,-1.035,-0.115,0.11,-1.196,-1.2144245698949756,-1.0439971007043183,0.09700947232235346,0.196,0.18193332163146897,1.157,-0.215,-0.1250010058809674
-1.094,-1.094,0.11,-1.094,-0.499,-1.094,-1.08,0.792,-1.028,-1.094,-1.094,-0.499,0.124,0.792,-1.005,-1.028,0.792,0.792,-1.028,-1.08,0.032,0.11,-1.094,-1.094,-1.005,-1.08,-1.08,-1.028,-0.407,-1.094,-1.08,0.124,0.792,-1.08,0.792,-1.08,0.124,-1.08,-1.028,0.792,0.11,-1.005,-1.005,-1.005,0.032,-1.028,0.792,-1.005,0.792,-1.0180324137017636,-0.407,-0.4253349604840433,0.7774592414371589,-0.9881384659401268,0.11,-1.08,-0.38735341732938733,-1.0972019538956324,-1.0718999005104433
-1.004,1.43,1.344,0.126,-1.175,0.647,0.706,-0.604,1.43,-0.708,0.126,0.126,-1.004,1.344,0.126,0.647,-1.175,-1.004,0.647,-1.175,0.647,0.706,0.647,0.126,-1.175,-1.175,0.647,1.344,-0.604,1.43,-0.253,0.706,1.43,0.706,-1.175,0.647,0.126,-0.253,1.344,-0.708,0.647,-1.004,1.43,-0.708,0.647,0.706,1.344,0.647,-1.175,0.706,-0.708,-0.604,1.43,-0.7260419321749213,-1.004,-1.1911081627209195,0.647,-0.253,0.6326056418259054,1.4189892299000733,0.6940549829618322,-0.2669076880990851,1.344,-1.0122138519112107,1.4495645273227817
-0.513,-1.244,1.184,-1.244,0.179,-0.985,-1.244,-1.244,-0.847,-0.723,0.423,0.423,-0.847,-0.506,-0.847,-0.506,1.184,-0.144,-0.847,1.184,1.184,-0.847,-0.985,1.184,-0.985,-0.506,-1.244,1.184,-1.244,-0.847,0.423,-0.513,-0.144,0.423,-0.723,0.179,-0.144,1.184,-0.144,-1.244,1.184,-1.244,-1.244,-1.244,1.184,-0.144,-0.506,-0.513,-0.985,0.423,-0.513,-0.723,-0.513,-0.513,-0.847,-0.513,0.423,-0.985,-1.0067566861556063,-0.144,-0.506,-0.5290974078465798,-0.1585068295982446,1.184,-0.847,-0.8557555385619473,-1.244,-0.9540277879394522,-0.5189328829755248,0.179
-0.346,-0.858,0.249,-0.884,1.271,-0.858,-0.884,-0.884,-0.712,-1.197,-0.858,-0.884,1.405,-0.858,-1.197,-1.197,0.249,-0.712,-1.197,0.249,-0.884,-0.712,0.249,-0.346,-0.712,0.249,-0.867,0.59,-0.712,-1.197,0.59,1.405,0.249,1.405,-0.858,-0.712,-0.867,-0.712,-0.712,-0.712,-1.197,1.271,1.271,-0.867,1.405,1.405,-0.712,-0.7282407663334592,-0.858,0.249,-1.197,-0.346,0.59,-1.215318527696713,-0.357873997346629,1.271,1.405,-0.3441435365301419,0.2391218120842392,-0.8673263524150822
1.865,-0.661,0.764,0.684,1.588,-0.661,0.764,1.215,1.588,-0.13,1.588,1.588,1.588,1.865,0.158,-0.661,0.158,1.588,-0.661,1.215,0.684,1.215,-0.368,1.588,0.158,0.158,0.158,1.865,1.865,1.215,1.865,1.865,0.684,-0.661,-0.13,1.588,0.158,1.215,1.215,-0.206,1.215,-0.206,1.588,-0.661,0.684,-0.13,0.764,1.588,1.215,1.865,0.684,1.588,-0.661,-0.6782107921052986,0.764,0.7487196013554683,-0.206,1.865,1.8468306987648095,-0.6496326291359099,0.6756985823968815,1.215,1.5752911959550018,0.8011342109857785,-0.22156432269012746
1.699,-0.869,-1.092,1.699,-1.092,1.416,-0.869,1.699,-1.092,-0.528,0.806,-1.092,-0.83,-1.092,1.416,-1.092,1.757,-1.092,1.416,1.757,0.806,0.173,1.416,-0.869,1.757,1.416,1.699,0.173,-0.83,0.781,0.781,1.416,1.757,0.173,0.806,-0.869,0.806,-0.528,-1.092,-0.83,-0.869,1.757,0.806,-0.528,-0.869,-1.092,0.781,-0.5422545058581307,0.7714006625289708,-0.83,0.8131509109842819,-1.1037642872181266,1.757,-0.8769783836854309,0.173
-0.643,1.001,1.068,1.068,-0.81,1.001,-0.507,1.001,0.265,-0.81,1.61,-0.739,-0.643,-0.739,1.001,1.068,-0.868,1.001,-0.739,1.068,0.963,0.265,-0.507,-0.81,1.068,-0.868,1.068,1.068,1.61,0.265,1.61,-0.507,0.963,1.61,0.265,-0.81,-0.868,-0.643,0.963,-0.507,-0.868,1.001,-0.739,-0.739,1.001,1.61,0.963,-0.81,0.265,-0.507,0.265,0.963,1.068,1.068,-0.81,0.963,-0.643,0.9464277018875666,1.001,1.61,-0.507,0.9704704350265715,0.9890664094765333,1.0214335695101473,-0.6541338863756798,0.265,-0.8190087501983861,0.24793754667162818
0.809,-1.085,0.809,-0.314,-1.074,0.809,-0.314,1.007,-1.085,-0.314,0.09,-0.733,-1.085,-1.085,0.788,-1.085,-1.085,1.007,0.788,0.809,0.809,1.005,-0.733,1.005,1.005,0.09,-1.085,0.09,-1.074,-1.085,-1.074,-1.074,0.75,1.007,0.75,-0.733,-0.314,-0.733,0.809,0.809,-1.085,0.809,-1.074,-0.733,0.75,0.7241328992175435,0.809,-0.7518058331030093,-1.085,1.007,0.7829282269594484,-0.314,-1.099820973730058,0.7983275969498511,0.8164408244198186,0.788,0.09
-0.962,0.852,-0.631,-0.398,1.381,1.129,-0.452,0.852,1.129,-0.962,1.381,0.852,1.129,1.129,0.852,1.129,-0.962,-0.631,-0.398,-0.398,0.564,-0.519,1.381,-0.519,-0.962,-0.398,1.129,1.129,1.129,1.129,1.381,1.381,0.833,-0.962,1.381,-0.452,0.852,1.381,-0.452,0.852,-0.398,0.833,1.129,1.129,1.381,-0.519,0.564,1.129,0.5516772812709048,-0.398,0.5876420370632677,0.6285147220171479,-0.5355665232426117,0.852,-0.962,-0.9840866126242931,-0.452,1.1167402727135627
-0.523,-0.523,1.764,1.764,-0.523,-1.004,1.291,-0.081,-0.081,1.291,-1.15,0.432,0.432,-1.15,0.432,-0.666,-0.081,0.432,-0.517,1.291,-1.15,-0.159,-0.517,0.432,-0.666,1.291,1.291,-1.15,-1.15,-0.666,-0.159,-1.15,-0.666,1.764,-1.15,-0.159,-0.666,1.764,-0.517,-1.004,1.764,-0.159,-1.004,1.291,-0.081,-1.004,-0.081,1.764,-0.517,-0.159,1.764,1.291,-0.517,-1.004,-1.0246287613411442,-0.081,-1.15,-0.09198602741464161,-0.523,-0.06230760797335347,-0.974808584791168,-0.02338719825374599,-0.5306229245002265,1.764,1.276575832969015,0.432,-0.5372895220809828
0.794,1.054,-0.813,-1.304,1.054,-0.257,-1.304,-0.928,-0.257,-0.928,-0.09,1.054,0.794,-0.029,-1.304,0.866,-0.029,-1.304,-1.304,-0.928,-1.304,-0.09,0.866,-0.029,-0.813,-0.813,-1.304,-0.617,-1.304,1.054,-0.09,-0.617,-0.928,-0.928,0.794,-1.304,-0.029,-0.029,-0.617,1.054,0.866,-0.09,-0.029,0.794,1.054,-0.029,0.866,-0.029,0.866,1.054,1.0312062876312824,0.794,-0.813,-0.04359039553989105,1.0693744440792032,-0.8331585915002282,-0.09,0.7847719900989477,-0.1059291747406616,-0.014024837901076498,-0.617
-0.272,-1.513,1.178,-0.531,-1.513,-0.62,-0.531,1.178,-0.62,-0.182,1.325,0.191,-0.62,-1.513,1.325,-0.62,1.178,-1.513,1.178,1.146,-0.272,-0.182,1.178,-1.513,-1.513,1.146,-0.272,-1.513,1.325,1.146,-1.513,-1.513,0.753,-0.182,1.325,1.178,0.753,-0.182,1.146,0.191,0.753,1.146,0.191,-1.513,0.191,1.178,1.178,0.753,0.753,-1.513,1.146,-1.513,0.753,-0.531,-1.513,-0.531,-1.513,-1.5270909211839039,-0.5420059766723543,-0.272,-0.29152078856824887,1.325,-0.182,-0.5137779510796815,-0.4636602210194436,0.753,1.146,-0.19925156644010844,1.1342734057282007,-0.62,0.191
1.94,1.94,1.627,-0.095,1.627,1.94,-1.053,-0.631,0.489,1.627,-0.985,-1.053,1.94,0.794,-0.985,-0.631,1.726,1.94,0.489,-1.053,0.489,-1.053,-0.095,1.159,1.627,-0.095,1.94,1.627,1.159,0.489,1.627,1.159,-0.985,1.159,1.726,0.794,1.726,1.627,1.726,-1.053,-0.985,-0.985,0.489,1.726,1.94,1.159,1.726,1.7141888040498756,-0.631,1.9218565057908832,-0.637860430236629,1.9563474066426714,0.489,1.992565036725122,-1.053,-1.0692678283647181,-0.095,-0.985,1.627,-1.032294688337217,0.47502322620308135
-0.558,0.027,-0.913,-1.22,-1.145,-1.22,-0.913,-1.145,-0.558,-0.913,-1.145,-1.22,-1.145,0.909,-0.558,-1.22,-1.22,-0.491,-0.43,-0.558,1.307,-0.43,-0.558,0.909,-0.649,1.307,-0.913,-0.558,-0.913,-0.649,-0.558,-1.22,-0.913,-0.491,-0.43,-1.22,-1.145,-1.22,-0.558,-1.22,-0.913,-1.145,1.307,-0.649,1.307,-1.145,0.027,-0.43,-0.491,-0.649,-0.491,-1.145,-0.558,0.027,0.909,-0.913,0.014187250410624842,0.03660735441004764,-0.43,-0.649,-0.491,-0.9198787603180354,-0.6599700644965667,-0.8795865727067504,-1.145
0.968,0.166,-1.594,-1.594,-1.594,0.29,0.318,0.201,0.29,0.321,-1.594,0.321,-1.594,0.29,1.307,-1.594,0.321,-1.594,0.166,0.166,0.201,-1.594,-1.594,0.968,0.166,0.321,1.268,-1.594,1.268,-1.594,0.29,0.29,-1.594,-1.594,-0.396,0.968,0.968,0.321,1.268,-1.594,0.29,0.318,1.307,0.166,-1.594,1.307,-0.396,0.318,1.2917310227482723,0.15715567244358403,1.320160333655005,-1.6020293544537962,0.201,0.968,0.18578237953264332,-1.574988656309847
-1.255,1.892,-0.846,-1.054,-0.185,-0.185,1.892,-1.255,-1.255,1.892,-1.255,-0.855,0.05,-1.255,-0.855,-1.054,-0.892,1.892,-0.892,-0.892,-0.855,-0.846,1.892,-0.688,-0.185,-0.855,-0.185,1.892,-0.688,1.892,-1.255,-0.185,-1.054,1.892,-0.846,1.892,-1.255,1.892,-0.688,-0.185,0.05,-1.255,0.05,0.858,-0.855,-0.846,-1.054,-0.892,-1.054,0.858,0.05,0.05,1.892,-1.255,1.8802248334504983,-0.185,-0.20063890076559546,0.035539816245471964,-0.15508640669466844,-0.846,-0.10849093178040316,1.9253759688066419,1.965424195044668,-0.8592950033214047,1.9851495466627185,-0.8294926967332424,0.06411000264938427,-0.855,-0.8682683996354381,-0.8620310375908807,-0.688,-0.8013992323846523
-1.218,-0.421,-0.693,-0.283,-0.421,-0.893,-0.283,-1.218,-0.693,-1.218,-1.218,-0.893,-0.609,-0.709,-0.421,2.185,2.185,-0.893,-0.421,1.082,-0.283,1.082,-0.709,2.185,2.185,1.082,2.185,1.082,-0.609,-0.693,-0.709,-0.693,0.426,-0.283,-1.218,-0.893,1.082,-1.218,-0.709,-0.709,-1.218,2.185,-0.609,-0.693,-0.609,-0.283,0.426,-0.421,-0.421,-1.218,-0.693,-0.609,0.426,1.082,-0.7074813370616722,-1.218,-0.893,-1.235494318364734,-0.6783472325143509,-0.709,1.0688495633526467,2.185,0.4147442891777542,0.4213956901347832,1.1192785153411682,1.1382685158915171
-1.062,-0.816,-1.094,-1.052,-1.037,-1.094,-1.052,1.131,-1.062,-0.916,-0.816,-1.052,-1.037,0.174,-0.916,-1.052,1.131,-0.916,-1.062,-1.037,-0.916,-0.916,-0.816,-1.037,-1.062,-0.645,-1.094,-1.037,-1.062,1.131,-1.052,-0.645,-0.816,-1.094,1.131,-1.052,-1.052,0.174,-0.645,-1.062,0.413,-1.094,-0.816,-1.094,-1.062,-1.052,-0.816,-0.8316829967371456,-0.645,-0.6582485433537156,0.413,0.174,0.15907445804327397,0.1906027426909115,-1.094,-0.786067993581188,0.23428073596841106,-0.916
-0.464,-0.464,1.491,0.098,-1.158,1.491,-0.248,-1.158,1.491,1.491,-0.248,0.098,-1.158,1.544,-0.464,-0.464,-1.158,-1.158,0.098,0.887,0.165,-0.248,1.544,1.544,0.098,0.098,-0.248,-0.248,0.098,-0.464,-1.158,1.491,-0.424,0.068,0.887,-0.248,1.544,1.544,-0.424,-0.464,-0.248,-1.158,0.887,0.165,0.887,0.068,-1.158,0.068,0.05164145389882358,-0.464,1.491,-1.158,0.098,0.08019899938692283,0.887,-1.1750597405570775,-1.155982837528616,-0.424,-0.47585131794403873,-0.44310712818126347,0.08722060633653235,0.13026008560115437,-0.44078704206055247,-0.39264731586651563,0.12835881453497094,0.14820128336970229,-0.422097188510104,1.4793110569769994,1.544
1.38,-1.214,0.281,-0.237,-0.391,1.16,-1.214,0.232,-0.446,1.16,1.121,1.16,-1.214,1.121,-0.237,-0.391,-0.391,-0.323,-0.446,-0.446,-0.237,1.38,1.38,-1.214,-0.391,0.232,-0.323,1.16,1.121,1.16,-0.446,1.38,-0.237,1.121,0.281,-1.214,-0.446,-0.391,-1.214,0.232,-0.446,-0.323,-1.214,-0.323,0.281,1.121,-0.446,1.121,-1.214,0.281,-1.214,1.16,0.232,1.16,1.38,-0.237,1.147627975734634,0.21529946669139413,0.24679377222922458,-0.391,0.281,-0.446,-0.323,-0.24920361265194574,0.2859931220793744,1.184137087095474,0.2677490192724293,0.3370173883683943,-0.4575222683834161,-1.214,1.3645052049970863,0.37480326767501565,-0.3358885301478948,-0.288810585571993,0.3111883324473922,-0.4126766371632209,1.121
0.743,0.051,-0.374,0.05,1.139,0.051,-0.42,-0.887,-0.42,-0.42,1.451,0.051,1.451,0.05,-0.374,-0.804,-0.804,1.139,0.051,0.743,0.743,0.051,1.273,-0.887,1.139,0.05,1.273,1.273,-0.374,0.743,-0.374,1.139,1.273,0.05,-0.42,0.05,1.451,1.451,0.05,-0.887,1.451,1.273,-0.804,1.451,1.451,-0.374,0.051,1.273,-0.804,-0.8246832651328206,0.03410794045802362,0.06824664695431636,-0.8022449854377197,-0.42,1.139,1.451,-0.374,-0.7761424903848211,0.10095018881175526,0.11808688916620572,0.13081583470212108,0.743,1.2615031828661618
2.057,2.057,-1.27,-1.27,-1.27,0.936,-0.673,-0.788,2.057,-1.27,-1.27,-0.788,-1.27,1.018,1.029,0.936,-0.705,2.057,-0.705,-0.788,-0.705,-1.27,-0.788,0.936,0.564,-1.27,-0.862,2.057,0.564,1.029,1.018,1.029,-0.705,-1.27,-0.788,-0.862,1.029,1.018,-0.788,1.029,0.936,0.564,-0.673,-1.27,-1.27,1.018,1.029,0.936,2.057,0.936,2.057,2.057,0.564,-0.862,1.029,0.936,-0.788,-0.862,0.564,-0.673,-0.6928931650627653,1.018,0.9253806920227268,-1.27,-0.6466328934161969,0.9430764516334977,-0.6015171717392157,1.0165421997692354,1.0609218531975946,-0.8760591425432185
0.607,-1.39,0.105,-0.133,-1.39,0.998,0.189,-1.39,-0.865,-1.39,-0.133,-1.39,-1.39,-0.613,-1.39,0.189,0.174,0.607,0.607,0.607,0.607,0.189,-0.865,-1.39,-1.39,-0.613,-1.39,-0.163,0.998,-0.865,-1.39,0.174,-0.865,0.998,0.174,-1.39,0.105,0.998,-0.865,-0.613,-0.133,-1.39,-0.865,-1.39,-0.865,-0.133,0.105,-0.133,0.998,0.189,0.980636181953383,1.0096304647665206,1.0428496155363618,0.607,-0.163,0.5969003383057228,-0.1819122929299759,0.6165127152338494,-0.613,-0.865
1.066,1.066,1.066,-1.077,-0.464,-1.34,-1.077,1.038,0.484,-1.34,1.038,-1.34,1.066,-0.464,-1.077,1.038,-1.34,1.066,-1.34,1.066,-0.207,-1.077,-1.077,1.146,-0.464,-0.207,1.066,1.038,1.146,-1.077,1.146,-0.372,-0.207,-1.077,1.146,-1.34,0.447,1.066,-1.077,0.484,-0.372,1.146,0.447,-1.077,1.066,1.066,-0.464,-0.464,1.146,1.146,1.066,-1.077,0.484,0.484,-0.372,-0.207,-0.464,-1.077,-1.077,1.066,-1.34,1.146,0.447,-1.077,-1.34,0.484,0.4402416420551664,-1.356798306223111,-0.372,1.1320705741884913,0.49915156626205426,0.5144143014188275,0.5289205186707544,0.5784431324933554,0.4726647617413043,-0.38542809570655834
1.937,-1.009,1.368,-0.413,1.937,1.368,-0.675,-1.221,-1.029,1.937,-0.337,1.368,-1.221,-1.009,1.937,-1.221,-1.221,-0.337,1.937,1.368,1.368,-1.029,-1.221,-1.029,-1.009,-1.221,-1.009,-1.009,-0.675,-1.221,-0.675,-0.675,-1.029,-0.044,-1.029,-1.029,-0.675,-1.009,-0.413,-0.413,-0.675,-0.413,-0.413,-0.044,1.937,1.368,-1.009,-0.675,-0.044,-1.009,0.41,-0.675,-0.675,-0.675,-1.221,-1.221,1.937,1.937,-1.029,1.368,1.368,1.937,-1.029,-0.675,-0.413,-0.6919775873251721,-1.009,-0.337,-1.0204156786648932,1.354199816777487,-1.0402799414680433,-0.044,-0.998948973080508
0.76,1.543,1.187,0.052,1.543,-1.369,1.187,0.76,1.543,-1.369,-0.884,1.543,-1.369,-1.369,1.187,0.052,1.187,-0.271,0.76,0.76,-0.595,1.543,-0.271,1.187,-1.369,0.76,-0.884,0.052,-0.595,0.76,-0.884,-0.595,0.443,-0.884,1.187,-0.271,1.187,0.02,-1.369,0.02,0.02,-0.595,-1.369,-1.369,1.187,0.052,-0.271,1.1738616094282168,-0.2835118732947679,0.03439769248837052,1.543,0.76,-1.369,1.5293892451045519,0.443,-0.884,0.7488835302622815,-0.23638936164453345,1.2335957258293682,1.270674134131554
-0.733,-0.786,-0.942,-0.942,-0.691,-0.613,-0.733,-0.508,-0.786,-0.272,-0.307,-1.144,-0.307,-0.613,-1.144,-0.786,-0.272,-0.786,-1.144,-0.733,-0.691,-0.942,-0.272,-0.272,-0.508,-0.272,-0.691,-0.942,-0.691,-0.942,-1.144,-0.091,-0.091,-0.942,-0.091,-0.272,-1.144,-1.144,-1.144,-0.091,-0.10809146162539952,-0.942,-0.307,-0.272,-0.613,-0.3226739053896255,-0.2761260316040346,-0.508,-0.9562158561695677,-0.691,-0.7039108355682839
-0.231,-1.053,0.097,0.097,-0.795,0.251,-1.053,0.932,-0.619,-1.053,-0.795,-1.021,-1.053,-1.021,1.937,1.937,-0.231,-0.795,1.937,-0.795,-0.619,-0.231,1.937,0.097,0.932,0.251,1.937,0.097,-1.053,-1.021,-0.231,0.251,-0.023,1.937,-0.231,0.251,-0.023,-0.619,1.937,1.937,-0.023,-0.795,-0.795,-1.053,-1.021,0.097,0.251,-0.023,0.251,-1.021,-0.795,0.097,-0.619,-0.023,-0.6352859232771343,-0.795,-1.021,0.097,0.932,0.0867125253298704,0.9212366454325536,-0.038548682915521236,1.937,0.9690580758408933,1.9227002297706062,-0.009856798591656158,-0.5854337681295217,1.95889059402675,-0.5549981678054013,-0.231,0.251
-0.907,-0.913,-0.913,0.685,-0.907,0.685,-1.034,0.722,-0.849,-0.907,1.048,-0.847,-0.61,1.048,-0.847,0.685,-1.034,-0.913,0.685,-0.849,0.722,-1.034,0.722,-0.847,-0.907,-0.61,0.685,-0.847,-0.849,-0.409,0.685,0.722,0.722,-1.034,0.685,0.685,-0.849,0.685,0.722,0.722,-0.409,-0.847,1.048,-0.61,-0.6242043778298475,-0.849,-0.847,-0.5940519572128296,-0.907,-0.861560566188346,-0.8367033095285542,-0.9238288469764211,0.722,-0.409,-1.034,1.0328075189635786,-0.8034338373900587,-0.8626233726860392,-1.0441147629703689,-0.8466666961090787,1.074088241807991
0.281,0.043,-0.285,-0.063,0.043,2.529,-0.694,2.529,0.281,-0.937,-0.167,-0.158,-0.158,0.179,-0.937,0.043,2.529,0.043,0.179,2.529,-0.937,2.529,-0.167,2.529,0.043,-0.694,2.529,-0.285,0.179,-0.167,-0.937,0.043,-0.285,-0.694,2.529,-0.063,-0.063,-0.063,-0.158,-0.285,-0.285,2.529,-0.937,-0.285,-0.937,-0.29952291767920997,-0.2740544341195944,0.281,2.529,-0.063,-0.9529654691166682,0.043,2.508681403007755,-0.694,0.179,-0.08250250272925524,-0.167,2.5691056214539016
0.45,0.45,-0.702,1.055,0.811,-0.905,-0.679,1.055,-0.702,0.515,0.515,-0.84,-0.679,0.515,0.811,-1.038,-0.679,-0.521,-1.038,-1.038,-0.905,-0.702,-0.702,-0.679,0.811,1.055,0.515,1.055,-0.702,0.811,-0.905,0.811,0.515,-0.521,-1.038,0.811,1.055,0.515,0.811,-1.038,0.811,1.055,-0.905,-0.905,-0.84,1.055,-0.84,-0.521,-0.702,-0.5352451635427448,-1.038,-0.48396553755844945,0.45,-1.0503493748208945,-0.905,-1.018058506538117,-0.4533530097019115,-0.4010144362241476,1.055,-0.9189118081158968,-0.7159543880438677,-0.977267266850597,1.04236965381314
-0.639,-1.436,2.107,2.107,1.248,0.409,0.524,0.524,1.248,0.524,0.409,0.409,0.524,-1.436,0.409,1.178,-0.918,-1.436,-0.918,1.248,-1.436,1.178,0.613,-1.436,1.248,0.524,0.613,-1.436,0.524,2.107,-0.657,1.178,-1.436,2.107,1.248,0.613,-0.657,1.248,1.178,0.613,0.409,2.107,0.524,-0.918,-0.657,-0.918,-1.436,0.524,-0.639,0.613,0.524,0.524,0.613,-0.639,0.524,2.107,0.409,-1.436,-0.639,0.409,-0.6518916300071004,0.524,1.178,-0.918,-0.935411724513256,-1.436,0.5126834129787038,-0.657,0.613,1.165781774626304,-1.449208958982827,-0.6711045027483868,1.1784758392153019,-0.8898195804924814,-0.8446926215762829,-1.4154291892933843
0.662,0.503,-1.146,0.503,-0.11,0.662,-0.764,0.503,0.662,-0.11,-0.755,0.509,0.269,-1.146,-1.146,-0.595,0.269,-0.755,0.662,-0.764,0.662,-0.764,-0.11,-0.641,-1.146,0.503,-0.595,-0.755,-1.146,-0.595,-0.641,-0.11,0.269,0.269,-0.595,-0.755,-0.641,-0.595,-0.595,0.269,0.662,-0.755,-0.764,0.662,0.269,0.269,-0.11,-0.641,-0.764,0.503,-0.755,-0.7705872715536726,0.48875871004140714,-0.7360017408531314,0.662,0.6481373354291643,0.269,0.663708245877609,0.509,-0.595,-0.11,-0.6552861058606347,-0.775055198864452
-0.215,-0.678,-0.503,0.52,2.064,2.064,2.064,-0.215,1.147,0.52,-0.678,0.52,-0.677,2.064,2.064,0.52,0.172,1.147,0.52,1.147,2.064,-0.677,1.147,2.064,0.52,2.064,-0.289,0.406,-0.677,-0.678,2.064,-0.503,0.172,-0.289,-0.215,2.064,0.52,0.52,2.064,1.147,-0.215,1.147,-0.2260150557689272,1.1327774264619241,-0.1848547849270951,-0.677,0.406,-0.1394765644828625,0.52,0.3920364596199572,0.172,-0.289
-0.838,1.308,0.87,-0.673,0.87,-0.962,-0.962,0.522,0.87,0.87,1.308,0.87,1.102,-0.673,0.186,1.564,-0.673,0.522,0.87,-0.838,-0.838,1.564,1.308,-0.673,0.186,-0.838,1.564,1.564,0.522,-0.962,-0.962,-0.962,0.502,1.564,0.522,-0.838,1.564,-0.962,1.564,0.522,-0.962,1.102,0.522,1.308,0.522,0.87,-0.838,0.186,1.102,0.87,1.564,-0.673,0.855873477281056,0.522,0.8901644739653392,1.308,1.5459272779765403,0.9377007782935967,0.17554451511681415,0.502,0.9666607845726356
1.053,0.081,0.309,1.053,-0.47,0.081,-0.683,0.679,-0.47,0.123,-0.683,-0.764,-0.777,-0.777,0.081,-0.777,-0.764,1.053,1.053,-0.47,0.081,1.053,0.085,0.679,0.679,-0.764,-0.777,0.679,0.081,-0.683,-0.47,0.085,-0.764,-0.683,-0.47,-0.47,0.309,0.081,-0.47,0.123,-0.683,0.123,0.085,0.123,0.679,0.6566263663826498,0.10759508386397817,-0.764,-0.777,-0.683,-0.47,-0.6996259476548589,1.053,0.081,-0.6540081311867584,0.085,1.037494542330262
1.235,1.624,-0.893,-1.082,-0.892,-0.217,-0.701,-1.082,1.023,-0.892,-0.893,-0.217,1.372,-1.082,1.624,1.372,1.624,-1.055,1.372,1.372,1.235,1.624,1.235,1.372,-1.055,-1.082,-0.893,-0.701,-0.701,-1.082,1.023,-1.082,1.624,-1.055,-0.892,1.372,-0.893,-0.701,-1.055,-1.055,-0.701,-0.892,-0.701,1.624,-1.055,-0.893,-0.217,-1.055,-0.893,1.235,-0.892,-1.055,-0.217,-0.9100419686035452,-0.701,-1.0702630637311996,1.226069475612279,-0.7173280554492009,1.372,-1.082,-1.021512822641538,-0.8793908005954052,-0.22783445567551583,-0.8468166231377616,-0.20004355404094884,1.3622210601846385
0.208,0.431,0.165,1.77,0.37,-0.898,0.37,-0.898,0.431,-0.208,-0.033,0.534,-0.898,0.165,0.165,-0.033,-0.898,1.77,-0.208,0.431,0.37,-0.898,0.37,0.431,0.431,-0.62,1.77,1.77,1.77,1.77,0.37,0.165,0.431,1.77,-0.033,0.534,-0.898,0.431,0.208,0.431,-0.033,0.165,-0.62,1.77,-0.62,-0.033,-0.208,0.37,0.534,-0.62,-0.21726514124875945,0.208,0.19396109188417776,-0.17136082319240747,0.35516733722144495,-0.6361758628036057,-0.898,0.5244888459378866,0.431,0.5520994855794903,1.77
1.872,-0.903,-0.829,-0.323,1.872,-0.903,-0.163,1.929,-0.832,1.929,-0.903,-0.832,-0.903,-0.163,-0.163,-0.35,0.553,-0.903,-0.323,1.929,-0.829,-0.829,-0.35,-0.832,-0.35,-0.35,-0.829,1.872,-0.35,1.929,-0.832,1.872,1.929,0.626,-0.163,1.929,-0.829,-0.323,-0.829,0.626,1.872,1.929,1.872,-0.163,0.626,-0.832,-0.323,-0.829,-0.163,-0.844247405269493,-0.1766713732824728,0.553,0.626,1.872,0.5437430281007485,0.5635425365281047,-0.832,-0.8527957604683424,1.8594646608234437,-0.903,-0.323,-0.35,-0.36777984470930825,-0.15271059757117297,0.611395897335306,-0.7927778151245864
-0.759,-0.112,0.389,-0.199,0.389,-0.622,0.389,0.389,-0.759,-0.961,-0.622,-0.759,-0.961,-0.699,-0.961,-0.961,-0.112,-0.53,-0.307,-0.961,-0.112,-0.199,-0.199,0.389,-0.112,-0.699,0.389,-0.53,-0.759,-0.699,-0.541,-0.541,-0.622,-0.541,-0.199,-0.961,-0.53,-0.699,-0.541,-0.699,-0.622,-0.699,-0.699,-0.541,-0.699,-0.199,-0.2150294320865752,-0.53,-0.112,0.389,-0.12869202282537184,-0.09470173508368868,-0.699,0.37846312817113265,-0.541,-0.622,-0.5442344436472536,-0.5231265240223393
0.338,-0.585,-0.585,0.338,-0.453,2.757,0.338,-0.286,-0.585,0.338,1.673,1.673,2.757,2.757,2.757,2.243,0.338,2.757,-0.286,-0.286,1.157,-0.286,2.243,-0.585,1.673,2.757,-0.685,-0.685,-0.613,2.757,2.757,-0.585,-0.453,1.157,1.157,-0.613,1.673,2.243,2.757,2.243,2.757,-0.585,0.338,1.157,2.243,2.243,1.673,2.243,-0.613,1.6564365815614706,-0.685,0.338,1.157,-0.286,-0.453,-0.698605484176581,-0.6519251844989199,-0.30203803285279185,1.6906352492543932
-1.387,0.294,-0.557,1.559,-1.336,0.074,0.074,1.771,-1.336,-1.387,0.072,0.074,-0.031,-1.336,0.074,1.771,-0.031,0.074,-1.387,-1.336,-0.031,-1.387,-0.031,0.439,0.074,-0.557,0.074,1.771,-1.387,1.559,0.294,0.294,1.771,-1.336,-1.336,0.294,-1.336,1.771,0.072,-1.387,1.771,1.559,-1.387,0.074,1.559,0.074,-1.387,0.072,0.072,1.771,-1.336,0.294,0.2776351239996254,1.559,1.5432396085714553,1.5654507089076013,0.072,0.050992191869657325,0.3047593346204129,-0.031,0.35457492667200047,0.4046665295686851,0.439,-0.557
-1.155,-0.879,0.409,0.742,0.742,1.506,-0.879,-0.852,-0.625,0.409,-0.879,-0.625,-0.852,-1.193,-1.155,0.742,0.742,1.506,-1.155,0.409,-0.625,0.742,-0.421,1.506,-0.852,-1.155,-1.155,0.409,0.436,-1.155,-1.193,0.742,-1.193,-0.421,-1.155,-0.879,1.506,0.409,-1.193,-1.155,0.742,-0.852,-1.193,0.409,-1.155,-0.879,-0.625,-0.421,0.409,1.506,0.742,1.506,0.436,-0.625,0.409,-1.155,-0.852,-0.6368119107194381,-1.1695145990177802,0.742,-0.421,1.506,0.4251342359669872,-1.193,-0.8689658653498282,0.7226728040372186,-0.6150881970981954,-0.43551850358124095
-0.172,0.767,-0.836,-0.512,0.297,0.767,-0.691,0.297,-0.836,0.767,-0.172,-0.55,-0.458,-1.437,-0.691,0.767,-0.458,-0.172,-0.458,-0.172,-0.691,-0.55,-0.178,-0.836,-0.512,-0.458,-0.512,-1.437,-1.437,-0.691,-0.55,-0.836,-1.437,-0.178,-0.691,-0.458,-0.512,-1.437,-0.172,-0.836,-0.458,-1.437,-0.836,-0.691,-1.437,-0.172,-0.836,-0.512,-0.178,-1.437,-0.18791180871553737,0.767,-1.4498453683360792,-0.691,-0.836,-0.1652999146788291,-0.55,-0.847596400772755,-0.13343215689328006,-0.7047138659730621,-0.458,-0.08333334484393096,-0.8091621643910134,-0.6563292314459327
-0.377,-0.217,-0.217,1.307,0.436,-0.675,-0.217,1.738,-0.351,0.772,-0.915,1.682,-0.377,-0.675,1.307,0.436,1.682,-0.217,1.738,1.738,-0.217,1.738,-0.351,-0.351,-0.915,0.772,1.682,-0.915,1.682,-0.915,-0.217,-0.351,0.436,1.307,-0.675,-0.351,1.738,1.307,-0.915,-0.675,1.307,1.738,0.436,1.7167133884514447,0.42233202209986204,-0.915,1.2871282697377013,0.772,-0.377,1.682,1.6555683964245607,1.6849369641028775,-0.351,-0.3668752454064975,1.7131739834223474,-0.38923752392573185
-0.816,-0.816,-0.452,0.959,-0.816,-1.21,0.492,0.492,-1.21,-0.253,0.959,-0.945,0.959,-1.21,-0.945,-0.983,0.492,-0.823,-0.823,0.959,-0.71,-0.823,-0.816,-1.21,-0.983,-0.983,-0.945,0.492,-0.945,-0.253,-0.823,-0.945,-1.21,-0.983,-0.71,-0.71,-0.71,-0.253,-0.945,-0.253,-0.816,-0.945,-0.253,-1.21,-0.452,0.492,-1.21,0.492,-0.945,-0.253,-0.71,-0.823,-0.8330553286406693,-0.945,-0.452,-1.21,0.492,0.48119057869889104,0.959,-1.223811097802616,0.5216671904144183,-0.983,0.9444569595873066,-0.9572452719511914,-0.816,-0.253,-0.27074717643756835,-0.71,-0.4665471566771789,-0.9344135939847026,-0.41930548966670395,-0.99538314825145,-0.9466407270963872
-0.321,1.471,1.471,-0.479,-0.321,0.48,-1.413,-0.074,-0.997,-0.321,-0.387,-1.413,-1.303,-0.387,-0.387,-1.413,0.167,-1.303,-1.413,-0.997,-1.303,-1.413,-1.303,-1.303,-0.997,-0.387,0.167,-1.303,-0.479,-0.074,1.471,-0.321,-0.321,-0.074,1.471,-1.413,0.48,-1.413,-1.413,0.167,-0.074,0.167,-1.413,-0.321,-0.997,0.167,1.471,-1.413,-0.074,-1.303,-0.997,-1.413,-1.303,-0.479,1.471,1.471,-0.074,-0.321,0.48,0.167,-0.387,-0.479,0.15852883293276843,-0.40368578411391565,1.455710217762679,-1.303,-1.3147385570197423,0.18876617182290673
1.953,-0.128,0.328,1.953,1.563,-0.128,-1.207,-1.035,0.729,0.328,1.953,1.953,-1.035,1.953,1.563,-1.207,0.886,0.588,-0.615,1.953,0.328,0.328,-0.128,0.328,-1.207,-1.035,0.588,-1.207,1.563,1.953,1.563,-1.207,-1.035,-1.035,-0.128,-1.207,0.729,1.563,1.953,-0.615,-0.615,0.588,0.328,0.328,0.886,-1.035,0.588,-1.035,1.563,-0.128,-1.207,0.328,-0.615,-1.2276619925207868,-1.035,0.31803964994687894,1.953,1.549662387173915,-0.13963131087914518,1.567009541645278,0.34260483845358136,0.35242726317848705,1.6132003641605521,1.6556711409281464,0.886
-0.792,-0.664,-1.161,-1.009,0.162,-0.792,-0.793,-1.161,-1.161,-0.792,0.162,-0.793,-0.499,-1.009,-0.664,-0.793,-0.892,-1.161,-1.161,-0.499,-1.161,-0.664,-1.009,-1.161,-0.792,-0.629,-1.161,0.162,-0.619,-0.619,-1.009,-0.499,-0.619,-0.619,0.162,-0.892,-0.892,-0.892,-1.161,-0.629,-1.161,-1.009,0.162,-0.664,-1.009,-0.892,-0.664,-1.161,-0.793,-1.009,0.162,-0.629,-1.0204285479805217,0.15156213020895576,-0.8041795214189972,-0.6371521806084058,-0.792,-0.6766142846744573,-0.9694661077523592,0.17493978004173683
1.203,1.203,1.203,1.58,-0.55,-1.01,-1.138,-0.55,-1.104,1.74,-1.01,-1.138,1.027,-1.211,-1.104,-1.104,1.027,-1.01,-0.55,-1.01,1.203,-1.138,1.58,-1.138,1.74,1.203,-1.138,-1.104,-0.032,-1.211,-1.211,1.203,1.74,-1.01,1.027,1.027,1.203,-1.211,-0.55,-1.104,-1.211,-1.138,-0.032,-1.211,-1.211,-1.01,1.74,-0.032,1.74,-1.211,1.58,1.74,1.58,-1.211,-0.55,1.027,-0.5696954935322833,1.0115882276376083,-0.5429179931245829,-1.01,-0.032,-1.138,1.58,-0.04421141878416144,1.74,1.5619650980133235,-1.104,1.203
0.71,0.71,0.71,-0.592,1.183,-0.916,0.455,-0.916,-0.592,-0.544,1.183,-0.011,-0.592,0.671,-0.544,0.462,1.183,0.462,0.71,-0.916,-0.592,1.183,0.455,1.183,-0.916,0.71,-0.592,0.71,-0.544,0.671,1.546,1.546,0.455,-0.592,1.546,0.671,0.71,-0.011,0.671,0.455,1.546,-0.592,0.71,-0.011,0.455,0.671,1.546,1.546,0.671,0.462,0.462,0.671,-0.592,0.462,0.671,-0.592,-0.6083181765489325,0.71,0.6614942398177386,0.7164910088195104,-0.544,1.546,0.448420189149466,-0.916,1.5305856814719725,-0.5628763247694623
-0.98,1.67,-1.173,0.165,-0.712,1.67,1.572,1.67,-1.173,1.572,-0.712,-0.712,1.572,-0.557,1.572,1.572,0.364,0.364,-0.557,1.572,0.165,-0.98,-1.173,-0.557,-0.98,-0.208,1.572,-1.173,0.165,0.364,1.572,0.165,-0.476,-0.98,-0.557,1.572,0.165,-0.98,-0.557,1.67,1.67,1.572,1.67,0.165,-0.98,1.67,-1.173,-0.476,-0.712,-1.173,1.572,0.364,-0.98,-1.181803455792194,-0.557,1.67,1.5567372458153501,-0.476,-0.488437897045356,-0.712,-0.7343940536315101,-0.4510545679717807,-0.4491477384863142,-1.1324009597355902,0.165
0.61,-0.095,0.075,-0.095,-0.095,0.674,-0.512,0.146,-0.095,0.075,-0.512,0.674,0.146,0.61,-0.325,0.61,-0.325,0.674,0.674,0.146,0.61,-0.095,-0.512,-0.325,0.221,-0.512,-0.095,0.075,-0.095,0.61,0.415,0.221,0.415,0.221,0.674,0.415,0.535,-0.325,-0.325,0.535,0.075,0.415,0.075,-0.512,-0.095,0.674,0.415,-0.095,0.4025579354594944,0.535,-0.512,-0.11158910522044105,-0.5290644035114622,0.674,-0.325,0.43290087258509696,0.075,0.146,-0.33675661520909894,-0.07643837509353157,-0.49144099398164104,0.61
-0.88,0.681,-0.786,1.662,0.681,-0.948,-0.233,0.681,0.681,-0.88,-1.26,-0.233,-0.233,-1.26,0.003,-1.26,-0.948,-1.26,-0.948,-0.88,-0.948,1.662,-0.88,-1.26,-0.948,-0.233,1.662,-1.26,1.662,-0.88,0.681,-0.786,0.003,-1.26,0.681,-0.233,-0.786,-0.323,0.503,-0.786,-1.26,-1.26,-1.26,0.681,-0.88,1.662,-0.233,-0.948,0.003,-0.948,1.662,-0.786,-0.88,-0.8995939525619407,1.6464338020456972,-0.7963550214274259,-0.7705518393138687,0.681,-0.7407015020678227,-1.26,-0.323,-0.8583428908697237,-0.233,-0.24767654643994566,-0.8177599491060451,1.6923398779923522,0.6676413053635591
-0.917,-1.2,0.394,1.564,0.394,1.205,-1.2,-1.2,0.752,-0.318,0.394,-0.917,-1.2,1.564,0.752,0.341,-1.042,-0.318,-0.422,-1.042,1.205,0.341,1.564,-1.042,-0.917,-0.318,1.564,1.205,0.341,-0.917,-1.042,-1.2,0.752,1.205,-1.042,-0.917,-0.318,-1.2,1.564,-0.917,-0.917,-0.318,-0.917,0.394,0.752,-0.318,0.752,1.564,0.394,-0.318,1.205,-0.3313619312911871,0.341,-1.2,0.7405046022166276,-0.2860752930225863,-0.25198459133078593,-0.917,0.3271207090293396
-0.818,-0.535,-0.694,-0.86,-0.694,-0.674,-0.86,-0.86,-0.533,-0.694,0.455,-0.86,-0.535,-0.535,-0.504,-0.533,-0.504,-0.674,-0.15,-0.818,-0.818,-0.535,-0.15,0.455,-0.694,0.455,-0.833,-0.833,-0.674,-0.694,-0.86,0.455,-0.533,-0.818,-0.535,-0.694,-0.833,-0.15,-0.533,-0.15,-0.535,-0.504,-0.674,-0.86,-0.694,-0.818,-0.8754608561854225,-0.5472609542745438,-0.7066755237541865,-0.833,-0.5203536213426213,-0.6879436063039231,-0.6873888185490442,-0.8342338160000542,-0.5179641846513352,0.455,-0.489906737885615,-0.8449948814764107,-0.5021766271996234
1.894,-1.016,1.108,1.894,-0.863,-1.016,1.894,-1.016,-1.241,2.221,-1.016,2.221,0.8,-0.863,-0.863,-0.772,1.325,1.894,2.221,1.894,-0.863,1.108,-1.241,0.816,0.816,1.108,0.8,1.894,1.325,-0.772,-1.241,-0.772,2.221,1.325,-1.241,1.108,1.108,-1.016,1.108,-1.016,-0.772,1.894,0.8,-1.241,2.221,-0.772,1.894,0.8,-1.016,1.108,0.8,2.221,2.221,-1.241,1.325,2.221,1.3150184723624951,1.108,0.816,1.359750970064413,0.799482979933639,-1.016,1.0914492922120638,0.8
-0.791,-0.533,0.495,-0.907,-0.791,-0.907,-0.907,1.047,1.047,-0.723,1.277,-0.533,-0.836,0.495,1.047,-0.723,-0.791,0.495,-1.409,-1.409,1.047,-0.533,-0.616,-0.907,-1.409,-1.409,-1.409,-0.616,1.047,-0.836,1.047,-0.836,-0.723,-0.836,-1.409,-1.409,1.277,-0.907,-1.409,-0.907,1.277,-0.791,1.277,-1.409,0.495,-1.409,-0.616,-0.836,-1.409,-0.723,-0.791,1.277,-0.533,-1.409,0.495,0.495,-1.409,1.047,-0.616,-0.791,-0.723,1.0313656704445,1.277,-0.836,-1.4215028878898357,-0.8088979375096493,-1.4157799267010935,-0.7386996613931519,-0.6268948990887406,0.495,-1.3959298035875927,0.48031876580444804,0.5155844342337023
-0.718,-0.198,-0.198,1.149,1.271,0.007,1.271,0.007,0.449,-0.014,1.149,-0.258,-0.236,0.449,-0.718,-0.236,-0.867,0.449,-0.258,-0.867,-0.867,-0.867,0.007,-0.867,1.149,-0.258,-0.718,-0.867,1.149,0.007,-0.198,-0.198,-0.198,1.271,1.271,-0.198,1.271,0.007,-0.236,1.149,-0.236,0.449,1.271,1.149,0.449,-0.014,-0.258,-0.718,1.149,-0.718,-0.236,-0.718,0.007,-0.258,1.271,-0.014,0.449,0.007,1.149,-0.029794830564769025,-0.867,-0.0039020771407956905,1.1344413917890248,1.1606643880759187,0.43254504899809226,-0.236,-0.8790015524922837,1.2605461703831478,-0.2564911506688478,-0.718,0.47056459389300775
1.375,0.927,-1.05,1.115,-1.016,-1.05,1.45,1.45,-1.05,0.927,0.052,0.927,-0.777,-0.777,-1.05,0.121,1.375,1.45,0.927,0.927,-1.05,-1.05,1.375,0.927,-0.777,-0.777,1.115,1.375,0.244,1.375,0.244,1.115,1.45,-1.016,1.375,1.375,1.45,-0.777,1.45,-1.05,-1.016,-1.016,1.45,1.375,0.121,0.052,0.244,0.052,-1.05,0.927,0.03961708280404478,-0.777,0.244,1.45,1.115,-1.016,-1.0662950644347622,0.08498903047153997,1.0977878219460446,-1.0272336014645855,1.4340236702024947,0.121,0.10527779715039458
-0.906,1.332,-0.823,-0.906,-0.618,0.272,-0.618,-0.823,-0.823,-0.906,-0.639,-0.618,1.382,1.332,0.272,1.332,-0.618,-0.618,-0.906,-0.618,-0.906,0.082,-0.618,0.341,-0.906,0.341,0.341,0.341,0.341,0.341,0.341,0.341,1.382,0.272,0.341,0.764,-0.639,0.764,1.332,0.082,1.332,1.382,1.382,1.382,-0.823,0.082,-0.906,-0.639,1.382,-0.618,-0.823,1.332,-0.618,-0.906,0.341,0.3293242094435261,1.332,-0.9189811413106632,-0.618,0.3535859261104355,0.38887911346710474,-0.9044192381600505,1.382,1.3613418832312782,0.082,0.764,1.3183040611804748,-0.8600331036010592
-0.791,-0.714,-0.525,-0.912,0.555,0.795,-0.525,-0.714,-0.791,0.555,1.043,0.555,0.03,-0.471,-0.714,1.043,0.555,-0.714,-0.714,-0.702,-0.791,-0.912,0.795,0.03,1.043,-0.791,-0.471,-0.471,0.03,0.03,-0.471,-0.471,-0.912,0.795,-0.714,-0.702,-0.912,-0.471,1.043,-0.525,-0.702,0.795,-0.912,1.043,-0.912,0.555,1.043,-0.702,1.0337692599891461,0.555,0.795,0.7753442524604119,0.5421613352829725,-0.471,0.5895261146483233,0.7912343477309759,-0.912,0.03,0.6206950314141348
-1.229,0.395,-0.449,-0.194,-1.229,-0.194,0.395,1.102,0.591,0.591,-0.646,1.102,-0.445,1.184,-0.445,-1.229,-0.449,1.184,0.591,-1.229,-0.445,-0.445,0.591,-0.449,1.059,-0.445,1.102,-0.646,-1.229,1.184,0.591,-0.646,-0.449,1.184,-1.229,-0.194,-0.449,-1.229,1.059,-1.229,-0.445,1.102,0.395,-1.229,-0.194,1.059,-0.646,-1.2468309036353613,-0.445,-0.449,0.591,0.3857417181284029,0.4137815915724883,1.087774013919859,-1.1813393621148784,-0.6552838960310812,-0.46500241448026913,-0.20741651779752046,-0.16807106029439792
-0.86,0.87,1.143,2.033,-0.722,-0.722,2.033,0.973,0.973,0.131,1.143,0.077,0.131,-0.873,0.87,0.077,1.143,0.973,-0.722,2.033,-0.873,0.077,-0.86,-0.722,0.077,0.973,0.077,-0.722,2.033,2.033,2.033,2.033,0.973,-0.86,-0.873,0.973,-0.873,-0.86,1.143,0.186,0.131,0.973,0.973,1.143,2.033,-0.86,-0.86,-0.722,-0.873,0.973,0.186,0.077,0.973,0.9567102420237085,0.87,0.131,0.11152321222419603,-0.873,0.8570488178838437,-0.722,0.9915178539748745,-0.7372380419372595,0.14767939962291465,0.9130409834519071,0.077,2.033,-0.86,-0.8848042576895874,1.0254736629849281,2.019404358790028,0.1875642878986333,0.22762611420123366
-0.634,-0.634,-1.154,-0.748,0.247,0.413,-1.105,-1.154,-1.154,0.413,-1.105,-0.748,-1.154,-1.105,0.247,-0.723,-1.119,-0.634,-1.119,-1.119,-1.154,0.456,-0.723,0.461,0.247,0.247,0.413,0.456,-0.634,0.247,0.456,-1.105,-0.748,-1.119,-0.634,-1.105,-1.119,-1.154,-1.105,-0.723,-0.748,-0.634,0.456,0.456,-1.154,0.247,-1.154,-1.105,0.247,-0.723,-0.634,-1.119,-1.154,-1.105,0.456,-1.1140589746643186,0.23517970106455308,-0.748,0.2736063145790091,-1.1313870570336697,0.28581314510798067,-1.0864552005051564,-0.762035632498199
-1.116,1.651,1.651,0.673,-0.477,-0.109,-1.017,-0.109,-0.128,1.651,0.673,-0.109,-0.913,-0.128,-0.477,1.651,-0.913,-0.109,-1.017,-0.913,-1.116,-1.116,0.986,-0.477,-0.128,-0.913,-0.477,-0.477,-0.109,-1.017,1.651,0.673,-1.116,0.121,-0.913,0.121,-1.116,0.986,-1.116,-1.017,-1.116,0.673,1.651,1.651,0.986,-0.128,-0.477,-1.017,-1.017,-1.116,-0.109,-0.913,-0.128,-0.9261408274527222,-1.116,-1.017,-0.8957233151611643,-0.854604606640063,0.121,0.104941127344331,0.12985954748492634,1.651,-1.1325040492609062,0.16955260340929584,0.673,1.6399687390979554,-0.477,0.2155195015746232,-1.1197201449928784
-0.436,0.341,0.031,-1.27,0.031,-0.669,-0.767,0.341,-0.981,-0.981,1.323,-0.436,-0.981,1.323,-0.981,-1.27,-0.436,-0.802,-0.669,-0.436,-0.767,1.323,-1.27,-0.436,-0.802,-0.669,-0.802,-0.767,0.341,-0.802,-0.981,-0.669,1.323,-0.802,-0.767,0.031,-0.491,0.341,-0.491,0.341,-1.27,-0.436,-0.767,-0.491,-1.27,-1.27,-0.981,-1.27,-0.491,-1.27,-0.981,0.031,-0.491,-0.669,0.341,0.020147618007863355,-1.27,0.041145734154788074,-0.802,-0.767,-0.6877246038222309,0.05844645470237418
-0.251,-0.307,-0.307,-0.977,-0.251,-0.274,1.122,1.122,1.122,-1.026,-1.026,0.726,-0.307,1.122,0.726,-1.223,1.122,-1.026,0.441,1.122,-0.307,0.726,-0.977,1.122,-1.223,-1.026,-0.977,-0.251,-1.223,-0.977,-1.026,-0.251,-1.223,-0.251,-0.328,-1.223,-1.026,-1.026,1.122,-1.223,-1.223,-0.977,-0.251,-1.223,1.122,-1.026,-1.223,0.441,-1.026,-1.223,-0.307,1.122,-0.251,0.726,-0.977,0.7087353639225318,-0.274,0.765951362082624,-1.0398841075807816,-0.26407524286433504
-1.061,-0.717,-0.86,0.041,-0.142,-0.584,-1.061,0.495,-0.694,-1.061,0.495,-1.061,0.053,-0.356,0.041,-1.061,0.041,0.053,-0.694,-0.694,0.495,0.495,-0.356,0.495,-0.142,-0.86,-0.717,-0.584,-0.86,-0.694,-0.86,0.053,-0.694,-0.584,0.495,-0.717,0.041,0.495,-0.142,-0.694,-0.86,-0.142,0.495,0.053,-0.717,0.035387128287154006,-0.86,-0.7312303570871702,-0.356,-1.061,-0.8725540602252283,-0.6999292781356997,0.041,-0.584,-0.8455496149728026,-0.7936487305471367,-0.15658624441200408,-0.76422076825531,-1.0754261977540396,-0.13247569072753473,-0.09310625590639644,-0.694
-0.571,-0.534,-1.104,-0.878,-0.469,2.0,-1.104,0.627,0.263,0.263,-0.878,-0.398,2.0,-1.104,-1.104,2.0,-1.104,-1.104,-1.104,-0.878,-0.469,2.0,-0.469,-0.398,-0.534,-0.534,2.0,2.0,-0.469,-1.104,-0.571,0.627,-0.469,0.627,2.0,0.263,-0.398,-1.104,-0.469,0.263,-0.534,0.627,0.627,2.0,0.627,2.0,-0.878,-0.534,-0.878,-0.469,-0.534,-0.469,2.0,-1.104,0.627,-0.534,-0.878,-0.398,2.0,-0.469,-0.4896483320073953,-0.398,-0.571,0.627,0.263,-0.878,-0.896924010835036,-0.5862784180162529,2.0,-1.104,-0.44628914949772475,-0.42367574629024096,0.0
-0.992,0.22,-0.247,-0.252,0.831,-0.252,0.172,0.22,0.733,0.22,-0.992,-0.718,0.831,1.115,-0.247,-0.247,0.172,1.115,0.22,0.733,0.733,-0.992,-0.252,1.115,1.115,-0.992,-0.406,-0.406,-0.252,0.733,-0.406,-0.247,-0.718,-0.252,-0.252,-0.406,1.115,0.22,-0.718,0.733,-0.406,-0.992,-0.992,0.831,1.115,-0.406,0.813017488787893,-0.718,1.0996293499254999,0.8324779490876991,-0.252,1.1526145705895257,-1.0014093635086305,-0.7334908978003413,-0.4148169425090079,-0.247,-0.3938664448701774,1.1787591729817417,0.733
-0.39,-0.742,0.552,-0.792,-0.742,0.552,0.552,-0.345,-0.11,0.059,-0.345,1.433,-0.39,-0.11,-0.792,0.552,-0.11,-0.345,0.679,-0.742,-0.345,-0.345,1.433,-0.742,0.059,-0.345,0.679,-0.345,-0.742,1.433,-0.39,-0.742,-0.11,-0.11,0.552,-0.792,-0.11,-0.11,-0.345,0.059,0.679,-0.742,1.433,0.481,-0.39,1.433,-0.345,0.679,-0.11,-0.39,-0.11,0.679,1.433,-0.39,0.6648115485719683,0.6829862974855194,-0.742,-0.40336081538732743,-0.792,1.4209804034167717,0.552,-0.345,0.536648878040091,0.720525720328741
-0.885,-0.001,0.305,-0.885,0.305,0.453,-0.826,-0.885,0.453,-0.01,0.305,0.305,-0.885,0.305,-0.675,-0.885,-0.01,-0.885,0.453,-0.823,-0.885,-0.826,-0.01,-0.001,-0.689,-0.01,-0.823,-0.826,-0.826,-0.675,-0.823,-0.885,-0.001,-0.01,-0.01,-0.823,0.453,-0.689,-0.885,-0.885,-0.675,-0.675,0.4,0.305,0.305,0.453,-0.689,-0.823,-0.885,-0.885,-0.01,-0.001,-0.022202131346331647,-0.885,-0.826,0.453,-0.689,-0.8409638334479663,0.006957456711580792,0.305,0.2922881181256428,0.06020003953014569,-0.823,-0.8967060674860596,-0.8134413411112679,-0.8301857074473354,-0.8381401511917672,-0.8179959128680276,-0.675,-0.8228115464306174
0.666,0.654,-1.141,0.87,-1.141,-0.594,0.654,0.654,-0.412,0.211,-0.412,0.654,-0.605,0.654,1.732,-1.141,0.87,-1.141,1.732,-1.141,-1.141,-1.141,-0.605,0.654,0.654,-0.594,0.211,0.87,0.666,1.732,0.211,1.732,-0.412,-0.605,0.87,0.654,-0.605,-0.594,-1.141,-0.605,0.654,1.732,0.87,-0.605,0.666,0.211,0.18987145211746467,1.732,-0.605,1.7223656172842923,-0.6193437131297752,1.7417748692075943,0.87,0.0,-1.141,0.8611278260625026,-0.412,-1.154268741315857,-0.42363471934030295,0.24107275770295733
-0.486,-0.901,-0.871,-0.901,-0.869,-0.869,-0.6,-0.876,-0.486,-0.48,2.065,-0.6,-0.871,2.065,-0.871,0.362,2.065,2.065,0.133,0.133,2.065,2.065,-0.901,-0.48,-0.876,0.133,-0.48,-0.486,-0.48,-0.871,-0.876,-0.876,-0.48,0.133,0.133,0.133,0.133,2.065,-0.6,0.362,-0.876,-0.486,0.133,0.133,-0.901,2.065,-0.871,-0.901,-0.901,-0.869,-0.876,-0.869,0.362,0.3395311938315761,-0.486,-0.5009680024740689,-0.901,-0.871,-0.6,-0.8856092181205886,-0.8414999212237129,-0.6152140254599927,-0.9147548631390472,-0.7979038081055088,-0.46556790482877713,0.3836349294974642,-0.876,-0.8828215577977714
0.72,0.837,0.73,0.72,-0.598,0.73,0.837,-0.598,-0.088,0.859,-0.088,-0.572,0.837,-0.572,1.565,1.693,-0.088,1.693,1.693,1.693,1.565,-0.572,0.73,0.032,-0.572,0.73,-0.598,0.837,-0.088,0.837,0.72,0.032,0.72,0.032,1.565,0.837,1.693,-0.598,-0.572,0.73,0.032,1.693,0.72,0.859,1.565,0.032,1.565,0.73,-0.598,-0.088,0.859,-0.088,0.72,0.032,0.837,0.8471704460657459,0.73,0.7067340135447102,0.01980852402083206,1.693,-0.572,0.8255210088692728,0.725785794312816,0.7167733780865584
-0.441,-1.061,-0.916,0.289,-0.441,-0.367,-0.916,-0.687,1.006,-0.401,0.724,-0.367,-1.061,0.724,-0.916,0.289,1.006,-0.441,-0.367,-1.061,-1.061,0.289,-0.441,-0.401,0.289,-0.916,-0.687,0.724,0.346,1.006,1.006,-0.687,0.289,-0.367,-0.916,0.724,-0.916,-1.061,0.289,-0.441,-1.061,0.346,-1.061,0.724,-0.441,0.289,-0.367,-1.061,-0.916,1.006,-1.061,-1.0707147949323739,0.9922721592383807,-0.687,1.0314828703382601,-0.441,-0.367,-0.45977147513073646,-0.3757221073886755,1.0720228074032676,-0.6983757662829321
-0.848,-0.848,-0.283,0.314,-0.072,0.311,0.21,1.688,0.023,1.688,1.688,0.622,0.023,0.311,0.311,-0.283,0.413,-0.848,1.688,0.622,-0.072,-0.283,0.622,1.688,0.21,0.314,1.688,-0.848,-0.283,0.314,1.688,-0.848,1.688,0.023,1.688,0.622,0.314,-0.072,1.688,1.688,-0.848,-0.072,-0.283,0.314,0.023,0.023,1.688,0.622,-0.072,0.311,-0.283,0.21,0.622,1.688,-0.848,0.299602085265521,-0.08111495396476652,0.3420817376611048,0.023,1.6726344162512572,-0.0642683488199842,0.6110250127217718,0.314,0.006337636648059003,0.027748052642108282
1.232,2.663,-0.797,1.345,1.345,-0.566,1.232,1.232,2.663,-1.227,1.231,-0.797,1.232,2.663,0.497,0.006,-0.797,2.663,1.345,-0.361,-1.227,0.006,0.497,-0.797,-0.797,-1.227,2.663,0.497,2.663,1.231,2.663,-0.361,1.232,2.663,-1.227,-0.566,1.231,-1.227,1.232,-1.227,1.345,-0.566,-1.227,2.663,-1.227,-1.227,1.231,-0.566,1.231,-1.227,0.497,-1.239094717111025,2.663,-0.797,2.6466343026700576,1.231,1.2132818858961247,1.345,2.6829103420279425,-1.1926268823666584,1.3336976944288983,-0.361,-0.8136156101964361,-0.3801430789392738,-1.1535898867133756,0.006,1.232,2.7111294837238398,2.759049268520995,-0.008469876021999749,0.013025677997002893,-1.1052300466175071,1.2371816190240565
-0.807,0.072,0.072,1.083,0.072,-1.005,1.083,-1.005,0.815,-1.005,-1.005,0.392,-0.059,0.392,0.392,-0.807,0.072,-0.807,-0.392,0.072,-1.005,0.072,0.392,-0.059,-1.005,0.766,-0.392,-0.392,1.083,-0.392,1.083,-0.915,0.766,0.815,1.083,0.392,-1.005,0.072,-0.807,1.083,0.392,-0.059,-1.005,-0.915,1.083,-0.807,-0.915,-1.005,-0.915,-0.915,0.072,-0.807,-0.807,-0.807,-0.392,-0.807,-1.005,-0.8155802520307416,-1.0219077129268637,1.083,0.766,0.7456828086826716,-0.915,-0.059,0.072,-0.9847219159422168,-0.9317475167887107,-0.07317285185769856
-0.028,-1.075,0.092,-0.84,0.744,0.294,0.744,-1.067,-1.067,0.294,0.956,-1.075,0.294,-0.028,-1.075,-0.84,-1.067,0.956,0.294,0.956,0.294,0.061,0.956,-1.067,0.294,-0.84,0.092,-1.067,-1.075,0.294,-1.075,-1.067,-0.142,-0.84,0.294,-0.028,0.744,-0.028,0.061,0.092,-0.028,-1.067,0.294,0.744,0.956,0.092,0.7329111179044148,0.9465187737942001,-0.04466806749872546,0.07483586653612109,-1.078243356404247,0.061,0.04549871834159155,0.11790274527427483
0.106,1.249,-0.949,-0.033,-0.841,1.249,-1.007,-0.603,-0.033,-1.007,-0.934,-1.007,-1.007,-0.841,-0.603,1.249,-0.603,-0.033,0.106,-0.949,1.249,-0.033,1.249,-0.603,-1.008,-0.949,1.249,-0.949,1.249,-1.008,-0.949,-0.949,-0.841,-0.934,-0.603,-1.007,-1.008,-1.007,1.249,-0.603,-0.841,-0.033,-0.934,0.106,-1.008,-0.934,-1.007,0.106,0.0,-0.841,-0.015310550335785354,-1.0187458886404392,1.249,-0.998830769904661,-0.9581837278511486,-0.949,0.03037356826930432,-0.603,-0.9087523143925876,-0.033,-0.04417965320964261,-0.934,-0.9535282662644968
1.571,-0.558,1.571,-0.244,-0.244,-0.558,-0.133,-0.672,-0.054,-1.115,-0.054,-0.133,-0.244,-1.115,1.357,-1.115,1.571,-0.558,-0.244,-1.115,1.571,1.571,-0.054,-1.115,-0.054,0.382,-0.244,-0.054,1.357,-1.115,0.216,-0.672,0.382,-0.133,1.357,0.216,-0.672,-0.558,-0.133,-0.133,1.357,-0.133,-0.133,-0.672,1.571,-0.054,-0.133,-0.244,1.5579197333065478,-0.2559194274108608,-0.06585039453021772,-0.672,-0.03717232418677402,1.357,0.382,-0.2217475851767371,1.6210686076352856,-0.558,-0.6791571571327409,-0.5678966858933617,0.36884512293042787,0.4054376504800587,-1.115,1.342882160254557,-0.6361607996138221
0.687,-1.155,-1.155,-1.155,-0.848,-1.155,0.14,-1.39,0.896,1.064,0.773,-1.155,-1.155,1.064,-1.39,-1.39,-1.39,0.687,1.455,1.455,0.773,0.773,0.687,-1.39,1.064,-1.39,0.896,1.455,-1.155,-1.155,1.455,-1.39,-1.39,-0.848,0.896,-0.848,1.455,1.064,-0.848,0.14,-1.155,1.064,-0.848,1.064,-1.39,0.896,-0.424,0.687,0.773,0.773,1.064,1.0489124130963592,-1.155,-0.424,0.14,-0.43917734452570345,-0.3862724665797152,1.455,-0.3579625183995548,1.4390593507095357,1.085893632003916,-1.39,0.896,0.8769052757456226,-0.848
2.16,1.787,2.16,0.225,-0.871,-0.871,2.16,2.16,-0.871,-0.871,2.16,0.67,0.998,2.16,0.998,1.787,0.66,-1.032,0.66,-1.032,1.787,1.787,0.66,0.998,1.787,0.225,-0.871,0.67,-0.113,-1.032,2.16,0.998,-1.032,2.16,0.67,-1.032,2.16,1.787,0.67,-1.032,2.16,0.998,2.16,0.66,0.998,0.265,0.265,0.66,0.265,0.998,0.9813284496545346,-1.032,0.265,0.24874567417956303,1.787,-1.0450837136719766,-0.9984354053931046,0.66,0.67,1.7706881511577124,0.6514391502972957,2.16,-0.871,-0.113,-0.9598448281299701,2.1504175513167674
-1.268,2.166,0.888,0.151,2.166,-1.009,-0.468,-0.468,-1.009,0.888,0.151,-1.268,1.19,-1.009,-1.268,-1.009,-0.112,-1.268,-0.949,0.888,-0.112,-0.112,2.166,0.151,-0.468,2.166,0.888,-0.949,1.19,-1.268,-1.268,-1.009,0.151,-1.268,-1.009,-0.949,-0.468,-1.009,-1.268,1.19,2.166,0.069,-1.268,-1.009,1.19,-1.268,-0.112,2.166,1.19,2.166,0.069,2.166,1.19,-0.949,-0.468,-0.468,-1.268,1.19,0.888,-0.468,1.1768888087052602,0.151,1.2275659617664654,0.14348051003224166,-1.268,0.879359827835271,-0.4741165431802287
2.229,-1.062,-0.369,-0.313,2.102,2.102,0.501,-1.062,-1.062,0.368,0.401,2.229,-0.369,2.229,0.501,2.229,-1.062,-1.062,0.368,2.102,-0.313,-0.369,2.229,-0.313,1.069,2.229,2.229,0.352,2.102,0.501,0.352,0.352,2.229,0.401,2.102,2.229,2.229,1.069,-0.313,-0.313,-1.062,-0.313,2.102,1.069,2.229,-0.369,2.229,-0.369,-0.381040432038051,-1.062,2.229,0.401,2.102,0.387645570377096,-0.3488257716190751,-0.3393083475223155,1.069,-1.0741009238585972,2.08871721249573,2.1360958132435606,1.0532461098968333,2.199454495276975
1.417,-0.924,-0.924,-0.727,1.417,0.844,1.632,0.844,0.111,1.417,-0.961,1.632,-0.961,0.709,1.632,1.632,-0.961,0.04,0.844,1.632,-0.924,-0.727,0.04,1.417,-0.961,-0.727,1.417,-0.924,0.952,0.04,0.709,0.952,1.632,1.417,-0.961,0.111,0.04,0.111,1.632,-0.924,0.111,0.111,1.632,0.952,1.6221730905693905,0.111,1.417,-0.924,1.6539220118221973,0.844,-0.961,-0.727,0.10283844577919146,0.13933822292365278,0.832871994659557,-0.9348971426848826,-0.9705424623157789
1.985,-0.885,-0.885,-0.802,-0.368,-0.276,0.011,-0.777,-0.777,-0.368,-0.276,-0.802,-0.371,-0.777,-0.885,-0.368,1.985,-0.368,-0.802,-0.368,1.985,1.985,1.985,-0.461,1.985,-0.371,-0.777,0.011,-0.885,-0.368,-0.802,-0.802,-0.885,-0.371,1.985,-0.368,-0.461,1.985,1.985,1.985,-0.802,-0.276,-0.777,0.011,-0.777,-0.885,1.985,-0.461,0.011,0.0,-0.276,-0.802,-0.8169980951785342,-0.9010311733562294,-0.8469366787233527,-0.8300075490832273,-0.371,-0.3835344423806843
-0.961,0.388,-1.077,-0.963,-0.197,1.621,-0.197,0.622,0.622,-1.077,-0.197,-0.507,0.018,1.621,-0.889,-0.889,0.622,-0.507,-0.197,-0.197,-0.963,-0.963,-0.197,1.621,-0.507,-0.889,-0.507,0.018,-0.507,-0.197,-1.077,-0.197,1.621,-0.961,0.388,-0.961,-0.507,-1.077,-0.963,0.388,0.622,-1.077,-0.889,-0.507,-0.961,1.621,-1.077,-1.077,0.388,-0.197,0.018,-0.507,-0.963,-0.980014042306626,1.621,-0.9545220941226127,-1.077,-0.9240921913391429,1.6047773993255257,-0.8759761378801894,-0.889,0.005042487429869742,-0.9052803229406704,0.622,-0.5204452268703531,-0.8671313562320278,-1.0937196141657872,-0.21213413438012918
0.476,0.235,-0.647,-0.647,0.036,0.465,0.235,0.261,-0.647,0.727,1.3,1.3,0.727,0.476,1.3,-0.647,0.036,-0.95,0.036,0.727,-0.647,0.235,-0.95,0.235,0.476,0.036,0.261,0.261,0.476,0.727,-0.647,-0.95,-0.572,1.3,1.3,-0.647,-0.95,0.235,0.476,0.036,1.3,-0.572,0.261,0.036,0.036,-0.647,-0.572,-0.95,0.036,0.036,0.235,0.261,0.476,0.036,0.727,-0.95,1.3,0.465,-0.572,-0.9692343687858544,-0.5950101173355371,-0.5643817051356609,0.235,-0.9333163932940218,-0.647,-0.660212566106259,-0.517210042865773,-0.6290486757904524,0.45503718720613856,0.023650358312195856
-1.31,0.683,-1.31,-0.159,-1.036,0.683,0.683,-0.108,-1.31,-1.31,-0.094,-1.31,0.631,-1.036,2.019,-1.31,-0.094,-1.036,2.019,0.683,-1.036,0.683,0.631,-1.31,-1.31,-0.948,-1.036,2.019,-1.036,-1.036,0.631,-1.31,-1.036,2.019,2.019,-0.948,-1.036,-0.108,0.683,-0.094,-1.036,-0.159,-0.948,2.019,-0.108,-1.036,-1.036,-1.31,-0.159,0.631,-0.948,-1.036,-1.036,-1.036,0.631,2.019,-1.31,2.0064610309604687,0.683,2.058568832726308,-0.108,2.0779213409921535,-1.3227179963616083,-0.094,-1.036,-0.11257597474850806
-0.745,-0.457,-0.163,-0.851,-0.745,-0.852,-0.852,-0.952,-0.14,0.478,-0.952,-0.745,-0.745,0.478,-0.14,-0.14,-0.852,0.024,0.478,1.189,-0.457,-0.745,0.024,0.024,0.024,1.189,-0.952,-0.745,-0.952,-0.852,-0.745,1.189,-0.851,1.189,-0.852,-0.14,-0.745,-0.14,-0.745,-0.851,-0.14,-0.852,-0.8685805030703726,0.024,-0.163,0.478,0.004132110325615286,-0.457,-0.14,-0.15617959005842377,-0.851,-0.952,-0.745,-0.7575732800776381,-0.7122796123838671,-0.9603246892618831,-0.17656882859940876,0.03635837462210865,-0.8515169015088787,-0.6727434618986057,-0.8269447884881314,-0.8658621386442039
-0.675,1.781,1.781,1.005,1.094,1.094,1.094,-1.243,0.62,-0.386,-0.356,-1.243,-0.386,1.781,-0.386,-0.265,-0.386,1.781,1.094,-0.461,-1.243,-0.386,-0.675,-1.243,-0.356,1.094,-0.356,1.094,1.094,-0.386,-0.675,1.094,1.005,-0.265,1.005,-0.461,1.005,1.005,-1.243,-0.386,-0.675,-0.461,-0.356,-0.265,-0.265,-1.243,-0.461,-0.4690660996972002,1.781,-0.386,-1.243,-0.675,0.62,-0.4019720936805463,1.094,-0.356,-0.3938073673081631,-0.6908702381486005,-0.265,1.772715303738304,1.8063757097140993,-0.4268292353760826,-0.38754601040260184,-0.6442069799453221
1.064,1.064,-0.454,1.303,-0.454,0.645,0.645,-0.624,-0.454,1.064,-0.454,1.554,0.645,1.303,1.303,-0.783,1.064,-0.744,-0.794,-0.624,-0.624,-0.794,1.303,-0.794,-0.783,-0.783,1.554,-0.794,1.554,-0.624,1.064,0.645,-0.794,-0.783,1.554,-0.794,-0.783,-0.794,-0.744,1.064,1.554,0.645,-0.744,-0.794,1.303,-0.454,1.064,-0.783,0.0,-0.7942994956103455,1.554,-0.794,-0.454,-0.4703865507439919,-0.012441912709181914,-0.8125621986669435,-0.779407876419121,1.5413233052403805,1.055209860657012,-0.7627094953821791,-0.7340143606540236,1.0907856023409934,0.645,1.303,-0.7264142237648037
1.186,-0.308,1.186,-1.179,0.864,1.186,0.817,-0.308,0.41,-0.301,-1.179,1.186,0.817,0.864,0.817,-0.301,0.864,0.41,0.817,-0.018,-1.179,0.864,1.186,-0.081,-0.301,1.186,0.41,0.817,0.817,-1.179,-0.301,0.864,-0.081,-1.179,0.188,-0.308,-1.179,0.188,-1.179,-0.308,0.864,-1.179,0.817,0.188,0.41,-0.081,-0.09979111579700552,0.39554038643336686,-0.06490160776694268,0.42310206472988326,-0.301,-0.022822444892871354,0.012793444763371846,-0.31712072896431115,0.4733156456223182,-0.308,0.817
1.481,-0.805,-1.116,-0.097,-0.097,-0.805,1.879,1.879,-1.116,1.481,1.481,1.879,-0.097,-0.805,1.481,1.879,0.434,-0.205,-0.205,-0.247,-0.205,0.273,1.879,1.481,-0.247,-0.805,-0.247,-0.901,-0.901,-0.097,0.434,-0.901,-1.116,-0.097,0.434,0.273,1.879,-1.116,0.434,-0.901,1.879,-0.805,0.434,-0.901,-1.116,-1.116,1.879,1.481,-0.205,-0.805,-0.805,-0.247,1.481,1.481,-0.205,-0.097,-0.901,-0.805,0.273,-1.116,-0.205,-0.247,-0.8242157234320813,-1.1325331621871313,1.879,-0.2628188631960579,-0.22050616513665053,1.481,-0.20163444884287104,1.8666941627605602,1.9012665849638783,-0.17963865778181295,1.4663546686539553,0.434,-0.11327124858684878
0.957,-0.727,1.557,0.957,-1.451,-1.451,-0.104,-0.868,1.557,0.755,-0.778,-0.868,1.557,1.557,0.957,1.557,-1.451,-1.451,0.498,1.557,0.755,0.957,0.498,1.557,-0.778,0.666,-0.778,-0.868,0.957,-1.451,-1.451,-0.727,-1.451,0.666,-1.451,-0.778,1.557,0.666,0.498,-0.104,0.957,0.666,-0.868,-0.778,-1.451,-1.451,1.557,-1.451,1.557,0.666,-0.727,0.498,-1.451,-0.104,0.755,0.957,0.666,0.645172960940255,0.9408161318564181,-0.778,1.557,0.498,-0.727,0.7417608164981341,-0.7990386336591297,0.6761527937307431,-0.7398062330949418,0.9869420537881309,0.7933774869882374,0.48367527792976567,1.042713841544716,1.0789126880224367,-0.6992232045201915,1.123951956839357,-0.868
1.221,-1.103,0.963,0.432,1.221,1.099,1.099,0.271,0.432,0.006,0.271,1.099,-1.103,-1.061,-0.667,1.099,0.006,-0.667,0.271,0.963,-1.061,0.271,-1.061,-1.103,0.432,-1.103,0.271,-1.103,-0.628,0.271,-1.103,1.221,-1.061,0.271,-1.061,1.099,-1.103,-0.628,1.099,0.963,0.271,1.221,0.963,-0.628,-0.667,0.271,-1.061,-0.667,0.006,-1.061,-1.103,-1.061,-1.103,0.006,0.271,1.099,-0.667,0.2577449750578605,-0.6803379234090486,-1.0779123542289692,-1.041088195761343,-0.6304436305643858,0.432,-0.628
0.138,-0.289,-0.555,1.692,-0.555,-0.619,-0.555,1.594,-0.885,-0.555,-0.885,0.138,1.288,-1.002,-0.289,1.188,1.188,-1.002,1.188,0.138,-0.885,1.288,-0.885,1.288,-0.289,-0.619,-0.289,1.692,-0.619,-0.619,1.594,1.692,-0.885,1.692,-1.002,-0.885,-1.002,0.138,1.288,-1.002,1.692,-1.002,1.692,0.138,0.11710066139237002,-0.289,1.594,-1.002,-1.0154815748119246,1.5794435789722419,0.1677991102508588,-0.555,-0.885,1.633504267415464,1.692,-0.5683024019841443,-0.619
-0.455,-0.375,-1.062,-0.977,-1.355,-1.355,-0.842,-1.355,-1.062,-0.977,-0.977,-1.355,-0.375,-0.399,-0.977,-1.062,-0.853,-0.853,-0.853,-1.062,-1.355,-0.86,-0.977,-0.977,-1.355,-0.842,-0.86,-0.455,-1.355,0.852,-0.455,-0.455,-0.842,0.852,-0.455,-0.977,-1.355,0.852,-0.853,-1.355,-0.86,-0.86,-1.062,-0.455,-1.081651109485885,-0.399,0.852,-0.842,0.8388971992390082,-0.4133033570728652,-0.86,-1.355,-0.977,-0.8547185797546066,0.857642625526131,-0.8745958337467004,0.8827217069364265,-0.375,-1.3697757472215988
-0.765,0.767,0.214,-0.881,-0.612,-0.791,-0.765,1.292,-0.064,-0.791,1.292,-0.881,-0.064,-0.064,1.292,-0.765,-0.077,1.292,-0.881,-0.612,-0.612,-0.881,-0.833,-0.612,-0.791,-0.791,0.767,1.292,-0.791,-0.077,-0.791,-0.064,-0.791,-0.791,-0.765,-0.077,-0.612,-0.833,-0.791,-0.064,-0.791,-0.833,-0.791,-0.077,0.214,0.767,-0.881,1.292,-0.881,-0.791,-0.612,0.767,-0.077,-0.09452432002870235,-0.8941392771173987,-0.765,-0.7973036612659762,-0.06829717361299892,-0.0460870040040115,-0.6276137704683343,-0.011244838920281615,0.004190950671341079,0.214,1.292,-0.833,-0.8436305985629532,-0.5947951908667395,-0.7315139674948619,-0.5794735942626986,1.2814478224710546,-0.774910217084516,0.2077180197518836
-0.785,0.126,0.743,-0.738,-0.738,-0.396,1.732,0.126,0.126,-1.04,2.419,-0.387,-1.04,-1.04,0.743,-0.785,0.743,-0.396,-0.785,-1.04,1.732,-0.396,1.732,1.732,2.419,1.732,2.419,-0.396,0.126,-0.785,0.333,-1.04,0.333,-0.785,2.419,0.126,-1.04,2.419,-0.738,1.732,-0.738,-1.04,0.333,0.333,-1.04,-0.387,-0.785,2.419,-0.396,-0.387,-0.396,-0.738,2.419,2.4073387195968756,2.4356361235176793,-1.04,-0.40588582622749075,0.126,0.333,-0.37960533323630463,-0.3496165947012275,-1.0522672804566646,-0.7488150144786677,-1.005158593868649,-0.98089911560323,1.732,-0.943982199289687,-0.30554283845604036
-0.795,0.214,1.751,1.751,-1.111,-0.399,0.95,-1.111,1.751,-0.399,0.214,-1.111,-0.795,-0.552,0.95,-0.567,0.95,-0.817,1.751,0.214,1.751,-0.817,-0.552,0.95,1.751,-0.795,0.214,-0.795,-1.111,1.751,1.751,-0.817,-0.552,-1.111,-0.399,-0.795,-1.111,-1.111,-0.018,-0.567,0.95,1.751,1.751,-0.817,-0.795,-1.111,-0.567,-0.817,-0.399,-0.567,0.95,0.214,-0.5786452306967123,0.9318762200888512,-0.795,-0.018,-0.817,0.9670425441824956,-0.4101096361205317
-0.227,-0.07,-0.227,-0.227,-1.038,-0.814,-0.007,-1.038,-1.038,-0.814,-0.07,-0.814,-0.227,-0.666,0.946,0.465,-0.227,0.731,-0.818,0.731,-1.038,-0.818,-0.007,-0.814,-0.07,0.946,0.731,-0.007,-0.666,-0.007,-0.814,0.465,0.465,-0.007,0.946,0.731,-0.227,-1.038,-0.227,0.946,-0.818,-0.666,0.731,-0.007,-0.818,-0.818,-1.038,-1.038,0.731,0.465,0.4480807014973119,-0.227,0.7175239461727214,-1.038,-0.007,-0.814,-0.07,-1.0532408737992105,-0.818,-0.24198394681421248,-0.025538446679901492,-1.017977180280931,0.011218052183152468,0.946,-0.08270213810097567
-0.735,-0.735,-0.735,-1.316,1.23,-1.316,-1.316,1.23,0.768,-1.316,-0.376,-0.735,0.768,0.768,-0.527,-0.036,-0.036,1.019,-0.036,-0.527,1.019,-1.316,-1.316,0.891,-0.735,-0.666,-0.376,-0.036,1.019,-0.376,-0.527,1.019,-0.376,-1.316,-0.735,-1.316,-0.527,0.891,1.23,-1.316,-0.666,-0.527,-0.666,-0.036,1.23,0.891,-0.5353692311690385,-1.316,0.8770416676430983,-0.4987760611672826,1.019,-0.376,-0.47210296689125303,-0.438677364332605,0.768,-1.3281246851820923,-0.68038593219342,0.9159113664209486,-0.375183034319721
-0.833,-0.833,-0.28,-0.262,-0.28,-0.833,-0.12,-0.32,1.477,-0.189,-0.833,1.477,-0.262,1.477,-0.262,-0.12,1.477,-0.32,-0.12,-0.28,-0.262,0.549,-0.32,0.477,-0.32,1.477,-0.12,0.966,0.966,-0.28,0.966,1.477,-0.28,1.477,0.966,-0.12,0.549,0.966,-0.1297060250410189,0.9547546474030889,-0.09856654104521195,-0.262,-0.061154320795570566,-0.189,-0.21263696808953686,-0.27970386688138155,1.477,0.5403881301575205,-0.02166360405858759,-0.32
0.319,-1.211,-1.054,-0.79,0.449,-0.79,-1.211,-1.054,-1.054,-0.463,-1.054,0.868,-0.584,0.868,-1.211,0.187,-1.054,-0.588,0.319,-1.211,-1.211,0.868,0.187,-1.211,-0.584,0.868,-0.588,0.868,-1.211,-1.054,-1.211,-0.79,-1.054,-0.79,0.449,-0.463,-1.211,0.449,-1.054,-0.588,-1.054,-0.463,0.319,-0.584,-0.79,0.187,-0.8005809456521396,-0.5950665462514615,-1.0680056040135542,-0.588,-1.211,-1.0363871849843815,-1.0189570307916591,-1.231551059266389,0.449,-0.9918503199378318,-0.7654192171953635
0.248,-0.923,-1.099,-1.265,0.248,-1.099,-1.265,-0.872,-0.67,0.248,-1.265,-0.426,-1.099,-1.265,-0.923,-1.265,-0.872,-1.099,-0.923,-0.923,-0.234,-0.872,0.973,-1.099,-1.099,-0.923,-0.234,0.248,-0.872,-0.872,-0.426,-1.099,-1.265,-1.099,-0.234,-0.234,-1.099,-1.265,-1.265,-0.234,0.973,-1.265,-0.234,-1.099,-0.67,-0.67,-0.923,-0.923,0.973,-0.234,-1.099,-1.265,0.0,-0.012123715673050803,-1.1145052228722654,-0.24179758266696935,-0.872,-0.426,-0.923,-0.4426729492853848,-1.2774642316116716,-0.18297036336870587
1.405,-1.06,1.098,0.783,-0.833,-0.253,1.405,1.405,0.732,0.783,-0.833,-0.253,1.405,1.086,1.488,0.732,-0.253,-1.06,-0.833,-0.833,-1.06,-1.06,-0.451,-0.833,-0.253,1.405,-0.451,1.405,1.098,0.783,1.488,1.488,-0.451,1.405,1.488,1.086,1.098,1.086,1.086,-0.253,1.488,1.405,0.732,-0.833,1.488,0.783,-0.451,1.488,1.086,-1.06,-1.06,-0.451,-0.833,1.086,-0.8439135812946956,0.732,-1.06,0.783,1.0738509783230419,-0.8090820312200732,1.405,1.488,1.1315146773964195,-0.451,1.1555927035050182,1.2025036655574217
-0.89,1.406,1.787,-0.062,-0.89,0.383,-0.062,1.787,1.787,1.406,0.232,0.823,0.232,0.232,-0.88,0.232,1.406,0.437,1.694,-0.88,-0.89,1.406,-0.88,1.406,1.694,1.694,0.383,0.823,1.406,-0.88,1.406,1.787,0.383,0.232,-0.88,1.787,0.383,0.232,0.232,1.787,-0.89,-0.062,1.787,1.694,1.406,1.694,-0.88,1.694,0.437,-0.89,0.232,0.823,0.21698192649825593,1.6854681402363614,1.787,1.406,-0.8923601985737462,1.3910105629135598,-0.8447390805447019,0.8151360124588388,-0.8076617297058484
2.03,-1.198,-1.198,-0.121,0.757,1.23,1.23,0.387,-1.198,2.03,1.059,-0.857,-1.198,1.23,0.387,0.757,-0.644,-0.857,-1.198,1.059,0.387,0.387,-0.857,2.03,1.059,0.145,0.145,0.757,-1.198,0.145,-0.644,0.145,-0.121,2.03,0.145,1.23,0.757,1.23,0.757,-0.121,0.387,2.03,-0.857,0.387,1.059,0.145,0.387,-1.198,-0.644,-1.198,-1.198,1.23,0.757,2.03,1.059,-1.198,-1.198,-0.121,0.387,-1.198,-1.219827378908297,0.757,0.3715742284214104,-0.644,1.059,0.145,-1.184663248459395,1.23,-0.121,0.1349787751698445,0.1703698892781686,0.7466873574488039
0.115,-0.717,-1.076,-1.201,-0.93,-0.615,-1.076,0.115,0.079,0.079,-0.93,-0.061,-0.717,0.079,0.079,0.115,0.186,-0.717,-0.615,0.115,-0.93,-0.615,-1.076,-0.615,-1.201,-0.615,1.556,-0.717,-1.076,-1.076,0.079,0.186,-1.076,-1.201,-0.615,-0.061,1.556,-0.061,-0.93,-1.201,-1.201,1.556,1.556,1.556,-1.076,1.556,-0.615,-0.615,-1.201,1.556,-1.201,-0.717,-1.076,1.556,-0.93,0.079,0.186,1.556,-1.076,1.5412818241114747,-0.615,1.582239248915256,-1.086725465436141,0.115,0.09165229212218193,1.6238420895553003,1.65332469146047,-0.93
1.36,1.36,0.515,-0.797,1.767,-1.352,-0.362,0.033,1.767,0.515,-0.797,1.767,0.107,-0.355,1.36,-1.352,1.767,1.36,-0.797,0.515,1.36,0.033,0.033,0.515,-1.352,-0.362,0.033,0.107,0.033,0.033,-1.352,1.36,1.767,-0.355,1.767,-1.352,1.36,0.107,-1.352,-1.352,-0.444,-0.797,-1.352,-0.444,-0.797,0.033,-1.352,0.515,-0.355,0.107,-0.444,-0.4576058414903802,-0.797,-0.36296489002944604,-0.362,1.36,0.033,-0.42512509473252075,0.013686572930647383,-0.3259513621272402,0.5039082443113357,0.09337186013721134,0.567716880501185,0.607975232317607
2.175,1.258,-0.957,0.162,2.175,1.017,1.017,0.235,-0.957,1.017,2.175,2.175,-0.957,1.017,1.017,0.235,-0.957,0.585,2.175,0.585,0.232,1.017,0.585,1.258,1.258,1.258,0.162,1.017,-0.957,-0.957,0.163,-0.957,0.585,1.258,0.585,-0.957,2.175,2.175,0.232,0.162,0.163,2.175,0.585,-0.957,1.017,0.585,0.163,0.162,0.0,-0.957,-0.016459766413462952,1.258,0.15072469670923033,1.017,0.014072160787446886,2.175,0.5756583265227891,0.232,0.20955334833347583,0.033526353491838155
0.788,-0.709,0.454,1.482,0.454,1.752,1.752,-0.677,-0.625,1.482,-1.087,1.752,-0.709,1.752,1.482,-1.087,1.482,1.131,-0.625,-1.087,-0.709,1.482,1.752,-0.625,1.752,1.482,-1.087,-0.709,-0.677,-0.625,-0.677,0.788,0.788,-1.087,1.752,1.131,-1.087,1.131,0.585,-1.087,1.752,-0.677,-1.087,-0.709,-0.709,-0.7284043173780181,1.131,0.585,1.1148568398160768,0.5712957269301725,-1.087,0.788,-1.1033291308275504,1.1556858731361312,-0.677,1.752,1.482,0.7723735434625231
-1.132,-1.154,-0.555,-0.211,-1.132,-1.132,-0.555,0.808,-0.555,-1.154,0.857,-1.051,-0.211,-1.051,-0.211,1.524,-0.211,1.083,-1.051,-0.211,-0.211,0.857,1.524,0.808,-1.154,-1.051,0.305,-1.051,-0.555,0.857,0.857,-1.154,-1.154,0.857,-0.211,-0.211,0.808,-1.051,0.808,-1.132,-1.051,1.524,1.524,-1.154,1.083,-1.132,-1.132,-1.132,-0.211,-0.211,0.305,-1.132,-1.132,-0.211,1.083,-0.211,-1.132
-1.002,-1.191,-0.845,0.488,-0.845,0.777,-0.996,0.08,-0.845,0.777,0.777,1.285,-1.17,-1.17,-1.17,0.08,0.777,-1.191,-0.996,-1.002,-0.845,0.488,-1.002,0.08,-0.996,-1.002,-1.17,-0.996,0.08,-1.191,-1.002,-1.17,0.08,-0.332,-1.191,1.285,-1.17,1.285,-1.002,-1.191,-1.191,-0.996,1.285,0.777,0.08,-0.332,1.285,-0.332,-1.002,-1.191,0.777,-1.17,-1.17,-1.191,-1.17,-1.191,0.488,0.46784500997247,-0.845,1.285,-1.002,0.4832838986965258,-1.0210634371165734,-0.9934810991725913,-1.2048823096908785,-1.1781114758593116
-0.835,-1.146,1.075,1.046,-0.835,-1.146,1.046,-1.007,-0.268,-1.146,-0.268,-0.835,0.093,-1.146,-1.146,-0.263,-1.007,0.093,-0.835,1.075,-0.835,1.046,1.046,-0.263,-1.007,-1.007,1.046,1.046,0.093,-1.146,-0.588,-1.007,0.093,1.075,0.305,-0.268,-1.007,-1.007,0.305,-0.588,1.075,1.046,0.093,-0.268,1.046,-1.007,-1.146,-0.268,1.075,1.046,-0.263,-1.146,-1.007,-0.835,0.093,-0.8486814775497858,-0.2843744826645773,-0.8344603750802386
1.829,2.44,-0.554,-0.525,1.829,1.792,1.792,0.0,0.307,0.311,2.44,-0.556,1.829,0.311,1.829,-0.556,2.44,2.44,0.311,0.307,1.829,-0.556,-0.556,2.44,-0.498,0.307,-0.554,0.307,-0.525,2.44,0.307,-0.556,0.311,-0.498,-0.556,2.44,-0.556,0.0,1.829,-0.525,-0.498,1.792,2.44,0.307,2.44,2.4235245169535826,-0.554,1.829,0.311,2.4454674986024587,-0.5635926318964553,1.792,0.3018773110093886,-0.556,-0.5668829015523745
-0.448,1.495,-0.682,-0.466,-0.682,1.045,-0.448,0.871,-0.466,-0.961,1.495,-0.698,-0.861,1.045,0.871,1.045,1.495,-0.861,-0.466,-0.961,-0.466,-0.861,-0.698,1.495,-0.961,1.045,0.129,1.045,-0.698,-0.682,0.129,-0.861,1.045,-0.861,-0.961,-0.698,-0.861,-0.682,-0.466,-0.682,-0.698,1.495,1.495,-0.682,-0.682,-0.961,-0.961,1.495,-0.448,-0.448,-0.682,1.045,1.045,1.0319708977825215,0.871,1.0872932281183056,-0.682,-0.7047214386879797,-0.698,0.8564028090588779,0.129,1.495,-0.6577502076903514,-0.861,0.11422828661687211,-0.448,0.13917103888577642,1.092262993132184,0.16496845655119557,-0.961
-0.346,-0.948,-1.032,0.73,-0.693,-1.001,-0.346,-1.032,-0.693,1.595,-1.032,1.595,-0.191,-1.001,-0.191,-0.637,-0.637,-0.191,-1.001,-0.948,-1.001,0.73,-0.347,-1.032,0.73,0.73,-0.346,-1.032,1.595,-1.032,-0.693,-0.347,0.73,-0.948,-0.347,-1.001,-0.693,-0.948,1.595,-0.347,-0.346,-0.346,-0.637,-0.948,-1.032,-0.693,-0.693,-1.001,-0.347,-0.637,-1.032,-0.191,-1.001,-0.346,-0.347,-0.37134853204543794,-1.0152715494208369,-0.20473150935709045,-0.3330433748087912,-0.2915708412264747,-0.637,-0.6585874077091345,-0.24636167716164575,-0.3565976559607269,1.595,-0.693,-0.948,-0.7094886841722902,-1.0432523266052958,-0.3095812211329667,-0.9619549318146171
-0.415,-0.145,-1.036,-0.145,1.767,-1.036,1.117,-0.823,-0.415,-0.823,-1.036,0.119,-0.823,-0.823,-1.129,1.767,1.767,-1.036,-1.036,-1.129,-0.045,-1.129,-0.823,-1.129,-1.036,-0.415,-0.823,0.119,-1.129,0.119,-0.823,-0.823,-1.036,1.767,1.117,1.117,-0.145,-1.036,-0.539,-0.539,1.767,-0.823,-0.539,1.767,1.751455230870923,0.119,-0.823,-0.8376951786257291,1.7878851186373412,-0.045,-0.8012705565871338,-0.145,0.10790116684509495,1.117,0.15422147148752624,1.8280409450055137
0.461,0.402,-0.919,-0.873,0.402,-1.281,-0.308,-0.047,-1.281,-0.873,-1.281,0.461,0.461,-0.308,-0.308,-0.257,0.461,0.461,0.402,-1.281,-1.281,-0.257,-0.873,0.461,0.402,0.151,-0.257,0.402,-0.047,0.402,-1.281,-0.873,0.129,-0.919,-0.308,-0.257,-0.047,0.129,0.129,0.151,-0.308,-0.873,-0.919,-1.281,-0.308,-0.3348105292323749,-0.257,-0.873,0.461,-0.047,0.44257324326967173,-0.2681008698500745,-0.05807060539876846,-1.281,-0.22930708874124406,0.151,-0.029419461731434345,-0.919,-1.300241434970605,0.4567504206610145,0.13764775635390097,0.402,-0.8876613074819131
-0.999,1.289,1.289,-0.685,1.14,-0.685,1.175,-1.107,1.175,-0.128,1.289,-0.755,-0.755,-0.662,-0.685,-0.999,-0.755,-0.685,-0.2,-1.107,-0.685,1.175,-0.128,1.14,-1.107,-0.999,-0.2,-0.685,1.14,-0.128,-0.128,-0.2,-0.999,-0.685,-0.662,1.289,-0.662,-0.755,-1.107,-0.685,1.14,-0.685,-0.2,-0.685,-1.107,-0.685,-0.662,1.14,-0.999,-0.128,-0.685,-0.697540399369796,-0.6588871146951794,-0.6727278375624136,-0.6347176431659147,1.289,-1.107,-0.14638803922299629,-0.2,1.2704905310094223,1.3003232467485273,1.3303711509618192,-0.6069402328355347
-0.252,-0.252,-0.072,-0.843,-0.252,1.108,-0.784,-0.784,1.108,-0.252,-0.843,-0.252,-0.977,-0.977,-0.843,-0.072,1.285,1.285,-0.625,0.834,-0.977,-0.784,-0.252,-0.977,0.108,1.108,-0.072,1.285,1.108,-0.625,0.108,-0.843,-0.977,-0.625,-0.843,-0.072,-0.784,1.108,-0.843,0.834,0.834,-0.625,1.285,0.108,0.834,0.108,-0.784,1.285,-0.977,-0.7952653779249993,1.2738765620998862,0.834,1.2979929827313996,-0.252,0.09382675552341666,0.8187993396532155,-0.9881990495178791,1.108,0.8547945780418206,-0.625,-0.6505590040472894,0.8735695628449028,1.0961003885162262,-0.6335538943865959,0.8919905949389287,-0.9609190388150677,0.9340747665780339,0.9560332010375229,1.3296165669774205
-0.862,-1.098,-0.294,-0.862,1.635,1.271,-0.4,-0.204,1.635,1.635,1.635,0.038,0.038,-0.4,1.635,1.271,1.271,-0.862,0.104,-0.862,0.104,-0.4,0.038,-1.098,-1.098,-1.098,-0.294,0.038,-0.584,-0.204,-0.294,1.635,-1.098,-0.204,1.635,-1.098,0.038,1.635,0.038,-0.584,1.271,0.038,1.271,0.038,-0.862,0.104,0.08459349152680065,-0.584,0.038,-0.8739340686541105,-0.204,0.017208847344726864,-0.8461733385201724,-0.5998127937213344,-0.4,-0.8131801667425033,-0.7894723837578634,-0.22004212346915986,-0.294,1.271
0.698,1.136,0.698,0.78,-1.03,-0.134,-1.016,1.136,-1.016,-0.821,-1.03,-0.28,-0.821,0.78,-0.28,-0.821,0.16,-0.134,-0.28,-1.016,-0.28,1.136,-1.03,0.201,-1.016,-1.016,0.16,-0.28,-0.134,-0.28,0.698,0.78,1.136,0.201,1.136,0.78,-1.03,1.136,-0.134,-1.016,-0.28,0.698,-0.821,1.136,0.78,-1.03,-1.03,1.136,0.698,0.6779247002106675,0.6914428530129447,-1.016,0.78,-1.0331175877421845,-1.03,-0.134,-0.28,0.7421051019471445,0.7781823729063276,-0.15215625753084927,1.1226805931415547
1.265,-1.072,-0.213,0.831,0.368,2.381,-0.432,-1.072,2.381,1.265,0.368,-0.213,-1.192,-1.072,-1.072,0.056,2.381,0.368,-1.052,0.368,0.831,-1.072,-1.052,-0.213,2.381,-1.052,2.381,-1.192,-1.052,0.368,2.381,1.265,1.265,0.831,0.056,-0.432,-1.192,0.368,-1.072,-0.213,-1.052,-1.192,2.381,0.368,-1.192,2.381,0.056,-1.192,0.368,2.381,-1.052,2.381,2.3631300345282646,-1.052,-0.432,-0.45391019532001586,2.3974174281459364,1.265,-0.213,0.831,-1.192,0.056,-0.22402128460191326,0.368
-0.785,-1.088,-1.088,-0.785,-1.088,0.192,1.153,-1.088,-0.785,0.192,1.237,1.237,-1.088,-0.355,1.237,1.065,1.153,-1.088,0.067,0.067,0.067,-0.785,-0.355,1.237,-0.3,0.067,0.643,0.192,-1.088,-0.3,1.065,-1.088,0.192,-0.355,0.067,0.067,-0.3,-0.3,0.067,1.237,0.643,0.192,-0.355,0.643,-1.088,-0.785,-1.088,0.067,1.237,1.065,-0.355,-0.355,1.153,1.237,-1.088,1.065,-1.0939555541130561,-1.0690060102526806,0.643,-1.0217944106838124,0.067,0.6315958745159842,-0.3,0.0501211302628309,-0.31166869919210083,0.655868055718782,0.6809120943422251,1.2240525665037012,0.7104153155580526,-0.9693722959128108
-0.323,0.861,-0.955,1.86,2.461,2.461,-1.036,2.461,2.461,-0.955,1.86,-0.955,-1.036,-0.323,-1.036,-0.955,0.861,1.86,-0.978,-1.036,-0.978,-0.323,2.461,-0.955,-0.978,1.86,-0.978,0.053,-0.978,-0.323,-1.036,-0.955,2.461,0.053,2.461,-0.523,-0.323,1.86,-0.523,-1.036,-0.978,-0.323,-1.036,-0.978,-1.036,-0.523,2.461,-1.036,1.86,2.461,-0.955,-0.955,1.86,2.461,-0.978,-0.955,1.86,-0.9957188008544,2.4438188115057344,1.8470030481130235,0.0,-0.9679081806440215,-0.9632574669882901,-0.323,-1.036,2.4601713262053724,-1.049879419670564,-0.952628447902816
1.719,-0.68,1.395,-0.555,1.51,1.395,-0.979,1.51,-0.555,1.719,-0.436,1.51,-0.951,1.395,-0.951,-1.292,-0.979,-0.555,-1.292,1.395,-0.555,-0.979,-0.68,-0.68,-0.436,-1.292,1.395,-0.951,-1.292,-0.951,1.51,1.51,-0.979,1.395,1.51,1.51,-0.951,1.719,-1.292,-0.979,-0.555,1.719,-0.979,-1.292,-0.68,1.51,1.719,-1.292,0.0,-1.3034237795927224,-0.979,-0.9989355001932918,1.395,1.4981755916455155,-1.2629219325756451,-0.011165327499582415,-0.951,1.5408633143658794,1.3830181252670966,1.5708520439822669,-0.9621563939727489
1.969,1.695,-0.644,-0.076,-1.11,-0.912,-0.912,1.305,1.305,-1.11,-0.034,-1.11,-0.536,1.969,1.305,-0.076,1.969,-1.11,1.305,-0.472,-0.912,1.305,1.969,1.969,-1.11,-0.644,1.969,-0.076,-0.644,-0.912,-1.11,-1.11,-0.034,-0.076,-0.472,-0.912,-0.536,-0.076,-0.472,-0.536,1.695,-0.034,-0.472,-0.076,1.695,-0.644,-1.11,-0.644,1.969,-0.076,-0.472,-0.644,-0.034,-0.06156214638727873,-0.4881089656787765,1.969,-0.4736075866864749,-0.021641898397172808,-0.6571488384317518,1.305,-0.43555287924829905,-0.536,-0.6163030489774001,-0.5488336555254357,-0.39726042039859333,-0.08487510282572469,1.2950003553198257,1.3296897381069224,-0.912
-0.827,-0.712,1.565,1.759,1.565,1.753,-0.247,1.753,1.565,-0.827,1.759,1.565,-0.827,1.179,-0.827,1.753,1.753,-0.247,-0.712,-0.827,-0.712,1.179,-0.323,-0.814,1.565,-0.814,-0.814,1.565,1.565,-0.814,-0.814,-0.712,-0.814,1.753,1.565,1.565,1.759,1.759,-0.658,-0.247,-0.247,1.759,-0.658,-0.814,1.179,-0.827,1.753,1.753,-0.814,1.565,1.565,1.759,1.7428777509721627,-0.814,1.179,1.1603121433598658,-0.8284068915035533,-0.827,-0.323,1.789924565996104,-0.3370910982072731,-0.712,-0.8372291757765152,-0.8090491689655348,-0.8126641460112313,-0.658,1.8270935807148916,1.8870456579299446
0.455,1.117,-1.029,0.77,0.814,1.117,0.77,0.455,1.117,-0.129,-1.029,0.77,0.455,1.215,-0.52,0.814,0.77,-0.626,-0.626,1.215,0.77,0.77,0.455,-1.029,-1.029,-0.129,0.814,-0.626,-0.129,0.77,-1.029,1.117,0.455,-0.52,-0.417,0.814,-0.626,-1.029,-1.029,-0.52,1.215,0.77,0.77,0.814,-0.129,-0.52,-1.029,-1.0444444064108336,-0.626,-0.6414780721003488,-0.1416203460010906,-0.5301160504821694,-0.09773281464679036,-0.417,-0.430904969652705,-0.4801407825473953,-0.4537473629414485,-0.039267467622901786,0.455,1.117,0.77
-0.804,1.909,-0.171,-0.629,-0.904,1.909,0.058,-0.868,-0.629,1.909,-0.188,-0.188,-0.804,-0.171,-0.034,-0.171,-0.034,-0.423,-0.804,-0.423,-0.868,-0.188,-0.171,1.909,-0.188,1.909,0.058,-0.188,0.058,1.909,-0.423,-0.804,-0.904,1.909,-0.904,-0.171,-0.904,-0.804,-0.868,-0.868,-0.629,-0.034,1.909,1.909,-0.188,-0.804,-0.868,-0.8206079198997117,0.058,1.909,-0.171,0.04215983124607174,-0.188,-0.7725794618205728,1.9003899602482521,-0.629
-0.193,0.371,-0.741,0.371,-0.168,-1.107,-0.741,0.183,0.078,2.19,0.078,-0.193,2.19,0.078,2.19,2.19,0.371,-1.107,2.19,0.371,-1.107,-0.168,-0.741,0.078,2.19,2.19,-0.741,0.056,-0.41,0.078,0.183,0.078,-1.107,2.19,-1.107,0.078,-0.193,0.056,-0.193,-0.168,0.056,0.056,0.183,-1.107,0.371,0.056,0.371,2.19,0.078,0.078,0.183,-1.107,-1.1171361750448487,2.19,0.056,0.371,0.037819360286924085,2.179049205757982,-0.41,0.06901837908585198,0.35496215013328836,-1.0817772420966882,0.3795791928339164
1.563,1.563,-1.1,-0.215,1.634,-1.1,-0.215,1.634,-1.152,1.634,-0.646,-0.646,1.634,-1.1,-1.1,1.634,-0.215,-0.646,1.563,-0.722,-1.1,1.634,0.399,-0.646,-1.152,1.634,0.199,1.563,-0.646,-0.646,-1.1,-0.722,1.184,-1.152,-1.1,-1.152,1.184,-0.722,-1.152,0.199,-1.152,0.199,1.563,-0.722,1.184,-0.646,1.184,0.399,-0.722,0.199,-0.215,-0.2332554870805843,1.634,0.38659959747395317,-0.7376856191621138,-0.18376855698980815,1.184,-1.152,-1.1,-0.16010846096175801,-1.1651705254612135,1.563
-0.79,-0.152,-1.081,-0.79,1.186,1.186,-0.79,-0.818,-0.79,-0.185,1.497,-0.447,1.497,-0.447,-0.152,-1.081,-1.081,-0.818,-0.818,1.497,1.186,-0.818,1.186,1.497,1.497,-0.152,1.186,-0.185,-0.818,1.186,-0.965,1.186,-0.447,-0.185,-0.79,-1.081,-0.185,-0.965,-0.965,-0.965,1.497,1.497,1.497,-0.965,-1.081,-0.018,-0.818,-0.965,-0.447,-0.965,-0.818,-0.185,-1.081,-0.8363353868979483,-0.2001118825698795,-0.447,1.186,1.1698990429148268,-0.152,1.2009112924200689,-0.16829626034223832,-0.1684083546320665,-0.8020393316946589,-0.46202636360824584,-0.7876462099524687,-0.7614011929746316
1.96,1.96,-1.224,-1.224,1.597,0.847,-1.102,-1.102,0.953,0.016,0.016,-0.827,1.597,0.847,1.96,-1.102,1.597,-1.102,-0.827,-1.224,0.847,-1.224,-1.102,-1.224,0.847,0.847,-0.82,-0.827,-1.102,0.847,0.016,1.597,-1.102,0.953,-0.82,-1.224,1.96,1.597,1.96,0.847,-0.827,-1.224,1.96,-0.863,-1.224,-0.863,-0.82,-1.224,1.597,-0.863,1.597,1.96,0.847,1.597,-0.827,0.953,-1.224,-1.102,-0.82,1.597,-1.102,-1.1217062048946431,-1.224,0.953,0.847,0.9369736118397304,-1.0710170428519257,-0.827,1.96,0.9669182448696325,-0.863,1.9484200381923251
1.515,1.821,1.821,0.113,1.821,0.912,1.286,1.286,1.649,1.007,0.113,0.317,-0.645,-0.912,1.649,1.286,1.286,-0.645,1.821,0.912,0.317,1.821,-0.645,-0.912,1.286,0.113,0.113,1.007,0.912,0.317,1.821,1.649,1.821,1.007,0.317,1.821,1.286,1.007,1.515,1.515,0.912,1.515,1.821,0.113,1.515,0.317,0.113,0.113,0.317,-0.912,1.007,1.649,1.286,1.007,0.113,0.10263814502296986,0.912,1.649,0.8996326936296566,0.141779977963519,1.274713807096911,0.9557478078728388,1.3207612333516303,1.515,-0.645,0.317
0.336,0.336,-0.645,1.587,-0.103,-0.493,-0.645,0.336,1.587,0.336,-0.103,0.336,0.362,1.587,-0.103,-0.847,1.678,1.678,-0.847,-0.493,1.587,0.362,1.964,0.362,-0.847,0.801,1.678,-0.103,0.362,-0.103,1.964,1.678,-0.103,1.964,0.336,1.678,1.587,1.678,-0.103,-0.847,1.964,1.587,1.678,1.964,1.964,-0.103,-0.103,-0.847,1.964,1.9427504211471192,1.678,0.336,1.9872289766894338,0.3162996115297831,-0.8610490273971275,-0.103,2.009064997464488,-0.11798170693312937,-0.493,0.362,1.6677484056224785,2.0553043156205866,0.35047806531968106,-0.5064790653111607,0.801,1.587,-0.47775582530730654,1.705353018651323,0.7825010531766142
-0.653,-0.136,-0.653,-0.132,0.297,0.297,-0.136,1.052,1.329,-0.795,-0.691,-0.761,-0.136,-0.653,-0.132,-0.691,0.297,-0.653,1.052,1.329,-0.132,1.329,-0.691,-0.132,1.052,-0.136,0.297,-0.761,-0.761,1.306,-0.653,1.329,1.306,-0.132,1.306,-0.761,-0.761,-0.761,-0.795,1.329,-0.795,0.297,1.306,-0.795,1.052,-0.132,1.0402723187476086,1.306,1.2886975459874646,-0.136,1.3345605979737996,-0.761,-0.1412567725690833,-0.14977370941080398,1.329,-0.653,-0.8071877841291936,-0.7780938155526123
0.077,-0.658,-0.567,0.546,0.858,-0.092,0.632,-0.842,1.126,-0.658,0.632,-0.842,0.546,-0.658,0.632,-0.842,0.077,1.126,-0.011,-0.842,-0.011,0.546,0.858,-0.567,-0.842,0.858,-0.011,0.858,0.077,-0.658,-0.092,1.126,-0.092,-0.658,0.546,0.077,-0.092,-0.567,1.126,0.546,0.061190840325311496,0.632,0.07862419430388523,-0.011,-0.03337962568686442,1.1114011167177589,1.1461673806337855,0.6168256724185108,0.5361341149937507,0.5678029411755247
0.352,-0.383,0.06,-0.383,1.46,0.52,0.52,-0.759,0.45,0.352,0.352,1.46,0.52,0.06,0.06,-0.383,1.46,0.645,-0.045,0.645,-0.383,1.46,0.06,-0.759,-0.045,-0.045,0.06,1.46,-0.383,1.46,-0.383,-0.383,0.45,-0.045,-0.759,0.352,-0.383,0.06,0.645,0.645,0.45,-0.169,-0.759,0.645,0.06,0.45,1.46,-0.759,0.52,-0.045,0.5082029761857235,1.46,0.352,-0.7727118737203696,0.645,0.33405091695294253,1.4464008813544718,0.45,-0.383,0.37186517842264155,-0.169,-0.05743844001116515
0.273,-0.959,0.426,0.375,-0.816,-0.274,-0.77,0.273,-0.959,-0.66,-0.342,0.812,-0.342,-0.274,0.273,-0.274,0.426,-0.77,-0.959,-0.66,0.426,0.375,-0.77,-0.274,0.273,0.812,0.812,0.273,0.375,-0.66,-0.342,0.375,0.426,-0.816,-0.77,-0.816,-0.959,-0.959,0.426,-0.342,-0.66,0.426,-0.959,-0.342,-0.816,-0.342,-0.342,0.426,0.273,-0.77,-0.66,-0.274,0.375,-0.959,-0.66,-0.959,-0.9788669585719026,-0.66,-0.6716165177962627,0.426,-0.77,-0.783412110678362,-0.7321141743414658,-0.9346172619767344,0.375,-0.9053704633754817,0.273,0.36012749235398045,-0.816
-0.471,-0.296,-0.296,-0.906,-1.353,-0.818,-1.353,-0.133,-0.133,0.691,-0.471,-0.818,-1.353,-0.956,-1.353,-0.296,-0.818,-0.471,-1.353,-0.818,0.691,-0.818,-1.353,-0.906,1.202,-0.133,-0.471,1.202,-1.353,-0.471,-1.353,1.202,0.62,-0.956,1.202,-0.818,-0.906,-1.353,-0.471,-0.956,-0.296,-1.353,-0.906,-0.133,1.202,-1.353,-0.956,0.691,-0.133,0.62,-0.471,-0.906,-0.296,-0.818,-0.9227404808262476,-0.31128049048179757,-0.8344262559289733,-0.14863706876510005,0.691,-0.8879448819249617,-1.353,-0.956
-0.514,-0.645,1.432,1.442,-0.645,-0.514,-0.645,1.432,1.432,-0.514,0.612,0.612,0.612,-0.928,1.442,1.432,-0.857,1.02,0.92,-0.928,1.02,-0.804,-0.857,-0.804,-0.804,0.612,-0.645,-0.645,-0.928,1.442,-0.514,1.02,1.432,-0.857,-0.804,-0.514,1.432,1.432,-0.645,-0.857,-0.645,0.92,-0.928,-0.804,1.442,0.92,0.612,1.432,0.92,-0.514,-0.928,0.612,1.432,-0.928,-0.857,1.442,1.02,0.612,1.432,-0.514,1.4273144261177537,1.4135563145635082,0.6001827230879272,-0.5314249113374152,0.92,0.9029437651392889,-0.928,0.9358434221451706
1.255,2.187,-0.981,-0.688,-1.154,-1.154,-0.981,0.431,0.024,-0.981,-1.154,-0.981,2.187,-1.154,-0.688,0.133,0.133,-0.719,2.187,0.133,-0.688,2.187,-0.311,-1.154,-0.719,-0.311,-1.154,1.255,-1.154,-0.981,-0.311,0.133,1.255,-1.154,-0.311,2.187,0.024,2.187,1.255,2.187,-0.981,-0.719,-1.154,2.187,0.024,-0.719,0.133,-0.728959313429937,1.255,0.012319586083041682,0.03423551610986261,2.175783654711234,2.2102911191868673,-0.311,2.2375357290993807,-0.688,-0.7028711892861681
-0.731,0.806,0.966,0.336,-0.731,0.979,-1.038,0.979,1.598,0.806,-1.038,0.966,-0.938,0.966,-1.038,0.806,0.488,0.806,-0.938,0.979,-1.038,0.488,0.336,-1.038,0.966,0.488,-1.038,-0.938,0.966,0.336,0.488,-0.731,-0.731,1.598,-1.038,1.598,1.598,-0.938,-0.938,-0.938,1.598,0.336,0.488,0.966,0.488,0.806,0.966,0.336,-0.938,0.31598195783993077,0.0,-1.038,-0.017470761436632568,0.9547433464718678,0.979,0.370181423710591,-0.731,0.4005408286628428,0.40673341860726764,0.9622601940825466,-1.0509037840103435,1.598,0.488,0.9892875506273828
0.087,1.165,-0.829,-0.829,-1.2,-1.2,-0.829,0.405,-0.605,-1.2,1.165,1.377,-1.2,-0.605,1.165,-1.2,-0.605,1.165,1.377,0.087,0.087,-1.2,1.868,1.165,-0.829,-1.2,0.087,1.165,-0.605,1.868,-0.829,-0.829,-0.829,1.377,1.868,0.413,1.165,1.377,1.165,-1.2,1.165,0.087,1.165,1.868,0.0,-0.605,-1.2,1.165,1.868,1.8559417484812628,-0.829,-0.8435048808511723,0.405,1.377,1.149118983569697,1.8921274406278525,0.3879449184644459,1.3628816815510054,1.3872769626884192,-1.2153830201160978,-0.6193921530692496,-0.8190747275164236,-0.010649608242499668
2.653,-1.022,-0.541,2.653,-0.567,1.698,-0.541,-1.022,2.653,-0.113,-0.541,-0.95,-0.442,-0.95,2.653,-1.022,1.698,2.653,-0.541,-0.567,-0.541,-1.15,-1.022,-0.541,-0.95,-0.95,-1.022,2.653,-1.022,1.698,1.698,1.698,-1.15,-0.95,2.653,-0.541,-1.15,2.653,-1.15,-0.95,-0.567,-1.15,2.653,2.653,-1.022,2.653,-1.15,-0.567,-0.541,-0.442,2.653,-0.541,-0.95,1.698,-1.022,1.698,-1.15,-0.95,-0.974083706009447,-0.933807577838199,-1.15,1.698,-1.022,-0.113,-1.0343685322381182,-0.567,2.653,-1.009942697475182,-0.584835388232989,-0.9646389535567049,-1.164782402159158,-0.12310752393415161,-0.442,0.0
0.585,0.585,1.289,0.069,0.069,1.289,-0.754,0.585,0.078,0.293,-0.536,0.585,0.293,0.885,-0.754,-0.853,-0.536,-0.853,1.289,0.069,-0.536,-0.853,0.069,1.289,0.585,-0.754,-0.754,-0.536,0.305,0.305,0.585,0.293,0.585,-0.754,-0.536,0.305,1.289,0.069,0.305,0.078,0.069,-0.853,0.885,0.585,-0.754,0.069,-0.7725022399118029,-0.536,-0.853,0.05114126390779172,0.10739545461308142,0.1524029427361886,0.5734237282718966,0.18795983063321542,-0.7289408062268707,-0.5453736493507803,0.6199320533307167,1.289,0.078
-0.967,-0.538,-0.538,-0.111,-0.967,-0.967,-0.371,-0.538,-0.748,1.562,-0.967,-0.967,-1.094,-0.594,1.562,-0.748,-1.094,-0.111,-0.967,-1.094,-0.784,1.562,-0.967,-0.748,-0.538,1.562,-0.594,0.415,-0.748,-0.538,-0.748,-0.967,-1.094,1.562,-0.748,-0.967,-0.371,-0.594,-0.784,-1.094,-1.094,-0.784,1.562,-1.094,-0.111,-0.538,-0.784,-0.594,-0.371,-0.3814766906465814,-0.748,-0.5443169046267794,-0.7655466607837924,1.562,-0.6076364421908571,-0.5668214634575279,-0.111,-0.32899328765123026,-0.5482631442592136,-0.29492640429106687,-0.27050361803534606,-0.794022656299194,-0.7168855936009163,-0.7651524311059523,1.5512228008962015
-0.207,-1.133,-1.118,0.433,-0.581,-1.118,-1.118,0.433,1.22,-0.207,0.367,-0.581,0.367,-1.133,1.22,-0.581,1.22,-1.118,1.22,-0.697,-1.118,1.22,-0.697,-0.581,-1.133,0.367,0.433,-1.133,-0.147,1.22,-1.118,-1.133,-1.118,0.433,-0.147,-0.581,1.117,1.117,-1.133,-0.147,-0.207,-1.118,-0.581,-0.697,-1.133,0.433,1.117,-0.207,-0.581,-0.147,-0.697,0.433,-0.714542447628519,-0.16493436736410105,-0.6698119952274364,1.22,1.2064989829225004,-0.14060382807032884,-0.5901317279126533,-0.6300031597231082,0.42351809210177543,-0.5598924984099541,-0.5763454185850323,-0.5604402975739396,-1.133,0.367,0.35663977422081483,-0.207,-0.518469011177717,1.117
-0.865,-0.557,1.408,2.221,-0.324,2.221,-0.865,2.067,-0.864,2.067,-0.864,2.221,2.067,2.221,-0.557,2.067,0.019,2.067,2.067,1.408,2.221,2.221,0.459,2.221,1.408,-0.212,-0.324,2.221,0.019,1.408,1.408,2.221,1.408,2.067,-0.864,2.221,2.067,-0.557,2.221,-0.324,-0.865,-0.212,2.067,-0.864,0.019,-0.212,0.005594643192349556,-0.865,-0.557,0.459,-0.2263158006152336,-0.324,2.067,-0.3346736607696986,1.408,2.0534525167063467,2.07114313842259,1.3905694458436302
0.598,-1.188,0.025,-0.293,-0.651,-1.087,0.201,-0.651,0.025,-1.087,-1.188,-1.188,-0.885,0.201,-0.293,0.201,2.111,-1.087,-0.651,-1.087,-0.885,2.111,2.111,-0.885,-1.188,-1.087,2.111,0.598,2.111,-1.087,-0.651,-0.651,2.111,-0.885,-0.885,2.111,-1.188,0.201,-1.188,0.598,2.111,0.025,0.025,0.025,-0.293,-1.188,0.025,-1.188,-0.293,2.111,-0.885,-0.9015538390436048,2.098132954506072,0.201,-1.087,-1.0969088317572449,-1.188,0.0,2.1293571731014236,-1.203457655510635,-0.012505576260220816,0.03654580463787456,-1.061057213304111,-1.0381374076882013
-0.265,-0.825,0.176,-0.171,-0.825,-1.012,-1.012,-1.012,0.708,0.176,0.176,-1.012,-1.061,-1.012,-0.171,-1.012,-0.619,-1.061,-0.841,-1.012,0.176,-1.012,0.27,-1.061,-1.012,-0.619,-1.061,-0.825,0.176,-0.171,-1.061,0.708,-0.171,-0.265,0.708,-1.012,-0.841,0.176,-0.265,-0.619,0.27,0.708,-0.841,-0.265,-1.012,0.27,-1.012,-0.841,0.27,-1.061,-0.841,-0.619,0.27,0.708,-1.012,0.255643939207746,0.6956472927558089,-1.061,-0.630875630759461,-0.825,-0.8350978766364391,0.7118524791907157,0.176,-0.6059763174472593
-0.315,-0.315,2.034,-0.966,0.409,-1.111,0.932,-0.175,-1.111,0.409,0.196,-0.315,-0.966,2.034,0.196,-0.429,0.196,-0.315,0.932,2.034,2.034,-0.522,-0.966,0.196,-0.522,2.034,-0.175,0.196,0.196,-1.111,0.196,0.196,-0.966,0.932,0.196,-1.111,-0.315,-0.522,-1.111,-0.966,-0.315,-0.429,-0.315,2.034,0.932,-0.966,-0.315,-0.429,0.932,2.034,-0.175,-0.522,-0.315,-0.966,0.932,0.904685285930199,-0.3269172253287492,-1.111,-0.3014943312859453,-1.1271639341654434,-0.2438770987524104,-0.175,-0.429,2.034,0.196,-1.1107311438148009,-0.9775798059597919
1.591,1.772,-0.995,-0.67,-0.67,-0.932,-0.932,0.809,1.591,0.331,-0.932,0.826,1.591,0.809,1.772,-0.995,1.591,0.331,-0.995,0.342,1.772,0.331,0.331,0.826,-0.225,1.772,-0.995,1.591,1.591,0.342,1.772,1.772,0.331,-0.932,1.772,1.591,-0.995,1.772,0.809,0.826,0.331,-0.995,-0.67,-0.932,0.809,-0.67,1.591,-0.995,-0.932,0.809,0.826,1.772,0.818146836405078,0.331,-0.68097763041764,-1.0036899046960996,-0.225,0.8423223694064459,-0.6760118283572735,0.8874423738006436,-0.9722920138086862,-0.6267104970223344,-0.2397592264881862,0.3128640604142619,-0.9451019578265585
-0.975,-1.003,-0.993,-0.486,-1.003,1.008,-0.993,-0.36,-0.975,-0.36,-0.993,1.008,-0.486,-1.003,-1.077,-1.077,-1.003,1.008,1.008,-0.34,-0.975,-1.003,-0.975,-0.662,-0.662,-0.975,-0.662,-1.003,0.303,-0.662,-0.486,-1.077,-0.486,-0.975,-1.077,-0.486,-1.077,-0.662,-0.993,0.303,-1.003,-0.993,0.303,-0.975,-0.993,-1.0101736318005312,-0.975,-0.486,0.303,-0.34,-1.077,-0.35564945281278787,-0.4998717081381527,-0.97587962103064,-0.4642821425149615,-0.2950264278626194,-0.259180913576452,1.008,0.9936343535730155,1.0185250423560321,-0.662,-0.9883685381329224
-0.27,-0.68,1.428,1.865,-0.79,-0.27,-0.79,-0.488,0.959,-0.68,-0.79,1.865,-0.68,-0.692,-1.049,-0.488,-0.488,-0.692,-1.049,1.428,-0.692,-1.049,1.865,-0.488,-0.27,-0.692,1.865,1.865,1.428,1.865,-0.68,1.865,-0.27,-0.27,1.428,1.865,1.865,-0.27,-0.68,-0.68,0.959,-0.27,1.865,0.959,-0.488,-1.049,-0.27,-0.68,0.959,-0.2810111678770192,-0.6902800054104655,-0.2530095874911261,0.9443518205580284,0.9759305315923769,-0.658022660116725,1.428,-0.79,-0.488,1.865,-0.22209450950469425
-0.539,-0.519,-0.539,0.202,-0.489,-0.476,-0.476,-0.476,0.305,0.305,-0.519,-0.476,-0.539,0.202,-0.539,-0.539,0.202,0.202,-0.539,-0.539,0.298,-0.519,1.167,-0.502,-0.519,-0.489,-0.539,-0.539,1.167,-0.827,1.167,-0.539,-0.519,-0.519,1.167,-0.827,1.167,0.298,0.202,0.202,0.202,1.167,-0.827,0.202,-0.502,0.202,-0.476,0.298,1.167,-0.519,0.202,-0.502,-0.539,-0.531841222455027,-0.5093763714046202,-0.4748943138916006,-0.827,-0.48626293453006914,-0.5462202014120093,-0.489
-0.828,-0.531,-0.97,-0.522,0.987,0.987,0.312,-0.392,-0.828,-0.97,0.135,0.987,0.135,-1.004,0.312,0.459,0.135,-1.004,-0.531,-0.531,-1.004,-0.531,-0.522,-0.828,0.135,-0.97,-1.004,0.135,0.459,0.135,0.135,0.459,-0.828,-1.004,-0.392,-0.97,0.312,-0.531,-0.392,-1.004,-0.97,0.459,0.135,-0.392,0.135,-0.522,-0.828,-1.004,-0.392,0.459,-0.97,0.459,-0.97,-0.531,-0.522,0.459,-0.828,-0.828,0.135,0.312,0.459,-0.531,-0.522,0.135,0.12005461707017037,0.987,-0.828,-1.004,-0.5458119756227066,0.9750843326333907,-0.5147922428022565,-0.5356016355386544,-0.8422463340706406,-0.7971838999878613,0.312,0.44864156288781243,0.29230123247232576,0.32177467627357204,0.4724807270149971
-0.363,-1.065,-1.065,0.357,0.357,-0.363,-0.388,-0.658,-0.658,-0.235,-0.235,-0.363,-1.065,-0.569,-1.065,-0.235,-0.363,-0.363,1.362,-0.658,0.357,1.362,-0.235,-0.247,-0.569,1.362,-1.065,-0.363,-1.065,1.362,0.32,0.32,-0.247,0.32,-0.247,-0.388,0.32,1.362,0.357,0.32,-1.065,1.362,-0.363,-1.065,-1.065,0.357,-1.0840612904820681,-0.363,-0.3798667652245208,-0.235,-0.569,-0.247,-1.0355484294537431,-1.0127608996516781,-0.658,-0.3454205110316073,-0.6712067070480623,-0.26368934851312864
2.182,-0.431,-0.805,-0.431,-0.805,2.599,2.182,-0.805,2.599,-0.805,2.599,-0.431,2.599,0.267,-0.392,0.267,2.182,-0.392,2.182,2.182,-0.392,2.182,0.267,0.305,-0.552,-0.805,2.599,-0.431,-0.431,-0.465,2.599,2.599,2.599,-0.392,-0.392,-0.465,-0.552,-0.392,0.305,-0.805,2.599,2.599,0.267,0.24293360559236385,-0.431,0.305,0.27999742084363816,2.599,2.182,-0.465,0.0,0.2961933691452176,2.171049626789117,-0.48126916979791856,0.2929379413108115,-0.392,-0.40666129033483256,-0.3715430111715359,0.33643520106438707,2.2192364953269954,-0.805
1.285,-0.694,-0.694,2.054,0.932,1.285,0.022,0.932,1.285,0.379,1.285,-0.666,-0.937,-0.113,-0.666,-0.113,-0.666,-0.666,0.379,-0.694,-0.937,-0.694,-0.666,0.379,2.054,-0.937,-0.61,2.054,-0.61,1.285,-0.694,0.932,-0.937,-0.113,-0.666,-0.937,2.054,0.932,1.285,2.054,0.022,2.054,-0.666,0.379,2.054,1.285,2.054,0.379,-0.937,-0.61,-0.666,-0.113,2.04582912281684,1.285,2.087204687761091,-0.6795458530332505,-0.12803153698205508,2.122807238564985,-0.694,-0.6229107437317238,-0.5837135693935676
1.254,0.448,0.448,0.938,0.448,0.585,0.166,1.398,1.254,0.448,-0.533,-1.359,0.166,1.398,1.264,1.398,1.398,0.448,-1.359,-0.328,0.938,1.254,-1.359,1.264,-1.359,0.166,0.448,0.166,0.938,1.254,-0.533,0.448,0.448,0.938,-1.359,0.166,-0.328,1.264,1.254,-1.359,1.264,-1.359,-0.328,0.938,0.938,-1.359,0.448,0.166,1.254,-0.533,1.398,-0.328,0.448,0.938,1.264,0.4309953073363201,-1.359,0.47279143433005294,-1.372653193003546,0.15429646835746932,0.194868524947751,0.9241787563864938,0.9521588564469902,1.251964991558874,0.21088367054377813
-0.536,-0.809,-0.809,-1.164,-1.164,0.884,1.319,-1.164,0.883,-0.278,1.159,-0.809,-0.809,1.159,-0.536,1.319,1.159,1.159,1.319,-1.164,0.883,1.319,-0.278,0.922,1.319,1.319,-0.809,0.883,1.319,-0.809,-1.164,0.922,-0.278,-0.278,0.883,-0.278,1.319,1.159,-0.808,-1.164,-0.809,0.883,0.884,-0.808,0.884,0.884,-1.164,-0.536,-0.808,-0.808,1.319,0.922,-1.164,0.9018464019196646,0.921888141469339,0.9798283642124879,0.884,-0.278,-1.1776114785988039,1.159,-1.1492738089448986,1.0140521205791888,1.1416825931822325,-0.809,-1.096599563024764,1.3060882572417873
2.773,2.773,0.425,-0.861,1.242,-1.07,2.773,-1.07,-1.07,1.242,-0.861,-0.636,-0.861,-0.187,2.773,-0.193,1.242,2.773,-0.187,1.242,-0.636,0.504,0.689,0.504,-0.187,0.425,-0.193,0.504,-1.07,2.773,2.773,2.773,-1.07,-0.193,2.773,0.425,0.504,0.689,-1.07,-0.636,1.242,1.242,2.773,0.425,-0.193,0.425,2.773,0.689,-0.193,-0.187,-0.19769696949963025,0.4150202205866306,0.4324260276597793,-0.636,-0.1630390546070121,1.242,-0.861,-0.20525276125189423,2.757902549051147,0.6786279608936413,0.504
-0.965,-0.015,-1.106,-0.985,-1.106,0.466,-0.965,0.874,-0.015,-0.985,0.369,-1.106,-0.941,-1.106,-0.941,-0.015,-0.941,-0.965,-0.985,-0.965,-0.985,0.874,-0.015,-0.941,-1.106,-0.601,0.874,-1.106,-1.106,-0.985,-1.106,0.466,-1.106,0.743,0.369,-0.965,-0.601,-1.106,-0.985,0.369,-0.601,0.466,-0.601,-1.106,-0.941,-1.106,0.874,0.874,0.874,-0.985,-1.106,-1.106,-1.106,-0.965,0.466,-0.015,-1.119193428624541,-1.0742782204768249,-0.978448986980584,0.369,-0.029017906097508248,0.3590928264947552,0.874,-0.941,-0.014374588872456531,-0.985
-0.493,-0.793,-0.454,-0.981,-0.924,-0.924,-0.454,0.045,-0.454,1.515,-0.981,-0.454,1.528,-0.264,-0.793,-0.793,-0.924,1.528,1.515,0.045,-0.924,0.045,-0.981,-0.924,-0.924,-0.493,-0.264,-0.981,-0.454,1.528,-0.793,-0.32,1.528,1.515,-0.981,1.515,-0.924,-0.793,-0.493,-0.454,-0.264,-0.32,-0.493,-0.924,0.045,-0.454,-0.4693684867305626,-0.5106134722623724,-0.42770519923378747,-0.981,0.03703543536665014,-0.9971438084588058,-0.264,-0.9362529915145411,-0.4858717387804886,1.528
-0.721,-1.151,-0.828,-0.828,0.999,-0.971,0.999,-0.971,0.999,-0.28,-0.971,-0.971,-1.151,-0.971,0.999,-0.58,-0.661,-0.58,-0.28,-0.58,-1.151,-1.151,-0.339,-0.661,-0.539,-0.28,-0.828,-0.721,-0.539,-0.339,-0.28,-0.58,0.999,-0.828,-0.539,-0.971,-0.721,-0.721,-0.58,-1.151,-0.661,-1.151,-0.28,-1.151,-0.28,0.999,0.999,0.999,-0.28,0.999,0.9774221680897792,-0.971,1.01784037287936,-0.539,-0.721,-0.661,1.0815886657708964,-0.9850091385283997,-1.151,-0.5522293912353808,-1.1629334948545573,-0.9480704085499803,-0.58,-0.5963722714365749,-1.1411662517827146,-1.1009073106269625,1.1259158148676207
-0.241,0.793,-0.417,-0.451,-0.451,0.298,-0.241,-0.675,1.07,0.298,0.298,-0.25,0.136,-0.417,-0.417,-0.675,-0.451,-0.675,1.07,0.136,1.07,-0.904,-0.675,0.793,-0.451,0.793,-0.904,0.136,0.298,-0.675,-0.451,-0.241,0.298,-0.241,-0.25,0.298,-0.25,-0.904,-0.25,-0.904,-0.241,-0.25,0.793,-0.451,-0.241,-0.904,-0.259847922900708,-0.417,-0.675,0.136,-0.9171643601328391,0.298,-0.25,-0.43317860191364593,-0.22446548666331717,0.793,-0.451,-0.2586259220752619,-0.8585098130421899,-0.39558855556063893,-0.4629548056014229,0.7824778834351779
1.154,-0.005,1.753,1.753,1.081,-0.636,1.753,-0.836,0.844,1.154,-0.636,1.753,0.844,1.081,0.533,-0.836,1.753,-0.636,1.022,1.081,1.154,0.355,1.154,1.022,-0.836,0.533,1.154,1.081,0.355,-0.005,1.154,-0.636,-0.005,-0.836,0.844,1.022,0.533,-0.636,1.753,-0.005,1.022,0.533,0.533,0.844,0.533,1.154,0.533,1.081,1.081,-0.005,1.068959438829131,0.844,-0.836,1.022,-0.0250864218756448,0.8273979043142561,0.533,1.753,-0.8481083245161734,0.8701392130937905,0.004505017483983048,0.355,-0.8210149230357363,0.9134772911146266,0.9639349965806753
-0.885,1.264,1.264,0.843,-0.885,-1.217,1.251,1.251,-0.65,-1.217,0.128,-1.217,-1.217,0.843,-0.743,0.1,-0.885,-0.743,-0.743,-0.885,-0.743,0.128,0.843,-0.885,1.264,-0.743,0.1,-0.65,-0.743,-0.65,-0.65,-1.217,-0.885,1.251,-1.217,-1.217,0.843,-0.65,-0.177,-1.217,1.251,-0.743,-1.217,-0.743,0.128,-1.217,-1.235027974572649,-1.1867027463680075,0.11529375254136556,0.1465912476848278,-0.65,0.843,-1.1488584027377293,-0.6640419833328655,0.8287573656728361,-0.743,1.264,0.876722966338865,0.9097089424365902,-0.885,-0.7500500803834567,0.21276824540382713
1.36,0.932,-0.893,-0.608,1.36,-0.986,0.597,-0.986,0.597,0.932,2.136,1.125,2.136,1.36,-0.893,-0.612,-0.986,-0.725,-0.986,-0.986,0.597,2.136,-0.893,-0.608,0.597,-0.612,0.932,-0.725,2.136,1.125,1.125,-0.986,0.597,1.36,-0.608,0.597,-0.725,-0.612,-0.986,-0.986,0.932,-0.725,1.125,-0.893,0.597,-0.725,1.36,2.136,-0.612,1.36,1.125,2.136,-0.725,-0.7472197119254561,1.3511307618922277,-0.608,-0.6256869347271302,-0.6262791330460512,-0.893,2.1244655295162302,0.597,-0.5873800921609729,0.932,2.150449090950088
-0.685,1.819,1.21,-0.742,-0.685,1.819,-0.742,1.21,0.411,-0.232,-0.867,-0.922,-0.685,-0.795,-0.795,-0.867,-0.232,1.819,-0.795,-0.232,1.819,-0.795,1.819,-0.232,0.702,0.702,-0.922,-0.867,-0.742,1.819,1.819,1.21,-0.922,-0.922,-0.922,1.819,-0.867,1.819,-0.795,-0.867,-0.232,0.702,0.702,-0.867,0.702,-0.867,-0.867,-0.685,0.702,-0.685,-0.922,-0.795,-0.232,-0.742,-0.867,-0.24705842445158455,-0.1994600740691977,-0.8095738590780576,-0.16495760732257164,1.819,-0.685,1.7972007520930489,1.819128093553985,-0.8840604745998113,1.8436273201820352,1.21,0.702,0.411,-0.7519144030793751,1.8888496714868799,-0.6992142227750648
-0.519,-0.587,-0.93,-0.93,-0.712,-0.587,0.363,-0.211,1.401,-0.93,-0.625,1.401,0.363,-0.211,-0.712,-0.519,-0.93,-0.93,-0.519,1.401,1.401,1.241,1.241,-0.211,-0.93,-0.519,-0.211,-0.587,-0.93,-0.519,1.241,0.363,-0.625,1.401,-0.587,-0.93,-0.93,-0.712,-0.519,0.363,-0.712,-0.211,-0.712,1.401,-0.587,-0.211,-0.519,-0.211,-0.712,0.0,-0.023766280535184092,1.241,-0.587,-0.625,1.2245924879535355,0.0005629634752647335,1.401,-0.724266615795086,-0.5296828592860047
0.56,-1.211,0.56,1.344,2.055,-0.935,-0.935,2.055,0.051,2.055,0.051,-0.935,-1.211,2.055,-1.074,-1.074,0.881,0.881,-1.074,-1.211,-1.211,0.881,2.055,0.051,0.881,-0.406,-1.074,0.881,0.56,2.055,0.411,0.051,0.411,1.344,2.055,-1.074,-1.211,-0.935,-1.211,1.344,-1.074,-0.935,-0.406,2.055,0.051,0.051,2.055,-0.935,0.051,1.344,0.051,1.3276792008052136,0.56,0.03784647299388609,-0.935,2.055,-1.074,-1.0873086438789177,-1.211,1.3690580660030596
-0.75,-0.755,-0.75,0.158,-0.837,-0.18,0.157,-0.837,-0.724,0.157,-0.75,-0.18,1.947,0.157,1.947,0.158,-0.236,1.947,1.947,-0.837,-0.837,-0.75,0.157,0.507,-0.837,-0.75,-0.755,1.947,1.947,-0.18,-0.755,-0.724,-0.18,1.947,0.157,-0.236,-0.18,-0.837,1.947,-0.724,-0.75,0.157,-0.18,-0.19051641168877637,-0.75,0.507,-0.236,-0.755,-0.16331023746584336,-0.7612949190678531,0.158,1.947,-0.24553955021908505,-0.7380413947430419,-0.724
0.246,0.246,0.76,-0.749,-0.924,0.76,0.102,0.246,-0.924,-0.198,0.131,-0.111,0.404,0.131,-1.067,0.102,0.76,0.76,-1.067,0.76,-1.067,0.102,0.246,0.102,-0.198,0.131,-1.067,-1.067,-0.749,-0.924,0.246,-0.749,-0.111,0.102,0.102,0.246,-0.198,-0.198,-0.924,-1.067,-0.749,0.102,-0.924,-1.067,0.131,-1.0807803214212854,0.102,-0.111,0.11778272472150673,0.76,0.16625919446864887,-1.053451567007998,-0.749,0.08690996672354709,-1.0207241941177658,-0.198,0.12207281591113182,-0.980125831173969,0.246,0.7500695177876499
-0.273,-0.753,-1.498,-1.498,-0.835,-0.128,-1.229,-0.544,-1.498,-1.229,-0.235,-1.229,-0.235,-0.544,-1.229,-0.128,-0.382,-0.273,-0.835,-1.498,-1.229,-0.235,-1.229,1.091,-1.229,-0.835,-1.229,-0.235,-1.498,-1.498,-1.498,-0.382,-1.229,-1.498,-1.498,-0.128,-0.544,-0.128,-1.498,-0.273,-1.498,-0.835,-0.544,-0.753,1.091,-0.273,-0.753,-1.229,-0.544,1.091,-1.498,-0.544,-0.544,1.091,-1.229,-0.235,-0.128,-0.273,-0.28756826173447636,-0.5575422814487053,-0.2661845815914785,-0.1418897853112732,-1.2382062770618052,-0.835,-0.753,-1.2089854152200252,-0.8523477468954559,-0.5065748239640032,-0.23062294342535045
-0.716,0.829,0.829,0.15,-0.601,-0.601,0.829,1.403,-0.716,-0.007,1.403,-0.007,0.829,-0.241,0.144,-0.241,0.15,-0.007,-0.716,0.829,-0.601,1.403,-0.601,0.144,0.796,0.796,0.829,-0.191,-0.601,0.796,-0.191,-0.007,-0.601,-0.191,1.403,0.829,1.403,-0.241,-0.601,-0.241,0.796,-0.191,-0.191,-0.716,-0.241,-0.601,0.796,0.796,-0.601,-0.716,1.403,1.3819479623746431,-0.241,0.796,-0.25499732766471145,1.3998244536743443,-0.007,-0.7253452477018386,-0.021025789247832084,-0.601,-0.191,0.7847955420282424,-0.6717808780478925,0.020401501057709968,0.810161077244541,-0.21718731121867532,-0.6138991031392907
-1.029,-0.978,-0.863,1.245,0.461,-0.978,-0.863,-0.978,-0.572,2.215,2.215,-0.835,0.245,-0.978,2.215,0.456,-1.029,-0.835,2.215,0.461,0.245,0.245,-1.029,-0.572,-0.978,1.245,-0.572,-0.835,-0.863,0.461,0.461,-0.978,-1.029,-1.029,2.215,-0.572,-0.863,1.245,-0.835,-0.863,-1.029,-1.029,2.215,-0.978,0.245,-0.572,0.456,-0.5813394735814588,0.44491009335499976,2.215,-0.5454811830314822,-1.029,-0.835,-0.8546110540489427,-0.4926617770870808,-1.0409024936199591,-0.9918991809549034,-0.44180967415397565,1.245
0.65,-0.236,1.093,-0.599,-0.143,-1.11,-0.599,-0.688,-0.143,-1.11,-0.143,-0.599,-0.579,-1.11,-0.362,-0.143,0.65,-1.11,-0.143,1.037,1.093,-0.688,-1.11,-0.236,-0.362,-1.11,-0.579,1.093,-0.599,-1.11,-0.143,0.65,1.093,-0.688,-1.11,1.093,-0.236,0.65,-0.688,-0.579,1.093,1.093,-1.11,-1.11,-0.599,-1.11,-0.236,1.093,1.093,-0.688,1.037,-0.143,1.037,1.093,-0.143,0.65,-0.16269847444140365,1.074604109478158,-0.688,0.6382557381062285,-0.579,1.1179871746126924,1.037,1.0236721989699586,-0.5911637900810051,-0.12734333091808342,0.6820406788703306,-1.11,-0.236,-0.551275193881439,-0.7017914078152306
-0.084,-1.356,-1.158,-1.356,0.454,-0.521,-0.521,-1.158,-1.158,-0.084,-0.989,-1.158,-0.798,-1.356,-0.084,-0.989,-0.521,-1.356,-1.158,-0.098,-1.356,-1.356,-0.084,-0.989,-0.989,0.469,-0.989,-0.798,-0.521,-1.158,-0.798,-0.216,-1.356,-1.356,-0.989,-0.216,-0.798,-0.098,-0.216,-0.216,-0.216,-0.798,-1.356,-1.356,-0.098,-1.356,-1.3669696496308272,-0.216,-1.158,-0.521,-0.22682433045663672,-1.3087393555645284,0.454,-0.18059898718535394,0.4420978374655867,-1.2760408272545856,-1.1706941172911736,-0.798
-1.334,-1.247,-0.866,-1.016,-1.247,1.53,0.338,-1.016,1.53,-1.247,-1.334,-1.016,-0.866,-1.334,0.037,-0.866,-0.866,-1.016,-1.334,-1.334,-0.866,-1.334,-1.016,-0.866,-0.866,-0.661,-0.866,-1.247,-1.016,-1.334,-0.521,-0.673,-1.247,0.338,-1.016,-1.016,-0.521,-1.247,-0.673,1.53,-1.247,-0.866,-0.661,0.037,-1.016,1.53,-0.866,-1.247,0.037,-1.016,0.338,-1.247,0.037,0.3182022941275735,0.3597397000826805,-1.334,-1.3467671904507876,-1.0270039295740943,-1.3085692192792333,-0.673,-1.2619688303512666,-0.521,1.53,-0.6863929236840952
-0.691,-0.691,0.0,-0.932,0.271,0.271,1.699,-0.691,0.271,1.699,-0.488,0.271,-0.915,1.699,-0.899,-0.932,-0.915,-0.488,-0.915,1.699,0.951,-1.109,0.951,0.0,-1.109,1.699,0.951,0.951,-1.109,-0.932,-1.109,-1.109,-0.915,-0.899,-1.109,-0.899,0.951,0.951,-1.109,0.271,-1.109,-0.932,-0.488,0.951,-0.932,1.699,-0.899,-1.109,-0.899,-0.932,-0.899,0.0,-0.9180624705204972,-1.109,1.699,-0.691,-0.7095941411823841,-0.6835496401155776,1.6858391212788706,-1.126888871897004,-1.0792786562084342,0.951,-0.915,-0.9401044211068019,-0.6685663154617394,0.9365536136564755,0.9570146731662131,-0.488,1.7244124359845614
-0.983,-0.54,-0.81,0.424,-0.54,-0.423,0.661,-0.717,-0.54,-0.717,-0.983,-0.54,-0.423,-0.54,0.661,-0.983,-0.54,-0.54,-0.496,-0.81,-0.54,0.661,0.661,-0.398,-0.81,-0.983,0.661,-0.54,-0.983,-0.54,-0.496,-0.496,-0.143,-0.54,-0.54,0.661,-0.54,0.661,-0.81,0.661,-0.398,-0.717,-0.54,-0.983,-0.398,-0.398,-0.496,-0.717,-0.143,0.424,0.661,-0.496,-0.7269800017858055,0.6436559894288939,-0.5073859423498156,-0.423,-0.398,-0.4157178368984681,-0.81,-0.15750509534181928,-0.120269212398825,0.41011864127164144
-0.068,-0.068,-0.903,-0.432,-0.903,1.437,-0.36,-0.068,1.437,1.437,-0.328,0.616,-0.068,-0.328,1.437,-0.903,-0.36,-0.903,-0.328,-0.328,0.764,-0.328,-0.068,-0.733,-0.36,-0.36,1.334,1.437,-0.432,-0.432,0.616,-0.36,-0.328,1.334,0.764,-0.36,-0.733,1.334,1.437,-0.068,1.437,-0.432,0.616,-0.733,-0.903,1.437,-0.36,1.334,-0.432,1.426563050334582,1.3226381619846377,-0.37707686462314094,-0.068,1.3505222639735093,1.4377151085576294,1.3924023571469843,-0.08295499944057345,-0.04536515540689239,0.616,0.764,-0.9147763149714837,-0.006119070053275267
-0.861,0.81,-0.67,-0.861,-0.67,0.747,0.747,-0.861,-0.861,-0.638,-0.638,-0.87,-0.67,-0.068,-0.068,-0.638,0.747,-0.068,0.81,0.747,1.166,-0.67,0.81,-0.671,0.81,-0.67,-0.87,-0.861,-0.671,-0.228,-0.638,0.747,-0.638,-0.67,-0.861,-0.638,1.166,-0.87,1.166,0.747,-0.87,0.747,-0.67,0.81,0.7901736652474166,-0.671,0.747,-0.87,-0.8872023945259003,1.166,-0.228,-0.67,-0.2444930486344218,-0.871512914143833,0.7333429389077043,-0.8140851167452362,-0.638,-0.7646280659712429,-0.6841570740468879,0.7726035080505577,1.1523104211715713,0.8192124046428901,-0.6497213509512737,-0.6512397856315377,0.8280619969413232
-0.605,-1.286,-0.297,-0.137,-1.286,-1.286,-0.58,-1.286,-1.087,-0.58,-1.286,-1.286,-0.297,-0.605,1.723,0.164,0.1,1.723,0.1,1.723,-1.286,-0.297,-0.58,1.723,-1.087,-1.286,-0.297,0.1,0.1,-1.087,-0.605,-0.58,0.1,-1.087,0.164,-0.297,-0.58,-0.58,-1.087,-1.087,-0.58,0.1,-0.605,-1.286,-0.6196315500704616,-1.3046494574230936,-1.2643651925955177,-0.137,1.723,-0.6002608200189616,-0.15563894309262405,-0.58,-0.297,-0.11951347365179975,-0.5924323107847687,-0.5590309564238536,0.164,-1.087,1.714981786336702,0.0
0.498,-1.189,0.498,-0.861,1.33,-0.861,-1.113,0.498,-0.188,0.498,1.364,-1.189,-1.189,-1.113,-1.189,-0.51,-0.51,1.364,-1.113,-0.188,1.33,-0.188,0.498,0.498,-0.861,-0.51,-0.51,-1.189,-1.113,-0.188,0.498,1.364,-1.189,0.498,1.33,-1.113,1.364,-0.861,-0.188,-0.112,-0.51,0.498,1.364,-1.113,0.101,0.101,-0.51,0.498,1.33,1.33,-0.188,-0.861,-0.8774456202392871,0.498,1.364,1.34746910311762,-0.112,-0.51,1.33,1.400205646952637,-1.113,-1.1263457989464416,1.4449789533848514,-0.8147803234505996,-1.189
-0.809,0.998,-0.514,0.708,-0.735,-0.888,-1.246,-0.691,-0.809,0.096,-0.514,0.998,-1.246,0.708,-0.735,-1.246,-0.727,-0.691,-0.735,0.096,0.708,0.708,-1.246,-1.246,-0.888,0.708,0.096,0.096,-0.514,0.998,-0.514,0.096,-0.888,-0.727,-0.735,-0.735,-0.809,-0.809,-0.514,-0.809,-1.246,-0.809,-0.727,-0.888,-0.514,-0.888,-0.809,0.096,-0.9016139408070292,-0.727,-0.8721699974534795,-0.7464142738319353,-0.8199488104886614,-1.246,0.998,-0.691,-0.514,0.708,0.983559869065827,-0.8296413562765624,-0.7765006238397602,-0.6818997920091502,-0.7064731376998322,-1.257745319716362,-1.2289824649086354
-0.514,-0.514,-0.538,-0.88,1.228,-0.88,1.228,-0.88,1.231,0.784,-0.88,1.231,-0.434,1.401,-0.514,1.228,1.646,-0.514,1.228,1.401,1.231,0.784,0.784,1.646,-0.88,0.843,-0.514,-0.434,1.646,-0.434,-0.514,0.784,1.231,-0.538,0.784,0.784,0.843,-0.434,0.843,0.843,0.784,-0.538,1.228,1.401,0.784,1.231,1.401,-0.88,-0.88,1.646,-0.514,0.784,1.228,1.231,1.2097370685720172,1.2396697569083353,-0.88,1.646,0.7700133193885579,-0.8966487840625079,1.6339442538209952,1.6756154071135614,1.2186836376724761,0.8028906627912703,0.8304262216970719,0.8792599783904825
0.062,0.979,1.067,-0.724,0.628,2.266,0.979,1.317,0.628,2.266,1.067,2.266,-0.272,0.062,-0.669,-0.349,1.067,-0.724,-0.669,1.317,0.628,0.979,-0.272,2.266,2.266,-0.272,1.317,0.628,2.266,1.067,-0.349,1.317,1.317,-0.272,-0.724,-0.669,0.628,0.062,0.062,1.317,0.628,-0.272,0.628,2.266,-0.724,0.979,-0.669,-0.349,1.067,2.266,2.2505536808350324,1.317,2.282107472146409,0.9692855310996167,1.3084896648715205,1.3443273566735015
-1.024,-0.148,0.731,0.731,1.848,-0.816,-1.01,0.65,0.731,-1.01,-1.066,-1.024,0.65,-0.316,-1.066,1.848,-1.024,0.731,-1.066,-0.148,-0.816,-1.024,0.65,0.731,-1.066,-1.01,1.848,-0.041,-0.041,0.65,-1.024,-1.01,-0.148,-1.066,-0.041,-1.024,-1.01,0.731,-1.066,0.731,1.848,-1.01,-1.01,-1.066,-1.066,-1.024,-1.066,0.731,-0.041,1.848,1.848,1.848,-1.01,-1.066,-0.816,-0.148,-1.066,-1.01,-1.024,1.848,1.835176756919594,-1.066,-0.041,1.8843152438290232,1.9411780677861008,1.9448209663712979,-1.0750118227414474,-1.0377321671726296
-0.265,-0.313,-0.73,0.994,-0.313,-1.041,0.084,-0.402,-0.73,0.084,-0.402,-1.041,0.24,0.24,-0.402,-0.313,-0.402,0.994,1.116,0.994,-0.73,-0.495,-0.313,-1.041,-1.041,-0.73,-1.041,0.084,0.24,-0.313,-0.265,-1.041,0.24,-0.495,-0.265,-1.041,0.084,-0.495,1.116,-0.313,0.994,-0.265,0.084,0.994,-0.402,-0.402,0.084,1.116,-0.313,-0.73,-0.495,1.116,0.24,-0.402,0.084,-1.041,-0.41226888539440915,-0.7395229453617946,0.22568397861224068,0.27404007584360135,-0.6887883920032123,-0.313,0.07055059543140622
-0.688,0.351,1.782,-0.747,-0.747,1.782,0.351,-0.798,-0.688,-0.706,1.782,-0.739,-0.907,1.782,1.782,-0.907,-0.907,1.023,-0.798,1.782,0.136,-0.688,-0.688,-0.798,-0.907,-0.706,-0.798,-0.739,-0.739,-0.688,0.351,-0.747,1.782,-0.798,0.351,0.351,1.023,1.782,-0.907,1.023,-0.747,-0.907,1.023,-0.688,0.136,1.023,1.782,-0.706,-0.747,1.7662538703357442,1.7823222708220992,0.351,1.8026473655762891,-0.798,-0.7597614528954544,1.023,0.136,-0.7118060873293026,-0.8099593375218964,1.0091683646569565,1.8413821849626675,-0.7165058217477414,-0.688
-1.029,0.909,-1.029,-0.332,1.227,1.227,1.11,1.227,1.446,-0.537,1.446,-0.537,-0.537,1.11,-0.133,1.11,1.11,0.069,0.069,-0.537,1.11,-0.332,1.11,1.11,-0.133,-0.332,-1.029,1.11,-0.98,0.909,1.446,-0.537,0.909,1.227,-0.133,-1.029,-0.98,-0.98,-0.98,-1.029,-1.029,-0.332,-0.537,-0.133,-0.98,-1.029,-0.98,1.11,1.11,1.446,1.227,-0.98,1.207960651752447,-0.332,-0.537,-0.9864101149441485,1.4332651855449712,0.069,-0.34162934052666366,1.4606340250919165,-1.029,1.2607827591161342
-0.93,-0.498,-0.29,0.796,0.396,-0.29,-0.29,-0.999,0.396,-0.749,0.301,0.959,-0.93,0.396,-0.93,0.301,0.959,0.391,0.396,0.796,-0.999,0.396,-0.749,-0.93,0.796,-0.749,-0.29,0.391,0.796,-0.29,-0.749,-0.999,-0.93,-0.93,0.796,0.301,-0.749,-0.498,0.396,0.301,0.796,-0.999,0.396,0.301,-0.999,0.396,-0.749,-0.999,0.396,-0.29,0.959,-0.93,0.391,0.301,-0.29,-0.749,-0.9452848806858208,-0.7606584696631,0.396,0.796,0.38136744237135145,-0.498,-0.7173053901818991,-0.6600991472279465,0.9524602807934286,0.28922672363495794
-0.379,-0.013,0.549,-0.379,-0.264,-0.652,0.549,-0.379,0.179,-0.652,-0.379,1.032,1.032,-0.652,0.721,-0.013,0.041,-0.565,0.721,-0.565,-0.565,0.549,-0.013,-0.379,-0.013,0.549,0.549,-0.379,0.041,-0.379,0.179,-0.652,0.179,-0.379,-0.264,1.032,0.179,1.032,-0.652,0.549,0.179,0.17068424507867752,0.721,-0.013,-0.03517286539897237,0.041,-0.379,1.032,0.024199420401610817,-0.652,0.549,0.5348090202137366,-0.565,0.7077134218467265,-0.5757673435267113,-0.38952518233088723,0.2234577064262622
0.279,-0.159,-0.538,-0.683,1.864,1.193,1.864,0.279,-0.364,1.5,-0.364,1.864,-0.683,0.279,0.32,-0.364,1.864,-0.683,1.5,1.5,-0.538,-0.683,1.864,0.279,1.193,1.5,0.32,1.193,0.279,0.32,-0.683,-0.159,0.279,0.279,-0.869,-0.159,1.5,1.193,1.5,-0.869,1.864,1.864,-0.683,-0.683,-0.683,-0.869,-0.869,1.193,1.5,-0.538,1.193,0.32,1.193,-0.159,0.32,-0.538,-0.5565367609182761,-0.17445811742521797,-0.15176883933345323,-0.13471058022845625,1.1787952627400538,-0.683,-0.869,-0.5373056587995787,1.2078063363606015,-0.8819928030424329,0.30852973738843464,0.279,1.864,1.8495991115859793
-0.864,0.177,-0.864,0.177,-0.754,0.177,-0.754,-0.754,-0.312,1.876,-0.631,-0.864,-0.864,-0.754,-0.754,0.177,1.876,-0.607,-0.754,1.876,1.876,-0.864,-0.42,1.876,-0.42,-0.607,1.409,1.876,-0.607,-0.631,1.409,-0.312,1.409,0.177,-0.42,-0.607,0.177,1.876,1.409,1.409,0.177,-0.42,1.409,0.177,-0.754,-0.7706234956299884,0.1615463730825876,-0.42,-0.864,0.177,-0.7432723239538999,0.1579703685933113,-0.720620898053034,-0.631,-0.6378003194529455,0.18041646114486848,0.19338598342992058,0.20000334547311366,0.24956764065252174
1.505,-1.045,-0.993,-0.982,-1.17,-1.17,-1.045,-0.488,0.733,-1.045,-0.913,0.733,-1.17,-0.913,1.505,-0.993,1.505,1.505,-0.094,-0.993,-0.913,-1.045,-1.17,-0.913,-0.107,-0.982,-0.982,-0.913,0.733,-1.17,-0.982,-1.045,0.733,-0.107,0.733,-1.045,-0.982,-0.488,-0.993,1.505,-1.045,0.733,-1.17,-0.993,0.733,-1.045,1.505,-0.913,0.733,-0.107,-0.993,-0.982,-1.045,-0.982,-1.0603677966791076,-0.094,-0.107,-0.993,1.505,-0.11153994695665491,0.733,-0.913,-0.9961273302135272,1.489533250728236,-0.9298032518092759,-0.06811394795954627,-1.018485825992306,-0.9657436024109683,-1.17
-0.374,0.406,-1.317,0.406,-1.317,-0.319,-0.319,-0.712,0.406,-0.998,0.545,-0.712,-1.317,-1.317,-0.998,-0.998,1.029,-1.317,0.545,1.029,0.406,1.029,0.545,-0.998,-0.712,-0.998,0.406,0.406,-0.998,0.443,0.48,1.029,-0.319,-1.317,-1.317,0.545,0.406,-0.712,-0.998,0.406,0.48,-1.317,-0.998,-1.317,-0.998,-1.317,-0.319,-0.319,-0.998,-1.317,-0.712,-0.712,-1.317,0.443,-0.319,-0.33400966608588833,-0.7243151901282724,-1.3265551896744592,-0.374,-0.30530074142045216,-0.6988979709410702,-0.998,-0.26931054902528806,-0.22559023644420267,-0.3880947596202644,-0.35820022027786774,-0.6694731135849853
-0.732,2.222,-0.767,-0.767,0.937,-0.805,0.184,0.937,-0.467,1.123,0.236,2.222,-0.334,-0.732,-0.334,2.222,-0.732,2.222,2.222,-0.767,2.222,-0.805,0.184,-0.767,-0.334,0.184,-0.767,-0.767,0.937,1.123,-0.732,0.236,0.184,-0.334,-0.805,1.123,0.184,-0.467,0.184,1.123,0.236,0.236,-0.467,1.123,0.184,-0.767,0.937,-0.732,-0.767,-0.805,-0.767,2.222,2.205817001163582,-0.334,2.247269553264391,-0.3454672110918349,-0.7829190971020811,1.123,-0.7606415286461972,-0.7330298754959381,0.236,-0.467,2.277703852452888,2.303567171099039
-1.111,2.748,-1.111,1.672,-1.208,1.672,1.388,0.772,1.388,-1.126,-1.126,-1.111,-1.126,-1.126,-1.208,1.516,-1.126,1.516,1.672,1.672,1.672,-1.208,0.616,1.672,2.748,2.748,0.772,1.516,2.748,-1.208,-0.427,1.388,0.772,2.748,2.748,-1.126,0.616,-1.208,2.748,-1.126,-1.126,1.516,-1.208,-1.111,2.748,0.616,-1.126,1.516,-1.126,1.516,-1.111,0.772,2.748,-1.208,0.772,2.748,-1.111,2.748,0.616,2.748,1.672,-1.111,1.388,1.516,0.616,-1.208,-1.126,-1.1436024302284329,-1.2165586471861631,2.748,0.772,0.757956261516385,-1.175711100306112,0.6030289091711248,2.7370237875912107
-0.129,-0.129,-1.264,-1.264,-1.264,0.356,0.518,-1.264,-0.847,-1.017,0.518,0.518,-1.264,-1.264,-1.017,-1.017,-0.735,0.356,-1.264,-0.847,-0.735,0.356,0.356,-0.129,-0.376,-0.769,-0.769,0.356,-0.76,-0.847,-1.264,-0.769,-0.769,-0.76,-0.76,-0.769,-1.264,-1.264,-1.017,0.518,-1.017,0.518,-1.017,0.518,-1.264,0.518,-0.735,-0.769,-0.76,-0.735,-0.129,0.356,-0.14656300632821903,-1.017,-0.7752163320712501,-0.7744058994360629,0.3404196727676856,-0.7220249928305469,-1.264,-0.10634402580383065,-1.0318136753572043,-1.0018682664041993,0.518,-0.7483316558842307,-1.272555013216218,-0.7613525106475268,-1.2443340323205996,0.3959098629314273,-0.847
-0.135,-0.702,-0.24,1.545,-0.702,-0.135,1.236,1.545,1.545,0.972,0.17,-0.702,1.545,0.17,1.236,0.972,-0.135,0.17,-0.298,0.17,0.17,0.17,0.17,-0.702,-0.24,-0.298,-0.24,-0.534,1.236,1.545,0.17,-0.24,-0.702,0.972,0.439,1.545,-0.24,0.972,1.236,-0.534,0.972,-0.702,-0.702,1.545,0.972,1.236,1.236,-0.298,-0.702,-0.702,0.439,-0.24,-0.2570469005398746,0.17,0.4251246773525825,0.972,0.9607072275230396,1.236,-0.534,-0.21279975899722442,-0.5462121850453893,-0.176301793534015,-0.1359150550137297,-0.298,0.15605548926112742,0.1984088750846303,-0.09294285411967977,1.2204160342377672,-0.05119108293023293
1.776,-0.777,-1.057,1.341,-0.777,-0.825,-0.914,-0.914,-0.825,1.341,-1.057,-1.057,0.018,-1.057,-0.825,-1.057,-0.777,0.201,0.018,0.018,1.776,-1.057,-0.914,0.725,-1.057,1.341,-0.914,-0.914,1.341,0.201,-0.825,0.481,0.725,-0.777,-0.914,0.725,0.725,-1.057,-0.777,-0.825,1.776,1.776,-0.777,1.341,-0.777,1.341,-0.825,0.725,1.341,-1.057,0.018,-0.825,-0.914,-0.777,-0.8394548410519008,-0.8195317303063712,0.481,-1.0688197912516277,0.201,0.1794127215286198,0.725
-1.272,-0.883,0.545,-0.883,0.599,0.194,1.258,1.334,0.194,-0.883,1.258,1.334,0.194,-1.272,-0.431,1.258,-1.272,0.599,-0.883,-0.883,-0.883,1.258,-0.857,0.599,0.599,-0.857,-1.272,-0.431,-0.431,1.258,0.599,-0.883,1.566,-1.272,1.258,0.194,1.334,-0.431,1.258,-1.272,-0.431,-0.857,1.566,1.258,1.566,-1.272,-1.272,0.599,1.258,1.334,0.545,-0.857,1.566,-0.431,1.258,1.2416840839628793,0.599,-0.4466893819927557,1.2755511947656597,1.566,0.545,1.549163026829885,1.596949893682452,1.328477891303397,-0.857,-0.883,-1.272,1.361469298496868,1.6304801995859364,1.3884146692485837,0.5881489470934802
-0.351,0.232,0.06,0.956,0.08,0.08,0.363,1.281,0.363,-0.742,1.081,-0.742,1.081,0.363,0.06,0.363,0.821,0.232,0.821,0.363,0.232,0.08,0.232,1.081,0.821,0.232,-0.742,0.821,0.956,0.956,0.363,1.081,0.821,0.232,0.821,1.281,-0.742,0.363,0.363,0.08,0.821,0.08,0.821,0.232,0.08,0.821,0.956,0.08,0.06,0.043492461676005095,-0.742,0.0684750467928903,0.363,-0.351,1.081,-0.7481794710721142,1.281,0.956,1.065982938366777,-0.720323184465332,1.1191178374957158,-0.7033723731129069,0.07294525256383388,0.821
-0.792,1.39,-0.013,0.14,2.029,0.029,1.39,2.029,1.39,0.14,1.39,0.029,0.027,-0.257,2.029,-0.529,-0.792,-0.529,2.029,-0.529,0.14,-0.257,2.029,-0.529,-0.013,-0.257,0.027,1.39,0.14,-0.792,0.14,-0.013,-0.792,1.39,0.14,1.39,-0.792,0.029,-0.283,-0.283,-0.529,0.027,1.39,0.14,-0.792,-0.257,-0.8049712280258676,2.029,0.029,-0.013,-0.036495483593504324,-0.7672047159925124,2.014848667798782,-0.529,0.027,2.0379383615239153,-0.010975022107649564,-0.7275652562019224,0.12249166826937066,0.02012997308835954,0.17377957960149998,-0.283,0.019035807357538154,0.03337286561273964
0.02,0.283,-0.456,0.02,-0.258,0.901,-0.258,-0.624,-0.258,0.283,-0.375,-0.624,-1.296,0.02,-1.296,1.121,-1.296,-0.456,1.121,1.121,0.901,0.02,-1.296,-0.375,-0.375,0.02,0.02,0.283,-0.375,-1.296,0.02,-0.624,0.283,-0.441,-0.441,-0.624,0.02,-0.624,-1.296,1.121,-0.624,-0.258,0.901,0.02,0.02,-0.258,-1.296,0.283,-0.375,-0.456,0.283,-0.375,-1.296,1.121,-0.624,-0.441,0.2746915959001979,-1.3110681665450454,-0.640344478015651,0.02,-1.2872638878006277,0.901,-0.258,-0.47054497629955505,0.8873140826289785
1.545,1.492,0.331,1.492,0.331,-0.435,1.492,1.492,1.492,-0.077,0.81,1.304,-0.435,1.492,0.331,0.588,0.588,-0.435,0.81,1.492,0.588,1.304,0.588,0.588,0.331,-0.077,0.588,0.331,0.588,0.588,1.492,1.545,0.588,-0.927,1.492,1.304,0.81,-0.435,1.492,0.588,-0.927,0.331,-0.077,-0.927,-0.435,-0.927,1.545,0.43,-0.077,0.81,1.545,0.331,-0.077,1.492,-0.435,1.4779550766454606,-0.077,0.331,0.3149176888388461,0.43,0.3340190568199666,-0.08996769470286688,-0.444274164412771,1.304,0.588,0.4146196208079675,1.293558171209156,1.545,1.3189947298452596
-0.947,-0.946,-0.946,-1.118,1.231,-0.946,-1.118,0.401,0.917,-1.118,-0.947,1.231,0.862,1.231,-0.946,0.917,1.378,-0.779,0.905,0.401,0.862,-0.779,1.378,-0.946,-0.947,-0.779,0.905,0.917,-0.779,-0.779,-0.779,-0.779,-0.779,1.378,-1.118,1.231,-0.947,1.231,-0.779,-0.947,1.231,-1.118,1.231,1.378,0.862,-1.118,0.905,0.862,0.862,-0.946,-0.947,0.862,-0.779,-0.947,0.401,0.3860893340432062,0.862,-1.118,0.4054764168729346,1.378,1.231,0.917,0.8505469733762447,1.2167815677849818,0.4515567341588165,-0.9578570796264912,-0.9194545122109472,-0.779,-0.946
0.094,-0.524,-0.591,-0.39,-0.524,-0.623,-0.591,0.826,0.826,-0.16,-0.395,-0.623,-0.16,-1.04,-0.39,0.826,-0.623,0.826,-0.39,1.563,0.094,-1.04,-0.623,-0.623,-0.39,0.826,1.563,-0.623,1.563,-0.39,-0.591,-0.16,-0.591,1.563,0.826,1.563,-0.591,-0.591,1.563,1.563,-0.39,-0.39,-0.16,1.563,-0.591,-1.04,-1.04,0.094,-1.04,1.563,-0.524,-0.623,-0.642746318686253,-0.39,-0.5393018773334305,-0.591,-0.5903002799717986,-0.16,-0.17789017022108858,0.094,-0.4008614008602318,-0.47206269184439065,-0.16212779195488558,-0.5733236171506038,-0.5299020343716984,0.0810260726755859
-0.521,-1.266,-0.361,1.453,-0.216,1.453,-0.958,-1.266,0.431,1.453,1.453,-0.958,-0.216,-1.266,-1.266,-1.266,-0.521,-0.685,-0.521,-1.266,-1.266,0.976,0.976,-0.958,-0.521,-0.713,-1.266,-0.216,-0.361,-0.958,-0.713,-0.958,-0.216,0.976,-1.266,-0.685,-1.266,1.453,-0.958,-0.521,-0.521,-0.361,0.976,-0.713,-1.266,-0.713,-0.958,0.431,-1.266,-0.216,1.453,-1.2799276889496587,0.41590337374184855,-0.521,-1.245510661477531,-0.22955762793124687,-0.713,-0.7388957240875476,1.4347133186609646,-0.685,0.4501369871791823
0.205,-1.255,-1.255,-1.132,-0.981,-0.981,0.294,-0.981,0.479,-1.255,-1.132,0.294,0.01,-1.132,-1.132,0.479,-1.132,-0.981,-0.525,-1.255,0.01,0.449,-1.132,0.01,-1.132,0.479,-1.255,-0.484,-1.132,-0.484,0.294,-1.132,-0.525,-0.525,-0.981,0.479,0.294,-1.255,-1.255,-0.484,-0.981,0.205,-1.255,0.01,0.205,0.449,-0.981,-1.132,-0.9926095905238216,0.294,-0.525,-0.5359673094667934,-0.4846214359200454,-0.9401160229746778,-0.484,-1.1444886264885703,0.27920616924821035,-0.884311424136925,-0.8524552287382076,-0.4970921640412187,0.44110557550136936,-0.8298885907741885
-0.737,1.953,1.319,-1.134,2.021,1.953,-0.461,2.021,-1.134,-0.66,-0.985,2.021,-0.737,-0.461,-0.392,1.953,1.319,-1.134,1.953,-0.737,1.319,-0.985,-0.411,-0.985,-0.461,-1.134,2.021,-0.66,-0.66,1.319,2.021,1.953,-0.411,1.953,-1.134,1.319,-0.985,1.953,-1.134,2.021,2.021,1.953,2.021,-1.134,1.319,2.021,-1.134,-0.985,-0.737,-0.392,1.306087401594663,-0.411,-0.42973241277023744,-0.4060655241172203,2.007621081251758,-0.66,-0.7465690920792017,-0.7002860145342875,2.018373520655474,-0.3629487351461863,2.054739713768445,-1.1440553149790167
0.014,-0.912,0.833,0.272,0.554,-0.912,-0.912,0.833,0.964,-0.912,-0.539,0.833,-0.342,-0.539,0.554,-0.342,0.554,1.458,0.014,0.833,0.272,-0.912,0.014,0.554,1.458,-0.814,0.964,0.554,-0.342,1.458,-0.814,0.964,0.964,0.964,0.833,-0.814,-0.814,-0.814,1.458,0.014,1.458,-0.814,0.964,-0.342,-0.814,-0.912,0.833,-0.814,1.458,-0.342,0.272,0.2445910514114272,0.2786884092657589,0.014,1.4459840057914166,0.964,-0.539,0.554,0.5318693480034218,1.4638766660768752,-0.35552348199917005,0.31768906226023114,0.3481754625222605
-1.015,-1.2,-0.938,0.087,-1.2,1.099,-0.938,-0.938,-0.938,-1.2,-1.2,-0.938,-0.506,-0.938,-0.707,-0.618,-1.015,-0.707,1.306,0.087,-1.2,1.099,1.306,-0.618,-0.707,-0.938,-0.707,0.087,-0.506,-1.015,-1.015,1.099,-0.707,1.306,-0.506,-0.506,-1.015,-0.506,-0.08,-1.015,-0.938,-0.618,-1.015,-0.707,-0.618,-0.08,-0.506,-0.08,-1.2,-0.938,1.099,-1.2,-1.015,0.087,0.06571703974566387,1.081725679858616,-0.08,-0.618,-0.0912642928542749,-0.6330002643488817,1.306,-1.2182013083982939,-0.5941253568500785,-0.9461185324631759,-0.9242070659386046
1.4,-0.595,-1.009,-1.009,-0.426,-0.385,-0.059,-0.154,-0.595,-1.009,1.4,1.4,-0.623,-0.595,-0.595,-0.385,1.4,-0.059,0.573,-0.595,1.4,-1.009,-0.426,-1.009,-0.154,-0.623,-1.009,-0.154,0.573,0.573,-0.595,-0.154,-0.631,-0.631,1.4,-0.623,-0.595,-0.385,1.4,1.4,-0.631,-0.385,-0.059,-0.059,0.573,-0.385,-0.426,-0.154,-1.009,-0.07281184010662094,-0.595,-0.16641605043022897,-1.0204479795642023,-0.631,-0.036884322358246,-0.031725125027321874,-0.623,0.02025305665572808,-0.6353628091451154,-0.14513195702450732
0.244,-1.058,0.754,-1.058,-1.058,0.16,-0.492,-0.412,-0.412,-0.412,-1.058,0.16,0.16,0.16,0.16,0.16,0.084,0.754,0.871,-0.412,-0.412,-0.492,-0.202,0.754,-0.202,0.871,0.084,0.754,-0.492,-0.202,0.403,0.871,-0.412,0.16,0.244,-1.058,0.16,0.084,0.871,-0.492,0.871,-0.202,0.8511942351381793,0.754,0.403,0.8945939811519202,-1.058,0.918248686807474,0.9376205951640558,-0.2164667236973853,0.084,-1.0742446741683451,-1.0481614200451441,0.3949097551434103,0.06430954552086093,-0.16039711758393532,0.9769874328901089,0.244,-0.412,0.7474061399620913,0.16
0.005,-0.888,0.717,0.717,-0.545,-0.888,-0.545,-0.545,-0.545,1.571,0.005,-0.545,-0.274,1.571,-0.287,1.571,-0.287,-1.317,-0.287,-0.274,-0.287,-1.189,-0.873,-1.317,1.571,-0.274,-0.873,-0.274,-1.317,-0.545,-1.189,-0.545,-1.317,-1.189,-0.274,-0.545,-0.888,-1.317,-1.189,1.571,-0.873,-0.545,-1.189,-0.287,-1.317,-0.287,-1.317,-0.545,-1.189,-0.545,-0.873,-0.545,-0.888,-0.888,0.005,-1.317,0.005,-1.189,-0.888,-1.2052787927038124,-0.873,-0.8995083821011536,-0.8899709855733811,-0.8683071290060153,-1.317,-0.287,-1.3347260374051721,-0.8469805216599257,-1.158279397331355,-1.295015827250237,-0.81731367195987,-0.545
-1.364,-0.218,1.42,-0.218,-1.364,-1.364,0.853,-0.756,-1.364,-0.724,-0.756,1.527,-0.218,1.42,-0.756,-0.725,-1.364,1.527,-0.668,-0.724,-0.218,1.42,-1.364,1.527,1.527,1.527,-1.364,0.853,-0.756,-1.364,-0.725,-1.364,-0.668,-0.668,1.527,-0.725,-0.724,0.357,-0.725,-0.668,-0.725,0.357,0.853,-0.668,1.527,-1.364,0.853,-0.724,-0.218,-1.364,1.42,-0.756,-0.725,1.527,-0.7436534785477915,0.853,0.357,-0.668,-1.373578361317139,1.5130094882208414,-0.724,0.34598825140919515,-0.7340957456464846,-1.3224733197731808
1.606,1.606,-0.886,-0.101,-0.886,-0.494,1.617,-0.886,0.815,-0.28,0.01,0.815,0.815,1.617,1.617,-0.494,-0.886,1.001,1.001,0.01,-0.367,1.617,-0.28,1.617,1.001,0.815,-0.494,1.606,1.001,-0.886,-0.886,-0.886,-0.367,-0.367,0.01,1.001,1.001,1.001,-0.101,-0.494,1.606,1.606,-0.367,0.815,-0.367,1.001,0.01,-0.28,-0.886,0.815,-0.101,0.8010036244742222,1.606,-0.111837707864088,0.0008488745417667767,-0.2887405702638851,0.8348805267120186,0.8545330519358572,-0.494,-0.23565400423437913,1.617
1.068,0.733,1.322,-0.496,-0.327,1.322,-0.756,-0.909,-0.909,-0.565,-0.327,-0.877,0.733,-0.565,-0.327,-0.756,-0.565,-0.496,0.002,-0.496,-0.327,1.068,-0.877,-0.909,0.002,0.733,-0.565,0.002,0.733,-0.327,-0.877,-0.327,1.322,1.322,-0.327,0.733,-0.909,-0.756,-0.877,-0.756,-0.909,-0.756,-0.327,1.068,-0.756,-0.756,-0.327,-0.877,-0.7710566870189266,-0.909,-0.7441938856783857,1.322,1.068,-0.3345437759708852,-0.3050448097677248,-0.2701590663409346,-0.565,-0.9246800747127181,1.0570186074244587
-1.156,-1.156,1.155,-0.382,-0.382,1.155,0.325,-1.029,-0.424,1.026,-0.424,-0.901,-1.029,0.711,0.711,-1.029,-0.901,1.155,-0.614,0.325,0.711,0.711,-0.901,-1.029,-1.156,1.026,-0.614,-1.156,-0.614,-1.029,1.026,0.711,-0.382,-1.156,-1.029,-0.424,-0.901,-0.382,-1.156,-0.614,-0.424,-0.901,1.026,-0.382,0.711,-0.424,-0.382,-1.156,-1.156,-0.424,-1.029,1.155,-0.901,-0.382,-0.9126794747686098,0.711,-0.8895885242702763,0.6916783378575173,-0.424,0.7243163989362646,0.325,1.026,-0.39438342969112883,-0.3493091954326464,-1.156,0.3111607098065407,1.0078830294092629,0.35899350391391105
-1.015,-1.128,-0.456,-0.456,-1.015,1.326,1.641,1.641,-0.456,0.276,0.276,-0.927,-1.015,0.743,-1.128,-0.311,-1.015,0.743,-0.311,-1.128,-0.311,-1.128,-1.015,-0.456,0.276,-0.456,-1.128,1.641,-0.927,-0.257,1.641,-1.128,0.276,1.641,1.326,-1.128,0.276,-0.311,-0.927,1.326,-0.927,1.326,-0.456,1.641,1.326,-0.927,1.326,-1.128,-0.456,-0.927,-1.015,1.641,-0.311,0.743,-0.4694139485520483,-0.3220388555423385,1.626319841172525,-0.2958870106384404,-0.257,0.276
1.725,0.443,0.443,0.487,0.487,-0.976,0.487,1.725,0.69,1.372,0.443,0.443,-0.976,1.725,1.372,0.487,-1.257,0.305,-1.257,0.69,0.487,0.69,1.372,0.443,1.372,1.372,0.69,-0.976,-0.976,1.725,0.562,0.305,1.372,0.69,1.725,1.372,1.725,1.725,0.487,-0.976,0.443,-1.257,0.443,-1.257,1.725,-1.257,0.69,-1.257,-1.257,0.562,0.5546100732840444,1.725,0.443,1.372,0.69,0.6714607055577998,0.0,-0.976,-0.9987200957593064,-1.257,0.487,0.5815531135503421,0.7026788176347512
-0.062,-0.062,0.666,1.076,-1.09,0.666,-1.09,1.146,0.666,0.666,0.06,0.06,1.261,0.06,1.076,-0.385,1.076,-1.09,-0.39,-1.09,-0.062,0.666,1.261,0.666,1.261,1.076,0.666,-0.385,-0.062,-0.062,1.146,-0.39,-0.062,-1.09,0.06,1.076,-0.385,0.06,-0.385,-0.39,1.146,-1.09,0.06,0.06,-1.09,0.666,0.818,-0.385,0.666,0.666,0.666,-0.39,-0.385,1.076,1.057338626431318,0.06,0.041783982812349775,0.04148906044993382,1.104301067669904,1.146,0.666,0.6484602436486364,0.071405242114755,0.818,-1.09,1.131028162279396,0.6827424310580091
1.791,-0.339,-0.69,-0.339,1.791,0.608,-0.69,0.378,0.378,1.791,0.608,0.378,-0.69,-0.154,0.608,0.384,-0.154,-0.957,1.791,0.384,0.849,0.384,-0.69,0.378,-0.339,0.384,0.608,-0.154,-0.154,0.384,-0.154,0.378,0.384,1.791,-0.957,0.384,-0.339,1.791,-0.957,0.849,0.608,-0.437,0.384,-0.339,0.608,-0.957,0.384,-0.339,-0.69,-0.69,0.608,0.592866688499352,-0.437,-0.154,0.6359128946622895,0.378,-0.1694655857143124,0.849,0.384
-1.113,0.214,0.214,0.883,1.463,1.34,-0.962,0.214,0.214,0.883,0.633,1.463,1.29,-0.962,-0.962,1.463,-1.113,0.633,-0.962,0.633,-0.642,-1.113,1.34,1.512,-1.113,-0.962,1.29,0.214,-1.113,1.512,1.512,-1.113,1.463,1.512,1.34,1.463,1.29,-0.642,1.512,1.34,0.633,-1.113,-0.962,0.214,0.633,-0.962,0.214,-0.642,-0.9740222916122945,-1.113,-0.9293246620242135,1.34,-0.873195666445089,0.883,0.633,0.617940563247233,1.3250889944963753,1.463,-1.1264148823489857,1.512,0.20379862159847884,-1.1117008014720755,0.8702919604155278,1.4495494027844784
-0.3,-0.294,-0.729,1.332,1.332,1.332,-1.111,-0.226,-1.072,0.428,-1.111,-1.072,-0.294,-1.072,1.332,-0.122,-0.122,-0.226,-1.111,-0.226,-0.3,-0.729,-0.729,-1.111,1.332,-0.729,-1.072,-0.294,-0.226,-0.3,-1.111,-0.729,0.428,-1.111,-0.3,-0.294,-1.072,0.431,-0.122,-1.072,1.332,-0.3,-1.072,-0.122,0.428,-1.072,1.332,-0.3,-0.122,-0.294,-0.30858222891242004,-0.31447623298082966,1.3226908449382786,-0.26017055395501687,-1.0838967086563942,-0.729,0.4206182312501386,-1.111,-0.7467024163208693,-1.12360653753911,-1.0378737142495316
-1.233,-0.121,-1.18,-0.677,-0.677,-0.121,0.471,-0.314,-0.314,-0.305,-1.18,-0.314,-0.305,-1.233,-0.121,-1.233,-0.044,-1.047,-1.233,-0.121,-1.047,-0.677,-1.18,-0.044,-1.233,0.471,-0.044,0.471,-1.18,-0.044,-1.233,-0.416,-1.047,-0.121,-1.047,-1.233,-1.047,-1.18,-0.314,-1.047,-0.305,-1.18,0.471,0.471,-0.305,0.471,-0.677,-0.677,-0.044,0.471,-1.18,-0.314,-1.233,-1.2517273496317318,-0.305,-1.18,0.471,-0.31790642887842785,-1.1950786141506884,-1.047,-0.314,-1.2172636948592643,-0.416,-0.2918139344616123,-0.26671427200434433,-1.1553321862213268,-0.044
1.316,0.948,-1.0,-1.101,-0.389,-0.889,-1.101,-1.0,0.948,-0.889,-1.101,-1.0,-1.0,-1.031,-0.389,-0.889,-1.031,1.067,1.067,-1.101,-1.101,-1.0,-1.0,0.948,1.316,0.948,-0.924,0.948,-1.031,-0.924,1.067,-0.404,1.316,-1.101,0.948,-1.0,-0.924,-1.101,-0.389,-0.889,-1.0,0.948,-1.031,1.067,-1.031,-0.889,-1.031,1.316,-1.031,-1.101,-0.889,0.948,-1.0,0.9286592407365908,-1.114304692244806,-1.01256413059452,-0.9049870137839264,-0.9885369033799825,1.067,-0.9571313293420727,1.0517878324503136,-0.8746139310389978,-0.924,-1.0391210690861723
1.589,1.046,1.046,1.207,1.046,-0.417,1.41,-0.084,-0.616,0.852,1.207,1.41,1.589,-0.726,-0.616,-0.417,1.41,0.852,0.852,1.046,1.589,-0.417,0.926,-0.417,1.207,-0.417,0.852,0.926,-0.616,0.852,-0.726,-0.084,0.852,0.852,-0.726,1.41,-0.616,1.41,1.41,1.589,1.41,-0.616,1.207,1.41,1.207,0.852,1.046,1.0218514562302219,1.207,-0.417,-0.4290023337198468,1.41,1.1933464988807907,-0.084,-0.38408511021916036,0.926,1.244016263581721,-0.10329948874167846,1.0591960114718377,-0.726,1.3983648407971438
1.556,-1.166,-0.411,1.958,1.556,1.556,-0.86,-0.411,0.552,1.958,-1.166,1.556,-0.86,0.552,-1.166,1.556,-1.166,-0.671,-0.671,1.556,-0.437,-1.166,0.549,0.549,0.552,-0.411,1.958,1.958,-1.166,-0.671,1.958,-1.166,1.958,1.556,1.958,1.556,0.549,-0.86,1.958,0.549,1.958,-0.671,0.549,-0.073,-0.437,-0.437,1.958,-0.86,-0.437,-0.437,-0.073,-0.411,1.556,-1.166,0.549,-0.4227671250446215,-0.09123964225621346,-0.86,0.5364543282315187,1.958,-0.0721329131414354,-0.027260115672884562,-0.36670138180364,-0.8752546781297214,-0.8496037645070759
1.17,-0.244,-0.187,0.996,1.17,0.027,0.027,0.294,-0.187,-0.529,-0.05,0.294,-0.244,-0.187,-1.181,-0.529,-0.05,0.027,0.996,0.996,1.17,0.294,-1.181,-0.529,-0.327,-0.187,0.027,0.027,-1.181,1.17,1.17,0.996,0.996,0.996,-1.181,-0.244,0.294,1.17,-0.05,-0.244,-0.244,-0.187,1.17,0.996,0.996,-0.05,-0.244,-1.181,1.17,0.027,-1.181,1.17,-0.244,-0.529,0.294,0.996,-0.5443016782535051,-1.181,-0.327,-0.3476846568482512,0.2772252384254536,-0.510884970884477,-0.05,-0.3130673170322348,-1.1984882195858257
-0.586,-0.673,1.334,-0.267,-0.586,-0.586,1.334,1.022,1.332,-0.55,1.022,1.022,-0.572,-0.267,-0.673,-0.267,-0.572,1.332,1.022,1.022,-0.586,1.334,-0.267,1.332,-0.267,1.334,0.934,-0.798,-0.798,-0.572,-0.267,-0.586,-0.267,-0.798,-0.586,0.934,-0.267,1.022,-0.55,-0.673,-0.267,-0.55,-0.55,-0.267,-0.55,-0.586,1.022,0.934,1.334,-0.798,-0.5628490057340068,-0.572,1.332,-0.5808402735274751,1.0122764811570613,0.9219511801337053,-0.673,-0.689306178899876,-0.8110467190010633
-0.248,1.877,-0.803,-0.663,-0.663,-0.803,-0.803,-0.803,0.92,-0.248,-0.242,-0.046,1.877,0.92,-0.046,-0.242,-0.388,-0.699,-0.803,1.877,1.877,-0.803,-0.663,0.92,1.877,0.92,-0.663,1.877,1.877,-0.046,-0.803,-0.663,-0.242,-0.663,-0.046,-0.699,-0.663,-0.242,0.92,-0.046,-0.294,-0.699,1.877,-0.046,-0.699,-0.663,1.877,-0.663,-0.242,1.877,1.877,1.877,-0.242,-0.699,0.92,-0.046,-0.663,1.877,-0.248,-0.05484478965246957,-0.05556925296523396,-0.803,-0.6740182996924814,-0.6636233629244671,-0.02914472812061815,-0.6458156750809394,0.9079807837215068,-0.2515456436427631,-0.294,-0.0018865427758681524,-0.7073719025678029
-0.771,-0.59,1.041,0.415,1.041,0.415,1.041,-0.683,-0.765,-0.59,-0.771,2.584,0.415,-0.765,2.584,-0.043,2.584,-0.595,2.584,-0.771,0.415,2.584,-0.59,-0.151,0.415,-0.683,-0.683,0.415,-0.595,0.415,-0.771,-0.765,-0.595,-0.043,0.415,-0.595,-0.151,0.415,2.584,1.041,-0.595,-0.043,0.415,-0.151,2.584,-0.683,-0.595,-0.151,-0.17722045735407885,-0.771,1.041,1.0264815799317413,-0.043,0.415,0.39860926830018706,-0.0673328757341864,0.437110926633862,1.0720739200918403,1.104878886496115,-0.6964635107119447,1.1386838592872215,-0.7832571911104019,-0.7504896532013547,-0.59,-0.6036270297953458,-0.765
-0.656,-0.876,0.787,0.787,-0.746,-0.746,0.273,-0.016,-0.016,-0.428,-0.876,-0.746,-0.016,-0.656,-0.359,0.455,-0.016,-0.428,-0.876,-0.016,-0.656,-0.876,-0.656,-0.656,-0.746,-0.359,0.273,0.273,-0.016,-0.876,-0.746,0.273,0.787,-0.876,0.787,-0.876,0.787,-0.016,-0.876,-0.656,-0.359,-0.016,0.787,-0.359,0.787,-0.359,-0.016,-0.428,-0.016,-0.359,-0.876,-0.8846302900790282,-0.37413482441990425,-0.33136594793337093,-0.03266485393919561,-0.746,-0.005195061756427262,0.787,-0.4388603976591809,0.455,-0.2775539182374179,0.7695041353289414,-0.8483061444756123,0.273
0.071,0.72,-0.703,1.131,0.576,0.924,0.576,1.131,-0.407,0.924,0.924,0.924,0.071,-1.078,0.576,0.924,1.032,-0.703,1.131,1.131,1.131,1.032,0.924,1.032,-1.078,-1.078,1.032,-1.078,0.071,1.032,1.131,0.72,1.032,0.924,0.924,-1.078,1.328,1.131,1.328,1.328,1.032,1.032,-0.703,0.071,-1.078,-0.703,-0.407,1.032,-0.716467914038249,-1.099568520224799,0.06038019277144528,0.924,-0.42526412806183495,1.0204686295073169,0.08010483711273553,0.576,-0.6753720362228783,1.0422583419384317,-1.0506587781387107,0.9090746140240097,0.5642647963351789,0.9539896341269938,1.131
-0.728,0.248,-0.244,-0.412,0.477,0.248,-1.356,-1.356,-0.412,-0.265,0.248,0.477,0.477,0.477,-0.728,-0.244,-0.265,-0.728,-1.356,0.864,-0.412,-1.356,0.864,-0.244,-0.244,-0.244,-0.412,-0.265,0.864,-0.424,-0.265,-1.356,-0.424,-0.265,-1.356,0.864,-0.72,0.477,-0.728,-0.72,-1.356,-0.72,-0.265,-1.356,-0.244,-0.728,-1.356,0.477,-0.7396579063841561,0.248,-1.3700644923811758,0.2360730547245074,-0.265,-0.424,-0.7104250882920042,-0.2564276481406062,-0.2795906275378754,-0.689273566918092,-1.3398676873698727,-0.6646369787297464,-0.23660394142140284
0.47,0.47,-0.643,-0.532,1.506,1.641,1.506,1.047,1.506,-0.426,-0.643,1.641,-1.178,1.641,1.641,-1.178,-1.178,1.641,1.641,-0.379,-0.532,-1.178,-0.643,1.506,-1.178,-0.615,-1.178,1.047,-0.615,-0.615,1.047,0.47,-1.178,-1.178,-1.178,-0.643,1.641,1.506,-0.426,-0.615,-0.532,-0.379,1.506,-0.643,-0.615,-0.426,1.506,-0.379,1.4946387390137763,1.047,-0.643,0.47,-0.6611414007256355,-0.615,-0.6238661273378476,-0.6279164967816883,1.0334813275578636,-0.532,-0.6019744597972885,-0.44008521459450894,-0.3925021560911597
-0.305,0.056,1.248,0.363,0.112,-0.929,-0.929,0.112,0.112,0.112,-0.929,2.23,0.112,-0.964,-0.398,0.363,0.112,1.248,-0.305,-0.929,2.23,-0.964,-0.964,1.248,-0.929,0.056,0.363,2.23,-0.964,-0.929,-0.929,0.112,0.056,2.23,0.112,2.23,2.23,1.248,0.363,0.112,-0.398,0.363,0.363,2.23,-0.316,2.23,-0.929,0.363,-0.929,-0.398,-0.305,-0.964,0.3551338468378937,-0.9447602087975535,1.248,-0.40872849668727873,-0.39084215401971684,-0.3176464457249508,-0.893174878993774,-0.34230267427154776,-0.316,0.112
-0.308,-0.308,-0.308,0.233,-0.69,-0.873,0.234,1.874,1.874,-1.084,1.302,1.874,1.874,0.998,-0.69,1.302,0.234,1.302,-0.308,1.302,-1.084,1.874,-0.69,-0.873,1.874,1.261,0.998,0.234,1.874,0.233,-1.084,1.874,-0.308,-0.873,1.874,-1.084,0.234,-0.308,1.261,1.261,1.874,1.302,0.998,-1.084,1.302,-0.69,-0.69,1.874,1.261,-0.873,-1.084,-0.873,1.874,-1.084,-1.0995914725719103,1.302,1.8642451256887274,1.2884940795559463,-0.69,-0.7053124906922273,-0.308,-1.0581466861142865,0.234,-1.0313934536991263,1.3235502283388383,0.998,0.233,1.8998642176433564,1.9472519726046436
-0.372,-1.157,0.036,1.449,-0.092,-1.157,-0.092,-0.261,-1.157,-1.157,-1.157,-0.548,-0.548,-0.372,1.449,1.449,0.036,0.036,-0.092,1.449,-1.157,1.449,1.449,-0.092,1.449,-1.157,-1.157,0.073,-0.372,-0.092,-0.548,-0.092,-1.157,-0.372,1.449,-0.261,0.773,0.773,0.773,0.773,-0.092,-0.372,0.073,1.449,-0.372,-0.548,-1.157,-1.157,-1.157,0.036,-0.092,0.073,0.0,-0.548,-0.01649869637104503,-0.372,-0.38225629629942715,-0.261,0.773,-0.09917989438563737,-1.1690167992948797,0.030498968541096863,-0.3452282857083545,0.7647328066543805,-0.3085778921362975,-0.28368581422088734,-1.1116995367600193
-1.161,0.339,-0.364,-0.701,-1.161,1.217,1.457,-0.364,-0.904,-0.904,1.457,-1.161,0.339,0.714,-1.161,1.457,-0.364,1.217,-0.904,-1.161,-0.904,1.217,-0.093,0.714,0.354,1.217,0.714,1.217,1.217,-0.904,-0.364,0.714,-0.904,-1.161,1.457,1.457,-0.904,-0.701,0.714,0.354,1.457,-1.161,0.714,1.457,1.217,0.714,-0.093,-0.093,-0.093,0.354,-0.364,-0.904,1.457,1.217,-0.3710369820602478,-0.9155750250659432,-0.3474691092637247,-0.33488267159102175,0.354,0.714,0.33918142331498086,-0.701,-0.8799957235202154,-1.161,-0.7150649547973603,-1.1745415026032702
0.572,2.044,0.572,0.345,0.572,-0.642,0.345,-0.093,0.572,-0.093,0.572,2.044,0.572,-0.071,0.463,-1.062,2.044,-0.093,-1.062,-0.071,-1.062,0.572,0.572,0.708,-0.642,0.572,2.044,-1.062,-0.071,0.572,0.708,2.044,2.044,-0.093,0.459,-0.642,0.345,-0.642,0.463,-0.071,-1.062,-0.093,2.044,0.572,0.463,2.044,0.4479951552945405,0.47159313910814693,2.032603813952703,2.057734000664309,-0.071,0.459,0.44091774705484965,0.708,-0.642,-1.062,-0.07941238205595538,0.518571799640445,0.5604986425329656,0.4770090696992809,0.345
0.528,2.292,-0.841,-0.841,2.292,0.988,-0.924,-0.145,2.292,2.292,-1.149,2.292,0.528,0.339,-1.149,-1.149,-1.149,0.538,2.292,2.292,-0.145,2.292,-1.149,-0.841,0.988,2.292,0.339,0.988,0.528,-0.924,0.988,-0.145,-0.841,-0.841,2.292,-0.924,-1.149,0.538,0.988,0.538,-0.145,-0.841,2.292,2.292,0.887,2.292,0.887,0.538,0.528,-1.149,0.339,2.292,0.988,-0.145,0.528,-0.15902065563710843,0.5112889356156892,-1.149,-0.924,0.538,0.5364547142372841,0.5204116579138172,-0.11433041063347188,-0.9386481666321969,-0.08766820664385713,0.339,-0.0795532164845461,2.2821195425944287,-0.841,0.887
1.557,-0.987,-0.514,1.301,1.557,-0.093,-0.093,-0.54,-0.514,-0.093,0.986,1.301,1.557,1.301,-1.028,-0.093,0.986,-1.028,-0.093,0.986,-0.987,-0.198,1.301,-0.093,-1.028,-0.987,-0.54,1.301,-0.514,-1.028,0.692,1.557,-0.093,-0.987,1.557,1.557,-0.093,0.692,0.986,0.986,-1.028,-0.093,-0.514,-0.987,1.301,-0.198,1.290470030414933,-0.5320532047019674,-0.54,-0.48790785089372235,0.9758316927473978,-1.0401050418534046,-0.9982962867897055,1.0128286556494601,0.692
1.024,1.024,-0.76,-0.759,1.024,1.024,-0.004,-0.815,-0.892,-0.004,1.024,-0.76,-0.747,-0.004,-0.655,-0.747,-0.747,1.024,-0.759,-0.004,0.44,-0.892,-0.76,-0.815,-0.004,0.44,-0.747,-0.655,-0.815,-0.22,-0.004,-0.004,-0.655,-0.892,-0.655,-0.76,-0.759,-0.759,-0.892,-0.815,-0.815,1.024,-0.747,-0.655,-0.892,-0.004,1.024,-0.76,-0.905635644373774,-0.815,-0.8314636934055541,-0.759,-0.017093187469306215,-0.778269853644276,0.44,-0.738049227984783
-0.19,0.5,0.931,0.2,0.931,-0.589,-1.181,0.5,0.2,0.5,-0.589,-0.589,0.2,-1.181,-1.181,0.2,0.931,-0.589,-1.181,0.2,-1.181,0.2,0.5,-1.181,-1.181,-1.181,-1.181,-0.425,-1.181,-0.558,-1.181,-0.589,-0.19,0.2,-1.181,0.931,1.383,0.931,0.581,-0.558,-1.181,0.581,0.2,-0.589,-0.425,1.383,-1.181,0.581,-1.181,1.383,1.3670270986687345,-0.19,1.3877109904252265,0.2,1.4285647868706828,-1.181,-0.558,-0.5725849570122848,-0.19863180376924128,-1.1962275263027182,0.18469826136562253,0.931,1.4551318445920707,0.2267695686901034
1.599,-1.16,-1.195,-1.16,-1.195,-1.075,1.599,1.599,0.148,0.723,-1.16,0.148,0.723,0.148,0.837,-1.195,1.599,-1.16,-1.195,0.837,-1.195,-0.614,-1.075,-0.614,-1.195,-0.614,0.723,0.723,-1.195,-1.195,0.411,0.723,-0.568,-1.075,-1.075,-0.614,-1.16,-1.16,-1.16,-0.568,-1.195,-0.568,-1.16,-1.075,0.837,-1.195,-1.1746273281425066,-0.568,0.819781733540822,1.599,-1.2080229646147105,0.8743566498479272,-1.1433781017071192,0.723,0.148,0.411,-1.1737673463342562,0.3969244511400568
-0.212,1.381,-0.763,-0.68,0.115,-0.68,0.504,-1.151,-0.651,0.115,-0.68,-1.151,-1.18,-0.212,-0.35,0.504,-1.151,1.381,-1.18,-1.151,0.115,-0.651,-1.18,1.381,-0.763,-0.651,-1.18,-1.151,-1.151,-0.35,1.381,1.381,-1.18,1.381,-0.212,0.115,1.381,-1.18,-1.151,-1.151,-0.651,-1.151,-0.68,0.504,-0.68,-0.212,-0.763,-0.763,-0.651,-0.651,-0.35,1.381,-1.151,-0.763,0.115,-0.651,-0.35,-1.1610385149629348,1.3717957428796852,-0.7804222320932551,-1.18
0.721,0.274,-1.06,0.9,-1.06,-0.929,-1.06,-0.929,0.9,0.721,-0.841,0.389,0.274,0.973,0.721,-0.097,0.9,0.721,0.389,0.721,-0.841,-1.06,-0.841,-0.929,-0.929,0.389,-0.097,0.973,0.973,0.9,0.274,0.274,0.274,0.274,0.274,0.9,-0.841,0.721,-0.841,-0.097,0.9,-0.929,-1.06,-1.06,-0.929,-0.841,0.9,-1.06,0.389,0.37899968012283325,0.8887990088961275,0.43108323930998665,0.9126223350650396,-1.0740262552961388,0.274,0.2588709113078347,-1.0277714719533744,0.721,-0.097,0.4695520495075927,-0.929,0.973
-0.044,-1.066,-0.47,0.227,1.008,-0.47,0.227,0.227,-1.066,-0.979,0.227,1.008,-0.979,0.332,-1.066,1.008,0.332,-0.979,1.507,1.008,0.448,-1.066,-0.979,0.566,-0.044,-0.044,-1.066,1.507,-0.47,1.008,0.332,0.448,-0.47,1.507,-0.979,0.566,1.507,1.008,0.566,-0.044,-0.979,1.008,1.507,0.227,-0.979,1.507,1.008,-0.979,-0.044,0.566,1.488918597438341,1.522437291202945,1.5531851161710357,0.227,0.995121166776161,-0.9960397331725049,-0.05794739271599279,0.5564400284230245,-0.053441582683418004,-1.066,0.448
1.715,-1.07,0.156,0.482,0.482,-0.352,1.715,1.715,1.715,-1.07,0.156,-0.537,1.715,1.715,0.482,-0.537,0.574,-1.07,-0.789,-1.07,-0.537,1.344,1.662,-0.789,0.156,-0.789,-1.07,1.662,-1.07,-0.789,-0.537,0.156,0.482,0.482,1.715,-1.07,1.662,1.715,1.344,1.662,-1.07,1.344,1.344,-0.789,-0.789,1.715,1.344,-1.07,1.662,1.715,1.715,1.344,-1.07,0.574,0.482,-0.352,1.32939470256084,0.156,1.662,1.6485135332108856,-1.0806438339570983,-0.537,-1.057673665846459
-0.645,1.198,-0.029,-0.029,-0.806,-1.023,-0.789,1.198,-0.029,-0.789,0.092,-0.789,-1.023,0.554,-0.106,-1.023,-0.806,-0.106,-0.106,-0.789,-0.806,1.198,-0.321,1.198,-0.645,-1.023,-1.023,-0.789,-0.106,-0.029,-0.806,0.554,-0.806,-0.645,1.198,0.554,-0.321,-0.789,0.092,0.092,-1.023,-0.106,-0.029,-1.023,-0.029,1.198,-1.023,1.198,1.198,-0.321,-0.645,-0.789,-1.023,-0.106,-0.789,-0.321,1.198,0.554,-0.806,1.178024787257738,-0.029,-0.645,-1.023,-1.0394213417494607,-0.8205420697575365,-0.789,0.092,-0.04318323530185432,0.07889320692082571,1.2053620819128714,-0.321,-0.9978225330680147,-0.3353932716829497
1.935,-0.538,-0.899,-0.975,-0.229,1.358,-0.975,1.358,-0.975,-0.691,0.453,-0.691,-0.691,-0.691,-0.705,-0.229,1.358,-0.975,-0.229,0.039,1.358,-0.705,-0.691,-0.899,-0.705,1.358,1.358,-0.899,1.935,-0.229,1.935,-0.538,-0.975,-0.899,-0.899,-0.229,-0.899,-0.975,-0.229,-0.691,1.935,-0.229,1.935,0.039,1.935,-0.899,-0.975,1.935,1.935,1.358,-0.705,-0.229,-0.229,1.358,-0.705,-0.691,-0.691,-0.975,1.935,0.453,-0.9924097764003453,1.9199264676882253,-0.7031724689853973,1.358,-0.538,-0.9618958988106217,-0.5536062582034644,0.43743457843107997,1.9494077222607,-0.663020427569324,-0.9394979235725259
0.08,-1.189,-1.189,-0.703,-0.83,-0.449,-0.703,2.707,2.707,-0.61,-1.189,-0.721,2.707,0.087,0.087,-0.721,2.707,-0.449,-0.703,0.087,1.622,-1.189,-0.449,2.707,0.08,0.08,-0.83,1.622,1.622,-0.449,-0.703,0.087,0.087,0.087,-1.189,0.08,-0.449,-0.83,-0.83,2.707,-0.61,0.087,-1.189,1.622,-0.721,-0.703,2.707,-0.7193880044797639,-0.6901134206773226,-0.83,0.08,1.622,0.087,-0.8427712733018258,-0.61,0.07696642725817064,1.6098157349934445,-0.721,-0.7431929950657069,1.661151393554813,1.7048427395976025,-0.688791552391063
-1.192,-0.978,-0.978,-0.372,0.888,0.715,-1.192,2.18,-1.0,0.304,0.304,0.304,-1.192,-1.0,-1.0,2.18,-1.0,-0.583,2.18,-1.192,-0.978,-1.0,2.18,0.888,0.715,-0.583,-0.978,-0.583,0.888,-0.978,2.18,0.304,-0.807,-0.978,-0.807,0.888,2.18,-1.192,-1.0,-0.807,2.18,2.18,-0.583,-1.0,0.888,-0.807,-0.583,2.18,-0.5992848073645661,-0.978,0.888,-1.192,-0.5639140987731386,-0.5230347699321523,-0.5115583747926098,-1.0,-0.9852798157894229,0.715,0.8743547569571635,-0.46976398513570106,0.7010161097013026,-1.0150148970085795,0.7273501982317697,-0.9948243182991418
0.032,0.029,0.032,0.41,0.029,-0.969,0.032,2.257,1.092,2.257,0.934,1.481,1.118,1.481,1.481,0.032,0.032,-0.969,0.029,0.934,-0.969,1.481,2.257,2.257,1.092,1.481,2.257,0.034,-0.969,0.032,1.118,0.41,1.118,0.41,1.092,0.032,0.41,0.41,0.032,2.257,0.41,0.034,0.034,2.257,2.257,-0.969,2.257,0.032,-0.969,0.032,0.41,2.257,2.2450322381244576,0.934,2.266789117399037,1.092,-0.9792628387667683,0.39777219911434214,-0.9341080342548629,0.43069927876182207,0.4735738385398535,2.2796697551129568,0.9256720136052984
2.022,-1.103,0.199,-0.764,0.924,2.022,-0.764,-1.103,-1.076,-1.103,1.253,0.87,0.878,0.199,0.199,-1.103,2.022,-1.076,0.878,0.924,2.022,0.87,-1.103,0.878,1.253,2.022,0.924,-0.764,-1.103,1.253,-0.227,0.199,-1.076,-0.764,0.924,-1.103,-0.764,1.253,0.924,2.022,-1.076,-1.076,0.199,-1.076,1.253,-0.764,1.253,0.199,2.022,-1.103,0.199,-1.103,-0.227,-1.076,0.199,1.253,-0.24269267806455375,-1.1119729009401413,-1.0889991181401182,0.924,0.87,-0.764,-0.20333691425816589
-0.921,-0.865,-0.967,-1.148,-0.967,-1.14,-1.148,-1.14,-0.511,-0.865,-0.393,-0.635,-1.148,-0.921,-0.511,-0.967,-1.148,-0.393,-1.14,-0.126,-0.865,-0.865,-0.921,-0.126,-0.393,-0.393,-0.511,-0.126,-0.635,-0.126,-0.865,-1.148,-0.511,-0.511,-0.967,-0.921,-0.967,-0.126,-0.967,0.77,-1.14,0.77,-0.865,-0.921,-1.14,-1.148,-0.865,-1.14,-0.967,-0.635,-0.511,-0.921,-0.8732712772560403,-0.9791901128305429,0.77,0.7509869686630779,-1.148,-0.9312556947600474,-1.1607718307322994,-0.6475843936561513,-1.1086656861373758,-0.6061258742284582,0.8004960231733544
-1.194,1.113,-0.338,-1.197,-0.766,0.714,-0.243,-1.194,-0.766,-0.243,-0.766,1.113,0.714,-0.766,0.714,-0.243,-1.197,-0.338,-0.243,-0.338,-0.243,-0.338,-0.243,2.305,-1.197,-1.194,2.305,-0.371,2.305,0.714,-1.194,2.305,-0.338,0.509,-0.766,-0.371,2.305,2.305,-1.194,2.305,-0.243,-0.243,-0.338,-1.194,-1.197,-1.194,-1.197,2.305,-0.338,-0.243,-1.194,-0.766,0.714,-0.7789018345678528,-0.338,-0.25634794636945485,-1.2044917713348398,1.113,1.1020401942814742,-0.7533343928537265,-0.3530543803015661,1.1552325761443716,-0.23596554082326476,-1.1605233961658963,-0.371,-1.197
-0.475,-0.889,-1.103,-0.889,-0.236,-0.475,-0.562,-1.103,-1.103,-1.064,-0.046,-0.618,-0.046,-0.046,-0.046,-0.889,-0.562,-0.236,-1.064,-1.064,0.028,-1.064,-1.103,-0.236,0.028,-0.889,-0.562,-0.618,-1.064,-0.201,-0.236,-0.562,-0.889,-0.889,-1.064,-0.889,-1.103,-1.103,-0.562,-0.236,-0.562,-0.046,-1.103,-0.889,-0.475,-0.618,-1.064,-0.046,-0.6287468428726595,-0.48841723850888485,-0.4367388594842874,-0.201,-0.056014827635105444,-0.5860219481554477,0.028,-0.5390455255989224,-0.236,-0.9032096335012406,-1.103
-0.996,-0.94,0.064,-0.588,-0.533,0.344,1.564,1.564,0.481,1.564,0.481,-1.317,0.344,0.064,-0.996,0.481,-1.317,1.131,-0.996,1.564,-0.996,-1.317,0.344,0.344,-1.317,1.131,-1.317,-0.94,-0.533,0.064,-1.317,0.064,0.064,1.131,-0.94,-0.996,-0.94,1.564,-1.317,-1.317,1.131,-1.317,0.064,1.131,0.344,1.564,-1.317,-0.588,-0.533,0.064,-1.317,-1.3316629682651724,-0.533,0.04447781631553628,0.344,0.481,1.131,-1.3022340038311897,-0.588,1.564,-1.2778792769592804,-0.996,1.549001454616487,-0.599673852192993,-0.94,-0.5459850677402021,-0.5221218244324192,0.06852753342702929,0.4652121536363167,-1.0064421726624844,0.48750736669440853,-0.4997744379775716,-0.9625837926144849,-0.9508032891610396,0.5198995578337445,0.3306010697749599,-0.9003003140913737
-0.027,-1.152,0.413,-0.627,2.734,0.327,2.734,-0.635,0.904,0.904,2.734,-1.152,1.47,0.413,0.327,0.904,0.413,2.734,1.47,-0.635,-1.152,2.734,-1.152,-0.627,0.413,2.734,0.904,-1.152,-0.833,0.904,0.327,-0.833,-0.833,-0.833,-1.152,0.327,-0.627,2.734,-0.027,1.47,-0.833,1.47,-1.152,2.734,-0.027,1.47,-0.635,-0.833,-0.627,-1.152,-0.6469322426028642,-0.6043088553684967,-0.584152227336275,0.904,1.47,-0.8422310604462733,-1.1613559917379848,2.734,2.7171219277070704,-0.5710885550406112
1.336,1.376,1.376,-0.498,-1.377,-1.377,1.376,1.376,-0.362,0.09,1.605,-0.498,0.898,1.376,0.72,0.72,1.336,1.376,-1.377,-0.071,-0.071,0.09,0.898,1.605,-0.362,1.605,0.898,1.605,-1.377,-1.377,-1.377,1.376,-0.498,-0.362,0.09,-0.071,0.898,0.898,-1.377,-1.377,1.336,0.72,-0.362,1.605,1.605,1.376,0.72,1.336,-1.377,0.09,1.605,1.376,1.376,-1.377,-0.498,-0.071,1.605,1.336,1.3623294656751923,1.59028395943999,0.898,1.6295463302780664,0.72,0.8860167228547883,1.3984898658227292
-0.764,1.542,-0.83,-0.83,-0.113,-1.123,-1.123,-0.974,1.542,-0.974,1.542,1.383,-0.974,-0.298,-1.123,1.542,-0.764,-0.974,-1.123,-0.298,1.542,1.383,1.383,-1.123,-0.764,-0.652,1.542,1.542,-0.298,-0.113,-0.298,0.206,-1.123,-0.83,-0.113,1.542,-0.83,0.206,1.383,-0.652,-0.298,-1.123,1.542,-0.974,-1.123,1.542,-0.974,-0.83,-0.298,-0.83,-0.764,0.206,1.383,-0.974,-0.652,-0.298,-1.123,1.3684995156941866,-0.764,-0.83,-0.9886440870827026,-0.9483701718383281,-1.1438908635114222,1.542,1.398045680308093,-0.8428010612981948,-1.111476110596563,-0.8192153042134039,-1.0757790274638623
1.578,1.578,-1.158,-1.158,0.768,-1.158,-0.095,1.105,0.53,-0.095,1.105,-1.158,0.768,-0.727,0.428,-0.727,-0.727,1.105,-0.727,1.41,1.41,1.578,-1.158,1.578,-1.053,-1.158,1.578,-1.158,-1.053,1.105,1.41,-1.053,-1.158,-1.158,-1.158,1.41,-1.158,1.578,-1.053,1.578,-0.727,1.41,-1.158,1.578,1.41,-1.053,1.578,-0.095,1.578,0.53,-0.095,0.5207846365082575,-1.053,0.768,1.41,1.105,-1.063291109036108,-1.158,0.5346797991218932,-1.0209822349074529,0.7502140882861951,0.428,1.5629883863290368
-1.171,-1.171,-1.171,-0.859,-0.736,-0.714,0.113,0.229,1.202,1.542,-0.859,0.229,1.202,1.202,-0.545,-0.736,0.113,-0.736,1.542,0.113,0.398,-0.714,1.542,-0.859,0.113,-0.859,1.202,-0.714,0.398,-1.171,-0.545,-0.736,1.542,1.202,-0.714,1.202,0.113,0.113,0.113,-0.545,1.542,1.542,-1.171,-0.545,-1.171,-0.859,1.202,0.229,0.398,-0.558497377063685,0.113,0.38572842966152254,1.542,0.2129688542846581,0.4183536250839345,0.24993577373578227,1.5293507285248185
-0.596,-0.29,0.944,0.944,0.944,0.782,0.716,0.944,1.597,-0.567,0.716,0.716,-0.29,-0.29,0.944,0.944,-0.596,0.716,0.782,-0.29,0.568,0.941,0.568,1.597,0.941,0.944,0.941,1.597,0.944,0.716,-0.567,0.944,0.568,-0.958,-0.958,0.944,0.782,-0.958,0.944,-0.567,1.597,0.944,1.597,-0.958,0.716,-0.29,0.716,0.716,0.944,0.9280616974300516,0.782,-0.29,-0.30905573032285977,0.568,1.597,-0.596,1.589591892739491,0.5612584008113282,0.6091042916173691,0.7659896821207978,-0.2804494554799213,-0.567,0.716,0.941,0.9170864211898557
-0.712,-1.118,1.443,1.443,1.158,-1.118,0.077,-0.034,-1.118,-0.034,0.077,-1.118,0.077,-1.118,1.768,1.163,0.696,1.768,1.795,-0.712,-0.712,-1.118,1.768,0.696,0.696,1.443,1.795,1.768,1.443,1.158,-0.034,1.768,1.163,-0.712,1.768,0.696,1.443,1.795,-0.712,0.077,1.163,-1.118,1.795,1.795,-0.034,-1.118,1.163,-1.118,1.158,-0.034,1.1461543256329776,1.443,0.696,-0.712,0.077,-0.04916009479426538,1.163,1.2000471410289595,1.1496230172747395,-1.131306317037101,1.768,1.2502111110008123,1.7574289531878309
-0.237,-0.661,-0.237,1.198,-0.661,-0.237,-1.016,-0.697,-1.016,-0.214,-0.661,-0.661,-0.237,-1.016,1.198,0.764,-0.292,-0.237,1.198,-0.697,-0.661,-0.661,-0.697,-0.661,-0.873,-1.016,-0.237,-0.214,-0.292,-0.292,-0.697,-0.112,1.198,-0.873,-0.237,-0.873,0.764,-0.237,-0.661,0.764,-0.237,-0.661,-0.214,-0.873,-0.237,-0.237,-0.697,-1.016,-0.214,1.198,-0.112,-0.873,-0.8911611082769422,-0.292,-0.7093343585733718,-0.3075392593832349,-0.23155055737020333,-0.19974917660183628,1.1896215141625444,-0.24838250112988694,-0.8522138737847348,-0.661
1.356,1.699,-0.013,-0.452,-0.013,-0.171,0.48,1.265,0.077,0.077,1.356,1.699,1.699,1.265,1.265,1.265,0.48,1.356,-0.452,-0.013,-0.452,1.356,1.356,-0.008,0.077,0.48,-0.519,-0.452,-0.008,0.48,-0.452,1.699,1.265,0.077,1.699,0.48,-0.171,-0.519,0.48,-0.008,0.077,-0.013,1.356,-0.519,0.077,-0.013,-0.519,1.699,-0.519,1.6864539971152008,0.077,1.7261255284447585,-0.171,1.7579986458460166,1.356,-0.1875749273673209,1.265,1.2502685152695727,-0.008,-0.030567815181524183,1.270828353353174,-0.5311018324850106,1.3414485695637175,1.801827431645462,-0.497733182298831,-0.013,1.822693261494331,0.06341459156351245,-0.02611208699624961,1.3814361300765565,0.48,1.3028619143221214,0.005596052076484913
-0.891,-0.925,-0.289,-0.891,-0.628,-0.644,-0.744,-0.644,0.307,-0.891,0.413,-0.628,-0.744,-0.289,-0.289,-0.744,0.307,-0.744,0.164,0.307,-0.925,0.413,-0.289,-0.925,-0.644,0.413,-0.891,-0.925,0.38,0.307,0.38,0.164,-0.925,0.164,0.413,0.164,-0.628,-0.744,0.307,-0.744,-0.644,-0.744,-0.891,-0.644,0.38,-0.744,-0.289,-0.644,0.307,0.413,-0.744,-0.644,-0.7582692716181112,0.307,-0.7351392798389591,-0.289,0.2900682511093381,0.38,0.36558659017265177,0.40567826275776603,0.4031808540756616,-0.628
-0.969,1.334,1.334,-1.181,-0.396,1.334,0.03,-0.396,-1.134,-0.941,-1.134,-0.969,-1.134,1.334,-1.181,-1.134,-1.181,1.334,-0.396,-0.969,1.334,0.461,-0.714,-1.181,-0.706,-0.969,-0.396,0.03,-1.181,-0.396,-0.941,-0.941,-1.181,-1.134,-0.714,-0.941,-0.706,-1.181,-0.396,-0.941,0.03,-1.181,-1.181,-0.714,-0.706,0.03,-0.396,-0.969,-0.706,-1.181,-1.134,-1.181,1.334,-0.706,-0.714,0.03,-0.941,-1.134,-0.7207928422953499,0.461,-0.7248383492263868,-0.9526186935366737,-0.6860865735842108,-1.181
-0.836,-1.154,-1.154,-1.16,0.727,0.437,-0.836,-1.154,0.727,-0.564,-0.075,-1.154,-0.657,-1.16,-0.657,-1.16,-1.154,-0.564,-0.931,-1.154,-0.836,-1.16,-0.564,-1.16,-0.931,-0.075,-1.16,0.319,-1.154,0.319,-0.836,-0.931,-1.154,0.319,-0.075,0.319,0.319,-0.075,-1.16,-0.931,-0.075,-0.564,-0.564,-0.931,-0.564,-1.154,-0.564,-1.154,0.319,-0.836,0.319,-1.16,-0.931,-0.836,-0.564,0.319,-0.657,-0.931,-0.5806333390689695,0.305107090663563,-0.9418541763119092,-1.154,0.727,-0.6712670227529547,0.437,-0.8445323015717836,0.35610674413803334,-0.9065699044052064
1.284,-0.185,-1.108,-1.108,-1.108,0.29,0.53,0.415,1.284,-0.699,0.708,0.53,1.284,0.53,0.29,0.53,-1.108,0.53,0.75,-0.699,-0.699,-0.185,-0.185,0.75,0.708,-0.699,1.284,0.53,1.284,0.75,-0.699,0.419,-1.108,0.53,-1.108,0.75,-1.108,0.708,0.419,0.53,-0.185,0.415,0.419,-0.185,0.75,0.29,0.4065858561839209,-0.699,-0.1980834988055779,0.40512755826176877,1.284,1.2676218139394324,0.53,0.7381112187962336,0.708,0.43742108234850546,1.3032785694965041,0.7883364973301715
2.109,0.415,-1.126,-0.459,-1.126,-1.126,-1.198,-1.109,-0.97,1.921,1.921,2.109,-1.198,-1.198,1.921,-1.198,-1.109,-1.109,1.031,-1.198,2.109,-0.97,-0.362,1.921,1.921,1.921,2.109,-0.97,-1.126,-0.362,-1.109,-0.97,-1.198,-1.198,1.921,1.921,-0.362,-0.97,-0.459,-0.97,1.031,1.031,-1.109,-1.109,-0.362,1.921,2.109,2.109,-0.362,-0.459,-0.362,-1.126,-1.126,2.109,-1.198,-1.2171664168625094,1.031,-0.97,0.415,1.0131876637035542,-1.126,-0.459,1.050782142283951,-0.362,1.921,1.907513507333339,2.109,2.0909691474857204,-1.1750990220805098,-0.3732783368497649,1.9315253091343492
2.121,1.371,0.183,1.724,-0.33,-0.304,1.724,2.121,-0.33,2.121,2.108,1.724,0.183,-0.33,1.724,-0.152,0.183,-0.33,0.183,2.121,-0.152,2.108,-0.152,0.365,1.371,2.121,1.724,0.365,2.108,1.724,1.371,2.121,0.673,1.371,2.121,1.724,0.365,2.108,0.183,2.108,0.365,2.121,2.108,-0.33,0.183,-0.152,2.121,1.371,0.183,1.724,0.183,0.365,0.183,2.108,-0.304,0.673,0.6607241575161832,1.724,-0.33,2.121,0.7031193353118677,0.183,-0.34027667049579197,2.108,-0.152,1.7108579885504618,2.1102450074780017,-0.3163598200918089,1.749380975541421,0.1742739832356291
-0.664,1.422,-0.833,-0.917,1.139,-0.833,-0.484,1.171,-0.664,-0.079,-0.36,-0.079,-0.193,1.139,-0.484,-0.079,-0.917,1.139,-0.193,-0.833,-0.664,1.139,-0.193,1.422,1.422,1.171,1.422,-0.193,-0.664,1.139,-0.833,-0.484,1.422,-0.193,1.139,-0.193,-0.193,-0.917,1.422,1.422,-0.36,-0.664,-0.193,-0.079,1.171,-0.079,-0.917,-0.079,-0.664,1.422,-0.917,-0.079,-0.36,1.171,-0.484,-0.664,-0.9271804382210443,-0.9093613145977417,1.410339987160986,1.1609067011684158,1.1936295343705223,1.447186913913836,-0.833,1.480336790165216,-0.8683976528537278
1.936,-1.255,-1.255,-0.908,0.528,-0.908,-1.255,-1.281,1.936,-0.803,-0.812,-1.281,0.222,-0.812,0.528,-0.803,-1.281,0.528,-0.908,-1.255,-0.908,-1.255,-0.812,-1.281,1.936,0.528,-1.255,-1.255,0.222,-0.908,1.936,0.528,1.936,1.936,-0.812,-0.908,0.875,0.528,0.875,-1.281,0.528,-1.281,0.528,-1.255,-1.255,-0.812,-1.255,-0.803,0.528,1.936,-0.803,0.528,1.936,-0.803,-0.908,0.0,0.222,0.1972316703356126,-1.281,1.936,-0.812,-1.255,-0.803,0.2182171816698969,0.528,-0.8147538908042399,0.5122796079168563,-0.009716184763881757,0.875,-1.2642193843559753,-0.8305023100633829
0.652,-0.764,0.652,-0.684,2.114,0.652,0.56,-0.243,-0.684,0.652,-0.651,-0.651,-0.243,2.114,-0.651,-0.085,-0.287,-0.085,-0.287,-0.651,0.56,2.114,-0.243,-0.09,0.56,-0.287,2.114,2.114,2.114,0.652,-0.651,2.114,-0.764,2.114,2.114,0.652,-0.287,-0.764,-0.085,2.114,0.56,-0.085,-0.243,-0.764,-0.651,2.114,-0.287,2.1028867151826676,-0.085,-0.243,2.127363118193501,-0.10358835445870565,-0.651,-0.2968935470218527,2.1657709015307733,-0.684,-0.07293007684477514,-0.6601776600279047,0.56
-0.055,-1.076,-0.606,-1.168,1.093,-1.168,-1.076,1.093,1.054,-0.606,-1.168,-1.168,-1.076,0.811,-1.168,-1.076,-1.076,1.093,1.356,0.349,0.349,1.356,1.093,-1.168,1.054,1.054,1.356,1.054,0.13,-1.076,-1.076,-0.055,-0.055,-0.055,-1.168,1.093,0.349,1.054,-1.076,0.349,-1.168,-0.055,0.811,0.13,1.093,-1.168,-0.055,-1.076,-1.168,1.093,1.054,1.0424686541194026,-1.076,-0.055,0.349,-0.606,1.0894023714734697,1.0819225065078104,-1.084998546416777,-0.06753671924594681,0.811,1.356,1.3427182548657215,1.3806281014676165,1.1145573154443906,0.3385570861561289
-0.785,-0.718,-0.304,1.597,-0.785,-0.948,-0.924,-0.785,0.949,1.015,-0.304,-0.924,-0.718,-0.304,-0.718,-1.185,-0.718,-0.948,-1.185,0.949,-0.948,1.015,1.597,-0.718,1.196,0.949,-1.185,-0.718,-0.718,1.015,-0.948,-1.185,1.597,-1.185,-0.304,-0.948,1.597,-0.718,-0.718,-0.718,-1.185,-0.304,-0.948,-0.924,1.196,1.015,1.597,1.196,-0.924,-0.718,-0.718,-1.185,-1.185,-0.785,-0.924,-1.185,-1.1987488180268258,-1.1772316609425542,-0.304,-0.785,-0.8006746755143184,1.015,-0.924,-0.9382889002616601,-1.1323668150771373,1.597,-0.718,-0.3166836013542742,-0.7681066053061453,0.949,1.5814207467522954,-0.948,-0.7157997028859688,-1.10522631511349
0.24,-0.935,-0.81,0.24,-0.935,0.939,-1.138,0.923,-1.138,-1.138,-1.193,-0.427,-0.81,0.24,-1.138,0.923,0.923,0.939,-0.935,-1.193,1.026,0.24,0.923,-0.383,-1.193,1.026,-0.383,-1.138,0.939,-0.935,0.923,-1.138,-0.427,-1.138,-0.383,0.923,-1.193,0.923,-0.81,-0.81,0.923,-0.935,0.24,0.923,-1.193,0.939,0.939,-0.383,0.24,0.923,-0.427,0.910782742693428,0.2312185121353421,-0.40144848567902736,-0.37735560315094163,0.9233277452873943,-0.81,-0.4406943649079162,0.9675767429473888,-0.819431224585198,0.2639372442195577
-0.771,0.82,-0.771,0.497,-0.771,0.82,0.248,-0.81,0.724,-0.771,0.82,0.497,0.724,-0.764,0.82,0.545,-0.68,0.545,0.497,0.497,0.497,0.82,-0.68,-0.771,-0.68,-0.771,-0.764,-0.81,0.82,0.82,0.497,0.545,-0.771,-0.81,0.545,-0.771,-0.68,-0.771,0.545,0.545,0.82,-0.68,0.545,-0.771,-0.81,0.545,-0.771,-0.764,0.248,-0.134,-0.81,-0.764,-0.771,0.497,0.48692417550272565,0.724,0.248,-0.134,-0.771,0.5425526327277643,0.23648091387967016,0.7125688435822136,0.2658467077939861,0.545,0.5257131034981772,-0.764,-0.14598078490541358,0.7488100987503572,-0.7861483759249862,-0.68,-0.7553900692694937
1.504,1.658,-0.866,-0.952,0.216,-0.952,-0.952,0.929,-1.07,-0.366,1.156,0.216,-0.919,-0.952,0.216,-0.919,0.929,0.216,-0.866,-0.952,1.658,-0.866,-1.07,1.504,1.156,-1.07,1.156,-1.07,-1.07,0.929,-1.07,1.658,-0.866,-0.952,1.156,-0.866,1.504,1.658,1.658,-0.919,1.504,-0.952,-0.919,1.504,0.929,0.216,-0.919,1.504,0.216,-0.919,1.156,0.929,-1.07,-1.095743333430423,1.1413358862208982,-1.054240529879207,1.4982164638232183,-0.866,-0.952,-1.028328143618491,1.5571187543219058,-0.879973909976896,0.2084571201499214,1.658
1.245,-0.924,-0.557,0.911,-0.557,1.566,0.877,0.911,0.877,1.566,1.566,0.195,-0.557,-0.368,0.911,1.245,0.911,0.877,0.877,-0.557,-0.924,1.566,-0.924,-0.218,-0.924,0.195,-0.218,1.566,-0.924,-0.557,-0.557,0.085,1.245,0.911,0.877,-0.557,0.085,0.195,1.566,1.245,-0.924,-0.9390568812296743,1.5488207571543693,1.231530111798302,-0.557,0.085,1.5706068604977133,-0.368,0.1862728668872649,1.6025775953668129,1.6316678673097442,0.21343928581453958,0.911,0.07361122734639702
-0.485,0.408,0.106,0.106,0.106,0.295,-0.669,0.023,-0.759,-0.996,0.295,-0.485,-0.485,-0.485,0.023,0.408,0.569,-0.669,0.106,0.106,-0.485,-0.759,0.569,-0.669,-0.485,-0.669,-0.485,-0.996,-0.996,-0.485,0.645,-0.996,-0.669,0.569,0.569,-0.759,0.645,0.408,-0.759,-0.996,0.023,0.408,0.408,0.569,-0.996,0.569,-0.669,-0.759,-0.485,-0.669,0.106,-0.996,-0.669,0.023,-0.6856358612473936,0.106,0.645,0.6306991100433929,0.408,-0.6517291690677659,-0.6206916117051273,0.39072386648841617,0.295,-0.759,0.43714186449449904,-0.485,-0.5032978067911261,0.09514898037734114
0.086,0.22,-0.073,-0.337,-0.073,-0.337,-0.337,0.379,0.22,0.049,0.22,0.097,0.22,0.22,0.379,0.086,0.086,0.239,0.22,0.086,-0.341,0.049,0.22,0.239,0.379,0.379,0.049,0.379,0.22,-0.548,0.22,0.379,-0.548,0.22,0.097,0.049,0.379,-0.548,0.086,0.22,0.086,-0.341,-0.548,-0.073,0.086,0.086,-0.337,0.086,-0.548,0.239,0.086,0.22,0.0697062423269053,0.11498886314016998,0.2254396005187246,0.097,0.24798795688896064,0.379,-0.5634202869896279,0.13942596558406065,-0.5228295383716569,0.17934975573059478,0.20515148087482224,0.36306831925736915
-0.709,0.107,-0.824,-0.824,0.467,0.225,-0.611,0.442,-0.411,0.442,0.225,-0.824,-0.611,-0.611,-0.611,0.107,0.467,-0.611,0.107,0.442,-0.427,0.442,0.107,-0.611,-0.427,-0.427,0.467,0.442,0.107,-0.611,0.107,-0.611,-0.565,0.107,-0.565,-0.427,0.225,0.467,-0.611,-0.709,0.442,-0.709,-0.611,0.467,0.442,-0.427,0.225,-0.611,-0.709,-0.411,-0.565,0.442,-0.42581965826664325,0.2110021801789075,0.467,-0.7184603287578754,-0.5735815045715196,-0.824,0.107
-0.507,-0.507,-1.296,-1.355,0.788,0.586,-0.507,0.586,1.041,-0.507,-0.262,-1.355,1.436,1.041,-1.296,-0.507,-0.507,-1.296,0.788,1.436,-1.296,-1.296,-1.296,-0.507,1.436,-0.507,-1.355,1.436,-1.296,0.016,-1.355,-1.296,0.016,-0.152,1.436,1.436,-1.355,-0.507,-1.355,-0.507,-1.296,-1.355,-1.355,-1.355,1.041,0.788,0.788,0.016,-0.507,-1.296,-0.507,0.586,-1.355,0.5677806060692072,0.6025963725177947,0.016,0.6342533882916506,-1.366969390204211,-0.001013903678425021,1.041,-1.296,0.6665669279457551,-0.152,-0.262,1.0323967755441046,-1.3462287324836995,-1.3180512342738617
1.446,-1.149,-1.149,-0.764,0.808,-1.149,1.566,-0.017,0.808,1.566,0.808,-0.764,-0.098,-1.149,0.631,-0.017,-0.764,-0.098,1.566,-1.149,-0.098,1.446,1.446,1.446,-0.098,1.257,1.257,0.631,1.566,-0.017,1.446,-0.764,-0.017,-1.149,1.257,1.446,0.808,-0.764,0.808,1.257,-0.159,1.566,1.446,0.631,1.566,-0.017,-0.159,0.631,-1.149,-0.098,0.615189769638841,-0.17069048577562684,1.257,1.446,0.808,-0.764,1.566,1.5499026653749655,1.2464051524810875
1.223,1.736,1.223,-0.648,0.123,0.123,0.621,-1.054,0.727,-1.054,0.621,0.476,-0.648,0.727,0.123,1.223,0.476,1.736,0.727,-0.238,0.137,-1.054,-0.238,0.123,-0.648,1.736,-0.648,0.137,-0.238,0.727,0.621,0.137,1.736,0.621,1.736,0.137,-0.238,0.621,-1.054,1.223,-1.054,0.476,-1.054,-1.054,0.137,-0.238,1.736,-0.648,0.621,1.736,0.621,0.727,0.137,-1.054,0.727,0.123,0.476,1.736,0.137,1.223,-0.238,0.10900052106059488,0.1570499071593981,0.20038768699138806,-1.054,-1.0714952043910548,0.621,0.727,1.2127030101605372,-0.2536644076964338,-0.22801200640611208
-1.085,-1.299,-0.558,-0.941,-0.558,-1.299,-0.558,-0.79,0.636,-0.79,-0.941,0.977,-1.085,0.636,-0.941,-0.558,-0.558,0.56,-0.79,-0.558,-1.11,0.56,-0.79,-1.085,-0.558,-1.11,-1.299,-1.11,0.977,-0.79,0.636,-1.11,-0.41,-0.41,-1.085,-1.085,-0.558,0.56,-1.299,-0.558,0.636,-0.79,-1.299,-0.941,-0.941,0.56,0.977,-1.11,-1.085,0.636,-1.11,-0.79,0.977,-1.085,0.977,-1.11,-1.299,0.56,-0.941,0.636,-0.558,-0.41,-1.11,0.5428050912478618,-1.085,-1.1062686463485099,0.582866539613529,0.6213406309712269,-0.79,-1.074175911254141,-0.8032173863515356,-0.9512713932500925,-0.4226745998015165,-0.5660616257035059,-0.7653038117263576,-0.9044100808251616,-1.299
-0.499,-1.113,-1.113,-0.394,1.304,-0.394,1.475,-0.496,1.304,1.475,-1.113,1.304,-0.737,-0.688,-0.752,-0.394,-0.499,1.304,1.475,1.304,-0.752,1.304,-0.737,1.475,-1.113,-0.752,-0.752,1.475,-1.113,0.394,-1.113,-0.496,-0.496,-0.688,-0.752,-1.113,0.394,1.475,-0.394,-0.496,-0.394,-0.737,1.304,-0.394,-0.496,-0.394,-0.688,-1.113,-1.1241257607512807,-0.737,0.394,-0.499,-0.688,-0.496,-0.752,-0.7059486424137258,-0.394,1.304,-0.5128000609255203,-0.7629534709704608,-0.5098440998383195,0.38005569564596364,-0.4074586685723337,1.475,1.461604138223704
1.735,-0.814,0.025,-0.565,-1.008,-0.373,1.813,-0.814,-1.008,-0.373,-0.814,-0.708,-1.008,1.813,1.735,-0.449,1.735,1.735,-0.988,-0.373,0.025,1.735,-0.988,-1.008,1.735,-0.565,1.735,-0.373,1.813,1.735,1.735,-1.008,-0.373,0.025,-0.988,-0.988,1.813,1.813,-0.814,-0.708,-0.373,1.813,0.025,-0.449,-0.373,-0.373,-0.814,-0.373,-0.708,-1.008,1.813,0.025,-0.708,1.813,1.7929560496511066,-0.373,-0.449,-0.814,1.735,-0.565,-0.5804962179331155,-0.988,-0.4613994666570602,-0.3912137178429029,1.815026698646566,-0.4470769306516547,1.8698130399110942,-0.7180500681342503,-0.670994609131088,1.9155375957116567,-0.5513414696038602,1.7181695103932288
-0.923,-0.232,1.659,-1.025,-0.232,0.106,-0.923,-1.025,0.669,-0.165,-0.165,1.659,0.669,-0.165,-0.232,0.106,-0.033,-0.033,2.078,-0.033,1.659,-1.025,2.078,-0.165,-0.165,-0.165,0.973,0.669,0.106,2.078,0.106,-0.165,-0.033,2.078,-1.025,-0.033,0.106,1.659,-0.232,-0.033,1.659,0.973,2.078,0.669,-0.923,-0.232,2.078,2.078,-0.923,-0.923,-1.025,0.106,-0.033,-0.232,-0.923,-0.165,-0.9368508051205482,2.078,0.09897830042684454,-0.180964296145534,-0.9048419187715578,-0.16352136050429497,0.669,-0.8756945900867704,1.659
-0.731,-0.909,-0.522,-0.909,1.051,-0.909,1.051,-0.909,-0.731,-0.383,1.601,-0.383,0.229,-0.918,0.229,0.229,-0.763,-0.383,1.051,-0.522,1.601,-0.918,0.229,-0.731,0.229,1.601,-0.383,0.021,0.229,-0.763,-0.918,-0.918,-0.383,1.051,0.229,1.601,-0.731,-0.918,-0.909,-0.383,0.229,0.229,-0.763,1.601,1.051,0.021,-0.763,-0.731,1.051,1.051,-0.918,-0.909,-0.383,-0.9222245930515676,1.601,-0.8804125573427843,1.5893415292385673,1.6210186172655798,0.021,1.039623063132552
0.728,-0.733,-1.052,-1.052,-1.052,-0.282,-0.659,-0.869,-0.282,-0.185,-0.774,-0.774,-1.052,0.728,-0.869,-0.743,-0.282,0.728,-1.052,-0.774,-0.282,-0.659,-0.869,-0.185,-1.052,-0.185,-0.743,0.728,-0.282,-1.052,-0.869,-0.869,-0.733,-0.659,-0.774,-0.185,-0.185,-0.869,-1.052,-0.659,-0.743,-0.743,0.728,-0.774,-0.659,-0.733,-0.733,-0.743,0.0,-0.185,0.728,-0.012829465923584395,-1.052,-0.282,-1.0654254488030617,-0.659,-0.733,-0.19471252807557252,-1.0096313774479984,0.7176533816005399,0.7632847123788057,-0.30164838830617285,0.01569105587314535,-0.2684551094725066
0.191,0.174,2.464,2.464,-0.143,-0.143,-1.285,-1.285,1.199,0.174,-0.143,1.199,-1.043,1.693,-1.285,-1.285,0.388,0.001,2.464,-0.143,2.464,-0.143,2.464,2.464,-1.285,0.001,-0.143,1.693,0.191,0.174,-0.143,-1.043,1.693,1.693,-1.043,-1.285,1.693,2.464,2.464,1.199,-1.043,0.001,-1.285,-1.285,2.464,0.191,-1.285,1.693,2.464,1.199,1.693,-1.043,0.388,-1.043,2.464,-0.143,1.693,0.001,-1.053007516640178,-1.285,-0.15794388750953914,0.174,-1.296229330603763,1.199,-0.010670041390598496,0.388
-1.068,-1.13,-0.913,0.811,-0.913,-0.471,-0.688,-1.135,-1.068,0.947,-1.153,0.947,-1.135,-1.153,-0.913,-0.688,0.947,-0.913,-1.135,-1.153,0.947,-1.13,-0.913,-0.537,0.811,-1.068,-1.135,-0.537,-1.13,-1.13,-1.13,-1.068,-1.153,-0.688,0.811,-0.913,-1.153,-1.135,-1.153,-1.13,-0.537,-0.913,-1.068,-0.471,-1.13,-1.135,-1.13,-0.688,-0.537,-1.135,-1.153,0.947,-1.1459013321267697,0.9327050642145698,-0.913,-0.688,-1.13,-1.142416306890694,-1.1047347148804199,-1.1040569836459557,-0.6971938464200441,-0.5503157963579697,0.811
1.136,0.252,1.261,-0.307,0.111,1.261,0.215,-0.314,1.261,-0.314,1.261,1.261,-0.888,0.268,0.252,-0.307,0.252,0.003,1.261,1.261,-0.888,-0.888,-0.888,1.261,1.136,0.111,0.215,0.003,-0.307,0.215,0.003,-0.307,-0.314,1.261,0.215,0.215,0.268,-0.307,0.003,0.003,0.003,-0.307,-0.888,0.111,0.268,0.003,0.09555828501429176,-0.009987227265608488,-0.3249054154456146,-0.8980107423826977,-0.8552172515098558,-0.8091699553739249,-0.27739419537828397,-0.7655893587712619
-0.737,0.422,-0.46,-0.46,-0.346,-1.026,-0.737,1.485,-0.667,-0.737,-0.39,1.404,0.422,-0.46,1.404,-0.39,1.404,0.422,-0.737,1.485,-0.46,-1.026,0.365,1.404,-1.026,0.365,-0.737,-0.39,-1.026,-0.667,-0.39,-0.39,0.365,-1.026,-0.39,-0.46,-0.667,-1.026,1.485,1.485,1.404,0.422,1.404,1.404,-0.667,0.422,-0.346,1.404,0.422,0.4077185424360533,-0.737,-0.39,-0.46,0.365,-0.667,1.485,-0.4764593678510251,-0.43579008086313153,-0.4040753987465752,-0.6815858488031259,-0.7523895587424344,1.389814324455394
0.477,-1.156,-0.654,-1.156,0.444,0.444,0.454,0.721,0.721,1.024,0.454,0.444,0.721,0.454,-0.527,1.024,-1.156,-1.156,-0.486,-0.654,-1.156,1.024,0.444,-0.654,-0.486,-0.486,-1.156,-1.156,0.444,-0.654,-1.156,0.454,1.024,0.444,0.721,-1.156,0.721,-0.654,0.454,0.444,0.444,-1.156,0.444,-0.486,1.024,0.721,0.444,-0.527,0.444,0.454,0.0,0.721,-0.013854727018602698,0.026282898494666647,-1.156,-0.486,0.444,0.4192882939137178,0.7088684039503582,0.7346236606811055,0.477,-1.168920429613808,-0.654,-1.1223328768228853,-0.5025948164185488
-0.653,-0.653,-0.554,1.784,-0.813,-1.122,-0.813,-0.454,-1.122,-1.122,-0.086,-0.133,1.394,-1.122,-0.514,1.394,-0.086,-0.653,-1.122,-0.133,-0.653,-0.653,-0.086,1.394,-0.653,-1.122,-0.554,-0.653,-0.133,-0.514,-0.813,1.784,1.784,1.394,-0.133,-0.813,1.784,-0.554,-1.122,-0.554,-0.086,-0.454,-0.086,-0.133,-0.086,-0.813,-0.1070599374636214,-0.653,-0.454,-0.6683563223363782,-0.554,-0.5685650102978033,1.784,1.7733212110904555,1.7981484340847453,1.840260841426727,-0.644273622817124,-0.825417389326451,-1.122,1.394
-1.078,-1.045,1.168,-1.045,-1.045,-1.045,-0.633,-1.078,-0.921,-0.124,-1.197,-1.197,1.168,-1.197,-0.124,-0.633,-0.921,-0.124,-1.197,-1.045,0.376,0.376,-1.045,-0.124,-1.197,-1.078,-0.124,-1.045,-1.078,-1.045,-1.045,1.168,-1.078,0.376,0.376,-1.078,1.168,-1.078,-0.124,-0.921,0.392,-0.124,-1.197,-0.124,-0.124,0.376,-0.633,0.376,0.392,-1.078,-0.633,-1.0962829873280246,-0.647239774965355,-1.061996813868486,-0.6096001376084657,-1.197,-1.2179730199439942,0.0,0.376532232127478,0.41132174842510955,-1.045
0.293,0.293,0.293,-0.818,0.293,-1.087,0.293,0.209,-1.087,-0.708,0.293,-1.119,-1.119,-1.119,0.678,-0.818,-0.708,0.209,1.005,0.158,-0.818,-0.818,-1.087,-0.818,-0.708,0.293,-1.087,0.158,1.005,-1.087,0.527,0.293,1.005,0.678,-1.087,0.158,0.293,-0.708,0.678,0.678,-1.119,-1.119,1.005,-1.087,-0.708,1.005,0.158,0.678,-1.119,-1.1353181143355684,0.14130733882430055,-0.717768131130216,-1.087,0.9909954399484704,1.0101613675077443,0.527,-0.6909113762306297,-0.651633347008956
-0.606,-0.675,0.235,0.075,-0.607,-0.589,-0.675,0.075,0.235,0.235,-0.589,1.184,-0.636,0.077,1.184,0.959,-0.675,-0.589,0.077,-0.675,-0.607,0.235,-0.589,0.075,-0.675,-0.607,-0.606,-0.606,0.077,-0.675,0.077,0.077,-0.636,0.959,0.959,0.075,-0.675,1.184,0.075,-0.636,-0.589,0.075,-0.589,-0.607,1.184,0.235,-0.589,0.235,-0.675,-0.589,0.077,1.184,0.075,0.05934824593122272,0.08242482595800965,-0.606,-0.607,-0.6056303181485283,0.235,-0.675,0.959,-0.636,-0.5711954218077726,0.10763761873668955
-0.581,-0.831,-0.923,0.671,0.775,0.775,-0.511,-0.581,-0.511,-0.831,-0.581,0.671,-0.248,0.671,-0.581,-0.831,-0.699,-0.923,-0.699,-0.581,-0.798,-0.831,-0.798,0.775,-0.798,0.655,-0.248,-0.511,-0.248,-0.798,-0.798,0.671,-0.798,-0.923,0.655,-0.798,0.671,-0.923,-0.923,-0.831,-0.511,-0.798,-0.831,-0.511,0.655,0.671,0.671,0.671,-0.248,-0.699,-0.699,-0.699,0.775,-0.511,-0.248,0.655,-0.581,0.6411102757881916,-0.26201356665702846,-0.5271502298858012,-0.923,0.6935967432414166,-0.48581296170627214,-0.590582138082929,-0.22069632047426915,-0.831,-0.19251168361803717
1.201,0.085,1.201,0.943,-0.612,-0.612,-0.58,-0.58,0.943,-0.298,0.085,0.085,1.577,0.085,-0.851,0.085,1.577,0.169,1.577,-0.298,1.577,-0.298,0.869,-0.298,0.869,0.943,-0.851,1.201,-0.851,0.943,-0.851,-0.612,-0.298,0.869,0.085,1.577,-0.298,0.169,-0.58,1.201,1.577,0.869,-0.58,1.201,0.169,0.14506717582519188,1.201,-0.612,-0.6344828741932141,1.577,1.1876106011945515,0.943,0.869,-0.6009390019864843,0.20004607665990795,0.085,0.9324250077043831,0.9557933645840841,-0.58,-0.298
-0.677,-0.973,0.658,1.875,0.658,0.044,-0.651,-0.973,-0.546,-0.354,0.044,1.389,-0.651,-0.973,-0.973,1.875,1.875,-0.677,1.389,-0.651,-0.354,-0.677,-0.317,1.875,1.389,-0.677,-0.973,0.658,-0.973,-0.651,0.658,-0.546,1.875,0.658,1.389,0.658,0.044,-0.317,0.044,1.875,1.389,-0.973,0.044,-0.317,-0.651,1.875,-0.317,-0.973,-0.979135871075994,-0.3328175249551543,-0.9559693043773559,1.875,1.389,-0.9044721793222842,1.863100056562768,-0.8486681595352595,1.3715450489041505,-0.677,-0.31141585771963004,0.658,0.044
1.445,-1.178,-1.201,0.945,1.445,0.735,0.735,2.629,0.945,-1.201,-1.201,-0.78,2.629,0.945,-0.78,-1.201,-1.201,2.629,-1.178,2.629,-0.78,2.629,0.781,0.945,-0.78,-0.386,-1.201,0.945,-1.178,2.629,-1.178,-1.178,2.629,2.629,0.781,2.629,0.008,-1.178,2.629,2.629,-1.201,0.945,-0.78,0.008,0.945,-0.78,0.735,2.629,-1.178,0.735,0.781,1.445,0.008,0.724571585383101,-0.78,2.629,-1.178,-0.00167367654631897,-1.201,2.609951365657657,-1.2107128633958741,0.7564332533794291,-0.386,0.7678453382056603,0.7846223112127951,1.4356306987409533
0.744,-0.991,-1.181,0.942,0.942,0.744,-0.785,-0.991,-0.606,0.942,-0.89,-1.181,-1.181,-0.606,-1.181,0.744,1.059,-0.89,-1.181,-0.991,0.744,-0.991,-0.785,-0.89,-0.991,0.744,0.744,0.15,-1.181,-0.89,-0.785,-0.422,-0.89,0.15,-0.606,-0.785,-0.606,0.744,-1.181,0.942,0.15,-0.606,-0.89,-1.181,0.942,0.744,0.942,0.942,1.059,1.059,1.0481280487148783,-0.606,0.744,-1.181,-1.19559991745283,-1.1570860229390834,0.15,-0.89,-0.905594147623317,0.942,-0.991,-0.785
1.062,1.709,0.319,-0.381,0.319,1.709,0.357,-0.861,1.709,1.709,-0.362,-0.227,-0.227,1.709,0.357,0.319,-0.381,1.637,0.319,1.709,1.709,1.637,1.709,1.709,-0.362,1.637,0.319,-0.861,0.319,1.709,1.637,-0.227,-0.227,-0.227,1.709,-0.362,0.319,1.709,-0.362,1.709,1.709,0.319,-0.861,-0.227,0.357,1.637,-0.861,-0.381,1.637,-0.362,1.062,1.709,-0.227,1.062,-0.227,-0.861,-0.227,0.319,1.709,0.319,1.637,0.357,1.709,1.709,-0.861,1.062,1.6946776868998323,-0.362,-0.381,0.30743134369340813,0.3407119894739474
1.939,1.939,-1.17,1.264,-1.17,-0.887,1.939,1.264,-0.275,-1.023,-0.876,-1.023,1.939,-1.023,-0.887,-0.887,-1.023,1.939,-0.541,1.939,1.264,-0.887,1.264,-1.17,0.138,1.264,-1.17,1.939,1.939,1.939,-0.876,1.264,1.264,1.232,-1.023,-1.17,1.232,-0.541,-1.17,-1.023,1.939,1.264,0.138,-0.876,0.138,1.264,-1.023,1.232,1.939,-0.275,0.138,-0.541,-1.023,0.12489121164642746,-1.0378117933489182,-0.887,1.939,1.264,1.926791994755416,1.2472240596765276,1.2617934093913794,-0.897429704173375,-1.17,1.232,-0.8767217917847112
0.981,0.424,0.981,-0.515,-1.011,-1.011,1.888,-1.011,-0.308,-0.437,1.463,-0.347,-0.767,-0.437,0.424,-0.767,-0.437,-0.437,-0.515,-0.347,0.424,-1.011,-0.437,0.424,1.463,-0.767,-1.011,1.888,-1.011,-0.515,0.981,1.463,-1.011,1.888,1.463,0.981,-0.515,1.888,0.424,-0.767,0.424,-0.767,-0.347,0.981,-1.011,-0.437,-0.767,1.888,-0.437,-0.308,-1.011,-0.767,1.888,0.424,-0.347,-0.767,1.463,-0.767,-0.437,-0.4572219322102824,-1.011,0.981,-0.515,0.424,-0.5250818209051052,-0.4908776189652612,-0.347,-0.308,1.4548675402794276,0.9650414507046854,-0.4187763880445526
1.026,0.092,-0.47,-0.443,1.077,-0.063,-0.47,-0.516,-0.063,1.026,-0.063,-0.063,-0.516,1.077,-0.47,-0.416,0.092,0.092,-0.701,-0.416,-0.47,-0.465,-0.465,1.077,0.092,-0.416,0.092,-0.063,1.077,-0.416,0.092,-0.47,0.092,-0.063,-0.701,-0.47,-0.416,-0.47,-0.465,-0.443,-0.063,0.092,-0.416,0.092,-0.416,1.077,0.092,1.077,0.092,-0.701,-0.516,0.092,-0.47,-0.443,-0.416,1.026,1.0111073245304008,1.0464604867845504,-0.4316300509537058,0.07879693531705581,0.11058430054549007,-0.063,-0.08292354472544775,0.13690421048777113,0.17519080182215,0.20633762674691813,1.0703602299949135
0.481,0.118,-0.298,-1.119,0.477,0.0,-0.298,-1.119,0.477,-1.119,-0.622,-0.298,-0.622,-1.119,0.391,0.0,0.0,0.477,0.481,0.0,0.104,1.0,0.104,-0.298,0.118,0.118,1.0,0.118,0.477,0.104,1.0,0.0,0.118,-1.119,-0.298,1.0,0.118,0.391,-1.119,0.0,0.118,0.0,-0.622,0.104,0.481,-0.298,-0.622,0.481,0.0,0.118,0.391,-0.014415053960869943,-1.119,0.031109627488626855,0.4685452626115989,-0.6347234828883297,-0.6155593736708794,0.104,0.477,0.45965463202844936,-0.5734018378717235,-0.30793671849225446
-0.905,-0.983,1.721,1.721,-0.581,-0.013,-1.218,1.721,-1.218,1.721,1.281,-1.026,-1.218,-1.026,-0.013,-0.983,1.281,-1.218,1.721,-1.218,-1.026,-0.905,-1.218,1.281,-0.581,-0.905,-0.013,-0.983,-1.218,-0.581,-0.983,0.653,1.721,-1.218,-1.026,-1.026,0.653,0.653,0.653,-0.983,-1.026,-1.218,-1.026,-1.218,-1.218,1.281,-0.581,-1.026,-0.581,0.653,-0.013,-1.026,-1.0501668736075607,-1.025251311425653,-1.218,0.0,-1.2366383032968788,1.721,-0.983,-0.015142550120651936,-1.2004442975428238,0.6399922032900074,-0.5944739990527369,-0.5532612779596641,-0.5076139405543465,-0.9977934058144813,-0.022797504566918148,-1.1669909304773816,-0.9954728164960693,0.6789284894344118,-0.905,1.7105050381671814,-0.46017943409146594
0.048,-0.808,-0.951,-1.246,-1.246,-0.464,0.511,1.458,-0.994,-0.994,1.458,-0.994,-0.994,2.188,0.251,-0.464,0.251,-1.246,-0.464,-0.951,2.188,0.251,0.048,-1.246,-0.994,2.188,-0.951,-0.994,-0.994,-0.464,-0.951,1.458,-0.951,-1.246,-1.246,0.251,-0.808,-1.246,2.188,-0.994,2.188,-1.246,-0.808,1.458,1.458,-0.808,-0.951,-0.808,2.188,0.511,1.458,0.251,2.188,1.4435399877648323,-0.464,-0.951,-0.808,0.23625614621451568,-0.9658508274878801,-0.4815278742472437,-0.8234812060412532,1.4700392557062771,-1.246,-0.9059284470233286,-0.4377619222114862,-0.7971614368881881,0.28907306134313027
-1.299,-0.437,0.28,-1.299,2.017,1.036,2.017,1.036,2.017,2.017,0.28,-1.299,-0.713,2.177,-0.437,2.177,2.017,-0.437,2.177,2.177,-0.713,1.036,-0.713,-0.437,-0.513,-0.713,-0.713,-1.299,1.036,2.017,2.177,-1.299,-0.687,-0.395,-0.687,-0.713,-0.513,2.017,2.017,-0.437,1.036,-1.299,2.177,2.177,-1.299,2.017,2.177,-1.299,2.005301507547317,-0.437,1.036,1.0210316101285062,0.28,-0.4535837525702286,0.2683269134884163,-0.713,2.0448604722405253,-0.395,1.0583428076357106,-0.4066993260975271,-1.3112234680175057,2.076037827099426
-0.778,-0.573,0.823,-0.834,0.227,1.188,0.227,-0.834,1.188,-0.551,-0.757,-0.778,-0.757,-0.897,-0.551,-0.757,0.407,-0.897,-0.834,-0.757,-0.778,0.227,1.188,0.227,-0.834,-0.551,-0.834,0.407,-0.897,-0.551,-0.573,1.188,-0.757,-0.757,1.188,-0.551,1.188,0.823,-0.897,-0.897,1.188,-0.551,-0.573,-0.834,-0.757,-0.773153762378103,-0.897,-0.778,0.227,1.188,1.172393459239762,1.1978118585332544,0.407,-0.834,0.39571812330819445,-0.8529602756340392,1.2432322461014786,-0.9121752929456948
-0.764,0.69,-0.704,-0.899,-0.829,-0.704,-0.764,-0.704,-0.893,0.138,0.138,1.348,-0.893,0.004,-0.704,-0.704,-0.893,-0.829,-0.704,-0.899,-0.764,1.348,0.004,-0.829,-0.704,1.348,0.004,-0.779,1.348,-0.779,-0.779,-0.779,-0.899,-0.899,-0.704,0.004,-0.704,-0.829,-0.779,-0.893,-0.893,-0.899,0.004,-0.779,-0.764,-0.899,-0.779,-0.829,0.69,0.004,-0.893,-0.7936647812440957,-0.9141000845496197,-0.9085644341770034,-0.7474412894175865,-0.8427885871029455,-0.7786464411680732,-0.8685754214651623,1.348,-0.704
0.08,-1.051,-0.71,-0.392,-1.051,0.08,-1.051,-0.817,-0.91,-0.779,-0.392,-0.574,-1.051,-1.051,-0.71,-0.392,-0.817,-0.91,-0.392,-0.91,-0.71,-0.91,-0.71,-0.779,-0.91,0.389,-1.051,-0.817,-0.817,-1.051,-0.817,1.042,0.08,-0.779,-0.574,1.042,-0.817,-0.91,-0.71,0.389,-0.817,0.08,1.042,-0.392,-1.051,-0.91,0.389,-0.574,0.08,0.3716973548683094,-0.9239676920582436,-0.883606388693573,-0.8456951911249252,1.042,-0.5894915757755663,-0.817,0.41779063124129756,0.4485725281316306,-0.8306167500556958,-1.0614155134084924
0.73,0.038,-0.71,0.73,0.038,0.038,0.73,0.038,-0.804,-0.804,1.223,-0.757,1.335,1.854,1.223,0.73,-0.804,-0.757,1.223,0.096,-0.804,0.038,0.73,1.335,1.223,1.223,0.038,0.096,0.73,-0.757,1.854,1.223,0.038,0.403,0.038,1.854,1.854,-0.71,0.038,-0.757,0.038,-0.804,1.335,-0.71,0.403,-0.804,0.3950480298038797,0.038,1.335,0.019946952349210918,1.3234617711478445,1.3225767534562871,-0.71,0.05334477285272428,0.0783142988032184,-0.8204291289707512,-0.757,-0.7764930332051588,1.854
1.521,0.531,-0.868,1.453,-0.833,1.521,0.285,-0.833,0.531,0.285,-0.796,1.453,-0.796,1.453,-0.677,1.453,1.453,-0.13,1.521,0.285,-0.868,1.521,-0.677,1.453,-0.13,-0.833,-0.677,0.531,1.521,-0.833,0.285,-0.833,0.531,1.453,-0.868,1.521,-0.796,0.531,1.453,0.531,-0.868,-0.796,-0.833,-0.833,1.453,1.521,-0.833,-0.868,-0.677,1.521,-0.677,-0.461,1.521,-0.833,-0.461,-0.13,-0.677,-0.868,-0.833,-0.796,1.453,1.453,-0.796,1.430967038950504,1.4678967595601593,0.285,0.531,-0.833,-0.13,-0.677,-0.8080761153094589,-0.8501982463225264,-0.7772351840765045,-0.14064415108133807,-0.750419862783848,1.5075318613654691,1.521
-0.76,-1.013,-0.12,-0.23,-1.292,-0.874,1.692,-1.102,-0.76,-1.013,-1.102,-0.874,1.063,1.063,1.692,-0.874,-0.504,-0.23,-1.013,1.692,1.692,-1.102,-0.12,-0.23,-1.102,-1.013,-1.292,-1.292,-0.76,-1.013,-1.292,-0.504,-0.504,-1.292,-1.292,-1.292,-1.102,-1.292,-1.013,-0.23,-1.102,1.063,-0.23,1.063,-1.013,-0.504,-1.102,-1.292,-0.12,-1.1218658422267132,1.0537745034780932,1.692,-1.3054868848719061,-0.23,-1.0698213706586153,-1.0423252566571533,-0.76,1.0830695079134236
-0.818,-0.911,-0.376,-0.911,-0.066,-0.066,-0.911,-0.066,0.297,-0.767,-0.941,-0.692,-0.941,-0.631,0.297,-0.631,-0.692,-0.941,-0.066,-0.941,-0.631,-0.911,-0.631,-0.941,-0.767,-0.692,-0.631,-0.376,-0.911,-0.911,-0.818,-0.348,-0.767,-0.692,-0.631,-0.348,-0.818,-0.066,-0.941,-0.941,0.297,-0.692,-0.818,-0.692,-0.911,-0.818,-0.066,-0.767,-0.631,-0.376,-0.348,-0.818,-0.692,-0.767,-0.631,-0.7789893165597145,-0.911,-0.360193348585689,-0.6496110052498135,-0.941,-0.7086058504072188,0.297,-0.6105371625432244,-0.9197435583140078,-0.066,-0.3232068961569639,-0.754162274524111
1.676,1.676,-0.336,-0.336,1.217,1.217,1.676,-0.95,-0.685,-1.32,-1.32,1.676,-0.95,-1.116,-1.32,-1.32,1.217,-0.95,0.022,1.217,0.022,-0.95,-1.116,0.022,-1.32,0.007,-1.116,0.007,-1.116,-0.685,0.022,-0.336,1.217,-0.006,-1.32,1.676,-1.116,-0.685,-0.95,1.676,-1.116,1.676,-1.32,-0.95,-1.32,1.217,-1.32,-0.95,-0.685,-0.336,0.007,0.007,0.007,-1.32,-0.006,0.007,1.676,-1.116,-0.018752245275522175,-0.685,-0.95,0.022,-0.0031756687566259637,-1.1291343183163665,-1.0979125038746231,-1.063436712476662,-0.7016773088370357,0.014770764421229685,-0.6519968977562204,1.217,-0.336
-1.144,1.029,-1.072,1.047,-0.732,0.057,-1.072,-1.144,1.047,-1.144,1.047,1.029,-0.582,-0.611,-0.732,-0.021,-1.144,-0.611,0.057,-1.144,-0.215,-1.072,-1.144,-1.144,-0.732,0.057,0.057,1.047,1.047,-1.144,1.047,-1.072,1.029,0.057,-0.732,1.047,0.057,1.029,-0.582,-1.072,-0.611,-0.582,-0.611,1.047,1.029,-0.732,-1.144,1.047,-0.611,-0.732,1.047,-1.144,-1.1589162484040385,-0.021,-0.03664348200696566,1.029,-1.1219538186778075,0.057,1.011759259578904,1.031098811175019,1.0413903077211708,-0.215,-1.0975918917621357
-1.395,-0.527,1.181,-0.919,0.97,-1.395,1.181,-0.919,-0.751,-0.026,-0.919,-0.751,-1.395,-0.751,1.181,-1.395,0.97,-1.395,0.97,-0.026,0.384,-0.59,-0.751,-0.59,-0.527,-0.751,0.97,1.256,1.256,1.181,1.181,0.384,-1.395,-0.026,-1.395,1.256,0.384,-0.527,1.256,-1.395,-1.395,1.181,-0.919,1.256,0.384,-1.395,0.97,-0.751,-0.026,1.181,-0.7694034385326401,-0.59,-0.7281390398681548,0.9536303885368201,-0.527,-0.919,-0.9371931673351478,-0.9038741747828173,1.256,0.9861090162499022,-0.5415646177067751,-0.041201052575773944,1.239216158893725,-1.395,-0.8551453945567271,-1.4107755742362553,-1.39177224914188,-1.356946867058127,-0.5088411205955423,-0.4836340108216969
-1.076,-0.869,-0.668,2.519,-0.802,-1.085,-1.085,1.122,-0.802,-1.085,-1.085,-1.085,2.519,0.159,-1.085,-0.912,-0.668,-0.802,-1.085,1.276,-0.869,-1.076,-0.802,-1.076,0.159,1.122,2.519,-0.668,-0.912,1.276,-1.076,2.519,2.519,-0.912,1.276,2.519,1.122,-0.869,-0.869,-0.869,-1.085,-1.085,2.519,2.519,-1.085,-0.869,-0.912,1.276,0.159,-0.668,1.122,1.276,-0.668,-1.076,-1.0861433239273859,0.159,-1.085,2.519,-0.869,0.14690386163183575,-1.1021553757747546,-1.0730949256921432,-0.8823211211304672,-0.8421921160275628,0.17858934341895888
-0.198,-0.797,-0.606,1.254,-0.31,-0.797,-0.797,-0.169,-0.198,1.254,-0.615,1.009,1.854,-0.31,-0.169,-0.797,-0.606,-0.606,1.009,-0.615,-0.198,1.254,-0.797,-0.498,-0.169,-0.606,-0.498,1.854,1.854,-0.31,-0.797,-0.606,-0.606,1.254,1.254,-0.797,-0.169,-0.31,-0.606,1.854,1.854,-0.606,-0.615,-0.615,-0.169,1.009,-0.606,-0.6265220034809538,-0.31,-0.169,-0.615,1.854,-0.498,-0.32117575646326135,1.254,-0.198,-0.797,1.2404039898177304,1.845133925036146,-0.20992585115106338,1.872264355933721,-0.18812227413096572,1.2928636879602016,1.9086283529570993,1.3199964943197278,-0.5895869148269851,-0.8123298959523894
1.001,-0.818,0.865,-0.818,-0.997,-0.997,-0.372,-0.372,-0.912,-0.453,-0.372,-0.847,-0.997,1.001,-0.372,-0.818,-0.847,-0.997,1.001,-0.847,0.865,-0.372,1.001,-0.912,-0.912,-0.912,-0.997,-0.818,-0.479,0.865,-0.818,-0.372,-0.479,-0.818,0.865,-0.997,-0.479,0.409,-0.453,-0.479,1.001,1.001,-0.847,-0.912,-0.847,1.001,0.865,-0.479,-0.372,-0.847,-0.479,-0.912,-0.997,-0.49098352247773547,-0.818,-0.38427540069006216,-0.925136814416658,0.409,0.40045214954342445,1.001,-0.8817998696319196
-1.215,1.905,0.892,-0.124,0.179,1.905,-1.215,-0.124,-1.025,-1.215,-1.025,-1.215,0.179,0.179,-0.614,0.892,-0.614,1.905,-1.215,-0.124,1.905,-1.215,-1.215,1.905,-0.124,0.068,-0.124,-1.215,1.905,0.107,-1.025,0.068,-0.124,0.068,1.905,-0.492,-0.492,-0.124,0.107,-1.025,-0.492,0.068,-0.614,0.179,-0.492,-0.5109412195975993,0.058939287268488724,-1.025,-1.215,-0.6260847275151568,1.905,-1.2329618040396264,-0.4827080167672082,-0.5774894216693742,1.893445419272632,-0.124,-0.4630079339354678,-0.5388554009989056,-0.425257183554991
1.661,-0.953,-0.754,-0.499,-1.089,0.726,-1.089,1.853,-0.754,1.661,1.057,-0.499,-0.754,-1.089,-1.089,1.057,-0.687,1.661,1.853,1.661,0.726,0.726,-0.687,-0.953,-1.089,1.853,1.661,-0.426,-0.687,-0.953,-0.687,1.853,-0.426,-0.426,-0.754,-0.687,-1.089,1.661,-1.089,1.661,1.853,1.853,1.057,0.726,-0.687,-0.953,1.057,0.726,1.853,1.057,-0.687,1.8393967577772818,1.0470312969953304,-1.089,1.076802342579469,0.7130982586735567,-1.1048139221396815,-1.0768653065400022,-0.953,1.8631589159120316,-0.7014718437193014,0.7487516700343266,1.8836989949640384
-0.797,0.514,-1.34,0.874,-0.38,-0.168,-1.34,0.601,0.258,0.874,0.258,-0.734,-1.34,-0.734,0.514,0.514,0.258,0.514,-1.34,-0.734,0.601,0.514,-0.38,-0.582,-1.34,0.874,-0.168,0.514,-0.582,0.258,0.514,-1.34,-1.34,0.514,0.258,0.601,0.258,0.258,-0.797,-0.734,-1.34,-1.34,-0.734,-0.734,-0.38,0.874,-0.797,-0.168,-0.582,-0.734,0.258,-0.168,0.514,0.258,0.514,0.874,-0.168,0.49923547952999836,-0.582,-0.5974430614865672,-0.18220662856459338,-0.38,-0.13619494512272545,0.5486899840049169,0.862347980804108,0.5879787666105966,-0.797,0.601,-0.8151739321517282,0.6268658620881071,0.6582617807567551,0.258
-0.809,2.345,2.038,-0.78,-1.293,-1.293,2.217,-1.293,2.217,-0.809,-0.78,2.038,-0.809,2.345,2.217,1.706,-0.112,-0.112,-0.78,-0.809,-1.293,1.157,-0.78,2.345,2.345,1.157,-0.78,2.345,1.706,-0.809,-1.293,2.217,1.706,2.217,-0.617,-0.809,-1.293,-0.112,2.217,1.706,1.706,-1.293,2.345,-1.293,1.157,2.038,-0.112,1.706,2.038,-0.617,1.706,2.345,1.706,1.692304707551336,-0.809,1.157,2.326825278946709,-0.78,2.217,2.3519254484674845,1.7253250187615135,2.038,2.204550509861415,2.378518502574574,-0.617,1.7672806911010155,2.0262672475886947,2.237974654792409
-1.104,-0.718,-1.283,-0.645,-1.104,-0.864,-0.864,-1.104,1.256,0.935,-0.552,-0.397,-1.104,-0.645,-1.283,-1.104,1.256,-1.283,-0.747,-0.645,-0.645,-0.552,-0.747,0.935,-0.397,-1.283,-1.104,0.935,-1.283,-0.864,-0.552,0.935,1.256,-0.397,1.256,-0.864,-1.283,0.935,0.935,-0.397,-1.283,-0.718,-0.552,-0.718,0.935,-0.552,-0.397,-0.747,1.256,0.935,-0.864,-0.864,-0.718,-0.645,-0.747,-0.8790323697687967,-1.283,0.935,-0.7299623803582294,-1.3013387436807944,-0.6994446892579442,-0.397,-0.855171530974695,-0.6698201650488813,-0.552,-1.2655361746390446,-0.816346360560429,-0.5647172371666311
1.266,-0.425,1.266,-0.448,-0.961,0.145,-1.251,1.243,-0.425,-1.251,-0.448,1.243,-1.251,0.145,1.243,-0.961,0.145,1.266,1.599,1.599,-0.743,0.145,-1.251,-0.743,-0.425,0.145,-0.2,-1.251,1.599,0.145,-0.425,-1.251,-1.251,-0.961,1.599,-1.251,-0.961,-0.743,-0.425,-0.743,-0.425,1.599,1.266,1.266,0.145,-1.251,-0.743,-0.743,-0.425,1.599,1.599,-1.251,-1.2667291337357984,-0.448,1.243,1.266,-0.4606713251965062,-0.2,-0.4110122383672839,-0.3783300150770071,1.226968294195336,1.2581655280350528,-0.32640485391018287,-0.2888606314868058,-0.961
-0.226,-0.936,1.797,-0.74,1.782,1.782,0.22,1.797,-0.936,1.797,0.792,0.792,-0.74,1.797,0.007,1.782,-0.936,1.797,-0.74,-0.964,1.797,0.662,0.22,1.782,1.797,0.662,0.007,0.792,-0.74,-0.964,-0.964,-0.936,1.782,1.782,0.662,-0.964,-0.226,0.662,1.782,-0.226,-0.964,-0.964,0.792,0.007,0.007,-0.226,-0.964,0.792,-0.964,-0.226,0.792,0.007,-0.74,0.792,0.007,-0.964,-0.226,-0.74,0.007,-0.7571629217430165,-0.23815174903012223,1.797,-0.936,-0.9501405579008816,1.782,-0.01051544183609238,0.22,0.792,-0.9237908126510551,1.764001310777558,-0.9733432557663325
-0.401,-0.32,1.16,0.201,0.403,1.793,-0.32,-0.678,1.793,-0.678,-0.678,-0.678,-0.32,1.16,-0.401,1.16,0.672,-0.401,1.123,0.672,0.672,-0.678,-0.166,-0.401,-0.32,-0.32,-0.32,1.793,1.16,1.123,1.123,1.123,-0.32,1.123,-0.678,-0.678,1.793,-0.166,0.201,-0.32,1.793,0.672,0.201,1.16,-0.166,-0.32,1.793,1.793,-0.166,-0.401,-0.401,-0.401,0.201,1.123,-0.32,0.403,0.18088270222752625,1.793,0.2231573317683831,1.7782079841969867,1.1126919498245496,-0.33425501156188986,-0.166,1.1451122534034874,0.672,1.182110492506758,0.653876334294757,-0.30531479637929404,1.2123382401896161,-0.401,1.245115526744319,-0.4192763330746876,1.277923305268201,0.688202889550089,-0.26053783139140396,1.3074925719367625
-1.023,-1.151,-0.238,-0.136,-0.238,-1.151,-0.207,-1.151,-0.207,-0.207,0.494,-0.136,-0.215,-0.238,-0.215,-0.207,-0.215,-0.654,0.494,-0.136,0.494,-0.654,-1.023,0.494,-0.238,-0.215,-0.207,-0.207,0.489,-0.136,0.489,1.069,-0.136,-0.136,-1.151,-0.207,0.494,-1.023,-0.215,-1.151,-0.654,-0.136,1.069,-0.207,-1.023,0.489,1.069,-0.136,-0.238,-1.023,-0.207,-0.207,-0.215,-1.151,-0.136,1.069,-0.15291235367209616,0.489,-0.11146762908821505,-1.023,0.494,0.4770635592785009,-0.05049926227038821,-0.654,-0.22185951324303435,0.47907864990370125,-0.0007536120339187921,-0.238,0.5105887764891746,-1.160535677494696
1.304,-0.939,1.781,-1.013,-0.385,-0.277,1.781,-0.385,1.781,1.781,-0.277,0.387,1.781,1.472,1.781,1.472,-0.385,0.387,-0.939,1.304,-0.939,-0.39,-1.013,1.472,1.472,1.781,-0.39,1.781,1.472,1.304,1.472,1.304,-0.385,1.781,1.781,1.472,1.304,-0.939,-0.277,-0.385,-0.939,-1.013,-0.385,-0.385,1.304,-1.013,1.781,-0.385,-0.277,1.472,1.304,-1.013,-0.939,-1.0270180026165376,1.290348304180339,-0.291164839489184,1.781,1.768858333086903,0.387,1.3085011342211945,-0.949184362707641,-0.385,1.4604912963452426
1.165,-0.792,-0.557,-0.754,-0.49,1.07,0.642,-0.112,-0.754,-0.74,-0.792,-0.754,-0.74,1.165,0.642,1.165,1.07,-0.792,1.07,-0.74,-0.74,1.448,-0.74,1.165,-0.792,-0.49,1.448,1.165,-0.74,1.165,1.165,1.165,-0.112,-0.74,-0.49,-0.754,0.642,-0.557,1.165,1.448,1.07,1.07,1.07,1.448,1.448,1.448,-0.792,-0.112,-0.557,-0.754,-0.74,0.642,1.07,-0.792,1.448,1.165,0.6318374648393166,-0.7470636771535767,-0.557,1.4378553988599099,-0.112,1.0512245402582086,1.1099136129979128,-0.6978632171057698,1.48496869510488
0.078,0.078,0.137,-0.843,-1.093,0.394,-0.307,0.361,0.361,-0.843,0.426,-0.502,-0.502,-0.843,0.078,-1.093,0.137,0.137,-0.307,0.078,-1.093,-0.307,0.078,0.078,0.426,0.078,0.426,0.426,-0.843,0.394,-0.502,0.394,0.048,-1.093,0.137,0.361,0.361,0.394,0.394,0.078,-1.093,0.137,-0.843,0.048,0.394,0.078,-1.093,-0.307,0.426,0.426,0.137,0.394,0.078,-1.093,0.048,0.426,-0.307,0.030248165965121147,0.361,0.41410392532313145,0.3821105115339158,0.137,0.4464729865335439,-1.101539033903637
-0.809,0.364,-1.295,0.049,-1.295,-0.228,-0.968,-0.809,-0.809,-0.145,1.073,-0.968,1.136,-0.968,0.049,0.364,-1.295,1.136,-1.295,-0.704,-1.295,1.136,0.049,-0.704,1.073,-0.145,-0.145,-0.809,-0.704,1.136,-0.145,-0.809,1.136,-0.968,-0.968,1.136,-1.295,0.364,1.073,-0.704,0.049,-0.145,-0.145,-0.968,-1.295,0.049,0.364,0.049,1.073,-0.968,0.364,-0.809,1.073,-0.704,-1.295,-0.145,-0.1703156950623935,1.136,-0.968,-1.3081747351822863,-0.719701749709062,-0.14305754635882467,-0.809,0.049,1.1290254803756865,-1.2749236214661313,-0.228,1.073
-0.445,0.413,-0.821,0.837,-0.59,-0.821,-0.821,-0.821,-1.198,-1.206,0.837,-1.206,1.566,0.235,1.566,-1.198,-1.206,-0.445,0.235,-0.59,-1.228,1.566,-1.206,-1.198,-0.59,-1.228,1.566,-1.206,1.566,-1.206,-1.206,-1.228,-1.198,-1.228,-1.198,0.235,-0.821,-0.59,-1.206,1.566,-0.59,-1.206,-1.228,-1.198,-0.821,0.413,-0.59,0.39894623048012995,-0.8300072713312525,-0.6059855919591489,0.42607778864494295,1.566,0.235,0.837,-0.7829325520883623,-1.228,-0.445,1.5500639629431308,0.47336618361683297,-1.198
1.188,-1.033,0.455,0.455,-1.115,1.188,1.217,-1.115,0.455,-0.824,-1.115,1.217,1.217,0.017,-0.824,-0.824,-1.033,-1.033,-0.829,-0.829,1.217,1.188,-0.824,1.188,1.188,-1.115,1.217,0.017,-0.829,1.188,-1.033,-1.033,-0.824,1.188,-1.033,0.455,-1.115,-1.115,1.217,0.79,-1.115,-0.829,-1.033,0.017,0.79,0.017,-0.824,1.217,0.017,-1.033,-1.115,0.455,-0.8348115407400992,0.79,1.2059949185501777,-0.8152142835233871,-0.829,0.7788947592077496,-0.8021538766686687,1.188,0.002053943092091344,-1.1311472627575039
1.092,0.328,1.238,1.521,-0.406,1.238,1.238,0.328,-0.406,1.521,1.299,1.238,0.286,-0.159,-0.706,0.286,1.238,0.328,-0.706,0.328,0.286,0.286,1.299,1.299,-0.159,1.238,1.299,1.238,-0.406,-0.406,-0.159,1.521,1.092,1.299,1.521,-0.159,-0.406,-0.706,1.299,0.703,1.092,1.521,1.238,-0.159,1.238,-0.406,-0.4315492747927293,1.2165477444471167,0.703,0.6882902701335771,1.299,0.328,-0.706,0.7294958797342639,-0.38134114490634236,1.092,1.079847493171453,-0.16873668917335272,0.286,1.0989878112006084
-0.582,-1.197,0.276,-0.495,-0.582,-1.063,-1.063,1.012,-1.197,-0.244,-0.495,-1.063,-0.244,-0.244,-1.038,-1.038,-1.063,-0.495,-1.038,-1.063,0.768,1.012,-1.038,-0.495,1.012,-0.244,-0.244,-1.038,-1.038,-1.197,-0.337,-0.337,-1.063,1.012,-0.582,-1.197,-0.337,-1.197,-1.063,-1.063,0.276,-0.244,-1.197,-1.063,-0.244,0.276,-1.197,-1.063,1.012,0.768,-0.244,-1.197,0.276,0.276,-0.495,-0.337,-0.509632789028689,0.2639676541122547,-1.197,-1.038,-0.3492309847448505,-1.2094667780631727,0.30407733726218716,0.768,-0.582,-1.0521504562138035,-1.0117128010710734
1.349,1.207,1.349,1.349,1.349,1.349,1.207,-0.585,0.193,-0.695,0.692,-0.322,-0.35,1.349,-0.695,1.349,0.692,-0.322,-0.322,-0.166,-0.585,1.207,1.349,1.349,-0.585,0.193,-0.322,0.193,-0.695,-0.322,-0.695,-0.322,0.193,1.207,-0.322,-0.695,-0.166,-0.35,-0.322,1.349,0.692,1.207,0.0,0.692,1.1929894755308337,0.6756017510589339,0.193,1.349,1.3311148506555972,-0.166,-0.585,-0.010215645923847112,1.364273192620083,-0.695,1.4019242475928475,-0.5916724553010669
0.946,-1.018,-1.025,-1.018,0.946,-1.018,-1.018,-1.038,-0.887,-0.887,-1.025,-0.761,-1.038,0.946,-0.761,-1.038,-0.887,0.478,0.478,-0.761,0.403,-0.887,0.946,-1.018,-1.038,-0.761,-0.788,-0.761,0.946,-1.025,-0.788,-1.025,-1.018,-0.761,1.502,-1.038,0.946,-0.788,-1.038,-1.038,1.502,-0.788,0.478,1.502,1.502,-1.038,-1.018,-0.887,0.946,-1.025,-1.018,-0.788,-1.025,0.478,0.946,-0.8021698700604505,-1.043453094236127,-0.7791287795954027,0.9342173404628005,0.9779092679440283,0.46792769636042275,1.502,1.036534393316342,-0.887,-0.761,-0.7780066464807398
-0.736,-0.736,-0.99,-0.334,-0.077,-0.454,1.231,-1.304,1.579,-1.304,-0.99,-1.304,-0.736,-1.304,-0.99,1.231,-0.334,-0.736,-0.211,-0.077,1.231,-0.334,-0.077,-1.304,1.579,-0.736,-0.454,-0.736,1.231,-1.304,-0.211,1.579,1.231,-1.304,-1.304,1.579,-0.99,-0.334,1.231,-0.736,-0.99,1.579,-0.077,0.0,-0.211,-0.22471057936075728,-0.334,-0.354858040298084,-0.30210513815696016,-0.1981764500254996,-1.304,1.231,-0.454,-1.3181472338104565,-1.2793285443051903,-0.17097332039333818
0.097,-0.255,-0.323,1.456,0.097,-0.392,0.056,0.056,0.056,0.056,0.056,1.456,0.097,-0.392,-0.323,0.056,-0.377,0.056,0.638,1.456,1.456,0.056,-0.392,0.638,-0.255,1.539,1.539,-0.392,1.456,-0.255,-0.377,0.056,-0.392,-0.392,0.056,-0.255,-0.392,-0.255,0.056,0.638,0.056,-0.392,1.456,1.539,1.456,0.638,0.056,-0.392,0.638,-0.392,1.456,-0.323,-0.392,-0.255,0.097,1.539,-0.2650612019687404,-0.4093599007226851,0.08110142131398027,-0.36777909014264665,0.056,0.11606135180327122,-0.34040429007860495,-0.377,0.03968334922999933,1.445045825255049,0.056,-0.23348274341831635
-0.779,0.151,-1.134,0.151,-1.134,0.195,0.151,-0.944,-1.134,0.655,-1.134,0.655,0.655,-1.134,-0.094,-0.779,0.655,0.655,-0.944,-0.018,-1.134,-0.552,-0.017,-0.552,-0.779,-0.552,-0.094,-0.017,0.195,-0.944,-0.017,-1.134,-0.944,-0.094,0.151,-0.094,-1.134,-0.779,-0.944,0.195,-0.944,-0.017,-0.552,-0.779,-0.018,0.151,0.655,0.6430825413888224,0.13585448071421433,-0.7918878760476519,-1.134,-0.094
1.532,-0.537,-0.537,0.258,-0.844,1.053,-0.855,-0.367,-0.537,-0.148,-0.844,1.532,0.258,-0.381,1.532,-0.855,-0.367,-0.148,-0.537,1.053,0.196,-0.855,-0.367,0.196,0.196,-0.537,-0.537,0.196,0.196,-0.537,0.196,1.532,1.053,-0.537,-0.537,-0.381,1.532,0.196,0.196,-0.844,-0.148,0.196,-0.844,0.196,-0.381,-0.537,-0.381,-0.148,-0.5501823695354762,-0.855,-0.513185237060279,-0.48135874623489094,-0.46085437157926673,1.532,-0.844,-0.4358259848035644,-0.3900249406626415,-0.8653699471314382,-0.3388980102355728,-0.4134574625013185
2.424,2.507,-0.232,1.842,1.493,1.493,2.507,-0.232,-0.232,2.424,1.842,1.842,2.507,-0.751,2.424,-0.232,0.571,-0.696,1.842,0.716,2.424,0.716,0.716,1.493,1.493,-0.696,2.424,0.571,2.424,1.842,-0.751,-0.232,1.842,0.716,2.507,-0.696,0.461,2.507,0.571,1.842,1.842,-0.696,-0.696,2.507,1.493,-0.232,2.507,-0.751,2.424,-0.751,2.507,0.716,1.842,-0.751,1.493,0.716,2.507,0.461,-0.696,2.484725877008478,-0.232,0.44346116847963296,-0.24569002860075248,2.424
1.271,-0.019,-0.96,0.121,0.121,1.271,1.018,-1.104,-1.104,1.018,-0.033,-1.104,-0.96,-0.829,-0.829,-0.437,-0.437,-0.96,-0.829,-1.104,-0.437,1.018,-0.437,-0.033,-0.033,-0.424,-0.033,-0.96,1.018,-0.437,-1.104,1.018,0.121,-0.424,-1.104,-0.96,-1.104,-0.829,0.121,-1.104,-0.019,-0.019,1.018,-0.033,-1.104,1.271,1.271,1.018,-1.104,-0.019,-0.039467213794944105,-0.829,-0.96,1.0045918264314342,1.01138271881741,0.121,-0.8422412013823746,-0.9778667545144483,-0.424,-0.00843062484176708,-1.1174483595486835,1.2578071454506785,0.10647485552355603,-0.7700802413142852
0.117,-0.015,-0.808,-0.715,-0.683,-0.491,-0.319,0.435,-0.319,-0.683,-0.715,-0.715,-0.015,-0.491,-0.808,-1.106,-0.015,-1.106,-0.683,-1.106,-0.062,-0.683,-1.106,-0.062,-0.715,0.117,-0.015,-0.319,-1.106,-0.319,-0.319,-0.319,0.117,-1.106,-0.015,0.117,-0.062,-0.319,-1.106,-0.715,-0.062,-1.106,-0.808,-0.062,0.117,-0.319,0.117,-0.491,-0.062,-0.683,0.435,-0.06916799082428264,-0.009003660410656531,-0.715,0.117,0.09388184292223199,0.0278665628627455,-0.319,-1.106,-0.7262756482073583,-0.6973878477852803,-0.6723971250535086,0.06777345225936902,-0.6440792684367337
-1.204,0.114,1.546,-1.154,-1.204,-0.774,-0.637,-1.204,-0.774,-1.154,1.546,-1.204,-1.154,0.615,-1.204,-1.154,-0.301,1.546,-0.774,0.576,-1.204,-1.204,-1.204,-0.637,-1.154,1.546,0.114,-0.276,1.546,-0.276,-0.276,0.615,-0.276,-0.276,-1.154,-1.204,0.615,0.576,0.615,-1.204,0.615,-0.774,-0.774,1.546,0.576,0.5490013289808946,1.5281378074822674,-0.276,-0.29142464351421304,0.5815934119605585,-0.301,1.569483151888933,-1.154,-1.204,-1.22280486427989,-0.31540621470739955,-0.637,-0.6513268780316145,0.615,-1.1705860292433385,-0.7892978304369357
1.733,-1.113,-0.477,-1.113,-1.113,0.208,-0.289,-0.42,0.208,-0.169,-0.958,-0.958,-0.289,-1.113,-0.42,-0.477,1.733,-0.169,1.733,-0.846,1.733,-0.958,-0.42,-0.42,-0.42,-1.113,-1.113,-0.846,-1.113,1.733,1.733,0.208,-0.541,-0.477,0.208,-0.289,1.733,-0.169,-0.42,-0.541,-0.541,-0.541,-0.846,-0.846,-1.113,-0.846,-0.541,-0.958,-1.113,-0.42,-0.846,0.208,1.733,-0.289,0.19295099695811108,-0.42,0.24758212544670424,-0.43379940296635133,-0.477,-0.958,0.277165053556532,-0.85542732112103,1.722228266018669,-0.9737760581711962
1.175,-0.615,1.267,0.966,-1.196,0.966,-0.615,-0.883,0.534,1.175,1.653,-0.229,-1.196,1.653,0.534,0.534,-0.615,-0.791,-0.229,-0.791,0.534,0.534,-1.196,-1.196,1.267,-0.883,1.653,-0.615,1.267,-0.615,-1.196,0.966,-0.615,1.267,0.966,1.653,1.653,-0.615,0.966,1.267,1.267,1.653,-0.883,0.966,1.267,-0.791,-0.229,-1.196,-0.229,1.267,0.966,0.9522572311081792,1.653,0.9692445602675807,1.0060942003812712,1.267,-0.883,0.534,1.641886593997182,1.2584096139303214,1.3064022350537519,-0.229,1.6774061140694045
-0.905,-0.905,-0.054,-0.905,0.491,0.491,-0.054,0.644,-0.768,-0.586,0.339,-1.063,-1.07,-0.586,-0.054,0.675,-1.07,0.675,0.675,-0.905,0.675,0.644,0.675,-1.07,0.644,-0.905,0.644,-0.905,-1.07,-0.768,-1.063,-1.063,-0.905,-0.905,-0.586,-1.07,-1.07,-0.768,-1.063,-1.063,0.644,-1.07,-0.586,-0.768,0.339,0.491,-0.054,-0.768,-0.586,-0.905,0.675,-0.905,0.491,-0.768,-0.780228882684396,0.644,-0.739645133654008,0.339,-0.9149720323598113,0.675,-1.063,-0.586,-0.8619431355845837,-0.8240548934652022,-0.6024987895527265,0.6599620480550024,-1.07,0.7027641316701035,-1.075637290522897,0.6313392545489158
-0.662,0.323,-0.289,0.323,-0.835,1.855,0.323,1.988,-0.812,0.323,0.323,1.855,1.855,1.988,1.524,1.988,-0.289,1.449,-0.662,1.449,-0.812,1.988,1.855,1.449,-0.835,1.988,1.524,-0.289,1.524,1.524,-0.662,1.524,1.855,-0.289,-0.812,-0.812,-0.835,1.855,1.988,-0.812,-0.812,0.323,-0.289,1.524,-0.289,1.988,1.855,1.988,1.524,0.323,-0.289,1.988,1.855,1.9725297909927852,-0.301685387116022,-0.662,-0.835,0.3138252871181497,-0.2503977960884489,-0.851410395725201,1.449,-0.8101902135659371,-0.7885231575943332
-0.3,1.077,1.066,-0.878,-0.752,-0.3,-1.055,1.066,1.077,0.78,-1.055,-1.055,0.061,0.78,1.077,-0.752,-0.878,0.78,-0.3,-1.055,-1.055,0.691,0.691,-1.055,-0.752,-0.878,1.314,0.691,0.691,1.066,0.691,0.691,1.314,1.314,-1.055,-1.055,0.78,1.066,1.066,-0.3,-0.3,0.78,1.077,-1.055,0.691,0.061,-0.3,-0.752,-1.055,-1.055,1.066,1.0495751688825812,0.78,-1.055,0.7683442392826401,-0.878,-0.752,-0.7683359295899679,-1.0672628107273483,0.813438474623798,-0.3,-0.7536232141892802,0.691,-0.7040813844684033,-0.6605568715988217
0.448,1.578,-0.855,0.7,-0.499,1.578,-0.299,1.578,-0.499,-0.699,1.578,1.578,1.578,1.292,0.7,-0.855,0.7,-0.916,-0.916,0.114,-0.916,0.7,0.7,-0.855,1.292,0.7,-0.699,-0.499,1.578,-0.855,-0.699,-0.916,-0.499,1.578,-0.699,0.7,-0.299,1.578,-0.299,-0.855,-0.299,1.292,-0.916,0.7,0.114,0.7,-0.855,1.578,1.292,1.292,1.2784443085396842,-0.499,0.448,1.578,-0.916,-0.934325081270534,1.3242063299006976,0.439468034110073,1.5633886943546411,-0.855,0.4784186756274419,-0.8680181989875391,-0.5131396802317905,-0.46548067609067006,1.3324304851822668
-1.325,-0.811,0.106,-0.193,-0.249,-0.069,-1.325,0.106,0.078,-0.193,-1.325,-0.069,-1.325,-0.51,-0.714,-0.271,-0.271,-0.193,-0.271,0.078,0.106,-0.193,0.078,-1.325,-0.271,-1.325,-0.069,-0.714,-0.193,-0.51,-1.325,-0.51,-0.714,-1.325,-0.714,-0.249,-0.249,-0.069,-1.325,-0.811,-1.325,-1.325,0.106,0.106,-0.069,-0.249,0.106,-0.069,-0.714,-0.714,-1.325,-0.714,-0.811,-1.325,-0.51,-0.714,-0.249,0.078,-0.7298172472689721,-0.26501734649539893,-0.811,-0.271,-1.325,-0.21885344905593415,-0.193,-0.51,0.06685067402941791,-0.069,-0.20283533890301927
0.648,1.203,1.434,0.648,-0.738,0.648,-0.279,-0.269,1.434,0.34,0.34,-0.738,0.34,1.207,0.648,0.648,1.203,1.434,-0.673,-0.738,1.203,-0.738,0.648,0.648,-0.279,1.203,-0.269,1.203,1.434,-0.738,-0.673,-0.279,1.203,0.403,-0.279,1.207,-0.279,-0.673,0.648,-0.269,-0.279,0.34,1.203,0.34,-0.738,-0.7623694683826608,0.648,-0.279,1.434,1.4189153969297443,0.6322912311279507,1.191487126973522,-0.269,0.6948318412110116,-0.673,0.403,0.3900022883529619,0.4099794798085531,-0.27721602634571635,0.7437709070085887,-0.6878905958339327
-0.467,2.061,2.061,2.061,-0.702,0.578,0.925,2.061,-0.702,0.578,0.925,0.217,-0.286,0.217,0.435,0.925,-0.702,0.578,0.578,0.925,0.758,0.925,0.925,-0.756,0.758,0.758,-0.467,-0.756,2.061,0.925,2.061,-0.702,-0.286,-0.756,-0.467,2.061,0.578,0.925,-0.286,0.5637247347372567,0.6019909549256599,-0.702,-0.467,-0.48349294087711725,-0.300910405599698,2.047689051710924,0.758,2.1004056053468965,2.1043638475752897,-0.2854076781352807,-0.756
1.82,-0.56,-0.763,-0.319,0.941,0.941,-0.319,1.82,-0.763,-0.357,-0.763,1.82,-0.357,-0.887,0.941,-0.357,-0.56,-0.357,0.941,0.221,-0.887,0.941,-0.763,1.82,0.941,-0.763,-0.56,-0.56,0.78,-0.56,-0.319,0.221,-0.319,-0.357,-0.319,0.78,-0.887,-0.357,-0.319,-0.319,1.82,-0.319,-0.319,-0.887,1.82,1.82,0.0,-0.019717601881869284,1.82,-0.763,-0.319,1.800694516448608,-0.56,-0.357,-0.3730944477939141,0.78,0.221,0.20867332244546027,1.851243721877916,-0.33387239509241023,-0.2861069205487218,-0.7721236810323089,0.941,-0.5678962420762085
-0.017,1.162,-0.624,-0.384,-0.231,-0.017,-0.624,-0.384,1.18,-0.624,1.162,1.162,1.147,1.162,-0.231,0.842,1.18,-0.231,-0.624,-0.017,1.162,0.842,1.162,-0.624,1.18,1.147,-0.017,-0.624,0.842,1.18,1.147,1.162,-0.017,1.147,-0.352,-0.624,1.18,0.415,0.842,1.147,1.18,-0.017,1.147,-0.384,-0.624,1.18,1.162,0.842,0.8251877958629202,-0.39842742982909796,-0.017,1.147,0.8704589641017298,-0.352,1.1698059400659788,-0.362573587415493,1.2092974430823702,-0.231,-0.030321716821564655,0.902774000945034
0.679,-0.59,0.728,0.289,0.289,0.679,0.728,-0.59,-1.008,-0.353,-0.345,-1.008,-1.008,-0.353,-1.008,-0.345,0.679,-0.683,0.289,0.679,0.679,-1.008,-0.06,-0.353,0.289,-0.353,-0.353,0.728,-0.353,0.728,0.289,0.395,-0.683,-0.353,-0.353,0.289,0.289,-0.345,-1.008,-0.683,0.395,-0.59,0.395,-0.06,0.3803767092934422,-0.59,0.41290903374471377,-0.07506742475315151,-0.6095829603066838,-1.008,0.289,-0.353,-1.0231082202200483,-0.345,-0.683,-0.36118256796968945
0.219,-0.274,-1.222,-0.845,0.497,-1.011,-0.372,-0.274,-1.222,-1.222,0.497,-0.252,-0.274,0.219,0.693,0.693,0.497,-0.372,0.086,-0.274,0.086,-1.011,-0.845,0.219,-0.372,0.086,-0.252,0.086,-0.845,-0.274,-0.372,-1.222,0.219,0.086,-0.252,-0.372,-1.222,0.219,-1.011,-1.222,0.693,-1.222,-1.011,-1.011,-1.222,-0.845,-0.252,-0.372,0.497,-0.274,0.48208663620763953,0.693,-1.222,-0.3891889556399463,-0.2856518488495454,-0.3618044152503753,-0.2694868767831371,-0.33580442302766,0.086,-1.2344500289440175,-0.2962110712946218,0.07334460158751392,-0.252
-0.883,1.044,1.044,-1.007,0.446,-1.258,-1.007,-1.007,-1.258,-0.883,-1.168,-1.258,1.044,-1.168,-1.258,-0.079,0.16,-0.883,-0.079,0.16,-1.258,0.986,-1.258,1.044,0.446,0.986,0.446,1.044,-1.007,-1.007,-1.168,1.044,-0.079,1.044,-1.168,-0.079,-1.168,-0.883,0.446,0.16,-1.258,0.986,-1.168,0.446,1.044,-1.258,0.986,-0.079,-0.883,-1.168,-1.258,0.0,-1.2734458237772552,-1.168,-1.007,-1.022206358892133,-0.883,-0.01382233674047266,-0.079,-1.1793347346458984,1.044,1.0239807969079666,-0.9693316637592405,0.986,-0.0935160590018681
-0.433,-0.528,0.201,-0.238,-0.602,1.109,-0.698,-1.111,1.109,-0.585,-1.111,1.473,-0.698,-0.528,-0.585,-0.698,0.201,-1.111,-1.111,-1.111,1.473,-0.238,1.473,-1.111,-0.433,-1.111,-0.602,-0.602,0.201,-0.528,0.201,-0.698,-0.433,1.109,-0.433,-0.238,0.201,-1.111,0.201,0.201,1.473,-0.585,1.473,0.201,-1.111,0.201,-0.698,-0.528,1.109,-0.7071784581382209,-1.111,-0.433,-0.5442422796944871,1.094193223582327,1.109274780367199,1.473,-0.5256036930527264,-1.1204944132381198,1.1384934027922218,1.1704436666415434
0.948,-0.967,-0.55,1.031,0.45,0.157,-0.682,-0.967,0.948,-0.682,-0.55,-0.55,1.349,-0.967,-0.55,0.826,0.45,-0.55,1.349,1.031,-0.967,-0.967,1.349,0.948,0.157,-0.967,0.826,0.948,1.349,-0.682,0.45,0.948,-0.967,-0.682,0.826,0.45,0.157,0.157,-0.967,0.826,0.826,1.349,-0.55,0.45,0.45,-0.682,0.948,-0.55,0.45,0.45,1.031,0.157,1.349,0.45,0.948,-0.682,1.031,-0.6956995236124858,0.45,0.948,1.019709610233296,1.0696591950552914,1.0990907528976641,0.826,1.349,0.0,-0.655093060330284,1.1313110275888743,0.9350691641466765,0.4372119733298686,0.4742285613608622,-0.967,-0.6137396504744145
0.869,-0.474,-0.708,0.434,0.532,-0.796,-0.456,1.938,-0.708,-0.796,1.938,0.532,0.869,-0.796,1.938,-0.456,-0.818,-0.474,1.938,-0.818,1.938,0.434,0.434,0.869,-0.818,-0.456,-0.796,1.938,1.938,-0.674,-0.456,0.532,0.869,-0.474,-0.674,0.434,-0.456,1.938,-0.796,0.869,0.434,-0.708,-0.474,-0.818,-0.8341503066062574,0.434,-0.474,1.938,-0.796,1.9238497811928332,-0.4914178504001779,1.9622158399070002,0.869,-0.708,0.532,-0.674,-0.6963657139241128,-0.678953546686071,-0.456,-0.7232540348666664,-0.8082099674628286,2.02295558847044
1.503,1.503,-0.908,-0.694,0.026,0.086,0.026,-0.908,0.086,-0.805,0.826,-0.694,-0.048,-0.908,1.503,1.503,-0.836,-0.836,-0.908,-0.694,-0.908,-0.836,-0.805,-0.836,-0.048,-0.908,-0.694,0.026,-0.836,0.738,0.026,-0.048,0.738,1.503,-0.805,-0.048,-0.048,0.086,0.026,0.026,-0.836,0.826,-0.908,-0.048,-0.694,0.026,0.738,0.7280594523317693,0.7556572119030815,0.009300030324420446,0.826,-0.908,-0.694,0.086,0.8120262875116887,-0.7093499705698454,-0.6774376390376796,0.049232398646253055,-0.6478888254888882,-0.9201836366783941,-0.805
0.408,-0.994,-0.994,0.929,-0.795,0.567,-0.994,-0.994,0.929,0.929,0.567,-0.795,0.408,0.929,-0.021,-0.169,0.567,0.929,0.408,0.929,0.567,0.408,0.567,-0.994,-0.567,0.929,-0.994,-0.05,0.439,0.439,0.408,0.929,0.929,-0.994,-0.021,-0.021,-0.994,0.567,-0.795,-0.795,-0.567,0.408,0.408,0.929,-0.567,-0.021,-0.5802812486494907,-0.169,0.408,0.439,-0.5393592948845146,-0.03563959595738943,0.3945306581621799,-0.994,-0.013620220298849956,-0.05,-0.1839524783859337,0.567,0.5528693348001918,-0.795,-0.5088757099575542
-1.171,-0.535,0.411,0.411,0.545,0.382,0.411,0.411,0.545,-0.499,1.513,0.382,0.545,-1.171,0.545,-0.499,-0.884,1.513,1.513,-0.535,-0.535,0.121,-1.171,-0.884,-1.171,0.121,-0.499,-1.171,0.411,1.513,0.382,0.411,0.545,-1.171,-1.171,0.411,-0.884,0.423,-0.884,1.513,0.121,-1.171,0.411,-1.171,0.545,-0.884,1.513,0.545,0.423,0.5330571711720271,-0.535,1.513,0.382,-1.171,0.3708540200515523,0.573356434904406,-0.499,-0.884,0.411,0.6063900634757151,-0.5414577837298885
1.216,2.077,0.413,0.806,-0.844,0.806,2.077,0.937,1.216,0.937,-0.844,-1.062,0.937,0.806,-0.844,0.806,2.077,0.937,1.216,1.216,-1.062,0.669,2.077,-1.062,-1.062,0.806,0.915,-1.062,0.136,2.077,1.216,2.077,0.806,1.216,0.669,-0.844,2.077,0.669,0.136,2.077,-0.844,0.806,0.669,0.915,2.077,0.937,0.937,0.915,-1.062,0.915,0.806,1.216,0.7915964650335955,0.413,0.8183104290244108,-1.062,0.8485716360473471,0.937,1.2001386286031628,0.9019796689058603,0.136,0.8908390528787167,0.4012386594985448,0.9383536955236473,0.12340033104416412,0.979899635627142
0.928,-0.638,1.291,0.928,-0.697,2.067,0.928,-0.73,-0.73,-0.73,2.067,-0.731,2.067,-0.559,-0.731,-0.731,-0.638,2.067,1.291,2.067,-0.697,2.067,0.928,1.291,-0.73,-0.215,1.291,2.067,-0.73,-0.022,-0.638,-0.73,1.291,-0.73,2.067,0.928,-0.697,-0.215,-0.73,-0.73,2.067,-0.73,0.928,-0.215,-0.022,-0.559,0.928,1.291,-0.215,-0.73,-0.022,2.067,-0.215,0.928,2.067,-0.697,-0.731,0.9128516204637678,1.291,-0.638,-0.7137299286363346,-0.6528165500726248,-0.6820216926082152,-0.022,2.0547258571829206
-0.957,1.128,0.103,2.235,2.235,-0.613,0.111,-0.516,0.111,-0.613,-0.957,1.128,-0.613,2.235,0.111,-0.516,-0.957,-0.957,0.103,0.111,-0.957,-0.957,0.111,0.449,-0.897,-0.897,-0.897,0.111,-0.613,2.235,-0.516,2.235,-0.957,-0.897,-0.113,2.235,2.235,2.235,-0.897,-0.516,2.235,-0.897,0.111,0.449,-0.613,2.235,2.2168875730463617,-0.516,0.103,0.111,-0.6297600451199951,-0.957,0.449,2.2372858135427673,-0.5313706342178806,0.43245183315348235,0.46115854371442294,0.09840821870624342,2.2648989446240373
0.667,1.315,0.667,1.282,0.667,1.282,1.493,-0.91,-0.69,1.493,0.441,1.282,0.441,1.493,1.493,-0.91,1.493,1.315,1.013,0.667,-0.91,1.282,1.282,0.441,1.013,0.667,1.282,0.667,-0.91,0.667,1.493,1.013,1.397,1.397,1.013,1.315,1.013,0.441,1.013,1.315,1.397,-0.91,1.315,1.397,-0.69,-0.349,0.441,1.397,1.013,0.667,-0.349,0.6474576432352476,1.493,1.482029874897493,-0.91,1.3874301668055267,0.6910075878598313,0.441,0.42302394034425483
-0.825,-0.885,-0.452,1.482,-0.963,-1.228,0.389,-0.963,0.389,0.417,-0.885,-0.825,-0.963,-1.228,0.389,-1.228,1.482,1.026,1.026,-0.885,-0.825,1.482,-0.885,-1.228,1.482,1.026,-0.963,-1.228,0.389,-1.228,1.026,0.389,1.482,1.026,-1.228,1.026,-0.452,1.482,1.482,1.026,-0.198,1.482,-0.885,-0.885,-0.825,0.417,0.389,-0.963,-0.452,-0.825,1.026,-0.198,-0.21222883307977938,1.482,-0.46389232355532173,0.417,-0.41818919378285346,1.4652604190477487,0.4059011860989711,-0.8391400059855717,0.389,0.3725875284177584
-0.112,-1.128,-0.086,-0.904,1.138,0.177,0.199,-1.128,-0.904,0.199,1.138,1.138,-0.104,0.177,-1.128,0.177,-1.128,1.138,-1.128,0.177,-0.889,-0.688,-0.904,0.199,-0.904,-0.688,-0.086,-1.128,0.199,0.177,-0.688,-0.112,-0.112,-0.904,-1.128,-0.112,-0.904,1.138,-0.112,-0.086,-0.086,-0.889,-1.128,0.199,-0.688,-0.889,-1.128,-0.889,0.177,0.177,-1.128,-0.688,-0.112,-0.086,-0.12795265069548245,1.138,-1.128,-0.104,-0.6976277868546714,-1.1400666286691854,-0.6721966495146554,-1.111393807122289,1.126253447827061,-0.11878573615793875,0.199,-0.6412934757248503,-0.11440688468863977
-1.068,1.044,-0.758,-0.489,-0.509,-0.665,-0.489,1.044,-0.758,-1.368,0.939,1.044,-0.665,-0.405,-0.405,1.196,-1.068,-0.405,-0.489,-1.368,-0.405,-0.509,0.939,0.939,0.939,-1.068,-1.368,-0.665,-1.068,-0.758,-0.489,-1.368,-1.368,1.196,1.196,-1.368,-1.068,-1.368,-1.068,-0.509,-1.368,-1.068,0.939,-1.368,0.939,1.196,-0.405,0.939,-1.068,-1.368,1.044,-1.3830866209465382,-1.353381375263342,-0.758,-0.509,0.9249893632803484,-0.489
-0.634,-0.366,0.028,-0.97,0.755,-0.603,0.028,-0.634,-0.97,-0.97,-0.97,-0.505,-0.603,0.755,-0.505,0.755,0.216,0.526,-0.603,-0.537,0.216,0.755,0.216,-0.505,0.755,-0.537,-0.634,0.755,-0.603,-0.603,-0.634,0.755,-0.97,0.028,-0.537,0.028,-0.634,-0.97,0.028,-0.603,-0.97,-0.603,0.755,-0.505,0.216,-0.505,-0.505,-0.366,0.028,0.028,0.526,-0.603,0.013767185593523376,0.216,-0.634,-0.537,-0.366,0.205276502808356,0.755,-0.97,-0.6150714577004779,-0.5533412970844898,-0.505,-0.5922641312141705,-0.5537544820071302,-0.984807974087643,-0.6425086457941422,-0.5108244846828943,0.5126567556952286,-0.3754215081763375,-0.5215938706043814
-1.001,-0.735,-0.735,-1.081,-0.495,-1.001,-0.319,0.805,-0.747,-0.735,1.074,0.805,-0.495,-0.495,1.184,-0.495,0.316,0.316,-0.495,-0.747,-1.001,0.805,0.805,-1.081,1.184,-0.747,-0.319,-0.747,1.074,-1.081,1.074,-1.081,-1.081,-0.495,0.805,-1.001,-1.081,0.805,-0.319,-0.319,-1.001,-1.001,-0.319,-1.001,1.074,0.805,1.184,-0.747,-0.735,0.7925439246225983,-0.758041950170833,-0.7360586024489268,0.8419044205249223,-0.6946901548325085,1.1665522689826278,-0.495,1.0655621555982115,-0.3356859065177916,0.8858256988603221
0.769,1.904,0.642,-0.419,-0.7,-1.06,-0.419,1.049,0.642,1.049,1.049,1.904,1.904,1.666,1.049,-1.06,-0.419,0.958,0.958,1.904,1.049,1.666,-1.06,-0.419,-0.7,-0.419,1.904,1.034,-1.06,-0.419,0.769,0.642,0.958,-0.7,-1.06,0.769,1.049,-1.06,1.049,0.958,-0.7,1.049,-1.06,1.666,1.034,1.034,-0.7,1.904,1.666,-1.06,-0.7,0.769,0.769,-1.06,-0.7,-0.7,-1.06,-1.074760961987454,0.769,-1.0399173689580252,-0.419,1.666,1.049,-0.9934989453833832,-0.43768384773299873,0.642,-0.9681738581143639,1.6547028903842147,1.034,0.6312019889972635,-0.4046375865075213,0.7592845308385662
-0.238,-1.089,-0.878,0.463,-0.238,-1.089,0.761,-0.814,-0.878,0.463,-0.238,0.322,-0.814,-0.437,0.322,-0.878,-0.814,-0.238,-1.089,0.463,-0.63,-0.878,0.322,-0.814,-0.232,-0.878,-1.089,-0.437,0.322,-0.878,-0.232,-1.089,0.322,0.322,0.463,-0.63,-0.878,-0.232,-1.089,0.463,-1.089,-0.232,-0.238,-0.25605776162691896,-0.878,-0.814,-0.63,-0.6522052641776139,-0.888805618108186,-0.23306796068315216,-0.19581351019448212,-1.089,-0.6215191817816726,0.322,0.2967958001980244,0.3193640418462175,-1.1017730095842062,-1.0714959677589637,-0.15109931728905965
0.72,-0.337,0.72,-0.337,-0.42,-0.855,0.72,-0.337,-0.032,-0.807,0.61,-0.807,-0.807,0.413,-1.063,-0.032,-0.032,-0.807,-0.337,0.413,-1.063,0.413,0.413,-0.42,-0.337,-0.807,-1.063,-0.032,0.61,0.61,0.61,-1.063,-0.42,-0.855,0.61,-0.337,-0.807,-0.855,0.61,-0.337,-0.337,-0.42,-0.42,-1.063,-0.42,-0.032,-0.855,-0.337,0.72,-1.063,0.0,0.61,0.7083487622608542,-0.8636096027572384,0.7252046949330719,0.7516465423645544,-0.34716178595552616,-0.0162983104651965,-0.039706229934464134
0.117,0.117,-0.649,1.05,-0.724,0.117,-0.746,-0.649,-0.912,-0.746,-0.649,0.117,-0.746,-0.724,-0.649,-0.912,-0.912,0.117,0.011,1.05,0.945,-0.912,1.05,0.15,1.05,-0.513,0.011,-0.746,0.15,-0.724,0.011,0.011,0.117,1.05,-0.912,-0.513,-0.746,0.15,0.117,-0.649,0.945,-0.912,1.05,0.15,-0.912,-0.649,0.15,-0.6648845454136413,0.945,-0.746,0.933283162613161,0.9656106356970381,1.05,-0.7586753028587088,-0.6217330098062684,-0.5981681533952942,0.117,-0.731873514431254,1.0165458745298637,-0.912,0.10876009566501854,-0.5569374490877594
-1.388,-1.126,-0.674,-1.126,-1.31,-1.126,-1.31,-0.958,0.398,0.398,-1.31,-0.674,-0.674,-1.31,-0.788,-0.958,-0.068,-0.68,-1.388,-0.958,-0.788,-1.126,0.441,-1.388,-0.788,-1.388,-0.788,-0.958,-1.126,-1.388,-0.958,-1.126,-1.388,-1.31,-0.674,-1.31,-1.31,-1.126,-1.126,-0.788,-1.388,-0.788,-1.388,-1.126,-0.674,-1.388,-0.68,-0.68,-0.788,-0.674,-1.31,-0.788,0.398,-0.958,-0.788,-0.68,-1.388,-1.31,-0.8019336938990254,-0.674,-1.126,-0.6986486468656473,-0.6669724575560533,0.3867043563093473,-0.068
-1.085,-0.573,2.025,0.524,-0.573,-0.573,2.025,-0.573,-0.547,0.524,0.267,-1.275,-0.547,-0.547,-0.311,-0.573,-0.842,-0.311,-0.842,-1.275,0.267,-0.311,-1.085,-1.085,2.025,-0.842,2.025,-0.516,-0.311,-0.547,-0.516,-0.547,-1.275,2.025,-0.573,-1.275,-1.085,2.025,-1.275,-1.275,-0.842,-0.311,-0.311,2.025,2.025,-1.275,-1.275,-0.573,-1.085,0.524,2.025,0.267,-0.311,-0.842,-0.547,-0.573,0.524,-0.8533220411100927,-0.8022558443170247,-0.587458887958046,0.5122494542788731,0.5205416545747077,2.01802055022677,-0.5574702470209028
-0.299,-1.081,-0.988,0.274,-1.081,-1.081,1.044,1.178,0.671,0.671,-1.218,-1.218,-1.218,1.178,1.178,-1.218,-0.988,1.044,1.044,0.274,-1.218,1.09,-1.081,-1.218,1.178,-0.988,-0.988,-1.218,0.274,0.274,-0.988,1.09,-0.299,1.09,0.547,-1.081,0.547,1.178,1.178,-1.081,-1.218,-0.299,-0.988,1.09,0.547,0.274,-1.081,0.274,0.671,-0.988,0.547,0.5290901383395026,-1.218,-1.2323717440895485,0.274,-1.0019024908817171,0.5661453723367625,1.178,1.044,1.0302053410728211,-1.1883401950732935,0.2618740258530337
-0.027,0.0,1.128,-0.027,-0.027,1.07,-0.114,-0.756,-0.858,1.268,-0.756,-0.027,1.128,1.128,-0.756,-0.114,-0.027,-0.027,-0.027,1.07,-0.841,-0.027,-0.206,-0.027,1.07,1.268,-0.114,0.0,-0.027,-0.841,-0.756,-0.858,1.268,1.128,-0.027,-0.841,1.268,-0.756,-0.841,-0.027,1.128,-0.858,0.0,-0.756,1.07,0.0,1.128,0.0,1.128,-0.206,-0.2284326100164245,1.268,1.07,-0.114,0.0,-0.014483718548618952,1.1167458465149085,1.1609334669240854,-0.841,-0.12859243545842422,1.0556354274205582,-0.17408210656079567,0.009902474576635092,1.216470001496915
1.072,-0.904,0.655,-0.768,2.351,-1.071,1.072,-0.255,0.637,-0.904,2.351,-1.071,0.455,2.351,0.455,0.655,0.637,-1.071,0.455,1.072,0.655,-0.768,2.351,0.346,-0.255,0.346,2.351,2.351,2.351,2.351,0.637,-1.071,-0.255,-0.904,0.455,1.072,2.351,0.455,-0.904,-0.904,0.655,-0.904,-0.904,1.072,1.072,-0.255,-0.768,0.346,-1.071,-0.904,2.351,-0.768,2.351,0.637,1.072,0.346,-1.071,1.0588342562468025,0.455,0.655,-0.904,2.337999998363232,-0.255,2.367730937272258,0.6233372537409615,-1.0803888503956138,0.633118292957874,-0.26749425015046363
1.373,1.373,-0.924,-0.898,-0.162,-0.266,0.603,1.373,-0.898,1.373,-0.162,-0.681,-0.924,-0.924,-0.162,-0.898,-0.898,-0.681,-0.266,-0.669,0.603,-0.924,-0.681,1.373,-0.898,0.603,0.603,-0.924,-0.924,0.173,0.173,0.585,-0.669,0.173,0.173,-0.669,0.173,-0.681,-0.681,-0.924,-0.898,0.585,0.603,-0.162,0.5851686579396269,-0.924,1.373,-0.17500994997587532,-0.898,0.5694992348121779,-0.9370005550082533,-0.681,-0.266,-0.6919036791743437,-0.6487286395028736,-0.9122336320950334,-0.8705481932094243,-0.27994923146655243,-0.8978045879671156
0.567,-0.708,-1.037,-0.312,-0.157,0.543,0.414,0.567,-0.312,-0.708,-1.037,0.543,0.237,-0.157,0.414,-1.037,0.414,-1.037,-0.157,-0.312,-0.157,0.175,-0.312,-0.157,0.175,0.414,0.543,-0.312,-0.157,0.414,0.567,-0.708,0.414,0.237,-0.157,0.543,0.516,-0.157,-0.157,-0.708,0.237,0.543,-1.037,-0.157,-1.037,0.175,0.567,0.414,-0.157,0.516,-0.17030541953318626,0.49937429625079865,0.543,0.237,-0.312,-0.12879680648281022,0.529535957238083
-0.181,-0.751,-0.181,-0.631,0.524,-0.751,-1.265,-1.265,-0.878,-1.265,-0.62,1.254,-0.878,-0.181,-0.878,-0.631,-0.62,-1.265,-0.181,-0.62,0.524,-0.631,0.336,1.254,-1.265,0.524,-0.751,1.254,-0.181,0.336,-0.751,-0.878,-0.181,-0.181,-0.751,-0.219,0.524,-0.751,-1.265,0.524,0.336,-1.265,-1.265,0.524,-0.219,-0.878,-0.878,0.336,-0.751,-0.62,-0.751,0.524,-0.878,0.5088426350071418,0.560135508250539,-0.62,0.336,-1.265,-0.751,-0.7669708410212221,-1.2781901140014131,0.591006769869915,-0.6349056209354765,1.254,-0.706761851585117,-0.6646478990059183,-0.5840267768285952
-0.841,-0.841,-0.761,-0.496,-0.43,0.45,-0.841,-0.43,-0.496,0.45,0.45,0.082,-0.698,-0.698,-0.841,-0.841,0.45,1.528,-0.761,1.528,0.082,0.45,-0.761,-0.496,0.082,-0.496,-0.087,1.528,-0.761,-0.841,-0.496,0.082,-0.761,-0.841,-0.761,-0.761,-0.087,-0.841,0.45,-0.087,-0.698,-0.698,-0.698,1.528,-0.496,-0.841,1.528,0.082,-0.087,1.5134012423578693,-0.841,0.06784305367081625,0.09300191881595572,-0.496,-0.8497217963273893,1.5420836284514416,0.45,-0.43,-0.761,1.587637914250389,-0.5107154665418431,-0.8160197890510543
-0.649,0.49,-0.926,-0.81,0.986,-0.58,-0.58,0.986,-0.649,0.986,-0.81,-0.926,-0.649,-0.926,-1.053,-0.231,-0.231,-0.313,0.986,-0.58,-0.649,-0.231,-0.58,-0.926,-0.926,0.986,-0.926,-0.649,0.986,-0.926,-0.81,-1.053,-1.053,-0.81,-1.053,-0.627,0.986,-0.926,0.986,-0.313,-1.053,0.986,-0.926,-0.627,0.986,-0.649,-0.81,-0.926,-0.9438156943273325,-0.6580090043852649,-0.9048502458849715,-0.58,-0.313,-0.3280558809501187,-0.2895591516687519
-1.112,-0.789,1.029,-1.112,1.407,1.056,1.872,-0.802,-1.112,1.407,-0.537,-1.112,1.407,-1.112,-1.112,-0.603,-0.603,1.872,1.029,1.872,-0.537,-1.112,-0.603,-1.112,1.407,1.056,-0.603,1.407,-0.789,-0.657,1.407,-0.657,1.407,-0.802,-0.657,1.872,-0.603,-0.537,-0.789,-0.802,-0.657,1.029,1.872,-0.603,-0.789,-0.603,-1.112,-0.802,-0.603,1.056,-0.603,1.056,1.056,1.029,-0.789,1.056,-1.112,-0.657,1.872,1.056,1.056,-0.789,-0.802,1.056,-0.603,-0.615468234737555,-0.657,-0.5717848314130952,-0.6689031878280631,-0.5235334691580644,1.407,-0.8172108668051874,1.390885491066256,-0.789,-0.8036286778415194,1.0440776588717113,1.061821093158709
0.511,-0.748,2.319,0.393,2.319,0.393,0.511,-0.99,0.393,-1.012,-0.213,0.393,0.511,-0.812,0.087,-0.748,-0.812,0.087,-0.213,-1.012,0.087,0.511,-0.99,0.511,2.319,-0.99,-0.99,-0.812,-0.748,-0.812,-0.213,0.087,0.393,-0.812,2.319,-0.812,-1.012,-0.213,-0.99,-0.99,-0.518,-0.812,2.319,-1.012,0.393,-0.518,-1.012,-0.518,0.511,-1.012,-1.0210355984826063,0.393,0.5002132622172895,-0.99,-1.0050944189330175,-0.518,0.087,0.519004885483293,0.5270603115019221,0.5607898708238486,0.07027288171704323,0.0877949535754898,0.3819524687817538,-0.748,0.4257536734413738,-0.7555586595887105,-0.7242509226381956
1.75,0.733,0.503,0.733,-0.566,-0.566,1.035,1.75,0.503,-0.153,1.75,1.75,-0.01,-0.721,1.394,1.75,0.109,0.733,-0.721,-0.01,1.75,-0.721,1.394,0.109,0.733,-0.153,1.75,-0.566,0.733,1.394,1.75,-0.721,0.733,-0.721,1.75,1.035,1.75,0.503,-0.721,0.503,1.394,1.75,1.035,0.503,-0.01,1.394,0.503,1.75,0.503,1.035,0.109,-0.01,-0.721,0.4850305501260178,0.733,0.7182040736282167,1.75,1.394,0.7632477947253505,-0.021203033163257005,1.7342603866910442,1.0236186682202946,1.0528217814456704,1.0757589920230672,1.7677839431638673
-0.884,2.372,1.841,0.476,2.372,2.004,-0.826,-0.884,2.004,-0.826,-0.884,-0.884,-0.884,-0.833,2.004,-0.864,0.476,0.574,1.841,0.476,2.372,2.004,1.841,-0.884,0.476,1.841,1.841,2.372,-0.826,1.841,-0.792,-0.833,-0.792,-0.792,-0.864,2.372,-0.826,2.004,-0.864,0.476,2.004,-0.864,-0.864,-0.884,0.476,0.476,-0.792,-0.833,2.372,-0.826,-0.833,-0.826,2.372,-0.884,-0.864,-0.792,-0.826,2.004,-0.884,2.372,1.841,0.476,0.4571609566267907,-0.8058226343248998,1.8277171417358882,-0.8409045092870155,-0.9014402050030857,1.8681096351578939,-0.7493137076599496,-0.8045672626482272,-0.7322686083621854,-0.7585516235836033
-0.81,-0.255,-0.255,-0.678,2.66,-0.255,-0.81,2.66,0.557,-0.267,-0.81,2.66,-0.93,2.66,-0.168,2.66,-0.255,1.907,-0.168,-0.81,1.907,-0.255,2.66,0.869,0.557,0.869,-0.168,-0.255,0.869,-0.93,-0.255,0.557,-0.81,-0.81,-0.267,1.907,-0.93,0.557,-0.168,-0.81,-0.267,1.907,1.907,-0.81,0.557,-0.678,-0.267,2.66,-0.678,0.869,2.66,0.869,-0.678,-0.255,-0.267,-0.28617133374858733,2.65385061662662,-0.2317921758857073,2.681750383568207,2.720367015395385,-0.2627473702975678,2.743500435686422,-0.2219205559449367,-0.6946957133730008,-0.93,0.557,-0.16935459752063825,1.907,-0.81
0.236,-0.471,-1.201,-0.471,0.498,-0.94,1.372,0.236,1.389,-1.07,-1.201,1.389,0.498,-1.201,-0.94,-0.696,-0.471,0.236,-0.301,0.236,1.372,-1.201,0.498,-1.07,-0.471,-1.201,-0.94,0.236,-0.94,-0.94,-0.471,1.389,-0.471,-1.07,-0.471,-1.201,0.236,-1.201,0.498,-0.471,1.372,-0.696,-1.07,-1.201,0.498,0.498,0.236,-1.07,-0.301,-0.94,1.389,-0.471,-0.696,-1.0809143134180883,-0.710458599022254,-0.9565076815675204,-1.0452445109937012,-0.9299079333158975,0.22281934051466493,-0.9034153770403454,-0.877956075715048,-0.31118464176142874,0.24646563310576453,-1.201,1.3776398203616302
1.101,0.311,0.311,1.237,1.225,0.161,-0.336,0.823,1.225,0.161,2.056,1.101,1.665,1.225,0.823,0.362,0.161,1.665,1.237,1.665,1.101,0.823,0.362,1.665,2.056,0.161,-0.336,0.362,1.101,0.823,2.056,1.237,1.237,0.362,0.311,0.161,1.101,0.311,2.056,0.161,-0.336,0.161,0.823,2.056,1.665,0.311,2.056,1.101,2.056,0.311,-0.336,1.665,0.823,1.665,1.101,0.311,2.056,1.237,1.2250862366161823,1.665,0.362,0.3457516335451651,1.2534529136241874,0.161,1.225,-0.336,1.2117642897712044,2.0457661719825513,-0.3569233743836714,0.38196847680714024,-0.32615142492456684
0.924,-1.036,-0.984,0.404,0.924,1.382,-0.817,1.068,-1.036,-0.984,-0.442,-0.817,-0.984,-0.82,-1.036,-0.817,-0.817,-0.442,1.068,-0.817,-0.817,1.382,-0.442,-0.817,-0.346,-0.442,-0.442,-0.984,-1.036,-0.82,0.404,-1.036,0.924,-0.442,1.382,-0.817,-0.442,-0.346,1.068,-0.442,-0.984,-0.82,-0.82,-0.817,-1.036,0.404,-1.036,-0.442,-1.0464458586041765,-0.984,0.404,-0.346,-0.82,-0.8362766352650003,-0.4521431081415114,0.38933011027873565,-0.3590002084530857,1.068,1.0522438774209748
-0.514,2.192,-0.86,2.192,1.27,-0.871,-0.871,-0.871,1.319,-0.871,-0.903,-0.514,-0.903,1.126,2.192,-0.514,1.27,-0.903,-0.514,2.192,1.126,1.27,2.192,-0.514,1.319,1.644,-0.871,-0.903,-0.871,-0.871,1.644,1.126,-0.514,2.192,-0.86,-0.871,2.192,1.644,1.319,-0.514,-0.86,2.192,1.27,1.319,-0.514,1.319,-0.86,1.644,2.192,-0.871,1.27,1.644,-0.86,1.319,1.3054390407719996,-0.903,-0.8741785751993378,-0.514,1.3390522727944563,1.3597786631682858,-0.9158475127187105,0.0,1.398116808545407,-0.871
-0.136,-1.118,-1.267,0.21,-0.228,-1.118,0.297,-0.524,0.698,-0.228,0.698,-1.203,-1.203,0.297,-0.228,-1.203,-1.267,-0.095,-1.203,-1.203,-0.095,0.297,-1.267,-0.228,0.21,-1.118,-0.228,-1.118,-0.228,-1.203,-0.524,-0.136,-1.267,-1.267,-1.267,-1.118,-0.136,-1.203,0.297,0.21,-1.267,-1.267,-0.228,-1.267,-1.203,-1.118,0.297,-0.228,-1.203,-0.095,-0.136,0.297,-1.203,-1.267,-1.267,0.297,0.698,-0.228,-0.24650138325889281,-0.095,-0.22271288642579906,0.6841621939344246,0.21,-0.11070600883636203,-0.136,-0.08646149851275702,-1.118,0.7366762893929607,-1.267,0.19945793220014688,-1.128439544111378,0.2304970155280752,0.2871269327050168
-0.267,0.217,-0.267,0.144,0.527,-0.445,0.144,0.463,-0.267,0.527,-1.32,-0.771,0.463,0.463,-1.32,-1.32,0.144,0.463,1.2,0.144,-0.267,0.463,-1.32,-1.32,-0.267,1.2,0.463,-0.267,0.527,-0.267,1.2,0.463,-1.32,-0.445,-0.445,1.2,0.217,-0.771,0.463,-0.294,-1.32,-1.32,-0.771,-0.294,-0.445,-0.445,-1.32,-0.771,0.463,0.144,-0.771,1.2,0.13098593095344657,-0.267,-0.27872157702905764,-0.785348034538921,0.527,-0.294,-1.32,0.463,-0.750550778364459,-0.445,1.1889420018284598,0.217
-0.982,-0.42,0.644,-0.51,-0.982,0.602,-0.42,-0.982,0.644,1.374,2.047,1.374,-0.982,2.047,-0.51,-1.136,-0.672,1.374,-0.42,-0.692,-0.672,-0.42,2.047,0.644,0.644,-1.136,-1.136,-1.136,-0.982,0.602,2.047,-1.136,-0.51,-0.672,2.047,-0.672,1.374,-0.692,0.644,-0.692,0.644,0.602,-1.136,-1.136,2.047,-0.51,1.374,0.644,-0.982,-0.42,-0.672,0.602,0.5851041350551378,0.6300383180354339,0.6499586290931977,-1.136,0.613693634635946,-0.4345045612521045,0.6923136391899881,1.374,2.047,1.3569201991616646,1.3891371420076695,-0.39220407212766895,-0.36032091302248054,-0.6806962940025569
-0.321,1.74,1.74,1.74,-0.229,-0.486,-0.788,1.74,-1.188,-0.275,-0.229,0.381,-0.229,-1.188,-0.275,-0.229,-0.788,-1.188,-0.275,-0.722,1.74,1.74,0.381,-0.486,-0.321,-0.722,-0.229,-0.321,-0.722,-0.788,-0.722,-0.492,-0.275,-1.188,-0.321,-0.788,-0.722,-1.188,1.74,-0.722,0.381,-1.188,-0.229,-1.188,-1.188,-0.492,-0.229,-0.486,0.381,0.3668923075328843,-0.275,-0.292252266028993,-0.5018958573010619,-0.492,-0.26361305214600494,1.74,-1.188,0.39122807263718024,-1.2041015972067137,-1.1626312550367996,-0.722,-0.5023681967938974,1.7243364818362628,-0.21406487979905806
1.682,1.001,0.023,0.023,1.682,-0.722,-0.722,-0.799,2.297,-0.799,0.688,-0.395,-0.799,1.001,2.297,-0.722,-0.395,0.688,-0.722,1.682,-0.395,-0.395,1.542,0.75,2.297,1.542,-0.799,0.688,1.001,1.542,-0.395,1.682,1.542,1.682,0.023,2.297,0.75,0.023,-0.722,0.75,-0.722,0.75,0.688,1.682,2.297,2.297,1.682,2.297,2.297,1.682,1.661689158271418,2.297,1.7086849325791413,-0.722,0.75,0.7353862728890366,1.7340231436636175,-0.740336921382527,2.285920412048365,-0.395,2.330876233454117,1.7784516756658804,0.688,1.8024147654486193
1.524,-0.801,1.524,-0.602,-0.06,1.524,-0.602,-0.801,1.524,1.524,-0.694,-0.801,-0.926,1.524,1.63,-0.06,0.336,-0.06,-0.694,1.63,1.63,0.336,1.484,-0.602,1.63,1.484,1.484,-0.801,-0.06,-0.801,-0.602,-0.547,-0.801,1.63,-0.926,-0.547,-0.694,1.484,-0.926,-0.926,1.63,0.336,1.484,1.63,1.524,0.336,0.336,0.336,-0.547,0.336,-0.602,-0.926,1.484,-0.694,1.63,-0.926,-0.602,-0.06,1.484,1.484,1.63,-0.602,1.6130790447372283,-0.926,-0.547,-0.567466907421122,1.6517446053735079,0.336,-0.613382025440582,-0.5790514189850874,1.690861393853831,1.484,-0.801,0.32724344120413895,-0.06,1.524,1.7404681427571256,-0.8207910660441674,0.3660596711073859,-0.7976377544871041,-0.07088670631507667
1.169,-0.27,-0.947,1.169,1.113,1.086,1.113,-0.754,-0.782,-0.553,-0.569,-0.27,-0.947,-0.754,1.169,-0.634,1.086,-0.553,1.086,-0.947,1.086,-0.782,-0.569,-0.27,-0.553,-0.947,-0.782,-0.754,-0.553,1.086,-0.782,-0.634,1.086,-0.27,-0.634,-0.782,1.113,-0.553,-0.947,-0.27,1.113,-0.754,-0.27,-0.782,-0.634,-0.947,-0.569,-0.5829387143782783,-0.651693377902254,1.169,-0.7924494679075837,-0.754,-0.5524407228079056,1.086,-0.27,-0.7526291824959391,-0.553,1.076491420032766,-0.6030458376668443,-0.5243072415213594,-0.9576323680114971,-0.7635672884822176
0.63,-0.46,-0.344,-0.848,-0.344,-0.848,-1.084,-0.85,-0.977,-0.344,-0.631,-0.46,-0.977,-0.631,-0.848,-0.85,-0.977,-0.344,-0.639,-0.344,-0.344,0.63,-1.084,-0.344,-0.631,-0.639,-0.46,-1.084,-0.639,-0.46,-1.084,-0.848,-0.344,-0.977,-0.344,-1.084,0.63,-0.344,-0.848,-1.084,-0.85,0.63,-0.977,-0.631,-0.85,-1.084,-0.631,-0.977,-0.848,-0.864502972465626,-1.1001749861445251,-1.0543409081304478,-1.0049081551034529,-0.967903452399062,-0.9325288536523706,-0.8339310851478848,-0.80152449702701,-0.344,-0.639,-0.640707745553553,-0.46
-0.862,-0.034,-0.713,0.487,-0.186,0.487,-0.506,-0.709,-0.713,-0.034,-0.709,-0.539,-0.858,-0.713,0.487,0.487,-0.713,0.487,0.487,-0.539,-0.186,-0.874,-0.874,-0.858,-0.506,-0.858,-0.034,-0.506,-0.862,-0.874,-0.862,-0.713,-0.874,-0.186,-0.713,-0.709,-0.862,-0.034,-0.858,-0.034,-0.862,-0.539,-0.709,-0.874,-0.858,-0.5496261545284179,-0.8739685008642051,-0.886418738385518,-0.186,-0.5071505509354002,-0.8459227945591468,-0.20508676916760854,-0.8003274257690682
1.593,1.378,2.211,1.378,-0.629,1.769,2.211,0.598,2.211,1.593,0.852,0.545,-0.008,0.852,-0.187,1.593,2.211,1.593,-0.008,-0.008,1.769,-0.629,0.545,0.852,-0.187,-0.187,1.769,1.769,1.769,1.769,0.852,-0.008,-0.008,2.211,0.852,-0.629,0.852,-0.629,1.378,1.593,2.211,0.545,2.211,-0.629,-0.629,1.769,-0.629,2.211,1.769,0.598,0.545,2.211,-0.008,0.5296452850121292,-0.629,-0.6431146968048909,1.593,1.378,1.752869533827628,-0.187,-0.2033573298701254,-0.17590314200686713,1.7750284335371262
-0.038,-0.338,-0.038,-0.216,-0.182,-0.182,-0.182,-0.216,-0.451,0.79,1.338,-0.182,-0.884,1.512,1.338,1.338,-0.216,0.79,0.589,0.79,0.79,-0.182,0.589,-0.182,-0.338,-0.884,0.79,-0.451,-0.216,-0.216,1.512,-0.216,-0.038,-0.884,0.79,-0.451,-0.338,-0.216,-0.038,1.338,1.338,1.512,1.338,-0.182,1.512,0.589,0.79,-0.038,-0.451,1.512,-0.884,1.512,-0.216,-0.338,-0.884,1.512,-0.038,1.4957909106854257,-0.182,-0.216,-0.451,-0.338,1.5062649355131388,-0.19213772006022137,0.79,-0.22930359489310126,-0.19036246065377666,0.776465287453258,-0.17321325738645793
1.486,0.186,-0.666,-0.058,0.384,1.486,0.384,0.658,-0.666,-0.12,-0.901,-0.901,-0.901,-0.901,-0.901,0.658,0.433,-0.304,-0.12,-0.901,0.658,1.486,0.433,-0.901,0.186,1.486,-0.666,0.433,-0.058,-0.12,0.186,-0.058,0.186,-0.666,-0.666,1.486,0.658,0.384,-0.901,0.658,0.658,1.486,-0.666,0.384,-0.12,-0.304,-0.058,-0.12,-0.32136362176172417,0.658,-0.29425867644263076,-0.23785419989703585,-0.666,0.433,-0.13636399969635524,1.486,0.186,-0.09921530880561621,-0.901,-0.19889611138583588,1.4715866006025007,-0.9144840554202068,1.5129104798849082,-0.6816229135703269,1.5515022205022038
-1.523,0.536,-0.598,-1.523,0.775,-0.652,0.775,0.775,0.536,-1.523,0.536,-0.652,-0.598,0.775,0.344,-0.537,0.536,-0.537,-1.523,0.775,-1.523,-0.652,-0.046,-1.523,-0.506,-1.523,-0.598,-0.652,0.344,0.616,-1.523,0.536,-0.537,-0.598,-0.537,-1.523,-0.598,-0.598,-0.598,-0.506,-1.523,-1.523,0.344,-0.506,0.344,0.536,-1.523,-0.506,0.616,-0.652,-0.5201846934284879,-0.6741205250291337,-0.4902663953068992,0.775,-0.537,-0.5503488336525482,0.6082302748833109,-0.046,-1.5323824975496123,0.7610611716170308
1.292,-0.102,0.954,0.954,1.292,1.238,0.452,-0.62,1.238,0.954,0.452,1.745,0.452,1.238,1.745,1.745,-0.27,0.954,1.292,0.452,-0.368,0.954,1.238,1.238,1.238,1.292,-0.62,1.292,0.954,1.292,-0.102,-0.62,-0.62,-0.27,1.238,1.292,1.745,0.452,-0.62,-0.102,1.238,1.238,-0.368,1.292,-0.38292407771873915,1.238,-0.102,0.954,-0.27,-0.2893458812148189,1.2230265757841885,-0.3519118074727722,0.452,-0.62,0.4345826647101517,1.2825400427215492,1.2999378198801488,-0.11392251849960347,-0.2562868982526549,1.2509106429390464,-0.08325880556424783
0.501,-1.188,-1.077,-0.582,-0.582,0.501,0.435,-1.077,1.565,0.501,0.828,-1.077,-0.582,-0.277,-1.077,0.02,-1.188,0.828,-0.512,-0.277,0.828,-0.582,1.565,1.565,1.565,-0.277,0.501,0.501,-1.188,1.565,0.501,0.501,-0.582,-1.188,-0.582,-0.512,-1.077,0.02,0.501,0.828,0.501,-1.077,-1.188,-1.188,1.565,1.565,0.501,0.4859818359968071,-0.277,0.5263705705989585,1.565,0.6014019556151077,0.828,-1.188,0.6225847668732843,-0.582,-0.28806234147293674,0.6544109043852472,-0.5981000674396494,-0.5535452436717779
0.608,0.608,0.585,0.07,-0.468,0.07,0.727,1.615,1.537,0.608,0.07,1.537,0.07,1.751,-0.931,-0.931,-0.468,-0.931,1.537,1.615,-0.468,1.615,0.608,1.615,1.537,0.608,0.585,-0.931,-0.482,1.615,-0.931,0.727,0.585,1.537,0.727,0.608,1.751,0.585,0.07,0.07,0.07,-0.468,-0.931,-0.482,1.751,0.727,1.751,0.727,-0.482,0.07,1.537,0.585,1.5246044885798409,1.5377460011525872,0.5788069483021568,-0.931,0.05177998370028899,1.615,1.7326287134015017,-0.468
1.249,-0.986,0.706,0.706,-0.018,0.694,0.694,-0.602,0.948,-0.986,0.826,-0.4,-0.661,1.249,-0.4,-0.4,-0.602,-0.4,-0.661,0.694,-0.018,0.694,1.249,-0.986,1.249,-0.986,0.948,0.826,0.694,0.826,-0.661,0.694,-0.661,-0.661,-0.602,0.706,-0.986,0.694,-0.4,-0.4,-0.4,0.826,1.249,-0.986,0.826,-0.986,0.694,0.694,1.249,0.6827746311054659,0.706,0.826,0.6906274236295767,-0.4,0.8092734270142016,0.7327703146103693,0.8302214487298373,0.761017925455029,0.8595673440580904,0.7360353642442098,-0.986,0.8838479880310521
1.505,1.925,1.505,1.925,0.875,-0.488,0.721,1.273,0.721,0.413,1.273,1.925,-0.59,-0.378,1.273,1.925,-0.59,1.925,-0.378,1.925,-0.59,1.273,0.413,-0.59,0.387,0.721,-0.59,0.875,0.721,0.721,1.505,-0.488,0.413,1.505,0.721,-0.59,1.505,1.925,-0.488,0.387,-0.59,1.273,0.721,1.505,0.413,0.413,1.273,0.3994511531717929,-0.59,1.925,-0.378,-0.6035338817876826,-0.5501790309611198,-0.5189835008784234,0.387,0.371086200079273,0.441444837096885,0.721,1.2607901132549904,0.7079136727935241,1.2865537995403677
-0.871,-1.162,-1.065,-0.896,-1.065,-1.162,0.585,1.797,1.746,-0.871,-1.065,-1.065,-1.162,-0.433,-0.896,1.746,-0.871,-0.871,-0.896,-1.162,-0.871,1.011,1.797,-0.896,-0.896,-1.065,1.011,1.746,1.797,1.797,-0.896,-0.433,-0.433,1.011,-1.162,1.797,1.797,1.797,1.797,1.011,0.832,-0.896,-1.162,0.832,1.746,1.797,1.746,1.746,-0.896,-1.065,-0.896,-0.433,0.585,-0.871,0.832,1.011,0.8193306995414482,-1.162,1.0000459857575674,-0.8873691965091194,0.8597701828272973,-0.8483464612612021,-0.896
-1.124,-1.116,-0.748,-0.493,-0.748,-1.116,-1.124,-1.116,-1.124,0.448,-0.782,-0.782,-1.116,-0.493,0.895,-0.782,-1.124,0.448,0.448,0.448,0.895,-0.493,-0.242,-0.242,-1.116,-0.782,-0.493,0.448,-1.124,-0.242,-0.493,-0.493,-0.782,-1.124,0.895,-1.116,-0.242,-0.493,0.448,0.431,-0.748,-0.242,-1.116,-1.124,-0.782,0.895,-0.748,-0.782,-0.748,0.895,-0.7981608624006515,-0.7672808040873513,-0.493,-1.124,-0.7562249494506562,-0.5047801590969402,-0.7023937014595033,-0.242,-0.6697018230353945,-0.25657298129005307,-0.7286961868285505,-0.6360538085090588
2.052,-0.506,-0.506,2.052,2.052,-0.189,-0.741,2.052,-0.741,-0.739,-0.739,1.408,1.566,2.052,-0.189,2.052,-0.739,-0.153,1.566,1.408,-0.739,1.885,1.885,0.492,-0.189,0.492,-0.506,0.492,-0.741,2.052,0.492,1.885,0.492,1.408,0.492,-0.189,-0.506,2.052,-0.739,-0.506,-0.741,1.408,-0.153,-0.739,1.885,1.885,0.492,1.885,1.885,1.566,1.408,0.492,0.46955457564129627,-0.506,-0.739,0.5293536752670436,0.5612658084473958,-0.189,1.885,-0.7575324507145634,2.052,0.6006583967227415,-0.153,1.3945569651931755,1.566
0.979,-1.309,-1.309,-0.386,-0.694,-0.936,-0.694,-0.936,0.581,-1.309,-0.91,-1.309,-0.936,-0.91,-0.936,-0.104,-1.309,-0.011,-0.011,-1.309,-0.386,-1.309,-0.386,-0.694,-0.011,-1.309,-1.309,-0.386,0.979,-0.91,-0.694,0.979,-1.309,-0.386,-0.694,-0.936,0.581,-0.386,-0.694,-0.386,-1.309,-0.386,0.581,-0.936,-0.91,-0.694,-0.104,-1.309,-0.011,-1.320030619606956,0.0,-1.2922489527126928,-0.386,-1.2562268993214976,-0.014732968621039115,-0.915526973087074,-0.39486618339367874,-0.11596966796547384,0.581,-1.222479846138629,-0.07948503792627501,-0.8663556850483488,-0.7094698096130352
0.73,-0.808,-1.17,-0.969,-1.143,1.609,-0.705,1.609,-1.109,-0.808,1.609,-1.17,-0.46,-1.143,-1.143,-1.109,-1.17,-1.109,-1.143,-0.825,-0.46,-0.705,-0.969,-1.109,1.609,-0.46,0.73,-0.825,-0.46,-0.969,-0.969,1.609,-0.808,-0.705,-0.808,-0.969,1.609,-1.109,-0.825,0.73,-1.17,-1.143,-1.109,-0.46,-0.969,-1.17,1.609,-1.17,-0.825,-0.969,1.609,-1.143,-0.825,-0.808,-0.46,-0.8424591250455608,-1.143,-0.8208114510852103,-0.472212601627708,-1.17,0.73,-0.7781908376724883,-1.1815538088973407,-1.109,1.609,-0.705
-0.852,0.267,1.631,-0.852,-0.715,1.631,1.431,1.457,-0.683,1.393,1.431,1.431,0.242,-0.852,-0.683,0.242,1.431,1.631,1.393,1.631,1.431,1.431,1.631,1.631,1.431,1.393,-0.715,1.431,1.393,-0.715,1.457,-0.852,-0.683,0.339,1.393,1.457,0.339,1.393,1.393,0.267,1.457,-0.715,1.431,-0.683,1.457,1.631,-0.852,-0.852,-0.683,-0.715,0.339,1.431,1.457,0.32096549862492996,1.442006996476416,-0.852,0.242,1.631,1.4791334617691485,1.4183862362525856,0.267,0.3746001123127872
1.507,1.087,-0.869,-1.137,1.087,0.556,1.83,1.068,0.86,-0.631,0.012,-1.137,0.556,1.507,0.556,-0.869,0.556,-0.631,1.087,0.012,1.087,1.087,-1.137,-1.137,1.068,-0.869,1.83,-0.869,1.087,0.012,1.83,1.507,-1.137,0.86,-0.869,0.012,1.507,1.087,1.087,0.86,0.86,-0.631,1.507,1.83,-0.869,1.83,0.86,1.087,1.068,-0.869,1.83,1.507,-0.631,-1.137,0.556,1.068,1.8172129951951583,1.052462814731497,-0.6502837464551606,1.8671626822628549,1.87322022008067,-1.1470148055639438,0.86,1.905960460009014,-0.6198073934122668,0.5451107734824118,-0.5931870221842453,-0.869
0.839,1.745,1.077,0.839,-0.405,1.745,1.315,0.839,0.839,-1.068,-1.068,-1.068,1.745,0.839,1.745,-0.886,-0.886,-0.405,-1.068,0.506,-0.405,-1.068,-0.405,-0.886,-0.873,0.506,-0.886,-0.405,-0.886,-1.068,1.315,1.315,-0.873,1.077,1.315,0.839,1.077,1.315,-1.068,-0.873,1.745,-1.068,-0.405,-0.873,-0.873,0.506,1.315,1.077,-0.873,-0.405,0.0,-1.068,-0.42324840934400465,-0.40149961547586366,1.745,1.7195447081873225,-0.8823840417259845,-0.37104333545463153,1.0615260096814576,-1.0790598145519168,-0.3359871386997511,-0.886
0.176,1.863,1.863,-0.902,0.412,-0.902,-0.771,-0.969,-0.969,-0.649,0.412,-0.771,0.412,-0.771,0.412,-0.771,-0.771,0.412,1.798,1.798,0.797,-0.902,-0.902,0.797,-0.161,1.798,-0.161,1.798,1.798,-0.969,1.863,1.798,1.863,1.863,-0.969,1.863,1.798,0.412,-0.161,1.798,-0.161,0.797,-0.969,1.863,0.176,1.863,-0.649,-0.969,1.798,-0.649,-0.161,-0.771,0.176,1.7846913180236137,0.797,-0.902,-0.9809117311481942,1.863,0.412,0.787529930856102,0.8091077678985535
-0.755,-0.912,0.453,1.343,0.748,1.343,0.748,-0.825,-0.912,-0.912,0.748,-1.122,-0.825,-0.912,-0.181,-0.957,-1.122,-0.825,-0.181,1.343,-0.755,-1.035,-0.957,-0.957,-0.181,0.748,-0.755,-0.825,0.748,-1.035,-0.181,-0.957,-0.957,-0.181,1.343,-1.035,-1.035,-0.825,-1.035,-1.122,-1.122,-1.122,-1.122,-0.957,-1.122,-0.181,-0.755,0.453,1.343,-0.181,-1.035,-1.0514338346549594,-0.825,1.3284283370219987,-0.755,-1.0291013449350586,-0.19025962499138369,-0.957,-0.7651679732584996,-0.912,-0.9919391436902578,1.3522190388784439,-0.9349066286082504,-0.9206800976215859,-0.7493353084956728,0.748,0.4393620820441428
0.058,-0.389,0.813,0.588,0.588,-0.001,-1.022,-1.031,0.058,-1.022,0.588,-1.022,-1.031,-0.001,-1.031,0.38,0.588,-0.001,-0.001,-1.022,0.393,-0.001,-1.031,-0.001,-1.031,0.813,0.588,0.8,0.393,0.38,-1.031,-1.031,-0.001,0.8,-1.031,0.588,-1.031,0.813,0.813,-1.022,-1.031,0.38,0.058,0.813,-1.0487432145940603,0.8008835578100951,0.393,-0.389,0.3754926690145505,0.8,-1.022,0.588,0.0434577337335707,0.5685689039408262,0.8353993984795
2.024,1.271,1.271,-1.1,-0.043,2.024,-0.016,-1.1,-0.602,1.962,2.024,-1.129,-1.1,-0.016,-0.043,-0.016,-1.1,1.271,1.962,-0.723,1.271,1.962,1.271,-1.129,-0.723,-1.1,-1.129,-1.1,-0.016,1.271,2.024,2.024,2.024,2.024,1.271,-0.602,-0.225,-0.723,2.024,1.271,-0.043,-1.129,-0.043,2.024,1.962,-0.016,1.962,2.024,-1.1,-1.129,-0.043,-1.1,-0.225,-0.05349507775814535,-0.026253063835413374,-0.010579687823422309,1.962,-0.016,1.271,-0.025973109945711538,1.2581336682997342,2.024,-1.129
-0.894,-1.226,0.516,-0.683,0.349,0.957,-0.683,-0.683,0.516,-1.226,0.957,-0.894,0.516,-1.226,-0.809,0.516,-0.084,-0.809,-1.226,0.837,0.516,0.957,-0.084,-0.894,-0.683,-0.683,0.957,-1.226,-0.809,-0.683,-1.226,0.957,-0.894,-0.683,-0.809,0.957,-0.084,-0.02,-0.894,-0.683,0.349,-0.02,0.516,0.837,-0.683,-0.084,-0.894,-1.226,-0.02,-1.226,0.516,0.837,-0.894,0.8189889134106252,-0.809,-0.683,0.8442363741682034,0.957,-0.6981487602828317,0.8705584850687983,-0.6747682007565735,0.9418037482238814,-0.9044829622403852,-0.8745005365942795,-1.226,-1.2360641934087193,-0.02,0.349,-0.8257331567535392,-0.6320717952528387
-0.048,-0.543,-0.668,-0.661,-1.151,-1.151,0.002,-1.151,-1.151,-1.151,-1.151,-0.668,-1.151,-0.869,0.807,-0.668,-0.69,-0.048,-0.543,-0.661,-1.151,-1.151,0.956,-0.048,-0.668,-0.869,-0.668,0.807,0.807,-0.668,-0.869,-0.869,-0.869,0.956,-1.151,-0.048,-0.661,-0.543,-0.543,-0.869,-0.543,0.002,-0.69,-0.869,0.807,-0.69,-0.543,-0.69,0.956,-0.543,0.002,-0.5532777361854337,-0.869,-0.048,0.807,-0.5143134348268357,-0.4659763296717158,-0.661,-0.009094293500694284,-0.677934423559772,-0.059801274039379335,0.7928326243512136
-0.142,-0.034,0.773,-0.95,-0.607,-0.95,0.218,0.773,-0.95,0.113,0.113,0.218,-0.607,0.138,0.218,0.218,0.773,0.218,-0.607,0.773,0.773,0.773,-0.034,-0.034,-0.142,0.138,-0.607,-0.034,1.658,-0.142,0.218,1.658,1.658,1.658,0.773,0.773,-0.95,0.316,-0.142,-0.142,-0.607,-0.034,0.113,-0.95,-0.607,0.316,1.658,0.113,1.658,0.773,1.658,0.218,-0.607,1.658,-0.6262009584953154,-0.142,-0.16243960684664968,0.218,0.21079320534660997,-0.13501917432969862,0.113,0.138,-0.95,0.12196029851485969,0.09369322637341838,-0.9687682016122982,-0.9165342496634898,-0.034,0.1205716311588864,0.1603243094743136,-0.5853195655278242,0.16263980399482889
-1.002,-1.152,-1.152,0.972,0.972,-0.593,-0.67,-0.593,-0.593,-1.002,-0.67,-0.67,1.222,0.896,-1.002,0.896,-1.152,-0.564,-1.152,-1.002,0.896,-0.593,0.896,-1.152,1.222,1.222,-0.564,1.015,-0.593,0.896,-0.564,1.015,-1.002,-0.593,1.015,-1.152,-1.002,-0.564,-1.152,-1.002,1.015,1.015,0.415,-0.67,-1.002,0.896,1.015,0.415,-0.67,-0.593,-1.002,1.0010508904406767,-0.6808042066988135,-1.0157498918827779,-0.9865560212699214,0.972,-0.9661561414032135,-0.9186327361931788
2.231,-0.541,1.933,-0.824,-0.45,2.231,1.038,-0.541,-0.073,1.038,-0.741,-0.741,-0.541,2.231,-0.741,-0.45,-0.45,0.156,-0.541,-0.45,-0.216,-0.824,2.231,2.231,1.038,1.933,-0.45,-0.073,2.231,-0.541,-0.073,-0.541,1.933,0.156,-0.541,-0.45,-0.45,-0.541,1.038,-0.073,-0.216,2.231,1.933,-0.45,1.933,-0.216,1.933,-0.824,2.231,0.156,2.2126223317591593,-0.073,-0.0854643650939265,-0.541,-0.216,-0.45,-0.5579750173888052,-0.05565375436255125,0.14153870649334788,-0.01632546677769419,-0.2276463846157401,-0.741
-0.765,1.917,2.574,1.369,1.333,1.917,1.369,2.574,1.917,2.574,2.574,1.19,-0.765,-0.746,-0.687,1.19,1.917,2.574,-0.38,2.574,1.19,1.917,1.333,2.574,-0.746,-0.746,1.369,1.917,-0.687,1.917,1.369,-0.765,2.574,1.19,2.574,2.574,-0.765,-0.687,-0.38,1.333,-0.746,1.19,2.574,1.19,-0.687,1.369,-0.765,-0.38,1.917,2.574,1.369,1.19,1.917,1.369,1.333,0.0,2.574,-0.746,1.19,-0.01116615223107863,1.917,1.9043814167727184,-0.7584630992145928,1.173635331340724,1.369,1.333,1.2230778395410935,1.9230129455433798,-0.7134054163359332,1.9378063563867938,-0.6580088652950331,1.3210630628623197
1.173,-0.647,-0.647,1.173,0.406,-1.237,-0.388,0.7,-0.737,0.7,-0.869,-0.647,-1.237,0.7,1.173,0.406,-1.237,0.728,-0.388,0.406,0.728,0.728,-1.237,0.728,-0.388,-1.237,-0.869,-0.894,1.173,-0.894,0.728,-0.894,1.173,-0.869,-1.237,-0.737,1.173,-0.894,-0.894,0.406,0.7,-0.737,-0.388,0.7,-0.388,-0.388,-1.237,-0.869,0.7,0.688372311311804,0.406,-0.737,1.173,0.728,0.7099151010357551,-0.8829519969975242,1.1581541818967738,1.1911636979335123,-0.647,-0.7511531837758522,0.710762408597831,0.7657595207523972,-0.894
-0.831,-0.555,-0.435,0.971,1.726,1.726,-1.358,0.971,-0.435,0.782,-0.555,-0.362,-1.358,-1.358,-0.362,0.782,-0.435,-1.358,-0.435,-0.435,-0.582,1.726,-1.358,1.726,-1.358,-0.831,-1.358,-0.582,1.726,-0.582,0.782,1.726,-1.358,-0.362,-0.555,-0.831,1.726,-0.362,1.726,-1.358,-1.358,-0.435,-1.358,-0.582,-0.368,1.726,-0.368,0.971,-0.362,-0.38495658639485336,-0.435,-0.336480784907841,-0.3757938607204594,-0.555,-0.3031640908094988,-0.44788822828605196,-0.42016952977346905,-0.5672023471400458,1.726,0.9591259717546073
0.357,1.247,1.247,0.889,0.796,0.796,0.889,-0.841,-0.841,0.889,0.357,1.888,0.889,-0.766,-0.766,-0.841,1.565,1.565,0.796,-0.766,0.889,1.888,0.796,1.888,-0.766,-0.766,0.889,-0.766,-0.841,0.889,-0.766,0.357,0.796,0.796,1.888,1.565,-0.841,0.889,-0.595,1.565,1.888,1.247,0.796,0.796,-0.595,1.888,0.469,1.888,0.889,-0.595,-0.6091541731932899,-0.841,-0.5708413183169152,0.469,1.247,-0.766,-0.5290604188792176,0.796,0.7759522394625572,0.456891779909479,-0.8534054276634722,-0.48365101751404127,-0.8066900933632515,0.357,1.565,0.3445935577600772,-0.782219374298147,0.8115380921932411,1.888
0.28,1.771,-0.893,0.193,0.701,0.701,-0.893,1.088,0.28,0.193,1.771,1.771,0.701,-0.893,-0.893,-0.999,-0.022,0.701,1.771,1.088,-0.555,0.701,0.701,-0.999,-0.022,-0.893,0.701,-0.999,0.701,1.088,0.28,1.088,0.193,-0.999,-0.555,-0.555,0.28,-0.022,0.506,1.771,-0.999,1.088,1.771,0.193,-0.555,-0.022,-0.039970117668399904,0.506,0.1775538585532481,0.701,-0.5723628596403629,1.771,-0.5274215145827603,0.6856288677810002,1.7555800835417659,0.0004740428347735689,0.729280441251136,1.7919183944477528,0.029121760549541652
1.771,-0.937,2.264,0.858,-0.121,-0.121,2.264,-0.77,-0.77,1.771,1.571,-0.631,-0.937,1.571,-0.121,-0.937,1.771,2.264,2.264,1.771,-0.631,0.775,-0.77,-0.177,0.775,0.775,1.571,0.858,-0.937,-0.937,0.858,-0.177,1.571,-0.631,-0.937,1.571,1.771,1.771,-0.937,-0.177,0.858,1.571,2.264,2.264,-0.937,1.771,-0.121,1.571,2.264,1.5507194199336438,-0.631,-0.6556410942685077,-0.937,-0.1299880128554054,-0.77,-0.08096434454773364,0.775,-0.7812194964092412,-0.177,-0.6051791280560456
-0.642,0.803,0.803,1.949,-0.387,1.949,-0.467,-0.387,1.949,-0.931,1.599,-0.387,-0.387,-0.387,-0.467,1.949,-0.945,0.803,-0.467,1.949,-0.945,-0.387,-0.387,0.803,-0.642,0.803,-0.931,1.949,-0.945,1.599,-0.931,-0.467,0.803,-0.387,0.803,0.505,1.949,-0.945,-0.931,1.949,1.949,-0.945,1.949,-0.931,0.803,1.599,-0.642,0.803,-0.387,0.0,-0.945,0.505,-0.9637312066430127,0.7877639620335982,-0.3971312705380031,-0.467,1.599,-0.011461090296303244,-0.3385512528813418,-0.4800806034651394,-0.931,1.949,0.4930574948079958
-0.827,-0.282,-0.282,-0.827,-0.764,-0.865,-0.014,-1.056,1.617,-0.827,1.617,-0.282,-0.827,-0.764,-0.082,-0.865,-0.014,1.617,-0.764,-0.377,-0.377,-0.014,-0.865,1.617,-0.552,1.617,-0.865,1.617,-1.056,-0.827,-0.282,1.617,-0.082,-1.056,1.617,-0.014,-0.827,-0.827,-0.827,-1.056,-0.014,-0.552,1.617,-0.014,-0.764,-1.056,1.617,-0.764,-0.082,-0.552,-1.056,-1.0675217818214384,-1.0034195875902774,-0.764,-0.7795235467811528,-0.7635908235605999,-0.7269503035173281,-0.9717348426685933,-0.282,-0.865,1.617,-0.014,1.600385389427083,-0.6888256436618474,-0.827,1.6181690854172166
0.708,1.385,0.403,0.403,1.477,-0.943,-0.943,-0.631,1.477,1.477,1.385,-0.631,-0.068,0.403,0.129,-0.098,1.477,-1.066,1.477,-0.631,-1.066,1.477,-0.943,1.385,-0.631,1.477,-1.066,-1.066,-0.098,0.129,1.477,0.708,1.385,-0.943,1.477,1.385,1.477,-0.098,0.403,1.385,1.3702848506685197,0.708,-0.943,1.4023605097881993,1.477,1.4457672926862133,1.4598292793826315,0.6976568232624055,0.7223308650827179,-1.066,-0.068,0.3887389251932149,1.5018772426312297,0.129,-0.958457133676733,1.5316365233728102
0.809,-1.087,-1.087,-0.924,-1.087,0.809,-0.924,1.541,0.298,-1.135,0.848,-0.643,1.541,-0.924,0.848,0.055,0.412,0.298,-1.087,-1.135,0.809,-0.924,-1.135,-1.135,-0.643,0.412,0.848,0.298,-1.087,-0.643,1.541,-0.643,-1.087,-0.643,0.412,1.541,0.055,0.848,-1.135,0.298,0.412,-0.924,-1.135,0.848,-1.087,1.541,-0.924,0.848,0.298,-1.135,-1.101499590859381,-1.0761394092303287,-1.1490808281609235,-1.127896846094316,-0.9369484736857104,-1.045473579869376,1.532153910398679
0.779,1.243,1.531,-0.731,0.378,-0.731,1.889,1.531,0.897,1.889,0.897,1.889,0.378,1.889,1.531,0.779,-0.559,1.889,1.889,1.243,-0.493,0.408,0.378,-0.559,-0.731,1.889,0.408,-0.559,-0.493,0.408,0.408,0.779,1.531,1.889,0.378,1.889,-0.493,0.378,0.779,0.378,1.531,0.378,0.779,1.243,1.531,1.243,0.779,-0.731,1.531,0.897,0.408,0.779,-0.559,1.889,0.378,0.8822112856018933,-0.5722747241013473,1.874367946496127,0.3605303285302565,0.396140252949332,1.9065774404605567,1.243,-0.731,0.9070982775601152
0.433,-0.692,-0.998,-0.851,-0.998,0.433,-0.692,-0.122,-0.998,-0.851,1.487,1.159,0.863,1.487,-0.516,-0.692,0.433,-0.122,-0.692,-0.633,0.433,1.487,-0.692,1.159,1.159,-0.122,-0.692,-0.692,-0.633,0.863,1.159,1.487,-0.516,1.159,-0.998,-0.851,-0.122,-0.122,-0.692,-0.851,1.487,1.487,0.433,-0.692,-0.998,1.487,0.863,0.8451443105633548,-0.122,-0.633,1.159,0.433,-0.6423354222016321,-0.13836614725079452,-0.7018999505920461,0.8771456041286403,-1.008991291358222
0.865,-0.029,-0.037,0.865,-0.894,-0.037,0.078,0.865,-0.599,-0.599,-0.029,0.078,-0.599,0.078,-0.894,-0.183,-0.183,-0.769,-0.183,0.865,-0.037,-0.894,-0.037,0.865,1.038,-0.894,-0.037,1.038,-0.769,-0.769,-0.894,-0.894,-0.769,-0.183,-0.029,-0.029,-0.029,-0.599,-0.769,1.038,-0.037,-0.037,-0.894,0.078,-0.183,-0.599,-0.599,0.865,-0.037,-0.183,-0.599,-0.894,-0.599,-0.9099089118664414,-0.6125675977483508,0.078,-0.5765097030629573,-0.5367863604932793,0.0634274090225364,-0.769,1.038,-0.4960338475372291,-0.8891737600216159,-0.183,-0.7827746764460034
-0.157,1.33,1.33,-0.879,-1.243,-1.194,-1.123,-1.194,-1.123,1.33,-1.243,-0.697,-0.444,-0.115,-0.157,-1.194,-0.157,-1.243,-0.879,-0.697,-0.115,-1.123,-0.697,-1.123,-1.243,-1.243,-1.243,-0.697,-1.123,-1.243,-1.123,-1.194,1.33,-0.115,-1.194,1.33,-0.444,-0.697,-0.444,-0.697,-1.194,1.33,1.33,-0.697,-0.879,-0.157,-1.243,-1.194,-0.157,-0.879,0.0,-0.890085921282986,-0.16948944108476696,-0.115,-1.243,-1.2067282249944105,-0.697,-0.1255495095378742
-0.797,-0.314,-1.146,-0.314,-0.797,-1.146,-1.146,-0.314,0.894,1.362,0.38,-1.146,1.362,-0.382,-0.382,-1.146,0.894,-1.146,-0.797,-1.146,-0.558,-1.146,0.38,0.38,-0.314,-0.382,-0.558,0.894,-0.433,0.894,-0.314,1.362,1.362,-0.433,0.38,-0.797,0.894,-1.146,-0.314,0.894,-0.314,-1.146,0.38,1.362,0.894,0.0,-0.558,-0.382,-0.012561846851092321,-1.146,-1.160093231387941,1.349838068969926,-0.797,-0.314,-0.33350463611659903,0.049007904311649246,0.8826985656702622,-1.1247375373635176,-1.090314438897125,-0.8052731084901146
-0.012,1.689,0.212,1.689,0.926,0.984,1.559,-0.954,1.689,0.984,-0.954,0.212,0.926,0.984,1.689,-0.012,1.689,-0.954,0.984,-0.012,0.212,-1.006,0.461,0.212,0.984,1.559,-0.012,0.212,-1.006,0.212,-1.006,0.926,1.039,0.212,0.984,1.559,1.689,0.212,0.926,0.926,1.039,0.212,-1.006,1.689,0.984,-1.006,1.039,-0.954,1.689,0.212,0.984,-0.012,1.039,0.212,1.689,-1.006,0.19577956249908032,0.461,-0.012,0.926,0.45124155919772724,1.559,1.5390741412317674,0.49185700965468304,0.984,-0.02495085883965569,1.039,1.67959829355073
0.858,0.858,1.971,1.974,0.344,1.971,0.098,0.098,0.858,0.858,1.971,0.858,0.858,-0.398,-0.959,-0.959,-0.998,1.974,1.974,1.314,-0.998,-0.998,0.098,1.314,-0.959,1.971,0.858,0.098,1.314,1.971,1.314,0.344,1.974,1.971,1.314,1.971,-0.998,1.971,-0.518,1.974,0.858,0.858,1.314,1.974,-0.959,1.971,1.974,-0.959,1.971,-0.998,1.314,-0.998,0.858,1.314,-0.518,-0.959,0.858,1.314,0.344,0.098,-0.518,-0.398,0.08259419722204721,1.971,-0.9690764207603151,1.974,-0.532049927322346
1.108,-0.307,-1.353,1.108,1.532,2.506,0.264,-1.353,0.264,-0.307,1.361,0.002,1.532,1.532,0.264,1.108,2.506,-0.733,1.532,-1.353,0.264,2.506,2.506,1.361,1.108,1.361,1.108,-0.307,1.361,-0.733,2.506,2.506,1.004,-1.353,1.532,1.108,-1.353,-0.733,-0.733,-0.307,2.506,-1.353,0.264,2.506,0.264,0.002,-1.353,1.532,0.002,1.108,0.002,2.506,1.004,-1.353,1.532,2.506,-0.307,0.264,-1.353,0.002,1.004,-0.014861808883450638,-0.733,1.532,1.108,1.5181296310202377,-0.7440604314148024,0.028937108086136712,1.361,0.07090419936342766,-0.31600312999316665
-0.541,0.804,-0.893,1.42,1.42,-0.893,-0.696,0.804,-0.834,-0.696,-0.352,-0.352,0.804,0.804,-0.834,-0.417,-0.417,-0.834,-0.696,1.42,-0.893,1.42,-0.352,-0.352,-0.417,1.42,1.42,1.42,-0.834,1.42,1.42,-0.834,-0.329,1.42,1.42,-0.834,-0.893,0.503,-0.893,-0.329,-0.541,0.804,-0.329,-0.541,-0.329,-0.893,-0.834,-0.541,-0.352,-0.893,0.503,-0.9084391438479855,0.49016526188243686,-0.36435881662656705,-0.696,-0.329,-0.3366516912895133,-0.30169098259999794,-0.7157166980432033
1.755,-0.956,0.644,-0.791,1.639,-0.956,0.644,1.639,-0.735,1.639,-0.735,-0.791,0.063,0.063,0.813,0.996,1.755,1.639,1.089,0.996,-0.791,1.755,1.755,1.755,1.089,-0.956,-0.956,0.063,-0.956,-0.791,1.089,1.755,1.639,0.813,0.996,0.644,1.089,0.996,0.813,-0.791,-0.735,0.644,0.063,0.644,0.996,1.755,-0.956,0.813,0.063,1.755,0.063,-0.735,-0.791,-0.735,1.089,1.639,1.0793901473980896,0.063,-0.791,-0.8120774806920724,0.996,-0.7994131801524316,-0.7513434800112694,1.755,1.629406024581191,0.05273368857242464,-0.7511330887961659
-1.215,-1.141,-0.726,-0.788,-1.146,-1.215,-0.726,0.7,0.7,-0.788,0.7,-1.215,-1.215,-1.146,-1.215,-0.788,-1.215,-1.146,-0.764,-1.141,-0.085,-1.146,0.926,-0.764,0.7,-0.726,0.7,-0.726,-0.085,-1.141,1.097,-0.788,0.7,-0.764,-0.764,-1.141,-0.085,-0.788,-0.764,-0.726,-1.146,0.926,-0.726,-1.146,0.7,0.926,-0.788,-1.141,-0.764,-1.141,-1.141,1.097,-1.215,0.7,0.7,0.926,-0.726,-0.764,-0.7382019087402139,-1.215,-0.6813445576256973,-0.6339738687043532,-0.5850433522537386,-1.141,-0.085,-1.2318056449009795,-0.5451735517283025,0.9106613522173486,-0.49298349199939023,-1.1905282098869794,-1.167123327581147,-0.09789922131389767,-0.44741577629701895
-0.318,-0.318,-0.837,-0.318,0.219,-0.646,-0.955,1.35,-0.495,1.35,0.329,0.804,0.219,-0.495,-0.837,0.219,0.219,-0.318,0.804,-0.955,0.804,0.804,1.35,-0.495,-0.646,-0.318,0.219,-0.837,-0.318,-0.837,0.219,-0.495,-0.873,-0.873,0.804,-0.955,-0.955,-0.955,-0.955,-0.955,0.329,-0.873,1.35,-0.837,0.329,1.35,-0.955,-0.495,-0.495,-0.955,0.804,1.35,0.804,-0.646,0.329,-0.873,1.35,-0.955,-0.318,0.804,-0.8821275593730016,-0.837,-0.3329609168349491,-0.30147656097959047,0.31726428577147026,-0.8486383464833975,0.219,-0.495
0.728,1.288,0.61,0.728,-0.833,1.288,-0.8,-1.136,-1.136,-1.136,0.61,-0.963,0.61,1.288,0.61,-0.833,-1.136,-0.963,-0.808,1.288,-0.833,0.728,0.61,-0.808,-0.8,-0.963,0.728,-0.833,0.355,-0.8,0.728,-0.8,-1.136,0.61,-0.8,-0.833,-0.808,-0.963,-1.136,0.355,1.288,-0.808,-0.083,1.288,-0.963,0.728,1.288,0.7101894279731434,-1.136,-0.808,-0.083,-0.8212177307113135,0.355,1.273873752255888,-1.1494654843887995,-0.9733495281218457,-0.8,0.3436047744291962,0.61,-0.0928529212775313,-1.1368870853990938,0.5978859851442219,-0.833,-0.8456643583995712
0.38,-0.137,-0.631,-0.909,-0.631,1.535,2.084,1.535,-0.631,2.084,0.071,-1.17,-0.909,-0.909,-1.17,-0.39,0.071,2.084,-0.39,1.535,-0.631,-1.17,-0.137,-1.17,2.084,-0.137,-0.39,0.071,0.38,1.535,-0.137,-0.631,-1.17,-0.39,-0.137,-1.17,1.535,-1.17,-0.909,2.084,-1.17,0.444,0.38,0.38,2.084,-0.909,2.084,-1.17,-0.39,0.38,-0.137,2.084,-0.909,0.3666675651979789,-0.4047297945007147,2.0650186835915494,2.0926458982988176,-0.3477233624279334,-0.631,0.071,-1.1796167022740434
0.701,-0.752,-1.031,-0.752,0.701,0.701,-1.126,-0.752,-0.752,-0.51,1.01,-0.435,-1.126,1.01,1.01,-1.126,-0.752,-1.031,1.01,-0.51,-0.51,-0.752,-1.126,1.01,-1.126,-0.435,-0.389,-1.126,-0.51,1.01,0.19,1.01,-1.031,-1.031,0.19,-1.031,-0.51,-0.752,-0.51,-1.126,1.01,1.01,-0.51,0.19,0.19,1.01,0.19,-1.031,1.01,0.19,-0.389,-0.51,0.9934497874772662,0.701,0.6891509509924616,-0.523995625771775,-1.0439028699057011,-0.752,-0.49061600871914657,-0.7669657771962448,0.7167840819364291,0.1741851761323742
0.577,-0.824,-0.501,-0.486,0.079,-0.639,0.472,0.577,1.566,0.472,1.566,0.472,-1.074,0.079,-0.639,0.577,-0.501,-1.074,1.566,1.566,-0.824,0.472,0.577,-0.824,-1.074,-0.824,-0.123,-0.486,-0.501,1.566,-1.074,-1.074,0.472,-0.824,1.566,-0.824,-0.501,-1.074,-0.639,0.577,0.577,-0.824,0.079,-0.123,-0.824,0.577,-0.13784028571649065,1.566,0.5614246292002489,-0.501,-0.8413581701991225,-0.80924710023251,-0.639,-0.07549312636436718,-1.074,-0.0507838771006775,-0.027193899264516732
-0.52,-0.565,-0.565,-1.186,-0.565,0.115,0.115,-0.157,-0.102,-1.186,0.065,-0.972,1.423,-0.52,-0.972,-0.244,1.423,-1.186,-0.565,1.423,-0.565,-1.186,-0.157,-0.972,1.423,-0.244,-0.972,-0.157,-0.102,-0.565,-0.102,-0.244,-1.186,-0.52,1.423,-0.52,-0.102,-0.52,-1.186,-0.972,-0.52,0.065,1.423,-0.244,-0.972,1.423,-0.52,-0.102,-0.5335769486436291,-0.1238951884455343,1.411454890545598,-0.565,1.44161281026526,-0.157,0.115,1.4745497272802177,-0.9821420778180269,-0.25686581386926594,0.065,-0.931090490995781,0.0965236727039519,-0.17135988325458384
-0.705,-0.942,-1.078,-0.61,-0.575,-1.361,-1.078,-1.361,-1.078,-0.619,-0.942,-0.61,-1.361,0.708,-1.361,-0.685,-0.61,-0.942,-1.078,-0.942,-0.575,1.07,-0.685,-0.619,-0.575,-0.61,-0.685,-1.361,0.708,-0.685,-0.705,-0.685,-1.361,-0.942,-0.61,-1.361,-0.685,-0.685,-1.361,-1.361,-0.61,-0.685,-1.078,-1.361,-0.705,-1.078,-1.361,-0.942,1.07,-0.61,-1.078,-0.685,-0.575,-1.361,1.07,-0.6236871825065406,-1.3724973449068172,-0.619,-1.3416316437000986,-0.6350610793728508,-1.0873632042778205,-0.705,-0.6084756566227661,-1.3044821757153382,-0.7153168219215327,1.0554973061024857,-0.6010783695642493,-0.6959731410684592,-0.5891696025673784
-0.987,1.537,0.519,1.274,1.537,0.519,1.537,1.564,1.564,-0.011,1.564,1.537,0.519,1.564,-0.563,-0.755,-0.563,1.564,-0.987,1.274,1.537,-0.563,-0.987,1.537,-0.563,1.274,0.519,-0.563,-0.755,0.519,0.426,-0.011,0.519,-0.755,0.519,-0.987,-0.011,-0.755,1.564,1.274,0.519,1.274,1.537,-0.563,1.564,-0.371,-0.011,0.519,-0.987,-0.563,-0.563,-0.987,-0.371,1.274,-0.011,0.426,0.4075496535766018,1.2613128428072686,-0.563,-0.3847862219647362,1.3008859192249818,-0.35545834205219795,1.324753547448427,-0.755,0.4476098316000115,1.3538740485659182,0.4822439340637728,1.564,-0.02522795208579616
-0.919,-0.919,-0.097,1.206,1.206,2.358,2.358,-1.372,2.358,-1.372,2.358,2.358,0.717,-1.372,0.932,-1.372,1.172,-1.023,2.358,-0.097,-1.023,0.932,0.717,-1.023,1.172,1.206,-0.097,-0.919,2.358,-0.097,-1.372,1.206,-1.023,1.172,-0.097,-1.372,-0.919,1.172,-1.372,-0.919,0.428,1.172,-1.372,-0.919,1.172,1.206,-1.372,-1.3884945377637732,-1.382850485301902,-0.097,1.1605198799190368,1.1938842852801521,1.20900771466454,1.2196642112593015,-1.023,-0.9284669663746733,-0.10976008410821536,0.428,2.358,-0.08442461628006234,0.42014520999515653,0.46594683718928065
-1.264,-0.387,-0.6,-0.218,-0.76,-0.117,1.386,-1.264,-0.218,-1.264,-0.76,-0.387,1.386,-0.218,-0.6,-0.387,-1.264,-0.218,-1.264,1.386,-0.387,-0.218,-0.55,-1.264,-0.6,-0.55,0.628,-0.6,1.386,1.386,-1.264,-0.117,-0.76,-1.264,-0.6,-0.218,1.386,-1.264,-0.55,-1.264,-0.6,-1.264,-0.6,-0.387,-0.301,-0.76,1.386,-0.76,-0.218,0.628,-0.772992212792095,-0.55,-0.6,0.6123519717724787,-0.23081741889534482,-0.301,-0.31527294931663175,-0.117,-0.2056251370341779,-0.7389301683955541,0.6484593049012314,-0.1309483822767467,-0.6131410358889495,0.6863991743576494,-0.387
-0.858,-0.086,-0.086,0.82,1.491,1.491,0.898,0.205,0.82,-0.981,1.491,0.82,0.605,-0.858,0.605,-0.981,-0.086,-0.902,-1.047,1.491,0.898,-0.981,0.898,-0.902,0.82,-0.902,-1.047,-1.047,-0.858,-0.086,-0.858,-1.047,0.605,0.605,0.205,-1.047,-0.858,-1.047,-0.981,-0.858,0.898,-0.086,-0.981,0.898,-0.902,1.491,0.82,-0.981,0.898,0.8871515837356029,-0.9993632599898514,0.8072490217538302,0.9317362571332182,0.205,-0.858,-0.8743860111046148,0.8454677050813179,-0.9533807192451957,0.9526108961381339,-1.047,-1.0658192167015432,0.9905128139768696,0.605
0.649,2.686,1.235,1.235,-0.219,2.686,2.686,-0.219,0.364,1.602,-0.521,0.649,1.602,-0.902,1.602,0.649,0.364,2.686,-0.94,-0.492,-0.521,-0.521,-0.94,-0.902,1.235,-0.94,0.649,-0.521,2.686,-0.521,0.364,1.602,2.686,-0.902,0.364,-0.521,-0.902,-0.902,-0.492,0.364,2.686,1.235,0.649,2.686,0.649,-0.94,-0.492,-0.521,2.686,2.686,1.602,-0.492,-0.521,1.235,-0.503687537502203,2.672709989253574,-0.44793855895194284,1.591908491599417,1.62357165422447,2.718964558815264,0.364,1.2262593850072008,0.649,-0.94,2.758320080668306
-0.381,1.692,1.692,-0.907,0.332,-0.907,1.692,-0.438,-0.187,-0.381,-0.747,-0.907,-0.381,-0.747,-1.116,-0.907,0.332,-1.116,0.441,-1.116,-0.747,1.692,-1.116,0.059,1.692,-0.187,-0.187,-1.116,-0.438,-0.187,0.059,-0.438,-0.381,1.692,0.332,-0.907,-0.438,0.059,-1.116,-0.187,1.692,-0.907,-1.116,-0.187,-0.187,-0.438,-1.116,-1.116,1.692,0.059,0.332,-0.747,0.3127397058793565,-0.907,-0.766632304593868,1.677899884751914,0.3620525940108593,0.441,-0.9212640186093561
1.082,1.121,1.181,0.212,1.181,1.181,0.182,-1.26,1.427,1.121,1.181,0.182,1.082,1.586,1.082,1.586,1.427,1.181,1.586,1.586,-1.26,1.121,-0.759,0.212,1.082,-0.189,1.181,1.427,1.427,-1.26,1.082,-0.759,1.121,-1.26,1.427,1.181,1.121,-1.26,-1.26,1.121,1.427,-1.26,1.082,1.181,1.181,1.586,1.181,-0.759,1.121,1.181,1.121,-1.26,1.427,-0.759,-0.7741851131942059,1.181,1.1582475528237735,-0.7588293346996893,1.1970138389802696,1.2271845812439304,-0.7116770442011198,0.212,1.586,0.1978768453561487
1.376,-0.011,1.376,1.376,0.996,0.996,-0.818,0.996,-1.138,0.996,-0.818,-1.138,-1.01,-0.011,-0.818,-0.14,-1.138,-0.14,-0.483,-1.01,0.996,-0.818,-0.011,-1.01,-1.138,-0.011,-0.818,-1.01,0.363,-1.138,0.363,-0.14,-1.138,0.996,-0.011,-1.138,1.376,0.996,-1.138,-0.483,-0.14,-0.14,-0.14,-0.14,-0.398,-0.14,0.996,-0.483,-1.01,1.376,-0.483,-1.138,-1.1536306680521689,-0.48905978896826524,-1.01,0.996,-1.115614694763635,-0.011,-1.0750445611456507,1.3669426766676267,-0.14,-0.45369734449271687,-0.398,-0.42186286769545667,-0.3762285662432382,-0.024575885210759957,0.9827890607487236,-1.0236205589207692
-0.937,-0.826,-0.826,0.815,-0.921,-0.987,0.46,-0.826,-0.987,0.815,-0.937,-0.921,-0.216,-0.826,-0.216,-0.937,-0.987,-0.826,0.743,0.743,1.06,1.06,-0.826,1.06,1.06,0.46,-0.921,1.06,1.06,-0.826,-0.931,-0.931,-0.937,0.815,-0.931,-0.826,-0.826,1.06,-0.826,-0.931,-0.987,1.06,1.06,0.743,-0.987,-0.937,-0.216,-0.921,1.06,-0.987,-0.931,-0.826,-0.216,0.743,-0.9463483954208526,-0.937,1.06,-0.9503191051969826,-0.987,-0.8404252735518453,-0.898273568016844,0.46,0.7303071278774501,-0.8100043129931568,-0.9068835405221283,-0.8634813894592352,-0.7799218578650434,-0.8618929052622927,-0.8221086577036557
-0.507,0.967,-1.153,-1.153,-0.507,-1.153,-0.02,-0.787,-0.64,-0.818,-0.383,0.072,0.072,0.905,0.905,0.905,0.967,-1.153,-0.818,-0.64,-0.383,-0.02,0.072,0.967,-0.787,-0.787,-0.383,-0.787,0.905,-0.383,0.905,0.967,-0.64,0.967,-0.383,-0.383,-1.153,-0.383,0.072,-0.383,-0.383,-0.818,-1.153,-0.507,0.905,-0.507,-0.383,-0.02,-0.383,-0.64,-0.787,-0.507,-0.7994864076437179,-0.818,0.967,-0.833963553248032,-1.153,-1.1780655285781942,-1.1459167884083714,-0.8058938724902635,-0.02,0.072,-0.3923433896693023,-0.7796084554537883
0.342,-0.549,-0.693,-0.328,-0.196,-0.624,-0.693,-0.549,-0.693,1.319,-0.35,-0.38,-0.328,-0.756,-0.328,-0.328,-0.624,-0.35,1.319,1.319,-0.756,-0.328,-0.756,-0.693,1.319,-0.756,-0.328,-0.196,-0.196,1.319,0.342,-0.38,-0.328,-0.756,-0.35,1.319,-0.196,-0.35,-0.756,-0.549,-0.35,-0.756,-0.196,-0.38,-0.196,-0.196,1.319,-0.328,-0.693,-0.35,0.342,-0.70537137566493,-0.34445935622040297,-0.624,-0.2093131462487743,-0.38,-0.549,-0.16914799701864122,-0.6330686885545624,-0.1307566467633449,0.32690223237897065
1.617,-0.771,1.617,1.224,-0.771,1.909,1.224,-0.021,-0.964,-0.021,0.346,-1.05,-0.021,-0.964,-0.771,1.318,1.224,-0.771,-1.05,-0.964,-0.475,1.617,-1.05,1.318,0.346,-0.964,-0.475,1.617,-0.771,-0.771,1.909,-1.05,-0.964,1.224,-0.964,-0.021,1.909,-0.964,-0.771,0.346,-0.021,-0.964,1.909,1.224,1.909,-0.021,1.224,1.617,1.318,-0.771,1.909,0.346,1.617,-0.021,-0.03091885063856874,1.318,0.012149682594433903,0.33211666474076246,-0.964,1.3079454415696468,-1.05,0.06675757341079547,1.909,-0.9751649632729663,-1.0602964012475793,1.608698918840842,-0.9442679907305185,-0.771,-0.8993394876606348,1.6395803885676128
1.474,1.616,1.474,-0.798,1.474,-1.352,-0.735,-0.523,0.553,-1.352,-0.523,-1.352,-0.523,1.474,-0.33,-0.735,-0.523,-0.798,-1.352,-0.523,1.616,1.616,0.553,-0.523,-0.415,-0.33,0.714,-1.352,1.616,-0.798,1.616,0.553,-1.352,-0.33,-1.352,1.474,-1.352,-0.33,-0.735,1.616,-1.352,-0.798,-1.352,1.474,-1.352,0.553,-0.33,0.714,-0.735,-0.415,-1.352,-0.43382770080062466,-0.523,1.616,-1.3662087988617102,-0.7473726019150293,-0.33,-0.5394028282802973,1.6043053116365633,1.62343045252631,-0.798,0.553,0.5345077722242154,-0.38965933488566684,0.5625500572747785
-0.662,-0.662,-0.09,-0.09,1.439,-0.662,-0.562,-0.443,0.754,-0.494,-0.578,1.439,-0.443,1.439,-0.562,-0.144,1.439,-0.462,-0.562,-0.662,-0.578,-0.09,-0.144,-0.443,-0.662,-0.494,-0.578,-0.578,-0.09,-0.562,-0.144,-0.494,-0.462,-0.443,0.754,1.439,-0.578,0.754,0.754,-0.562,-0.662,-0.578,1.439,-0.462,0.754,-0.494,-0.5135149812918585,-0.578,-0.662,-0.562,-0.6747630600712947,-0.443,-0.144,-0.4749347186347478,-0.6534699044209374,-0.4545537428390594,-0.15399485503108837,-0.5837416790542337,-0.6001136603659423,-0.5463518714130344,1.439,-0.4511005938853847
1.098,-0.727,1.048,1.048,-0.273,1.848,1.848,-0.474,-0.727,1.098,-0.543,-1.178,-0.273,1.848,-1.178,-1.178,-1.178,1.098,0.18,-0.74,-0.273,-0.74,1.848,-1.178,0.18,-0.543,-0.74,1.048,-0.474,1.098,-1.178,-0.543,-0.543,-0.474,-0.74,-1.178,-0.543,-1.178,-0.727,-0.727,-0.727,1.848,-0.543,-0.474,-0.727,-0.7410717591261682,-0.48698474021294774,1.848,-0.74,1.8366422071258222,-1.178,0.18,-0.757262519378417,-0.273,0.1610259165234304,-1.1933469305185231,1.048,1.0301100436532356,1.0465796340567564
1.582,1.499,0.574,-0.846,0.445,0.574,0.445,1.499,-0.886,1.582,-0.886,-0.886,1.582,1.582,0.574,0.574,-0.846,-0.766,-0.85,-0.766,-0.36,-0.85,0.574,0.928,0.445,0.445,-0.36,1.499,1.499,1.582,1.499,-0.886,-0.846,-0.85,1.582,-0.766,0.445,1.499,1.499,0.574,0.445,-0.36,0.445,0.928,-0.85,1.499,0.928,0.928,0.928,0.574,-0.886,-0.85,-0.886,-0.846,0.928,0.9178634638465438,0.445,0.9504685931212411,0.42670422035595734,-0.8606986613937142,-0.8289325671092787,1.499,-0.886,-0.36,-0.9045578476198951,-0.766,-0.3716749029701579,0.574,-0.3393054757718653,-0.8543079482225314
-0.792,0.371,-0.146,0.754,0.754,1.24,0.754,0.754,1.417,-0.146,0.754,1.24,-0.558,-0.792,1.253,0.628,-0.558,1.417,-0.792,-0.792,1.417,0.371,1.24,0.628,1.417,-0.146,-0.792,-0.42,-0.42,0.628,1.24,-0.146,1.24,0.371,1.24,1.253,0.628,0.754,1.253,-0.792,1.253,-0.42,0.371,-0.43431160832898896,1.417,1.253,1.24,1.4059419683152383,0.754,0.3522729851546992,0.7392943949173912,1.4380794129421544,-0.792,1.476369599123139,-0.558
0.261,0.705,0.746,0.318,0.261,0.746,0.705,0.705,0.746,1.349,0.261,-0.417,1.014,1.349,0.705,0.483,0.746,1.114,1.401,0.318,0.318,0.318,1.401,1.114,0.705,0.705,0.483,1.401,0.746,0.746,0.746,0.483,1.014,1.014,-0.417,1.349,1.401,1.349,1.014,0.746,1.014,0.261,1.014,1.401,1.014,0.705,0.318,1.014,0.483,1.401,0.9947606019232228,1.0475933634502876,0.261,1.349,0.6952166561618943,0.2499697204364768,1.0785526281754838,1.387840656454425,1.4120947557839982,0.27705335210118426,1.1329155604116723,1.342136950830772,0.7249234687464425
0.92,-0.823,-0.571,1.312,-0.966,-0.769,1.312,-0.769,0.217,0.92,-0.966,-0.416,1.312,0.92,1.312,-0.823,1.312,0.92,-0.966,-0.571,1.312,0.217,-0.904,1.312,-0.769,-0.416,-0.904,-0.904,-0.966,-0.904,0.92,-0.823,1.312,1.312,-0.416,-0.823,-0.966,-0.424,-0.571,-0.966,-0.571,-0.966,0.217,-0.966,-0.424,-0.823,-0.44169783356222025,0.92,0.9041603989633857,-0.9823729327002322,-0.8330601998893786,0.2029305486566596,1.312,1.292043679516917,0.22466738024011215,0.9409618263853153,-0.571,0.25448270764569236,0.9711774878684164,1.3239440329151984,-0.7947598465913605,0.2815634733154473
-0.865,0.996,0.996,0.996,1.625,-0.865,0.374,-0.722,1.625,-0.722,0.996,0.996,0.374,1.511,1.625,-0.713,1.724,0.996,-0.713,0.996,1.241,1.724,-0.492,-0.722,1.511,1.724,-0.865,1.511,1.241,1.625,-0.492,0.996,1.724,1.241,-0.865,1.724,-0.713,-0.492,1.724,0.996,1.625,0.996,1.511,1.625,-0.713,0.996,1.625,1.6045139794708407,1.724,1.7036058615239238,0.374,0.9863406526041112,0.3541109242356984,1.0274495136095947,1.0645902305634152,1.641751543026876,0.39387794781975255,-0.713,1.6778521852050288
-1.292,-0.676,0.331,0.565,-0.027,0.732,-0.931,1.463,-1.292,-0.676,1.463,0.06,0.473,0.473,-1.292,0.473,-0.027,0.473,-0.676,0.06,-0.676,-1.292,0.732,-0.931,-0.931,-0.931,0.473,-1.292,-0.027,0.565,-1.292,-1.292,-0.676,0.565,-1.292,-1.292,-0.027,0.473,0.331,0.06,1.463,-0.027,1.463,1.463,-1.292,0.06,0.473,-0.676,-0.931,0.06,0.331,0.06,-0.676,-0.6910495102867176,0.04392357451247371,0.473,1.463,-0.931,0.732,-0.6457734792358543,-0.027,0.07563900074244478,0.565,-0.592095232575983,0.5544993062862882,0.12348719432420484,-1.292,-0.5424043186966926,0.7212679991423623,1.4487735240601651,0.17501392280706407
0.217,0.242,-0.832,-0.652,0.756,1.412,-1.128,0.242,0.756,-0.652,-1.128,-0.832,-0.574,0.242,0.756,0.756,0.726,1.412,1.412,1.412,-0.832,-0.652,-1.128,0.756,-1.128,1.412,-1.128,0.217,1.412,0.726,0.726,-0.652,0.385,0.756,1.412,-1.128,-1.128,-1.128,1.412,1.412,0.242,-0.574,0.756,-0.832,0.242,0.385,0.726,0.7113259081711619,-0.832,0.7571254157676225,0.37573136506022703,0.7789542452010566,1.412,0.217,-0.8412871662462913,0.42190886568529895,0.756,0.8221868560718847,0.7431530346058658,0.242,0.7860401687436254,0.4531722839194659,-1.128,0.2065061067605744,0.22944563332069925,0.2358522115428981,-1.1416527649193196
-1.25,-0.272,-1.25,-0.89,0.975,0.176,0.266,1.924,-1.25,-0.89,0.266,0.123,0.176,-0.64,0.975,0.123,0.176,0.176,-0.89,-1.25,-1.25,-1.25,0.123,0.975,0.176,1.924,-1.25,-0.89,0.176,-0.64,0.708,1.924,1.924,-0.272,-0.64,0.123,0.266,-0.89,-0.272,-0.272,1.924,0.266,0.708,0.123,-0.64,0.266,1.924,-0.6551464134954575,-1.25,0.10678786347456648,-1.2642777652917667,-0.89,-1.215121137534704,-1.1977253973557782,0.975,0.9633188502607588,0.9853132610144547,-0.621401060075106
-0.744,-0.852,1.51,0.566,2.026,0.566,1.51,2.026,0.566,-0.744,-0.852,-0.744,-0.744,-0.155,2.026,-0.33,1.51,-0.744,1.51,1.51,0.566,-0.132,-0.155,1.51,0.566,-0.852,-0.33,1.51,2.026,0.566,-0.155,-0.132,2.026,-0.33,1.51,-0.744,0.477,-0.744,0.464,2.026,1.51,0.566,-0.33,-0.33,-0.132,-0.155,0.464,-0.33,0.4570316066696328,1.51,0.5015833226788939,1.498096954166776,-0.155,0.566,0.54676744548476,0.5847759833211417,-0.132,-0.852,-0.1720661593829479,-0.8668628661572438,0.5514822884360698
-0.55,1.019,0.136,1.193,2.1,2.391,1.193,2.1,-0.519,0.136,-0.519,-0.54,2.391,-0.519,-0.519,1.92,2.391,1.019,-0.55,1.92,-0.54,1.92,-0.519,2.391,0.136,2.391,-0.54,0.136,-0.54,-0.55,1.193,1.92,1.193,1.193,2.1,1.92,-0.54,2.1,2.391,2.1,-0.519,1.019,0.136,1.92,-0.519,-0.519,-0.55,0.136,-0.519,-0.54,1.019,1.193,2.1,-0.519,2.1,-0.519,1.019,-0.5289223485925085,-0.5088116201440032,2.391,0.136,-0.46686796822038834,0.0,-0.54,2.085027159040329,2.1377752872655345,-0.01603482154541977,-0.42667984047367374,1.0083980634255345,-0.4038169249268911,-0.36175362965114255,1.92,2.176497074660131
-0.903,-0.488,0.687,-0.346,-0.903,-0.849,-0.849,-0.013,0.687,-0.903,-1.359,0.687,-1.359,0.687,-0.013,-0.883,-0.796,-1.359,-0.013,-0.013,-0.426,-0.346,-0.903,-0.346,-1.359,-0.883,-0.488,-0.883,-0.796,-0.796,-0.903,0.687,-0.488,-0.796,-0.849,-0.849,-1.359,-0.426,-1.359,-0.346,-0.426,-1.359,-0.426,-0.346,-0.883,-0.013,-1.359,-0.013,-0.849,-0.796,-0.488,-0.796,-0.5022657649956371,-0.426,-0.849,-0.013,-0.346,-0.027195907741753882,-1.359,-0.883,-0.8672514532537148,-1.369248852469209,0.687,-0.8086884910637391,-0.8123947369783813,-0.903,-0.3559056618375836,-0.43644411035417285,-0.4494243471495472
0.071,0.218,0.986,-0.743,0.071,0.073,0.986,-0.743,-0.794,-1.01,0.071,0.986,2.052,0.218,2.052,2.052,-1.01,-0.794,2.052,0.218,0.218,-1.01,-1.01,-0.794,0.434,0.469,2.052,-0.794,0.218,0.469,2.052,2.052,0.071,-0.794,2.052,2.052,2.052,-0.794,-0.743,-0.743,0.073,0.218,0.218,-1.01,-1.01,2.052,0.218,0.986,0.434,0.986,0.986,0.469,-1.01,-0.794,0.986,0.469,0.4510056607065316,0.073,0.46257616821845576,0.9750682007756185,-1.0191041342045006,2.052,1.0196654158255254,-0.8059309100420176,-0.9834145241030443,-0.7661398706952612,0.05993633408671045,0.504772389239461,-0.743
0.439,1.714,1.714,-0.157,-0.157,-1.036,1.714,-0.157,0.331,-0.895,0.439,-1.2,1.448,-1.2,-0.078,-0.908,1.714,-0.895,-0.078,1.714,-1.2,-1.036,-0.908,1.448,-1.2,-1.036,-0.895,1.448,0.331,0.331,-1.2,-0.157,-0.895,-1.036,-0.908,-1.2,1.448,-0.157,-1.2,1.448,-1.036,-0.895,1.448,-1.036,-0.078,-0.908,1.714,-1.2,-1.036,-0.078,0.331,-0.895,1.714,-0.09258591170122493,-0.908,-1.0455705583296377,-0.9057805298124166,-1.2,0.439,1.699957000484481,-0.8728569325662072,-1.2116961092161147,1.7199584153449314
0.752,-0.067,-0.458,-0.458,0.71,0.752,-0.067,1.266,1.266,-0.777,1.266,-0.067,-0.777,-0.696,-0.626,-0.696,0.414,0.71,-0.696,-0.864,-0.067,-0.696,-0.626,-0.777,-0.864,-0.864,-0.458,-0.696,1.266,0.71,-0.864,0.414,-0.777,-0.626,0.71,-0.067,1.266,-0.864,0.414,0.71,0.71,0.414,-0.067,1.266,-0.864,-0.777,-0.08237970549829067,-0.7853040672755394,-0.7651598660979936,-0.696,-0.8760335105135191,-0.7082195065518421,-0.458,0.39339256498738207,-0.8442037969386137,-0.04820525896149615,0.6999891430909264,-0.7374613795697885
-0.395,-0.8,1.062,1.062,-0.8,-1.147,-0.637,-1.147,-1.038,-1.147,1.615,1.615,-0.395,1.062,1.615,-1.147,-1.038,1.062,1.615,-0.8,1.615,-1.147,-1.038,1.062,-1.038,0.843,-1.038,-1.147,-0.637,1.062,1.062,-1.038,-0.395,-1.038,-0.124,-0.395,1.062,1.615,0.843,-1.147,0.788,-1.038,-0.124,-1.147,1.062,-0.8,0.788,-0.124,1.615,0.843,1.062,1.0422536011360155,0.8226222706443391,1.0889821775698965,1.1264380483376937,-1.038,-0.124,0.8581433769404937,-0.395,-1.0490754674142395,1.602742404171425,1.6357006419326414,-0.4132797717890889,-1.147,-1.160558492585966,-0.8
-0.509,-0.702,0.141,0.896,0.141,0.141,-0.702,-0.098,-0.098,0.141,0.905,-0.509,0.905,-0.098,-0.809,0.905,0.355,-0.809,0.905,-0.809,-0.702,0.592,-0.124,-0.809,-0.098,0.592,-0.124,-0.702,0.592,0.141,0.141,0.896,0.896,0.141,0.355,0.896,0.141,-0.509,-0.124,-0.124,-0.124,0.592,-0.124,-0.702,0.141,-0.809,0.896,-0.098,-0.10722451251420065,-0.8177907186809072,0.905,0.13024872622492623,-0.702,-0.7152593571518653,-0.124,-0.6729782383213416,0.15846285016137174,0.592,0.8968395430692597
0.289,1.669,-0.305,-0.385,-0.615,-1.06,-0.385,-0.615,1.669,0.615,0.289,-0.385,-0.615,0.289,-0.673,-0.43,0.615,-0.43,-0.305,1.669,0.615,0.289,0.615,-1.06,-1.06,-0.615,-0.673,1.669,-0.615,1.669,1.607,-0.385,0.615,0.615,-0.385,-0.305,-1.06,-0.43,1.669,-0.615,-1.06,0.615,-0.673,-0.305,1.607,1.607,-0.43,-0.43,1.669,0.289,1.607,-0.305,-0.3391884310127261,1.669,1.607,-0.43,-1.06,-0.385,-0.4012263730213089,0.289,-1.0718328980652632,-0.615,0.2732804509769677,0.30993686385877306,1.6532959397715248,0.33791166452999866,1.590543531521551,0.615
-1.249,0.528,0.528,0.586,0.586,-1.06,-1.144,-1.06,-1.144,-1.144,-1.144,0.586,-1.144,-1.06,0.087,-0.899,-1.144,0.586,0.107,0.107,-1.06,0.107,-1.249,-0.285,-0.88,0.087,-0.88,0.107,0.107,-0.899,-0.899,-1.144,-0.899,-0.285,-1.06,-1.06,0.586,-0.88,-1.06,-1.144,-1.249,-0.88,-1.249,-1.249,-1.06,0.586,0.528,0.528,-0.88,0.107,-1.249,0.107,0.107,-1.06,0.528,-0.899,-1.0782467137460823,0.5133563634109342,0.09322299193547545,-1.144,-1.249,0.586,-0.88,0.5703961145955734,0.11871918979088728,0.087,0.542708582782363,-0.285,-0.30740037413085947,-1.26650541644109
0.685,0.418,0.685,0.829,-0.788,0.685,0.252,0.252,0.685,0.489,0.252,0.418,-0.788,-0.906,0.395,0.395,-0.906,0.252,0.685,-0.906,0.395,0.489,0.685,-0.836,-0.836,0.252,0.252,0.418,-0.906,0.252,0.829,0.418,0.252,0.252,0.685,0.685,0.829,0.829,0.829,-0.788,-0.836,-0.906,-0.906,0.527,0.395,0.418,0.252,-0.906,0.489,0.685,0.40700138606385294,0.4735818447996003,0.829,-0.788,0.6696329749705103,0.2377098489945041,0.505915593560862,0.5396012534598714,0.7110818360340931,0.4503856115236125,0.5848042297738056
-0.587,-0.153,2.531,-0.776,-0.776,1.225,1.663,1.225,0.044,-0.153,2.531,-0.587,2.531,1.27,1.27,1.663,-0.776,-0.427,-0.894,-0.894,1.663,2.531,-0.894,2.531,-0.153,-0.776,1.27,2.531,-0.894,2.531,1.663,-0.587,2.531,1.663,-0.894,1.27,1.663,1.225,-0.427,2.531,-0.427,-0.153,0.044,1.225,1.27,-0.776,1.27,-0.776,-0.776,-0.587,1.225,-0.427,1.213871280301172,1.2741363979216656,-0.894,0.044,2.531,-0.776,-0.9070113257249593,1.663,1.27,-0.587,-0.4408337720873904,-0.153
2.064,0.989,-1.027,0.365,1.144,1.081,-1.111,2.064,1.91,1.91,2.064,0.989,-0.96,-1.027,0.989,1.144,-0.96,-1.111,-1.027,-1.111,2.064,0.989,0.365,1.91,-1.027,-0.96,-0.96,1.144,2.064,-1.027,1.144,1.91,2.064,2.064,-1.027,2.064,-1.027,2.064,0.989,-1.111,-1.111,1.081,-0.113,-0.96,0.989,0.989,-1.111,1.081,1.144,-1.027,-1.027,-1.057386157218222,0.365,0.35315044441996035,0.3870241412114239,1.91,2.064,2.055082000402117,-0.96,1.144,1.081,-0.113,-1.0227176263743372,1.895081148362221,2.1000481335023378,0.989,1.9325714878408158
0.796,0.796,0.522,0.522,0.153,0.796,-0.507,0.796,-0.197,-0.197,0.153,0.522,0.153,0.522,0.522,-0.381,-0.636,-0.381,0.796,-0.636,-0.381,-0.572,-0.507,0.796,-0.572,-0.381,0.796,-0.582,-0.636,-0.636,-0.582,0.522,0.522,-0.572,-0.636,0.522,-0.381,0.522,-0.582,-0.636,-0.572,0.796,-0.582,-0.197,0.0,-0.21139944602172384,-0.636,-0.507,-0.381,-0.6477620569167958,-0.6305261126165982,0.153,0.522,0.5110187573747725,0.14150971663130468,-0.5189413080641164,-0.5846418745503528,-0.16687675237074243,-0.1457395547949462,-0.49036545613303856,0.1911112896401148
-0.937,1.451,-0.678,1.451,1.451,-0.937,-0.806,-0.806,-0.31,0.85,-0.937,-0.937,-1.014,-0.721,1.451,-0.31,-0.678,-0.937,-0.721,-0.721,1.451,0.504,-1.014,-0.31,1.182,-1.014,-0.937,0.85,0.85,-0.678,1.182,-0.678,-0.806,-0.31,-0.806,-0.678,-1.014,-0.721,-0.678,1.182,-0.678,0.85,-0.678,-0.806,-0.678,-1.014,-0.678,1.182,1.182,-0.806,1.451,-0.721,1.4355560748911764,0.85,1.4485417415530284,-0.7408615898589,-0.7114725869633547,0.504,-0.31,0.8349248467029757,-1.014,-0.678,-0.8211802886242522,-0.7004595413567795,0.4895112055616736
0.255,0.221,-1.213,-0.53,1.626,-0.564,-0.814,-0.814,-0.564,-1.213,0.415,-1.213,1.626,-0.684,-1.213,-0.629,0.255,-0.564,-0.684,0.221,1.626,-1.213,-0.564,-0.684,-0.564,1.626,-0.564,1.626,-0.53,-0.814,-1.213,1.626,1.626,-0.629,-1.213,0.255,-1.213,0.221,0.255,-0.629,0.221,-0.684,-0.814,-0.814,0.255,-1.213,-0.629,-0.684,-0.564,-0.5830187008591081,-0.53,-1.213,-0.629,-1.230769289890356,-0.5534225176584758,-0.5071985636371759,1.626,-0.814,-0.8287793084623089,-1.1818665999740763,1.6164662637270595,0.255,-0.684,0.221,-0.46965534322317976
-1.173,-0.256,2.254,-1.285,-0.113,-0.818,1.354,-1.285,1.072,-0.818,-0.779,-1.285,-1.173,-0.113,-1.285,2.254,1.072,-1.173,-0.779,-0.113,-1.285,0.439,-0.113,2.254,2.254,-0.113,-1.285,-0.818,-0.779,-1.285,-0.113,1.354,-0.256,-1.285,2.254,-0.779,-1.173,-0.256,2.254,-1.173,-1.285,2.254,1.354,1.354,-0.113,-1.173,-0.779,1.072,-1.173,-0.779,-1.285,1.354,-0.818,-0.113,-0.7912072527629702,-0.12631590761941103,1.0579487646699852,-0.7449888909098222,-0.09055283831041881
0.325,-1.122,-0.86,-0.087,-0.86,2.171,-1.122,-0.86,-0.099,2.171,0.325,-0.269,0.325,-0.066,-0.269,-0.087,-0.269,1.48,-0.087,1.081,-0.066,2.171,-0.269,2.171,0.325,1.081,0.325,-0.269,0.325,-0.099,2.171,-1.122,-1.122,-0.099,-1.122,2.171,1.081,-0.099,1.48,-0.066,-1.122,2.171,-0.269,2.171,2.171,1.081,-0.066,1.48,-0.86,-0.087,-0.066,-0.087,0.325,-0.86,-0.066,1.48,2.171,2.1560593345180563,-0.099,-0.087,-0.86,0.325,-0.269,0.31156786107508316,-0.28767620976355235,-0.11114584293780883,-0.066,1.081,-1.122,1.4632292652075567
0.91,-0.467,-0.067,0.239,1.287,1.287,-0.467,-0.722,-1.349,-1.349,-0.067,-1.349,1.287,0.91,-1.349,0.488,-0.722,0.91,-0.467,-1.349,1.287,-0.467,0.488,0.91,-0.467,0.621,-1.349,-0.722,-1.349,-1.349,-0.722,0.239,-0.067,0.91,-1.349,0.91,-1.349,0.239,-0.067,-0.067,0.488,1.287,1.271816442141855,1.3125192719325243,0.621,-1.349,0.6052434716716574,0.48315366766806234,0.91,-0.722,1.3455627867113675,0.6443537574346425,0.6788769752593551,0.8915273793155376,-0.07480684906768266,-0.467,-0.4866297024721456,1.3663346218230379,-0.7390840106844483,0.9367015295159347,1.40560759988826
1.0,-0.738,1.029,-0.738,1.086,-1.107,-0.973,-0.684,-1.107,-0.832,-0.832,-0.832,-0.003,-0.832,-0.973,1.0,1.086,1.029,-0.003,-0.684,-1.107,1.154,-0.684,1.029,-0.738,1.029,-0.684,1.0,-1.107,-0.973,-0.684,-1.107,1.086,-0.973,1.0,-0.832,1.029,1.154,-0.003,-0.973,-0.832,-0.003,-0.684,1.0,1.029,1.154,-1.107,-0.832,1.086,-0.973,-0.738,1.0,1.086,-0.832,1.086,1.029,1.086,1.0,0.985878279178687,1.154,-1.107,1.0729897991019248,-0.973,1.0369342545605182,-0.003,1.0786052064034053,-0.684,-1.1209233902202618
0.556,0.13,-0.797,0.13,0.537,-1.045,-0.674,0.556,0.537,-0.797,-0.797,0.537,-0.674,-0.945,1.214,0.556,-0.945,1.214,0.477,0.556,0.537,0.671,-0.945,-1.045,-0.674,0.556,-1.045,-1.045,0.13,-0.674,1.214,0.13,0.537,-1.045,-0.797,0.556,-0.674,-0.945,0.13,0.556,-1.045,-1.045,-0.797,0.556,0.671,-0.945,-0.674,-1.045,0.13,0.6616817992125271,0.477,0.12140643189110675,-1.0612833588264998,0.1582768408753711,-0.9541452089616311,0.5434650555255914
-0.826,-0.826,1.242,-1.0,-0.386,1.1,1.242,-1.009,-1.009,-0.826,1.242,1.419,1.419,1.1,-1.0,-1.009,1.242,-0.784,-0.826,-1.0,1.1,-1.0,-0.784,1.242,-1.0,1.242,-1.009,-0.572,-0.784,-1.009,1.419,1.242,1.419,-0.826,1.419,-0.572,-0.784,1.242,-0.572,1.242,-0.888,-1.0,-0.386,-1.0,-0.826,-1.009,-0.888,-0.888,-1.0,-1.009,1.1,-1.0,-0.888,1.242,-1.0155465831939483,1.419,-0.9002013516958163,-0.8911580408173142,-0.784,-0.9638378824078501,1.2292564659420637,-0.9197748529386359,-0.8020411193442397,-0.572,-0.871145520388644,-0.8655061001905644,-0.585776344346192
1.731,1.054,0.557,-0.741,1.731,-1.145,0.164,-0.586,1.731,-0.472,-0.472,-0.741,0.164,1.731,-1.145,-1.145,-1.145,-0.586,-0.472,0.164,1.479,1.479,-0.586,-0.741,0.557,1.479,-0.472,1.731,-1.145,0.164,-1.145,-0.472,0.164,-1.145,1.479,-0.586,1.054,1.731,1.054,-0.586,-0.586,0.164,0.557,-0.472,0.164,-1.145,-1.145,1.479,-0.741,0.557,-0.472,-0.586,-0.4819005097656795,-0.6021736438337993,1.479,-1.145,-0.4543106171651422,0.0,-0.7570202129018301,-1.153572099809599,-0.5513569900335537,-1.1057794159456884,-0.7415012270505059,1.4664808102330464
-1.175,-0.801,-0.883,1.717,-0.85,-0.801,-1.175,-0.017,-0.883,-0.801,0.53,-0.759,-0.883,1.717,-0.017,1.717,0.53,0.53,0.206,-1.175,-0.801,-0.017,-0.017,-0.85,-0.85,-0.883,0.53,0.206,1.799,1.717,-0.017,0.53,1.799,1.799,0.53,-1.175,0.206,1.717,-0.85,-0.759,-0.85,-0.801,-0.85,1.717,-1.175,0.53,1.799,-0.759,-0.883,0.53,-0.801,-1.175,-0.883,1.717,-0.85,1.717,-0.883,-1.175,-0.801,-0.85,1.7071463984756596,-0.017,1.7632805454795892,1.7981988970771217,-0.759,-0.024145808751826047,-0.8983669943390438
1.159,-0.704,0.965,0.176,-0.176,0.949,-0.923,0.461,-0.176,-0.923,0.949,0.176,0.895,-0.392,0.949,0.461,1.159,1.159,-0.704,0.176,0.949,0.949,0.895,0.949,0.461,0.949,-0.923,0.461,0.949,-0.176,0.895,0.949,-0.176,-0.923,0.965,0.461,-0.392,0.461,-0.704,0.949,-0.704,-0.923,0.949,0.895,-0.176,0.176,0.164091161527037,0.9358636821445423,-0.9357924458876706,0.461,0.45010029222049563,0.965,0.4728846000307823,0.9496375516751554,0.948822749769866,-0.392,-0.4107113136973929,0.9679712620311468,0.19769732365684095,0.22583147054277083
0.907,-0.984,-0.965,-0.407,0.907,-1.03,-0.965,-1.03,-0.87,-0.407,-0.984,0.907,-0.965,-0.87,-0.87,1.015,1.015,1.015,-0.965,0.907,-0.965,0.907,0.907,-1.03,-0.407,-1.03,1.015,-0.984,-0.38,0.462,1.015,-0.965,-0.984,0.907,-0.984,-0.984,-0.984,-0.87,0.907,-0.87,-0.87,0.911,0.911,-0.87,-0.965,-0.38,-0.9778925093672012,0.462,0.907,-1.03,-0.9446929455414445,0.45167815850308274,0.492690685382334,-0.407
0.218,-0.503,-0.118,1.666,-0.688,-0.971,-0.503,-0.118,-0.118,-0.242,1.666,0.218,-0.971,-0.118,-0.329,0.218,-0.971,1.666,-0.242,0.405,-0.242,-0.329,-0.557,1.666,-0.118,-0.971,0.218,-0.557,1.666,-0.688,-0.329,-0.329,1.666,-0.329,-0.242,-0.242,-0.557,-0.971,-0.329,0.218,1.666,-0.329,1.666,-0.329,1.666,-0.971,-0.242,0.405,-0.118,0.3919175687400597,-0.329,-0.34522057595864697,-0.242,-0.557,-0.2550831624661602,-0.971,-0.688,-0.12977983126976114,-0.503,0.43332031420534517,0.218,-0.31983986426551925
0.92,0.774,0.774,0.84,0.774,-0.121,1.151,0.774,-0.356,1.361,-0.845,0.84,0.84,1.361,1.361,0.774,0.774,-0.356,-0.845,-0.845,0.92,0.097,-0.356,0.774,0.097,1.361,0.92,0.982,0.84,-0.845,0.097,0.774,1.361,1.361,0.92,0.84,-0.121,1.361,-0.845,1.361,0.84,1.361,0.982,-0.356,0.982,-0.845,1.361,1.151,0.097,0.774,1.151,-0.121,-0.356,1.151,0.982,0.92,-0.845,0.9103254619577535,0.84,0.8232309260243689,1.361,0.774,1.3415177087763293,0.9707742085166083,-0.356,0.8659277541606619,0.8905149999036547,-0.37374203690900043,1.3760830386644365
-0.562,0.443,0.011,-1.012,0.011,-1.012,-0.562,-0.421,1.092,2.163,-0.847,2.163,-0.847,-0.847,1.092,-0.421,2.163,1.448,-0.421,2.163,-1.012,1.448,0.011,-1.012,2.163,-0.421,2.163,2.163,-1.012,-1.012,2.163,1.092,0.011,-0.421,-0.323,-0.323,-1.012,-0.847,-0.421,-0.847,-0.847,-0.562,-0.562,1.448,0.011,-0.005873058760911595,2.163,2.142658559505207,-0.847,-0.8622623602537546,-0.8398117500717641,2.1536765769347057,-0.421,-0.562,0.443,2.199279708792094,-0.323,-0.43397618260139315,-0.5702800262548803,-1.012
-0.904,-0.904,-0.904,-0.612,1.004,-0.938,1.004,-0.938,1.004,0.973,-0.228,0.843,1.174,-0.884,1.004,-0.884,1.174,1.004,0.843,-0.904,-0.72,-0.228,-0.228,-0.72,-0.904,-0.938,-0.228,0.973,-0.72,0.843,1.004,-0.904,1.174,0.843,1.004,-0.228,1.004,-0.612,-0.938,0.843,0.843,0.843,1.004,-0.884,0.843,-0.904,1.004,-0.884,0.843,0.843,1.174,-0.904,-0.72,-0.884,-0.612,-0.9145786972339209,1.004,0.843,-0.6294490530586646,1.174,-0.8662950503001656,0.9932974600581316,-0.938,0.8321096614386445
-0.676,1.516,-0.147,-0.147,-0.241,-0.147,-0.147,1.073,-0.676,-0.852,1.516,-0.036,1.073,1.516,-0.036,0.118,1.073,-0.147,-0.147,-0.852,-0.676,-0.852,0.63,0.63,-0.036,0.63,-0.147,-0.241,1.073,-0.147,-0.025,-0.025,-0.241,-0.025,-0.147,-0.852,-0.852,1.516,0.118,-0.025,-0.036,-0.241,-0.241,-0.852,0.63,1.073,-0.241,-0.676,-0.676,1.073,1.516,0.118,0.63,-0.241,-0.6861197367913231,-0.147,-0.852,-0.6470252549016667,1.4988627040517184,-0.025,-0.2506955637047466,-0.8688284678155697
-0.983,-0.102,1.654,-0.983,1.654,0.411,1.654,1.654,-0.102,-0.102,-0.983,0.09,-0.578,1.654,1.654,0.503,-0.518,0.503,1.654,-0.518,0.09,-0.983,-0.983,1.654,0.09,0.09,-0.983,0.793,-0.102,-0.102,0.585,0.503,0.411,1.654,-0.983,0.503,-0.102,-0.983,0.793,-0.578,0.09,-0.518,-0.983,0.793,0.7812924414372017,0.09,0.503,0.8222822499483768,0.8478926294689486,0.07563541711898839,-0.9964402063101384,0.13463065347488565,0.49316865156808704,0.585,0.411
0.982,0.247,0.247,0.247,0.669,0.077,0.077,0.658,-1.187,0.913,0.247,0.982,0.077,0.982,0.404,0.077,0.669,0.84,0.982,0.84,0.913,0.982,0.658,-1.187,0.658,0.404,0.913,-1.187,0.658,-0.531,-0.531,0.84,-1.187,0.913,0.669,0.669,-1.187,0.669,0.982,0.669,-0.531,0.84,0.913,0.247,0.077,-1.187,-1.187,0.913,-1.187,0.913,0.8991958530061563,0.077,-1.2020556039669068,0.84,0.247,0.658,0.9461838136215,0.235773897556374,0.2396496867639849,0.9888134241721022,0.669,-1.158163010282269,0.26921419977914535
0.979,2.113,-0.706,-0.296,1.063,-0.706,1.178,0.979,1.063,2.113,-0.706,1.178,1.178,-1.149,1.063,2.113,-0.296,0.979,2.113,-0.465,2.113,-1.149,-0.296,-0.706,-0.605,2.113,2.113,1.436,1.436,0.979,2.113,-0.605,-0.465,1.178,-1.149,0.979,2.113,-1.149,-0.706,-1.149,-1.149,-0.296,-1.149,1.063,1.178,-0.605,1.178,2.113,1.436,-0.465,-1.149,-0.706,1.178,-0.296,-0.605,-0.706,-1.149,-0.3085055743188073,-1.16833011762819,1.169296255424693,-0.2682670744282402,2.113,1.063,1.21351780182863,0.979,-0.23236271486541485,-1.1070456513322642,-0.7191866658282136,-0.6896999722388929
0.076,-1.117,1.26,0.076,-1.117,1.26,-1.117,1.26,1.143,-0.855,0.336,-0.795,0.336,-0.855,-0.855,0.076,1.143,1.26,-0.511,0.336,-0.795,-1.117,1.26,1.143,0.076,-1.117,1.26,0.455,1.143,0.336,-0.795,0.455,0.455,0.455,0.336,-1.117,-0.795,-0.855,-0.511,0.455,-0.795,-0.855,-0.511,0.336,-0.855,-0.855,1.26,1.2380381058287826,-0.795,0.076,0.455,0.44232402336236176,0.336,-0.511,-1.117,-0.855,-1.1335888547556634,0.0,-0.013432582015709908,0.06859201368223031,1.143
-0.621,1.446,-0.621,-0.621,-0.621,0.264,-0.794,-0.794,0.861,0.405,-0.621,0.405,1.41,0.861,1.446,-1.049,-0.794,0.405,0.405,1.41,1.446,-1.049,-1.049,-0.794,1.446,1.41,-1.049,0.693,1.446,-0.621,0.861,0.264,-0.621,0.861,0.693,-0.763,0.861,1.41,-1.049,-0.763,-1.049,-0.621,1.41,-1.049,1.446,-0.794,-0.794,0.861,-1.049,-0.763,-1.049,0.405,0.693,0.405,-1.049,1.446,0.861,0.693,-1.0606261702078157,-0.621,-0.763,-0.794,0.6778586830657458,-0.6292894148899352,0.6984174268989809,1.4307989898216913,0.852624753269359
-1.388,-0.17,-0.956,-1.115,-1.388,-0.956,0.173,-1.115,-1.388,0.723,-0.679,-0.956,-1.115,-0.172,-1.115,-1.115,0.173,-0.956,-1.115,-0.956,-0.172,-1.115,-0.275,-1.388,-0.679,-0.17,0.173,-0.679,-1.115,-1.115,-0.956,-0.956,-1.388,-1.115,-0.17,0.723,-0.172,-1.388,0.173,-1.388,-1.388,-0.679,-0.172,-0.679,-0.275,0.0,-0.172,-0.017915783213921444,-0.956,-0.9744846416053596,0.034432942433896656,0.723,0.173,-0.17,0.16123475496498343,-0.9235436714549474,-0.18401077197425003
1.472,0.997,0.254,0.254,1.288,0.294,0.254,0.294,1.288,0.997,0.294,0.997,0.254,1.733,1.077,1.288,0.461,1.472,0.461,0.997,0.997,1.288,0.997,-0.818,0.254,1.472,-0.818,0.461,-0.818,0.997,0.461,0.461,1.733,0.997,0.254,0.997,0.997,1.288,0.461,1.077,1.733,0.997,0.254,0.254,1.472,0.294,-0.818,0.461,1.288,0.997,-0.818,-0.818,-0.672,1.077,0.461,0.294,1.077,0.254,0.294,1.472,1.288,-0.672,1.288,0.254,1.733,1.733,-0.672
1.65,1.263,-1.563,-1.563,0.72,-0.645,-0.712,0.72,1.263,-0.325,-0.712,-1.563,0.933,0.72,1.263,-0.686,-0.833,-0.833,-1.563,1.263,0.933,1.65,0.933,-1.563,-1.563,-0.325,-1.563,-0.325,0.933,1.65,-1.563,-0.833,1.263,-0.325,0.933,-1.563,1.65,0.72,-0.712,-0.686,1.65,-0.833,-0.833,1.263,-1.563,-0.833,-0.686,-0.712,-0.325,0.933,0.72,1.65,1.65,-0.645,-0.833,-0.712,-0.645,1.65,1.263,-0.686,-0.8420340634279708,0.72,0.933,-0.325,1.6372820245126738,0.7038908269075086,-0.7823630740638858,0.9253103681374678,-0.699335711080767,-1.563,1.6702297808030546
-1.095,-1.095,-1.095,-1.095,1.015,-0.658,1.546,0.727,-0.658,1.433,-0.658,1.433,-0.307,1.015,-0.734,-0.463,1.546,1.015,1.433,1.546,-1.095,1.546,1.433,-0.734,-0.658,-1.095,-0.859,-0.734,-0.307,-0.658,1.546,1.015,0.727,-0.859,1.015,-1.095,1.015,-1.095,1.015,1.433,-0.859,1.015,-0.859,-0.463,1.015,1.015,0.727,1.546,-0.859,-0.734,0.7156611848978535,-0.307,1.433,-0.658,-0.3229352021578136,-0.6765968663996236,1.5344582936937667,-0.6712856837233477,-0.7455213255788143,-1.095,-1.1124471589201432,-0.6155861135556896,-0.463,-0.707352644476045
0.307,0.307,-0.571,-0.81,0.672,0.672,0.811,-1.019,-0.81,-1.019,0.307,-0.81,-0.571,0.672,0.811,-0.81,-0.571,0.672,-1.019,-0.81,0.424,0.307,0.307,0.424,0.672,0.811,1.002,0.307,0.421,0.424,0.672,0.307,0.307,0.307,-1.019,0.421,0.307,-1.019,0.811,0.672,1.002,-1.019,0.424,1.002,0.811,-0.571,0.307,0.672,1.002,-0.81,0.2975552611627535,0.811,0.0,-0.8212302836900705,-1.019,0.424,0.9857586957767833,-0.571,-0.7956390390594925,-0.011857894780899063,0.421,0.029834256004130394,0.6571100785759951
-0.897,-0.932,-0.897,-0.932,-0.808,-0.91,0.509,-0.026,-0.026,-0.683,1.406,-0.808,0.509,-0.683,0.509,-0.026,0.509,1.329,1.329,-0.683,0.509,-0.932,0.509,-0.932,-0.808,1.406,-0.897,1.406,-0.932,-0.91,0.509,0.509,-0.932,-0.897,-0.91,1.329,0.509,-0.91,0.441,-0.897,-0.91,-0.026,1.406,-0.91,-0.026,-0.9228104361568343,1.329,0.509,1.3090116476400933,-0.932,-0.897,-0.683,-0.808,-0.8912580994948913,-0.9056605310604946,0.49465088762765713,-0.8185308688522588
-1.006,-0.395,-1.031,1.036,-0.52,-1.378,-0.528,-1.031,-1.031,-1.006,-0.395,-1.031,1.003,-0.528,-0.504,0.644,1.003,-0.395,-1.031,-0.395,-1.378,1.036,-1.378,1.003,-1.006,1.003,-0.52,-0.504,-1.378,1.036,-1.378,-1.378,-0.528,-1.006,0.644,-0.504,-1.378,-0.528,0.644,-0.395,-1.378,-1.006,1.003,-1.006,-0.52,0.644,1.003,-1.006,1.003,-1.006,-0.52,-0.395,-1.031,-0.52,-1.0442496615948065,-0.528,-1.006,0.644,1.003,-1.0211647201008114,-0.4076208182266895,-0.504,-1.378,-1.0164885995579254,-0.3834065947015715
1.004,-0.736,-0.736,-0.122,-0.736,1.004,-0.122,-0.338,-0.736,-1.078,1.988,-1.007,-0.304,-1.078,-0.304,-1.078,-1.078,1.988,1.988,-1.007,-1.078,-1.007,-0.306,1.988,-0.338,1.988,1.988,-0.448,1.004,1.004,-1.078,-0.448,-1.007,-1.078,-0.306,-1.007,-1.078,1.988,1.988,-0.304,-0.122,1.988,-0.122,-0.736,-0.122,-1.078,-1.007,1.988,1.9733844359666386,-0.304,-0.122,-0.13747039541602676,2.0141442384545467,-0.306,-0.1123741998890882,-0.338,-0.736,-0.35261272850729347,2.062427463204126,-0.3118223151508642
-1.222,1.899,-0.519,-0.61,-0.502,-1.088,1.621,1.899,-1.088,1.899,-1.222,-0.61,-0.519,1.899,1.899,-1.088,-1.222,-0.519,-1.222,1.621,-1.088,1.621,-1.222,-1.222,-0.519,-1.222,-1.222,-1.222,1.621,1.621,-0.502,-0.519,1.899,-1.222,-0.519,0.087,-0.61,-1.222,1.899,1.621,-0.104,-1.222,-0.502,1.621,-1.222,-1.088,-1.088,-1.222,1.899,-1.088,-1.222,1.621,-0.61,0.087,1.621,-0.104,1.5983741973185235,-0.11980201265041145,-1.088,-0.519,1.899,-0.5286019651602671,-1.222,-0.09099511160019214,-0.5026956454990337,1.8807390087623368,0.087,-0.61,1.6502218602852747,0.07592345849790433,-0.6206398870362944,-0.5739557738807047,-0.05053960987441812
1.519,-1.026,-1.128,-1.026,1.519,-1.026,0.433,0.238,1.519,-1.14,-0.255,1.097,-1.026,-0.255,-1.026,-1.14,-1.14,-1.128,1.097,-1.128,-0.255,-1.026,0.813,-1.128,-1.026,1.519,0.238,0.238,1.097,0.433,1.519,-1.14,0.069,-1.14,0.813,-1.026,1.519,-1.14,0.069,-0.255,-1.128,1.097,0.238,1.519,-1.026,-1.0428888510150542,1.097,-1.0197180813123599,1.5060998416796783,-0.9881075894935604,-1.14,1.5528394234628564,0.2276877188399494,-1.128,-0.9551002587058183,-1.1416493622840311,-1.1520254235551202,-1.1005560524590359
-0.755,-0.755,-1.048,-0.355,-1.129,0.627,-1.129,1.701,-1.129,1.701,-0.138,0.132,0.132,1.621,-1.129,-1.048,-0.138,-0.355,1.701,-1.048,0.132,1.621,1.701,-0.14,-0.14,-1.048,-0.14,-0.14,-0.755,-0.355,0.627,-1.129,-1.048,-1.129,-0.355,0.132,0.132,-0.14,1.621,1.621,0.627,-1.129,-0.138,-0.355,0.132,1.621,-0.755,-0.138,-0.755,0.132,-0.355,-0.37301257028581497,-1.048,-1.129,-0.3387376437462824,-1.1416312875474801,-1.1039759406458018,1.701,-0.14,-0.1599861586284874,0.12372060074878156,0.14253850638813897
-0.94,0.033,0.033,1.796,0.496,0.898,0.033,-0.94,-0.943,1.796,0.898,1.796,-0.94,-0.228,-0.943,-0.983,-0.943,1.796,1.796,-0.228,0.496,-0.94,-0.228,0.496,0.898,1.796,-0.94,-0.983,-0.94,-0.983,1.796,0.898,0.033,0.898,0.898,-0.943,1.735,1.735,1.735,0.033,1.796,1.796,-0.94,1.735,-0.983,-0.983,-0.983,-0.983,1.735,1.735,-0.94,-0.94,0.496,1.735,-0.943,-0.9576867806398841,1.7185067644342291,1.796,0.898,0.033,-0.9116321487587824,0.015139771265585623,-0.94,1.7493986789306757,0.496,1.7817576805145705,0.06237176040119773,-0.983,-0.9538973629789463
-0.45,1.633,-0.267,0.629,1.633,1.633,-1.221,1.633,-1.131,-1.221,-0.45,0.465,0.629,-1.131,1.633,-1.131,-0.294,1.633,-1.221,-0.474,-1.221,0.629,-0.45,0.465,1.633,-0.199,-0.474,-0.294,-1.131,-0.45,-1.131,0.465,0.629,-0.199,-0.199,0.629,-1.221,-1.131,-0.474,-0.199,-1.131,-0.267,-1.221,-0.199,-1.221,0.629,0.629,-1.221,0.629,-0.294,-0.45,-1.131,-0.46480800975527925,-0.474,-0.447038752823754,-1.1402501614433305,-1.221,-1.2380898889241696,-0.39348330151616323,-1.2117330397508423,-0.267,-0.4866260147468947,-0.2772856746885423,-1.167218884709293,-1.112970405423932,-1.0917635925235987,-0.367862018538124,-0.26104944530987273,-1.0511289534791866,-0.4390077396523827,-1.014254958812352
-1.308,-0.534,0.349,1.368,-1.308,-1.308,-0.772,-0.534,-1.308,-0.772,-1.308,-1.106,0.96,-1.106,0.329,0.349,-1.106,0.349,0.96,-0.82,1.368,0.329,0.349,-0.534,0.96,-0.772,0.349,-0.222,1.368,-1.308,-1.308,-1.308,0.329,-1.106,-1.308,0.329,0.329,1.368,-0.772,0.96,-1.308,-0.772,-1.106,-0.534,0.349,0.349,-0.82,0.329,0.349,-0.534,0.96,-0.82,1.368,-1.106,-0.82,0.96,0.329,-0.772,-0.7892855583032126,-1.106,-0.534,-0.7566866350492976,-1.308,0.31529713589870356,1.368,-0.7265627266125567,0.349,0.3473483706265245
-1.176,-1.176,-0.718,-0.098,0.66,-1.176,-0.393,-0.393,1.59,-1.176,0.66,0.66,0.66,-0.961,-0.046,-1.176,-0.718,-0.961,0.158,0.158,-0.961,0.66,-0.098,-0.49,-0.718,-0.961,-0.718,-0.961,-1.176,-1.176,-0.718,-0.49,1.59,-0.49,-0.098,-1.176,-0.49,-0.961,1.59,-0.393,-0.718,-0.046,-0.098,-0.05607755099017417,-0.961,-0.393,-0.49,-1.176,0.158,-0.4067116701653033,0.66,-0.1111794796011164,-1.1846585142360584,0.14371413884149756,-0.3696055220941094
-1.06,0.81,-0.522,0.81,0.81,-0.946,0.81,-0.661,-0.426,-0.522,-1.06,-1.06,-0.426,0.81,1.198,-0.522,0.81,1.198,1.952,1.952,1.198,-0.897,-0.946,1.952,1.952,1.952,-0.897,-1.06,1.952,-0.661,-0.946,-0.522,-0.522,1.198,0.785,-0.897,1.198,0.785,1.952,1.198,-0.897,-1.06,0.81,-0.946,-0.661,0.785,-0.426,-0.897,-0.426,0.785,-0.946,-0.946,1.952,0.81,1.952,-0.522,1.9360489539079124,1.198,0.7976710666247394,1.9857058477831118,0.8126159112571074,-0.661,0.8575072225620117,1.1848090364387585,-0.426,-0.6757813261150093,0.9097859999968243,-0.897,2.0220476436079604,-0.4408774735264308
-0.454,-0.584,0.194,0.194,0.194,-1.045,-0.725,-0.454,1.349,-1.045,-0.454,-0.429,1.349,-0.429,-1.045,-0.725,0.194,-0.842,1.619,-0.163,-0.454,-0.725,-0.584,1.619,-0.454,-1.045,1.619,-0.429,0.194,1.619,-1.045,-0.725,-0.842,1.349,-0.584,-0.725,1.619,1.619,-0.842,-0.429,-0.429,1.619,-0.842,1.349,-0.842,-0.842,0.194,0.1782400766014389,1.349,0.20409885854949805,-0.584,1.3393003770631768,1.3844927220483338,-0.429,1.4304873956157924,-0.6017246836738112,-1.045,0.24427597743128554,-1.0682110424883642,1.477336476468692,1.619
-1.267,-0.443,-0.731,-0.443,-1.184,-1.267,-1.184,-1.267,-0.059,-0.059,-1.267,1.498,-1.184,-0.731,0.601,0.956,0.621,0.601,-1.161,-1.267,1.498,-1.161,-1.184,-0.443,0.601,-1.267,-0.059,-0.443,-1.267,-1.267,1.498,0.601,-1.267,1.498,-1.161,-0.731,-0.731,-1.267,-1.184,0.956,-1.184,0.601,-1.161,-1.161,-0.731,0.601,-0.059,-0.059,-0.059,-0.059,0.621,-1.161,-0.731,0.601,-0.7482568849261242,-1.1771364340896215,0.5856645541056057,-0.443,-1.267,0.956,-1.184,0.6067898538147799,1.498,0.9432331471500763
-1.141,-1.141,1.533,-1.241,-0.792,0.029,1.533,1.533,0.029,-1.141,-1.141,1.145,-1.141,0.029,-0.792,-0.866,1.528,-0.866,1.533,0.029,1.145,-1.241,-1.241,-1.241,1.145,-1.241,-1.013,-1.013,-1.241,-1.013,1.528,-1.141,1.145,-1.241,-0.792,-1.013,0.029,1.145,-1.141,-0.275,-1.241,-0.792,1.145,1.528,-1.241,-1.013,-1.241,0.029,-1.241,-0.866,0.029,-0.792,-0.8250853634693237,0.029,1.533,0.011587572126474068,-1.241,1.5216906036842597,0.05603487618255802,-1.141,-0.866,0.08847311851726214,-0.275,-1.2563090679448434,1.528,-1.2175906018630038,-1.195217172181307,-1.013,1.5459966809999666,0.12149176367750668,0.15406854742249493
-0.792,-0.299,-0.309,1.612,1.612,-0.779,1.612,0.957,-0.299,1.988,-0.309,1.612,1.988,-0.792,-0.779,2.109,-0.177,1.612,-0.792,2.109,-0.309,0.957,-0.628,2.109,-0.779,-0.628,-0.299,-0.309,2.109,-0.779,-0.299,-0.792,0.957,-0.792,2.109,1.988,2.109,-0.177,1.612,2.109,1.988,0.957,-0.792,1.988,-0.177,0.957,-0.792,2.109,-0.792,-0.628,0.957,1.612,1.612,-0.628,-0.6483641932966159,2.109,1.612,-0.779,1.988,-0.309,-0.792,-0.299,0.957,1.5991048814025324,-0.177
-1.483,-1.483,-0.903,-1.483,-0.113,-0.903,-0.592,-0.959,-0.115,-1.483,-0.224,-0.903,-0.496,-1.483,-0.592,-0.224,-0.438,-0.959,-0.903,-1.483,-0.115,-0.903,-0.102,-0.592,-0.496,-0.959,-0.102,-0.113,-0.959,-0.959,-0.102,-1.483,-0.438,-0.592,-0.115,-1.483,-0.115,-1.483,-0.113,-1.483,-0.113,-0.224,-0.224,-0.903,-0.102,-0.115,-0.115,-0.438,-0.959,-0.102,-0.9756197930263115,-0.12710830171511914,-0.44686238918122106,-0.903,-0.11497933431186545,-0.09377656985329612,-0.224,-0.23739161098539568
-0.689,-1.114,-1.114,-1.114,0.401,-0.31,-1.114,0.413,0.413,0.105,-1.203,-0.689,1.441,1.441,-1.114,0.401,0.401,-1.203,-1.203,0.105,-0.689,-1.114,-0.31,0.401,-1.114,1.441,0.401,-0.689,0.401,-1.203,0.401,-0.689,1.441,-0.342,-1.203,-0.203,0.401,-0.31,0.401,0.105,-0.31,0.105,0.413,-0.31,-0.32883681153632743,0.401,-1.203,-0.342,-1.114,0.0934478754137156,-1.2159307918859055,0.3868448789189137,-0.689,0.41502034256697906,-0.3512486304357697,-1.126933143153681
-0.986,-0.768,0.35,0.55,0.577,-0.768,0.577,0.55,0.55,1.954,0.55,0.577,0.35,-0.986,1.954,-0.728,1.954,0.577,-0.768,0.35,1.954,1.954,1.014,1.014,0.577,0.55,0.375,0.577,-0.768,0.375,-0.986,-0.986,-0.728,0.577,-0.728,1.954,0.55,-0.728,0.35,1.014,0.375,-0.986,-0.768,1.014,0.577,0.5612952638394588,1.954,0.5792606441437674,0.55,-0.728,1.9372235252620729,0.35,-0.986,-0.7435362297838279,0.3371025572331656,0.0,0.6224758187651743,-0.9991364028989239,-0.971427397590366,0.375,-0.013485965200584878,1.014
0.28,-0.02,-0.636,0.28,-1.137,0.28,0.28,-1.137,1.15,0.137,-0.02,-0.02,0.28,-0.661,-0.345,-0.02,1.15,1.478,1.478,0.137,0.137,-1.137,0.28,0.137,-0.636,-0.661,-0.661,0.567,1.478,-0.345,0.567,1.15,-0.02,0.137,-0.636,0.567,1.478,-0.636,0.567,-1.137,-0.345,1.478,-1.137,0.137,-0.02,-0.02,-0.345,-1.137,1.478,0.28,-0.661,1.15,0.567,-0.636,0.137,0.2632129732352245,-1.137,-1.151757173112089,1.478,0.29948588934257664,0.12728003415500158,0.5528663968803673,0.1629082393357283,0.33232200963780234,1.463982085325389,-0.345,-0.6716740727183267,0.3757293572145249,-0.6470409040626263,-1.1024579725066588,1.5094541402009276
-0.822,-0.352,-0.795,-0.105,-0.966,0.533,0.449,0.533,-0.822,0.214,0.449,0.449,-0.796,-0.796,-0.795,-0.352,0.214,0.449,0.449,-0.352,0.214,1.305,1.305,-0.352,0.449,-0.105,-0.352,1.305,-0.795,0.449,-0.966,-0.822,0.214,-0.822,-0.966,-0.966,0.214,-0.796,0.214,0.449,-0.966,-0.352,-0.105,-0.796,1.305,-0.822,0.449,1.305,-0.795,0.533,-0.8054285735133067,0.214,0.19587494411936748,-0.966,0.2344720501472521,-0.796,0.5165797213727397,0.449,-0.8143762375913363,0.43893591927163,-0.105,-0.11983773097593534,0.2576823463629936,-0.352,0.279263933245621,1.305,-0.77647399915366,-0.7580878752554275,-0.3651494645871109,-0.7400022344116234
1.149,-1.3,-1.3,0.936,-0.939,-1.3,-1.3,0.092,-0.923,-0.939,0.936,-0.58,-0.939,-1.137,0.936,-1.3,-1.137,-0.923,-1.137,0.936,-0.794,-0.58,0.625,-0.58,-0.58,-0.939,-0.923,-1.3,-0.939,-1.3,1.149,-0.794,-0.58,-1.137,0.625,0.936,-0.923,-1.3,0.092,-0.794,-1.137,-1.137,0.625,0.625,0.625,-0.58,0.625,0.936,-0.794,-1.137,0.092,0.625,-1.1559467316884606,-1.1338924208134118,-0.8082184053266188,1.149,-0.58,0.07959465415385336,-0.786696183116071,-0.939,-0.5929588801797087,1.141644800146431,0.10658445066325334,-1.113918305971522,-0.559328275350236
-1.313,-1.313,2.66,2.66,-0.734,0.057,-0.494,0.057,0.376,0.363,-1.313,2.66,0.577,0.785,-1.313,2.66,-0.004,0.376,0.376,0.057,0.785,0.376,0.376,0.376,0.376,-0.494,-0.734,-0.004,-0.004,0.577,2.66,0.363,0.376,2.66,0.057,-1.313,2.66,-0.494,-0.004,-0.494,2.66,2.66,-0.734,2.66,0.376,-0.494,-0.494,-1.313,-1.313,-0.004,-0.734,-1.313,-1.313,0.363,0.057,2.66,-0.734,-0.7493091139481622,0.785,0.7688278884696718,-0.494,2.6441712841757767,0.577,-0.7167560867315373,0.8155734209298575,0.3529294631055201,0.8555580158945307
-0.539,0.17,1.106,0.259,1.106,-1.182,0.259,-0.879,-0.132,-0.771,-0.879,1.106,0.033,-0.879,-0.879,-0.998,-0.771,-1.182,1.106,-1.182,-0.998,-0.771,0.17,0.17,-0.771,-1.182,-0.771,-0.771,-0.539,-1.182,1.106,0.17,-1.182,0.17,0.033,-0.132,-1.182,-0.998,-0.998,-0.998,-0.771,-0.998,-0.132,-0.132,-0.998,0.17,0.033,-0.1429103024615253,1.106,-0.08873368697394747,-1.0146760508177346,0.259,-1.182,0.015930388593951076,0.15416454153999967,-1.200318998648284
0.368,-0.918,-1.182,-0.32,-0.574,0.28,-0.574,0.28,-0.918,-0.574,-0.918,0.368,-0.249,-0.249,-0.32,0.368,-1.182,0.482,-0.32,-1.182,-0.918,-1.182,-0.249,-1.182,-0.249,-0.574,0.482,-0.918,-0.574,0.482,-0.32,0.368,0.28,-1.182,-1.182,0.368,-1.182,-0.574,-1.182,-1.182,0.368,0.368,-0.574,0.368,0.28,0.368,0.482,-0.574,0.368,-0.249,0.0,-0.32,0.3518706972651832,0.28,0.259432718868739,-1.182,-0.918,-0.574,-0.9319081613758927,-0.00806169784718664,0.3927661041489368,-0.90612231839254,-0.25839167201789054,-0.8632115772130821
-1.06,1.383,2.152,1.383,-1.097,2.152,1.383,1.06,-0.97,-1.06,-1.06,-0.596,2.152,1.06,1.06,-1.06,-0.718,-1.097,1.383,-0.718,-0.545,-0.414,-0.596,2.152,-0.97,-1.097,-0.414,-0.414,2.152,-1.06,-0.596,-0.97,1.06,-0.718,-0.545,-1.097,-1.097,1.06,-0.414,-0.97,-0.97,-1.06,-0.545,-1.06,-1.06,-1.06,-0.596,-0.718,1.06,2.152,-0.414,-0.414,-0.97,-1.06,1.06,-1.06,-0.596,-0.97,-0.98854962423462,-0.718,2.152,-0.9435302200279501,2.1401581358530795,1.06,-0.7293108448713178,-0.7042515271674848,-0.414,-1.0776863509140717,-1.0542469282907785
-0.982,1.821,0.612,0.612,0.612,-0.432,-0.414,-0.255,-0.432,-0.414,-0.675,0.612,-0.029,-0.414,-0.982,0.498,-0.255,1.821,1.821,0.021,-0.432,-0.414,-0.414,-0.029,-0.675,-0.029,-0.432,1.821,-0.414,-0.255,-0.029,0.498,0.612,0.498,-0.675,-0.029,0.498,1.821,-0.982,-0.982,1.821,-0.255,0.021,0.498,-0.255,0.612,0.498,0.021,-0.675,0.612,-0.675,-0.982,-0.432,-0.029,-0.04852634079066105,0.612,0.5973505948314558,-0.9955661320116914,-0.44153415406763163,0.498,-0.9681852461994456,-0.255,0.6454527250382123,0.6663535208161334,0.021,-0.4025153585029032,-0.414,-0.9421771129021697,-0.2671048646017166,-0.21045887907913075,-0.9353954699990745,0.48491985139080096
-0.706,-0.815,-0.616,-0.815,-0.616,-0.601,-0.616,-0.815,-1.242,-0.815,-0.706,-1.242,-0.601,-1.242,-1.031,-0.616,-0.706,-1.031,-0.601,-0.616,-0.809,-0.706,-0.519,1.584,0.993,-1.242,-1.031,-1.031,1.584,-0.809,-1.031,-1.242,-0.706,1.584,-0.809,0.993,1.584,-1.242,-0.519,-0.809,-0.706,-0.519,-0.706,-1.242,-0.815,-0.601,-0.706,-0.601,-1.031,-0.519,-0.815,-1.242,0.993,-0.519,-0.706,-0.616,-0.5361969198709404,-1.242,-0.815,-1.031,-0.8256419328082454,1.584,-0.6257519564803262,-1.2537843088029592,-0.7673415839288714,-0.809,1.5707676335312593
0.594,-1.083,-1.098,0.594,-1.067,-0.622,0.594,-1.083,-1.067,-1.098,1.802,-1.098,-1.067,-0.277,0.142,-0.622,0.594,-1.067,0.015,-1.067,1.802,0.015,-0.277,1.802,-1.083,0.015,-1.098,0.015,0.142,-1.067,0.142,-0.277,-0.622,-0.277,-1.098,-0.727,-1.083,1.802,-0.277,0.594,-0.277,-1.067,-1.067,1.802,0.015,-0.727,0.015,-1.067,0.142,-0.277,-1.083,-1.098,-1.098,-0.277,0.015,-0.277,-0.727,1.802,-1.083,-0.622,-0.277,-1.083,-1.067,-0.2835428979379769,-1.0823404349189203,1.802,0.015,-0.005277473951570601,-1.098,-1.0449920841352296,-0.622,1.7848747066989326,-1.0025188190181762,0.03561851043029258,1.8401030329054662,-1.1116590989650204,0.594,0.142
-1.201,-0.804,-1.215,-0.987,0.312,-0.832,0.312,-0.832,0.312,1.804,-0.832,-0.01,-1.215,-0.804,-1.215,0.621,0.312,-1.201,-0.01,-0.804,-1.215,1.804,-0.01,-1.201,0.312,0.621,1.804,-0.987,-1.215,-0.987,-0.832,-0.804,0.312,-0.804,-0.987,-0.191,-0.987,-0.191,-1.215,1.804,-1.201,-1.201,-0.987,-0.191,-1.201,0.621,-1.201,-1.201,-1.201,1.804,0.312,1.804,-1.215,-0.01,0.621,0.3006611278838118,1.791254967424491,-1.201,-0.02871697708219765,-1.216020099132878,-0.804,-0.191,0.31913727828175376,-0.0011480113373311049
0.883,-0.888,-0.59,0.883,-0.59,-0.441,-0.441,-0.59,-0.448,0.327,-0.888,0.19,-0.532,1.195,-0.838,-0.532,1.195,-0.59,0.883,0.883,-0.888,0.883,0.19,-0.838,1.195,0.19,-0.888,-0.448,0.883,-0.441,-0.59,1.195,0.327,0.327,-0.888,0.883,-0.838,-0.532,-0.59,-0.888,0.19,1.195,-0.441,-0.888,-0.441,1.195,-0.532,0.327,-0.59,-0.5461362607259199,-0.441,-0.888,-0.4548677900491466,0.883,0.3133353509040561,-0.4213125192626995,0.8710274605730395,1.195
1.529,1.529,-0.996,1.529,-0.79,-1.137,-1.137,-0.996,1.529,-1.053,1.148,-1.053,-1.053,-1.053,-0.79,1.148,-1.137,0.989,1.847,-0.494,0.989,-1.137,-1.137,0.989,1.847,-0.748,0.989,-0.996,1.529,1.529,1.847,-0.494,-0.996,-1.053,-1.053,-1.137,-0.79,-0.748,-0.79,-1.053,-1.053,-1.137,1.847,1.847,-0.996,1.148,1.847,-1.053,-0.748,-0.494,-0.996,1.847,1.8339530487336881,-0.5095989078077966,-0.748,-1.0048727583829011,-0.757729869570015,-1.137,-0.79,0.989,-1.146080737264108,-1.119371683355118,-0.49910757133938866,-0.45953447928882635,-0.9832111458036749,0.976326602905215
-0.079,-1.089,-0.079,1.492,0.38,-1.205,-1.205,1.846,1.492,1.513,-1.205,1.492,1.513,1.846,-0.651,-1.089,1.513,1.846,-1.205,-1.089,1.846,0.38,-0.651,1.513,-0.632,-1.205,-1.205,1.492,-1.205,-1.205,-1.089,-0.632,-1.089,-0.428,-0.428,1.846,-0.428,-1.205,-0.632,1.513,-0.079,-0.428,-0.428,-1.205,-0.079,1.513,1.846,-0.632,1.846,-0.632,-1.205,-0.651,0.38,1.8336168324582476,1.8890745263089008,-0.079,-1.089,-1.2174625799991163,1.9361508208403269,1.9772847336610397,1.513
1.282,1.282,-0.88,-0.847,-1.303,0.384,-0.716,-0.847,0.384,-0.588,-0.88,-0.847,1.255,-0.716,1.255,0.025,-1.303,0.384,0.384,-0.48,-0.716,-1.303,-1.303,0.384,0.025,1.255,0.384,1.282,0.384,1.282,-0.48,-1.303,1.282,-0.88,-0.588,0.025,1.282,-1.303,0.384,0.025,-1.303,1.282,-0.716,-0.716,-0.88,-1.303,-0.716,-0.588,0.384,-0.48,-0.588,-1.303,-0.88,0.384,-0.588,0.025,-0.6093347596567251,-0.88,-0.8947030856856267,-1.303,-0.48,-0.8544490938812211,-1.3126580129737193,1.282,0.015456806494046967,0.030327771787563997,-0.716,-0.7306768473248487,0.06215329173660718
-0.182,-0.863,0.022,-0.635,1.469,-0.056,0.537,1.469,-0.635,-0.635,0.537,-0.182,0.537,-0.056,1.469,0.022,-0.407,0.022,-0.056,-0.056,0.537,1.469,-0.635,-0.182,0.022,-0.635,0.537,-0.056,0.527,0.537,-0.635,0.022,0.537,-0.863,1.469,-0.635,0.022,-0.056,-0.635,1.469,1.469,-0.863,-0.635,-0.407,0.022,-0.182,0.022,-0.056,-0.06603064574087653,-0.4148814289040635,1.469,0.008559978407804937,-0.03516520827417983,1.4511547795671478,-0.6482043603901366,0.527,0.011454849369573377,0.04049321910225612
-0.978,-0.588,-0.725,-0.956,0.61,-0.978,-0.739,-0.725,-0.956,-0.978,-0.64,-0.739,1.241,-0.956,-0.956,-0.5,0.61,-0.739,-0.956,1.241,-0.739,0.823,1.241,-0.956,-0.956,-0.725,-0.64,-0.956,-0.978,-0.978,-0.64,-0.588,-0.588,-0.64,1.241,-0.956,0.61,-0.956,-0.5,0.61,-0.978,-0.956,0.823,0.61,0.61,-0.739,0.61,0.61,-0.956,-0.9699918490477368,-0.64,0.61,-0.739,0.823,-0.5,-0.588,-0.5121865284627936,-0.9367629782183696,-0.8881830071069317,0.599736009875957
1.014,-0.952,-0.509,0.658,-1.11,0.658,-0.768,0.256,-0.768,-0.509,0.564,-1.037,1.014,0.658,-1.037,-0.509,-1.11,-0.952,1.064,1.014,1.064,-0.952,-1.037,0.256,-1.037,1.014,0.658,0.658,1.064,-0.952,-1.037,-0.509,-0.768,1.014,-0.509,-0.509,-0.509,0.658,-0.509,-1.037,-0.509,-1.037,-1.11,-0.509,-1.11,1.014,1.064,-0.768,1.064,0.564,-1.11,-0.768
-0.577,-0.499,0.999,-0.005,1.243,0.057,-0.943,1.243,1.243,-0.005,1.243,-0.78,1.243,-1.089,-1.089,1.243,-0.943,-0.78,-0.943,0.999,-0.78,-1.089,-1.089,0.983,-0.943,-0.577,-0.943,0.999,-0.943,-0.943,-0.577,-0.78,0.999,0.999,-0.577,-1.089,-1.089,-0.943,1.243,-0.943,-0.499,-0.943,0.983,1.243,0.999,-0.943,0.999,-0.943,-0.943,-1.089,1.243,0.999,0.999,0.057,0.983,-0.005,1.243,-0.005,0.057,-0.577,-1.089
-0.274,-1.077,0.71,-0.874,-0.874,-1.077,-0.874,-0.874,0.71,0.923,-0.687,0.923,-0.874,-0.274,0.923,-1.077,-1.077,-0.933,0.923,-1.077,-0.056,0.923,-0.933,-0.056,-1.077,-0.056,-0.274,-0.933,-0.274,-0.874,-0.933,0.401,0.401,0.401,0.401,-0.056,-0.274,0.621,-0.687,-0.056,-0.933,-0.687,-0.056,-0.687,-0.056,-0.056,-1.077,0.71,-0.687,-0.933,-0.874,-0.6972748199640829,-0.950393356229273,-0.8833609276911641,0.621,-0.6698836271696739,0.401,0.6096506961555365,0.923,-0.6222066569474884
-0.266,-0.16,1.903,1.588,1.327,-0.16,-0.978,1.24,0.323,1.327,1.588,-0.978,1.903,-0.978,1.588,-0.783,1.24,-0.978,1.327,-0.978,1.327,1.903,0.845,1.588,-0.266,1.903,-0.266,1.327,1.903,1.327,-0.978,0.323,-0.16,1.903,1.588,1.903,-0.266,1.327,0.323,1.327,0.323,-0.16,-0.16,1.24,-0.16,1.903,-0.783,-0.783,0.845,1.588,-0.266,-0.266,-0.16,1.24,0.845,-0.783,1.903,-0.7951752303420365,1.327,1.588,1.3141481561022106,1.3466003781884428,-0.17274239645105596,1.891036019206653,1.2282974460975236,1.3821328600794494,-0.7558524427720846
-0.88,-0.965,-0.88,-0.88,-0.343,-0.566,-0.88,0.042,0.042,-0.343,0.801,0.861,-0.962,0.042,-1.114,-0.965,-0.924,-1.114,0.042,-0.343,-0.965,-0.965,-0.965,-0.965,-0.962,-0.962,-0.924,-0.924,0.042,0.861,-1.114,-0.924,-0.924,0.861,-0.965,-0.965,-0.343,-0.962,-1.114,-0.965,0.042,-0.924,0.861,-0.962,-1.114,-0.924,-0.965,0.042,-1.114,-0.88,-1.114,-0.566,-0.343,-0.965,-0.88,-0.962,-0.343,0.861,-1.114,-0.3534990495121368,0.8425020092310151,0.801,-0.924,-0.9400830194420446,-0.9261375953681762,-0.9127803666519059,-0.8894780013851211
-0.749,-0.608,-0.749,0.312,0.808,-0.749,-0.608,-0.645,0.808,0.808,-0.608,-0.419,-0.282,-0.282,2.088,2.088,-0.419,-0.419,-0.282,2.088,0.303,-0.419,2.088,-0.282,0.808,-0.608,-0.618,0.312,-0.282,2.088,-0.282,-0.749,2.088,-0.282,2.088,0.303,-0.618,2.088,-0.645,-0.282,2.088,-0.645,-0.618,-0.419,-0.282,2.088,-0.645,-0.419,-0.608,-0.6547214511549543,-0.2976735486457213,2.077670169154876,-0.2536926874106604,-0.749,-0.2135764744404073,-0.4326903859868682,-0.620502659691004,-0.7613936327730846,-0.18292233746064465,-0.7195620732986951,0.312,-0.15223751925074996,-0.12645119102368466,0.808
-0.194,-0.194,-0.552,-0.615,0.138,-0.583,-0.825,0.507,1.371,-0.774,-0.825,-0.615,1.371,-0.194,1.371,0.369,0.507,0.507,-0.615,0.369,-0.774,-0.552,-0.774,-0.774,-0.825,1.371,-0.774,-0.194,0.138,-0.194,-0.583,-0.552,0.507,0.507,-0.194,-0.552,-0.825,0.138,0.369,-0.583,1.371,0.369,1.371,1.371,-0.194,-0.615,0.138,-0.583,0.12294001722793685,-0.825,-0.552,-0.774,0.369,-0.7881481012291606,0.507,0.4874734299418561,-0.7682644321123003,0.5085479112998907,-0.5682628928740089
-1.149,1.257,-1.149,0.962,-0.768,0.471,0.368,0.471,-0.07,-0.768,0.471,-0.768,-0.402,-0.402,0.714,0.714,0.714,-0.07,-1.149,1.257,0.962,0.471,-1.149,-0.402,0.471,1.257,1.257,1.257,0.962,-0.402,-0.768,-0.402,-0.768,0.368,-1.149,1.257,0.368,-0.07,-0.768,-1.149,0.368,-1.149,-0.402,0.751,0.751,0.714,-0.07,-0.07,-0.402,0.751,-0.4092568540139799,-0.3983545788430939,-0.08536999028877282,0.7422077374520727,0.368,0.714,-0.052084002687862105,-1.149,-0.3514322885470915,0.471,1.257
-0.614,-0.013,-0.013,-0.063,-0.147,-0.862,-0.013,2.11,-0.147,-0.862,-0.605,-0.063,-1.039,-0.862,-0.614,0.852,2.11,-0.614,-0.013,-0.147,-1.039,2.11,-0.147,1.566,-1.039,2.11,-0.605,-0.063,-0.147,-1.039,-0.063,0.852,2.11,-0.147,-1.039,-0.147,-1.039,-1.039,-0.605,2.11,1.566,-0.013,2.11,-0.063,-0.013,-0.147,-0.862,-1.039,-0.605,-0.8765748505517158,-0.620732783509693,-0.16190653390098975,2.11,-0.11515030299860246,-0.06801557606626035
0.623,-0.943,-0.559,1.488,1.488,-0.036,-1.021,1.488,-0.943,-0.233,-1.021,0.589,-0.759,-1.021,-0.943,0.116,-0.943,0.116,-1.021,-1.021,0.623,-0.233,-0.943,-0.943,-0.759,-0.943,-1.021,0.589,-0.943,-0.559,0.116,-0.036,-0.759,-0.036,0.589,0.116,1.488,-0.759,-0.559,0.589,-0.036,-0.036,-0.036,0.623,-0.233,-0.943,1.488,-1.021,-0.943,0.623,1.488,-0.9576657481933954,-0.759,0.589,-0.036,0.116,0.5739793000863996,0.0956129506556839,0.11568636255679716,0.6009701286995428,0.6295700784429231,-0.7704379396035249,1.474586863531381,0.6575253045690164
1.4,-1.182,-0.884,1.554,-0.782,-0.479,-0.782,1.4,-1.182,-0.304,-0.884,-1.164,-1.182,1.554,-1.164,-0.884,-0.782,-0.884,0.422,-1.182,1.4,1.4,-0.479,1.554,0.332,-0.304,1.4,-1.164,1.554,-0.304,1.4,0.332,-0.884,-0.884,-1.164,1.554,-0.782,-0.884,-1.164,-0.782,-0.479,-1.164,0.332,0.332,-0.304,-1.182,0.332,1.554,1.554,1.4,-1.182,1.3901689422719077,1.5446598964837879,-0.304,-1.195791069199673,0.422,-0.782,0.40458413208007055,1.5594810424240193,-0.32081560407265597,-0.884,0.46191421263066257,0.4898115256208585
-0.277,-0.822,-1.136,1.729,-0.22,-0.88,-0.834,-0.822,-0.277,-0.947,-0.834,-0.88,1.0,-0.834,1.729,-0.834,-0.88,-0.822,-0.947,1.729,-1.136,-0.822,-0.834,-0.947,-0.822,1.0,-0.277,1.0,-1.136,-0.422,-1.136,1.729,-0.947,-0.947,-0.22,-0.834,-0.822,-1.136,1.729,1.729,-0.277,-1.136,-1.136,-0.88,-0.22,-0.22,-0.88,-0.834,-0.822,-1.136,-0.834,-0.277,-0.822,-0.834,-0.8392525044388026,-1.136,1.729,-0.88,-0.422,-0.277,-0.22,-0.8496673341384123,-0.4334943682604707,1.0,-0.947,-0.38062620586443935,-0.28963902041695294,1.7159224596082943,-0.3573084392644927,-0.2733662774967242,-1.1493842498286846,-0.7865631445106898,-0.8908368426950146
-1.005,0.113,0.113,-1.042,-0.526,-1.005,-1.042,0.325,0.113,1.546,-1.005,1.546,0.364,1.546,1.546,-1.005,-0.486,-1.005,1.546,-0.635,-0.635,1.546,-1.042,-1.042,0.113,0.364,-0.635,-0.486,1.546,0.364,0.325,-1.005,-0.486,-0.526,-1.042,1.546,-0.635,1.546,-1.042,-0.203,0.364,-0.635,-0.526,0.325,-0.5403486649603397,0.364,1.546,-0.203,-0.486,-0.6468005331787199,-0.5063034398920219,-0.49831839338714273
-0.903,0.049,0.055,0.107,1.181,-0.845,-0.845,0.049,-0.843,-0.903,0.049,-0.483,0.049,0.107,-0.845,0.049,-0.903,-0.843,-0.843,-0.296,0.107,1.181,0.049,1.181,0.049,0.049,1.181,0.055,-0.903,-0.845,-0.845,-0.843,-0.903,-0.634,-0.843,-0.634,0.049,0.107,0.049,1.181,1.181,0.107,-0.483,-0.296,-0.634,-0.845,-0.634,-0.6622792863660251,0.049,0.055,-0.6545844534941493,-0.296,0.107,0.04141830792300656,-0.483,0.09209103152538317,-0.903,-0.9123564082642635,-0.8545709772361306,-0.3104193154471955,-0.27887141078353284,0.03882689666565407,-0.843,-0.24256032689636112
-0.721,0.402,0.402,-1.108,1.614,-0.424,1.464,1.614,-0.47,1.614,0.079,1.614,1.614,-1.108,-0.424,-0.424,1.464,-1.108,-0.721,-1.108,1.614,-1.108,1.464,-0.133,-0.721,0.402,-0.133,0.749,-1.108,1.614,-0.424,0.079,1.464,-0.133,-0.133,1.614,-0.47,-0.133,0.749,1.464,-0.424,0.402,-0.133,-0.133,1.614,0.749,-0.424,-0.47,-0.133,-0.424,0.402,0.38152708442580296,1.614,-0.721,-1.108,0.079,-1.1247693346885272,1.596310284670156,0.06679137780628425,0.749,0.7318226339895728,-0.734841613819082
-0.374,1.008,-1.134,-0.189,-1.134,-0.796,1.008,-1.134,1.008,-0.805,-0.796,1.718,-0.031,-0.031,-0.253,-0.374,-0.805,-0.796,-0.189,-0.253,-0.031,-0.253,-1.134,1.718,-0.805,-0.031,-1.134,1.718,1.718,1.008,-0.253,-0.031,1.008,1.008,-1.134,1.718,0.428,1.718,-0.374,-0.374,1.718,0.428,0.428,1.008,0.428,-0.031,0.428,-1.134,-0.796,1.008,-0.031,0.428,-0.253,-0.031,-0.374,-0.796,-0.189,-1.134,-0.04108565556188279
0.192,-0.997,0.201,-0.451,1.423,-0.471,1.423,-0.471,0.76,0.76,-0.618,-0.471,-0.471,-0.284,-0.284,-0.534,0.201,-0.284,0.201,-0.284,-0.534,0.201,1.423,-0.471,-0.997,1.423,1.423,-0.284,-0.618,-0.471,0.192,-0.471,-0.997,-0.471,-0.451,-0.997,-0.284,-0.534,-0.284,-0.997,0.201,-0.284,-0.618,0.76,0.192,0.18403050739943067,-0.534,0.7458406892535097,-0.29570767835249767,-0.451,-0.4649360595733729,0.7638580381442075,0.20057249602029056,-0.4005094926603147,0.8090516066480413,0.22917388604771738,0.8487565029711309,-0.997
-0.852,-1.381,-0.964,0.114,-0.852,-0.964,-0.48,0.149,-0.852,-0.48,0.08,-0.921,0.08,0.149,0.114,-1.381,-0.921,-1.381,-0.921,0.114,0.936,0.08,-1.381,-0.921,0.08,-1.381,-1.381,0.936,-0.921,-1.381,0.936,0.936,-0.921,0.352,0.936,-0.964,-1.381,0.114,-0.964,0.936,0.149,0.352,0.352,-0.852,-1.381,-0.48,-0.852,0.114,-0.921,-1.381,0.149,-1.381,0.936,0.352,-0.964,-0.9795733663955594,0.08,-0.852,0.06888033310708944,-1.393292151896342,0.34247975803330444,-1.3483680537536298,-1.3081403398315028,0.10461268993494405
-0.377,-1.088,-0.579,1.802,-0.695,-0.377,-1.113,-0.579,-0.253,-0.253,-1.113,-0.377,-1.088,1.732,-0.822,-1.113,1.802,1.802,-0.822,1.802,-1.113,-0.822,-0.271,1.732,-1.088,1.732,-0.253,1.802,-0.253,-1.113,1.732,1.732,-1.088,1.732,1.802,1.732,-0.822,-0.377,1.802,-0.695,-1.113,-1.113,-0.271,-0.695,-1.088,1.732,-0.579,-0.822,-1.113,-0.377,-0.253,-0.253,-1.088,-0.253,1.802,-0.822,1.802,-1.113,-1.088,-0.377,-0.579,-1.1273966299313847,-0.39347050948894297,1.791319579761203,-0.822,-0.8380485980690084,-1.096629014619166,-0.5911575499620235,-1.0558496466641127,-0.271,-1.0675837388281322,-0.8129332353724832,1.8301765957930687,-0.7758911058063839
1.473,-1.038,-1.081,-0.891,0.695,1.473,-0.843,-1.081,-0.326,-0.326,0.695,1.473,-1.081,-1.038,-0.843,-1.038,-0.843,-0.326,0.695,-0.326,0.695,-0.326,-0.475,-1.038,-0.843,-0.326,-0.326,-1.081,0.695,0.695,-0.425,-1.038,-0.326,-1.081,-0.475,0.695,-0.891,-0.425,-0.891,-0.633,0.695,-0.633,0.695,-0.891,-0.891,-0.326,-0.326,-1.081,-0.843,-1.038,-1.038,-0.843,-0.8601941819260561,0.695,-0.8061206414183127,-0.425,1.473,-1.038,1.454022128467398,-0.43805064293794294,-0.753480840620771,1.489284164050507,0.6758500529830244,0.7097668025700828,-0.40384971954571075,-0.36452160808514006,-0.326,-0.891,-0.633,-0.9093347701569359
-0.455,-0.715,-0.554,-1.027,0.135,-1.027,0.3,0.135,-1.027,-0.715,0.758,0.3,0.758,0.758,1.037,-1.027,1.037,-0.554,-0.722,0.135,-1.139,-1.027,0.758,-0.455,-0.722,0.135,-1.139,-0.722,-1.139,0.135,-1.139,-0.715,-0.722,-1.139,-0.722,-0.455,-0.455,0.3,-0.722,-0.722,-1.027,1.037,-1.139,-0.455,0.135,-0.715,-0.715,0.758,0.135,-0.722,0.3,0.7464125783473579,0.7786000330719086,-0.7348616254699436,-0.455,0.8026008846133521,0.8448348604824764,0.12590651067846675,0.8837956052846005
0.481,-0.502,0.943,-0.724,-0.812,0.015,1.865,0.943,-0.724,0.015,0.015,0.015,-0.203,1.865,-0.724,-0.502,1.865,-0.203,-0.812,0.943,0.862,1.865,0.015,-0.812,0.943,-0.07,-0.203,0.862,0.015,-0.812,0.015,1.865,1.865,1.865,-0.502,-0.07,0.943,-0.502,-0.07,0.943,0.943,-0.203,-0.502,1.865,-0.5115846644673314,0.862,-0.22008049295713178,1.8510152640207618,-0.724,-0.812,-0.07,0.015,0.007814497858695922,-0.7380266769802803,0.061181711131369096
-0.629,-0.37,-0.629,-0.37,-1.217,0.121,-0.906,-0.935,-0.884,-0.935,-0.935,-0.629,-0.884,-0.906,-1.217,-1.217,0.121,0.121,-0.275,0.121,-0.275,-0.37,-0.906,0.121,0.121,-1.217,0.121,0.805,0.121,-0.884,-0.629,-0.906,-0.935,-1.217,-1.217,-0.884,-0.884,-0.37,0.805,-0.906,-1.217,-0.935,0.805,-0.629,0.121,-1.217,-0.906,-0.6432664995634264,-0.9193223613511917,0.11453799324929996,-0.275,-0.935,-0.603544034512296,-0.884,-0.37,0.7961822190832347,-1.2293016010621975,0.14646483741172345,0.8532171142840155,0.0,-0.3798127723265934,-0.01098984737554343
0.523,0.928,0.771,-0.347,-0.945,1.182,0.928,-0.51,0.523,0.928,0.682,-0.481,-0.347,0.59,-0.945,-0.945,0.682,0.59,-0.481,0.928,0.523,0.771,0.771,0.928,0.682,-0.945,0.771,0.928,0.771,-0.347,0.523,-0.481,-0.481,-0.51,0.928,-0.51,0.682,0.59,0.771,1.182,-0.347,1.182,0.59,0.928,-0.945,-0.481,0.928,1.182,0.523,-0.945,0.59,0.928,0.9126493213608798,0.682,-0.9538220400504043,1.1664735438497496,0.9414830312649054,0.9822539987724986,-0.347,-0.9251068690256061,0.771,0.7603574277722669,1.2099252383011654,-0.51,0.7783757479366745,1.0183478907281562,0.822180738697794
-0.218,-0.82,0.983,-0.153,0.139,-0.939,-0.664,-0.72,-0.72,-0.939,1.749,0.139,-0.153,-0.82,0.983,-0.82,1.749,-0.139,-0.218,0.983,-0.218,0.983,-0.139,-0.664,1.749,-0.82,1.749,0.983,-0.939,-0.139,-0.664,1.749,-0.939,-0.153,-0.72,-0.153,-0.82,-0.218,-0.72,1.749,0.983,-0.72,0.139,-0.939,-0.153,-0.139,-0.664,-0.72,1.749,-0.7327035034664873,-0.7141268352181087,-0.15351512732160086,-0.6893065891578699,-0.82,-0.12779567689655977,-0.6480084996480722,-0.6741096521707627,-0.6514199250962694
1.441,-0.196,1.629,0.087,1.441,2.072,1.629,0.456,2.072,-1.255,0.456,-0.362,-0.196,1.629,1.629,1.441,1.441,0.087,-0.196,-0.196,-0.196,-0.196,-0.196,0.912,2.072,-0.196,-1.255,-0.196,0.062,-1.255,-0.362,1.441,0.456,1.441,2.072,-1.255,0.912,-0.362,1.629,-0.196,-1.255,1.629,-0.362,-1.255,1.441,2.072,-0.196,-1.255,-1.255,0.062,1.629,2.072,0.062,-0.196,2.072,1.441,1.441,-1.255,0.912,-0.196,0.456,2.072
-0.905,1.871,-0.155,-0.214,0.085,-0.905,1.871,-0.129,1.871,-0.129,-0.155,-0.155,0.054,-0.129,1.871,-0.155,1.871,0.054,0.074,-0.129,-0.241,1.871,0.085,-0.905,-0.155,1.871,0.054,0.074,-0.214,1.871,0.085,-0.241,0.074,0.398,-0.905,-0.214,1.871,-0.241,-0.129,-0.905,-0.241,0.074,1.871,-0.155,1.8587766769763496,0.054,0.085,0.04076764359550197,0.07222737604529544,1.893027992663199,-0.16763812030841763,-0.1315519282564733,-0.129,0.09553187045903992,0.11235136802910642,-0.905,-0.2504592605597482
-0.562,-0.497,-1.041,-0.107,-0.497,-0.562,-0.848,-1.165,-0.107,-1.165,-1.041,-0.376,-1.041,0.699,-0.562,-0.497,-0.497,-0.562,-1.165,-0.497,-0.376,0.512,-1.041,-0.376,-1.165,0.144,-1.165,-0.497,0.699,0.699,-1.041,0.144,-0.562,-0.848,-1.165,-1.041,-0.497,-0.562,-1.041,-0.848,-1.041,-1.165,-0.107,-0.376,-0.562,0.699,-1.041,-0.497,-0.5139536910665212,0.144,-0.4773083967169367,-1.165,-0.848,-0.4524349215971604,-0.376,-0.386353232885798,0.12594527873895112,-1.1794315313836148,-0.562,-1.1394446953060837,-0.5745653224533956
0.352,1.122,0.713,0.648,0.713,0.648,0.175,0.648,0.175,0.352,1.122,-0.565,-0.063,0.648,-0.565,-0.857,0.648,0.175,1.122,0.352,-0.857,1.122,-0.166,0.352,0.713,-0.565,-0.063,0.352,-0.166,-0.857,-0.166,-0.565,0.175,0.648,1.122,0.175,-0.857,0.352,-0.166,0.648,1.122,-0.143,-0.063,0.713,0.175,-0.166,1.122,0.175,-0.857,0.713,0.648,-0.565,1.1081755072976298,-0.063,-0.08324486558483327,-0.17372850661745065,0.352,0.16267796300613915,-0.1424228149190927,-0.1085331296924408
-0.856,2.254,-0.464,1.073,-0.665,-1.057,2.254,1.407,-0.665,0.875,2.254,-0.464,1.073,-0.362,1.073,-0.464,-0.856,-0.464,-1.057,-1.057,2.254,-1.057,1.407,-0.705,-1.057,-0.464,-0.665,-0.362,-1.057,0.875,-0.464,1.073,0.875,-0.856,2.254,2.254,2.254,0.875,0.875,2.254,2.254,-0.665,-0.856,-0.705,0.875,1.407,-0.362,-0.464,1.073,-0.705,-0.856,1.407,-0.665,2.254,-0.8697037345966929,-1.057,1.061504276534118,-0.8225286651125248,2.2376357261990703,-0.7765262614338961,-0.7153211633710771,2.273846214414157,-1.0701970048983607
1.21,-0.9,-0.707,0.036,-0.65,-0.65,1.21,0.734,0.734,1.214,0.467,-0.707,0.036,0.467,0.036,1.214,1.214,1.214,1.214,-0.65,-0.634,1.214,0.036,1.214,0.036,0.036,1.21,1.214,1.21,-0.634,-0.9,1.214,0.734,-0.634,1.21,-0.707,0.909,0.467,1.21,-0.9,1.214,0.909,-0.9,-0.65,-0.707,1.21,1.21,0.467,1.21,-0.707,-0.65,-0.634,0.734,0.467,-0.6651056204057678,0.036,-0.6201134324867652,0.02024052468073084,-0.9,-0.7182308910926326,0.03309718972973875,-0.6439926454809544,-0.5593990332811981,1.21,1.214,-0.5063401707163083
-0.84,0.888,-0.941,0.287,2.333,0.287,-0.84,0.888,0.888,2.333,-0.84,-0.418,-0.84,0.057,2.333,0.888,-0.418,-0.67,-0.67,0.151,-0.84,-0.941,0.151,-0.941,-0.84,-0.958,0.888,2.333,0.888,0.287,0.888,-0.958,0.888,0.888,-0.941,2.333,-0.958,-0.67,0.888,0.888,-0.958,2.333,0.151,-0.418,2.333,-0.941,0.057,0.287,0.287,-0.958,-0.67,0.888,-0.418,-0.941,-0.9571133744772449,2.333,0.057,-0.67,-0.9083390057833038,0.151,0.13534080156332912,-0.4287120812114448,-0.958,-0.84,0.287,0.888,-0.6799887443501139,-0.8502153085517538,0.04669865010376025,-0.81336685030606
-0.729,0.737,-0.729,1.295,0.737,0.345,0.701,-0.729,-0.729,1.295,1.295,0.506,0.768,0.737,0.701,1.295,0.737,0.506,-0.729,0.768,1.295,-0.744,0.701,0.768,0.768,0.506,0.768,0.345,0.701,-0.744,0.506,-0.729,1.295,1.231,0.506,0.345,-0.744,-0.729,0.506,1.231,1.231,0.768,1.295,0.345,1.231,1.295,0.701,0.701,0.688908686709919,0.7100597600486951,-0.744,0.0,1.231,0.345,1.2175297445188504,-0.013252898446456583,0.768,-0.7577506704470565,0.7575825612974413,1.2446479224588267,0.506
2.005,-0.77,-0.659,-1.084,-0.94,-0.77,2.005,-0.803,-0.802,-0.683,0.992,2.005,-0.802,-1.084,-0.94,-0.406,-1.084,-1.084,0.992,-0.659,0.992,-0.802,-0.94,0.992,-0.802,0.992,-0.802,-0.683,-0.406,-0.77,2.005,-1.084,-1.084,-0.94,-0.683,2.005,-1.084,0.992,-0.94,0.992,-0.683,-0.77,0.992,-1.084,-0.94,2.005,-0.803,-0.77,2.005,-0.94,-0.803,-0.77,-0.683,-1.084,-0.6913104917012772,-0.803,2.005,1.9893522702036628,0.992,-0.94,-0.8218338191163858,-0.802,-1.096456574738011,-0.8102265952843135,-0.646568573226777,-0.7767879477594262,-0.406,-0.6048102587315046,-1.0653886563588102,-0.4175220099887608,-0.7826666898241754,-0.8043349070647994,-0.7625147290934569
-0.297,0.4,0.871,0.7,0.4,-1.121,1.036,-1.121,1.942,-0.297,0.4,1.942,-0.297,0.871,-0.297,1.036,-0.342,-0.297,-0.697,-1.121,-0.386,-0.297,-0.297,1.036,1.942,0.871,-0.697,-0.697,0.871,1.942,0.4,0.7,1.942,1.942,-1.121,1.036,0.4,-1.121,-0.297,-1.121,-1.121,-1.121,-0.342,-0.342,-0.697,0.4,-0.297,-0.3096609402562577,1.036,0.39077514888203346,1.021021900694139,1.0645522296475838,-0.35504653159969896,-0.386,-0.4025573158270357,0.44068610902256067
-1.005,0.033,0.418,1.22,-0.505,-0.917,0.418,0.418,-0.044,-1.005,-1.005,1.22,0.033,0.418,-0.8,-1.005,-0.044,0.418,1.22,0.501,0.033,-0.8,-0.044,0.033,-0.847,-0.8,-0.044,0.033,1.22,1.22,0.501,-0.8,-1.005,0.418,-0.8,-0.917,-0.044,-0.847,1.22,-0.505,-0.847,0.501,0.501,0.501,0.418,-1.005,-0.044,-0.847,-0.917,0.501,1.22,-0.917,0.501,0.033,-1.005,0.013905388287333655,-0.044,1.22,-1.0178486015598927,-0.8,-0.8129994248746646,0.48412477662289005,0.418,-0.7639852728244603,-0.9268677331703651,-0.8870407586303561,0.5264529881481071,-0.505,0.05965233722818429
-1.163,-0.726,-0.19,-0.19,0.483,0.966,-1.137,1.244,-0.726,-0.196,-1.137,-0.19,-0.19,-0.726,-1.163,-0.511,-0.196,-0.196,-1.163,0.966,-1.137,-1.137,-0.726,1.244,-1.163,0.966,1.244,-1.163,-0.19,-1.163,-0.19,-0.511,-0.19,0.875,-0.19,-0.19,0.875,0.966,-0.196,-0.726,-0.511,-0.19,-1.137,1.244,-1.137,-1.163,-1.137,-1.163,0.483,-0.19,1.244,-0.511,0.966,0.944190780577471,0.9664692448447035,-0.19942048266077753,-0.196,-1.137,1.2289975927955523,-0.5257227526174562,-0.5113531929646512,-0.17453815022090202,-0.2099420290780921,-0.13461098272794336,-0.4849106091554897,0.9907516615856305,-0.1679206174737879
-0.983,-0.983,1.275,-0.213,1.275,-0.787,1.275,1.614,-0.213,-0.983,-0.489,1.614,-1.256,-0.489,-0.787,-1.256,1.275,-0.983,-1.256,-1.256,-1.256,-0.787,-1.122,-0.189,-0.983,-1.256,-0.983,-1.122,-0.489,-1.256,-0.189,-1.122,-0.489,-1.122,-1.122,-0.787,-0.213,-0.489,-0.489,1.614,-0.619,-1.256,-0.619,-1.122,-0.189,-1.122,-1.256,-1.2679604988717865,-0.983,-0.213,-0.9980382048309073,-0.9564918680394108,-0.9359495257785235,-0.787,-1.2400969844544216,-1.122,-1.2132904026224358,-1.1338559312076946,1.614,-0.22266140942159865,-0.8039229014752471,-0.7705925900351989,-0.7305766280716605
0.72,-1.071,-1.157,-1.215,-0.233,-1.215,0.966,-1.215,-0.374,-0.351,-0.351,-1.071,-1.071,-1.071,-0.233,-1.157,0.966,-0.189,-1.157,0.966,-0.374,0.072,-1.157,0.072,-1.157,-0.233,-0.233,-0.351,0.966,-0.351,-0.233,-1.215,-0.351,0.966,0.072,-1.071,-1.157,-1.215,-1.157,-1.215,-1.157,-1.215,-0.374,0.72,-1.157,-1.157,0.072,0.966,-1.215,-0.189,0.9484578766989545,-0.198205780067027,0.9863717341540352,0.061027150673442505,-0.351,-0.374,-1.2248211509528726,-1.071,-0.233,1.0353498947176147,0.09109104247203997,0.12628376083559545,0.72
-0.774,-0.956,-0.956,-0.971,-0.698,-0.774,0.501,0.223,-0.911,-0.956,-0.691,0.968,0.501,-0.956,-0.698,-0.911,-0.911,0.501,-0.971,0.501,-0.698,-0.911,0.191,-0.956,-0.911,-0.971,0.968,-0.691,0.223,0.191,-0.774,0.501,0.968,0.968,0.501,-0.971,0.501,-0.774,0.968,-0.971,0.968,0.501,0.968,-0.956,0.223,-0.956,0.20928354336700025,-0.971,0.968,-0.698,0.2221314034280255,0.501,0.9517397288467386,-0.7112222452620917,-0.9700361570868561,0.4847379289056225,-0.960205814062045,-0.9823305342545201,0.191,-0.9083596393038817,-0.8892553917045214,-0.9307008216567425,-0.8557990341244227,-0.8055475233134497
0.454,0.549,0.07,0.549,0.549,-0.981,0.654,1.528,1.528,0.07,-0.068,1.528,-0.981,0.07,1.528,0.07,0.975,0.223,0.975,0.549,-0.068,-0.068,0.549,0.975,0.654,-0.068,0.654,0.549,1.528,1.528,0.223,1.528,-0.981,-0.34,0.975,0.654,0.07,0.975,0.654,-0.068,-0.068,-0.981,0.654,0.223,0.975,0.6401326645072117,0.454,-0.068,0.9643680248608238,-0.34,0.9734090528293624,0.07,0.21283702865572782,1.528,-0.981,-0.08357305399784365,0.6660896762775156,0.9927248296251917
0.987,0.961,-0.589,-0.589,-0.589,0.961,2.094,-0.799,1.087,1.496,-0.023,0.961,0.987,-0.28,-0.799,0.987,0.987,-0.28,1.087,1.189,-0.589,2.094,-0.799,-0.023,2.094,2.094,-0.023,-0.589,1.496,1.496,1.496,1.496,-0.799,-0.799,2.094,2.094,2.094,1.087,1.189,1.087,-0.28,2.094,1.189,1.087,1.189,2.094,1.496,1.087,0.987,-0.28,1.496,0.987,-0.589,0.961,0.9744349116722031,1.189,1.0274947094801712,2.094,-0.799,-0.023,2.0796305428377715,0.9462081132646392,1.496,0.9748841386739575,1.4836940777169578,1.0534527575259656,1.1765475932943068
0.375,0.375,0.04,0.04,-0.473,0.188,0.332,0.332,0.188,0.43,0.375,0.375,0.332,0.077,0.375,-1.141,-0.473,-1.141,0.375,0.93,0.04,0.375,-0.302,0.332,0.332,0.188,0.93,-1.141,-1.141,-0.302,-0.302,-1.141,0.93,-1.141,0.188,0.93,0.04,0.188,0.188,0.332,-1.141,0.375,0.077,-0.302,-0.473,0.077,-0.48812695620984264,0.332,0.375,0.188,0.17913278650237244,-1.141,0.36814145549448923,0.93,0.21962830011713783,-0.302,-0.4566064224590197,0.04,0.25626207877986884,0.29116192548297254,0.9207403141106852,-0.404676757011879,0.31996990073858145,0.43
1.986,0.868,0.868,1.986,-0.734,1.986,1.986,-0.322,1.986,1.986,-0.84,1.421,-0.322,0.586,1.421,-0.322,0.586,-0.322,0.868,-0.322,-0.84,0.407,0.586,-0.322,1.986,0.407,-0.734,-0.37,1.421,0.407,1.421,-0.37,-0.734,0.011,-0.84,0.011,-0.84,0.407,0.407,0.586,-0.84,-0.734,-0.84,-0.734,0.011,0.407,0.868,-0.734,-0.322,1.986,0.586,1.9659829081467157,-0.37,1.9958539350705764,1.421,-0.33647681029944515,-0.7440095974941493,1.4078539844193216,1.4643670273897595,2.036775111481375,1.4956070243240946,-0.3837937788297225,-0.37379970043602384,0.853028342750822,-0.35032139437065385,0.5735022369956575,1.5330247525145504,0.011,-0.32128759698207177
-0.084,-0.809,-0.192,1.021,1.365,1.372,-0.809,-0.194,1.372,1.365,-0.084,-0.809,1.372,1.365,-0.084,-0.084,1.087,-0.192,-0.192,-0.192,-0.251,-0.192,-0.809,1.365,1.021,-0.809,1.087,1.365,0.461,1.365,1.365,-0.194,-0.251,1.372,1.365,1.087,-0.251,-0.192,1.021,1.372,-0.809,-0.192,1.365,1.021,1.365,-0.192,-0.084,-0.809,-0.084,1.372,-0.192,-0.809,1.365,1.3485327174037418,-0.8238468869316818,1.372,-0.194,-0.7791423448268268,1.021,-0.084,-0.251,-0.734411527403619,1.396815036774567,1.3614997796678217,1.0085710137807344,1.4457547186168531,1.087
-0.852,1.173,-1.032,-0.377,-0.852,1.284,-0.841,0.396,-0.852,0.078,-0.841,1.173,1.033,0.078,-0.377,1.284,-0.852,-0.852,1.033,1.173,0.078,-1.032,0.078,-0.721,-0.841,-0.721,1.033,-0.841,1.284,0.396,0.078,1.173,1.284,-1.032,-0.377,1.173,1.173,-0.841,-0.721,1.033,-0.377,-0.377,1.033,-0.377,-1.032,-0.852,-1.032,-0.721,-1.032,1.284,1.173,1.284,-0.841,1.1624061190904662,-0.377,1.2701912126473875,-1.032,0.396,0.3856119797880415,1.18748681540377,1.2317792305062951,-0.38954894377406335,0.078,1.033
0.007,1.727,-0.868,-0.666,1.727,-0.868,0.007,-0.321,-0.182,-0.868,2.082,-0.321,-0.699,2.082,2.082,1.727,-0.182,-0.182,-0.868,1.727,-0.182,2.082,1.727,-0.321,-0.868,-0.666,2.082,1.727,-0.182,1.727,-0.868,1.727,-0.699,2.082,0.007,-0.868,0.068,-0.699,-0.053,-0.868,-0.182,0.068,-0.868,-0.666,0.007,1.727,-0.699,-0.053,-0.8769512066352891,-0.005556987287753583,0.004882303679080054,1.7136426431335752,-0.8392248249362305,0.068,-0.710699313577222,-0.182,-0.06625946082624239,-0.321,-0.1996510912224941,0.026622975041142135,-0.8162280889652205
-1.116,-1.114,1.483,-0.878,1.483,-1.116,-0.946,1.483,-1.114,-1.116,0.149,-1.114,-0.594,-0.946,1.483,-1.116,-0.594,-0.542,1.483,-1.114,0.149,1.098,0.149,-1.116,1.483,1.098,1.098,-1.116,-0.878,0.361,-0.594,0.361,-0.542,-0.878,-1.114,1.098,1.098,-1.114,-1.114,-0.946,-1.114,-0.542,0.149,-0.542,-0.878,-0.594,-0.946,-0.594,-0.542,-0.542,-1.116,-0.946,-0.878,1.483,1.475683059715032,-1.114,-0.542,-1.116,-1.128725639455092,-0.594,-0.5509442879802603,0.149,-0.878,-0.8933504844750516
0.473,0.623,0.623,-0.38,0.475,-1.212,0.473,-0.75,-0.215,-0.899,-0.215,-0.899,2.004,-0.38,2.004,-0.648,-0.215,2.004,0.623,0.475,0.473,-0.75,0.473,0.475,-1.212,-0.899,-0.75,0.473,0.475,-0.38,-0.38,-0.215,-0.648,-0.215,-0.899,-0.75,0.475,0.623,-1.212,-0.75,-0.38,-0.215,2.004,-1.212,-1.212,0.475,-0.899,2.004,2.004,0.473,0.475,-0.75,-0.648,-1.212,-1.212,-1.212,0.473,0.475,0.45938645353553287,0.486529268972519,-1.2245331963485255,0.4624940274916732,-0.648,2.004,0.524397917033898,0.623,0.5350964984953471,-0.38,-0.75,1.9925475654680207,-0.6595671958606931
0.145,-0.985,-0.883,0.145,-1.092,-0.554,-0.763,0.145,-0.714,0.079,-0.883,0.145,-1.092,-1.092,-0.714,1.17,-0.883,1.17,-1.092,-1.092,-0.714,-1.092,-0.883,-0.985,-0.985,-0.714,-0.554,-0.554,-0.714,-0.2,-0.714,-1.092,-0.714,1.17,-0.985,-0.714,-0.763,0.079,-0.985,0.079,-0.763,-0.883,-1.092,-0.2,1.17,1.1561780738839915,0.079,-0.985,-0.554,-1.0014488579493386,-1.092,0.145,-0.763,0.06628945322589334,-0.883,-0.9684597289848256,0.1024364290715368
-0.874,1.353,1.357,1.353,1.357,1.823,1.823,1.353,1.357,-1.044,-0.694,1.353,-1.044,-1.044,0.594,1.357,0.428,1.353,-1.044,1.353,0.594,0.594,1.823,-1.044,-1.044,0.594,1.823,0.594,0.594,0.313,-0.874,0.41,0.594,1.823,-0.874,0.313,1.823,1.823,1.823,-0.694,1.353,-0.694,1.823,-0.710858431284374,0.428,-0.684878063007272,-0.874,1.357,1.8051920196528293,1.842010439074605,-0.637823637974067,-0.8830229866222361,-0.856915453460406,1.8723904078211777,1.3459139450569453,-0.6029720997925161,1.353,1.8830495890126404
0.408,1.283,0.172,1.631,-0.2,-0.469,-0.557,0.315,0.315,-0.2,0.843,1.283,0.315,1.631,-0.469,1.283,0.315,0.843,0.843,1.283,0.843,-0.557,-0.469,-0.557,1.185,-0.557,-0.557,-0.2,1.283,1.283,0.843,0.172,-0.469,-0.2,1.631,1.283,1.283,1.283,1.631,-0.557,1.283,1.631,1.631,0.408,-0.557,1.185,0.408,0.172,1.185,1.283,0.16178330226261187,1.631,0.21614566898760315,0.408,1.614393491517935,1.645343089581429,0.315,1.1746046415205016,1.6690799170588002,-0.469
1.592,-0.475,1.592,-1.003,1.163,0.89,-1.003,0.631,-0.475,0.631,0.631,0.89,-0.831,0.631,-1.054,0.305,-1.054,-1.003,-1.003,-1.054,-1.003,-1.054,-0.831,-1.054,-1.054,-0.475,1.592,-0.831,0.631,-1.054,-1.003,0.89,1.592,-0.658,-0.475,-0.475,-1.003,1.592,0.631,-0.831,-0.475,-0.658,0.631,1.163,1.163,0.305,0.89,0.631,-1.054,-0.831,0.305,0.89,1.163,-1.003,1.592,1.145640346981439,-1.0664129495551482,0.6165904019982861,-0.475,-0.658,1.1743069343597967,1.5775436698840353,-0.6723700916680494,1.2004936937603203,-0.48857169784249393,0.29442623426584047,-1.0294521726302643,0.3339217755669028
0.715,0.715,0.715,-0.865,-0.865,-0.414,-0.414,1.266,1.266,-0.414,-1.086,-1.086,0.019,-0.698,1.266,0.715,-0.698,-0.865,-0.698,0.019,0.019,0.715,0.715,-1.086,0.715,-0.865,-1.086,-1.086,0.349,1.055,0.349,0.349,-0.698,0.019,1.266,1.055,1.055,0.252,-0.414,0.349,-0.865,1.055,-0.414,0.715,0.252,0.019,0.252,0.349,-1.086,1.266,0.004770503228029228,-0.698,-0.7129435143419256,-0.865,1.2555347822848995,0.23693996895987998,-0.414,0.038613399371579024,1.3026799968422105,0.715,-0.6759914741433662
-0.898,-0.913,0.313,-0.235,-1.105,-0.913,1.063,-0.673,-1.082,-0.913,-1.105,-0.693,-0.693,-0.898,1.063,-0.693,-0.748,-1.082,-1.105,-1.105,-1.082,-0.748,1.063,1.063,-1.082,-0.673,-0.235,-1.105,-0.748,-1.105,-0.898,0.313,1.063,-1.105,-0.693,0.313,-0.673,1.063,-0.748,-0.748,-1.082,1.063,-0.693,-0.898,-0.898,-0.235,-0.693,-0.913,-0.673,-1.082,0.313,-0.898,-0.748,-1.105,-0.913,-1.118705274572766,-0.235,-1.0938683952478279,-0.9100756097618474,-0.24295150985229302,0.313,-1.0463633983920688,-1.0080834106358891,-1.082
-1.109,-1.122,-1.122,-1.109,-0.558,0.661,-0.583,-1.122,0.093,0.661,-1.122,-1.122,0.939,0.093,-1.109,-1.109,-0.558,-0.583,-0.558,0.939,1.311,-1.109,0.83,0.661,0.83,0.939,-0.221,-1.122,1.311,0.83,0.661,-0.558,-1.122,-1.122,-0.558,0.83,-0.221,-1.109,1.311,0.093,-1.109,0.661,-0.583,-0.558,-1.122,0.939,1.311,0.939,0.093,-1.122,-0.583,-1.122,-0.221,1.311,0.661,-1.109,-1.1363062701273694,0.939,1.295812566349288,0.6479920509514351,0.093,1.3381293251791102,0.83,-0.23855136306285962,-1.1271795506727353,0.9250822149984198,-1.0933624481440007,0.9455105020528018,-0.558
0.166,-0.314,0.004,1.582,0.166,1.582,-0.664,0.085,0.004,0.085,0.166,-0.664,-0.718,-0.678,-0.664,-0.619,0.01,-0.718,-0.664,-0.314,-0.619,-0.619,0.01,1.582,-0.664,1.582,-0.718,0.01,-0.664,1.582,-0.678,-0.678,0.085,-0.718,-0.619,0.004,-0.619,0.004,-0.678,-0.619,-0.664,-0.664,-0.664,0.01,-0.718,-0.7264794346409698,1.582,0.004,-0.008559052133614015,-0.314,0.02772520572785121,1.5721565169005531,0.166,-0.664,-0.678,1.62384211340691,-0.7013602364269006,-0.32974274214518606,-0.009679039344613054,-0.6761083118955556,-0.32868594233448745,-0.619,0.029958784559747004,-0.2878719408905977,0.14867816704997472,-0.696774946537397,-0.6343328613955365
-0.927,-0.45,-1.229,-0.927,-1.229,-1.229,0.219,-0.15,-0.889,0.217,-1.229,-0.927,-0.927,-0.45,0.753,0.217,-0.395,-0.889,-0.45,-0.927,0.219,-0.45,-0.15,-0.805,-0.395,-0.889,-0.805,-1.229,-0.805,-0.805,-0.889,-0.805,-0.45,-0.927,-0.15,-0.15,-1.229,-0.15,-0.805,-0.45,-0.15,-1.229,-0.395,-0.15,-0.15,0.753,-0.15,-1.229,-0.15,-0.45,-0.927,-0.889,0.219,-0.395,0.217,-1.229,-0.9025485408499438,-0.15,0.753,0.20457383491156064,0.7304208461971912,-0.805,0.23629671060189963,-0.15969049437915103,-0.8642662785870362,0.2897867670652724,0.7686114323204081,-0.927,0.3205588107948133,-0.10211911108658084
-0.759,-0.528,-0.794,-0.207,-0.759,-0.794,-0.794,0.465,0.81,0.465,0.942,0.942,-0.759,0.465,-0.759,0.942,0.465,-0.081,-0.207,-0.759,0.942,0.465,-0.528,0.465,-0.794,0.942,0.465,0.942,-0.528,0.81,-0.081,0.942,0.465,-0.207,0.465,0.81,-0.759,-0.759,0.81,-0.214,0.465,0.465,0.465,0.81,0.465,-0.794,0.81,0.942,-0.214,-0.759,0.942,-0.7750489968184174,0.9294347315731124,-0.081,-0.8070351384785376,-0.207,-0.721540104460259,-0.22064533551093213,-0.7637967141180335,-0.6821802207614116,0.9824884566456916,-0.0948810752898259
-0.576,-0.786,-1.148,0.376,-1.148,-0.93,-1.148,0.157,-0.93,-0.576,-0.786,1.025,0.157,1.128,-0.93,1.025,0.253,0.253,-1.148,1.025,0.376,-0.56,0.376,-1.148,-1.148,0.253,-1.148,0.253,-0.576,0.157,-0.93,-0.576,-0.786,-0.576,-0.576,0.253,-1.148,1.025,-0.93,0.376,-1.148,-0.786,0.157,-0.576,0.157,-0.93,-0.56,1.128,0.376,0.253,0.36873018899432863,-0.93,-0.786,0.24247801585913537,-1.148,-0.9501460130802646,0.40314939981723047,1.128,-0.56,-0.7954376968133537,0.42654101695754854,-0.7508287080889009,-0.576,-1.1613436402998503
1.109,-0.642,-0.264,-0.449,-0.042,1.109,1.109,-0.042,1.109,-0.042,-0.042,-0.721,-0.264,1.769,-0.179,-0.642,1.769,-1.391,-0.042,1.109,1.769,-1.391,-0.95,1.769,-1.391,-1.391,-0.95,-0.95,-0.449,1.769,-0.042,-1.391,-0.264,-0.179,-0.179,-0.642,-1.391,1.109,1.769,-0.721,-0.721,-0.042,-1.391,-0.179,-0.264,-0.642,-0.042,-1.391,1.109,-0.95,-1.391,-0.179,-0.042,-0.642,-0.059439220745297616,-0.6631486710571465,-0.721,1.109,-0.95,-0.9695589330234556,-0.449,-0.023049757282356274,-0.6246869673236322,1.769,1.0969342308734429,-0.7341756023515051,0.0031891230589429376,-0.19163820479222884
0.669,-0.607,-0.912,1.36,-0.607,-0.912,-0.607,-0.607,0.669,0.509,0.509,-0.579,-0.796,-0.607,-0.607,-0.796,-0.579,-0.912,1.846,1.846,1.846,-0.607,-0.796,1.846,1.36,-0.658,1.846,0.509,0.509,0.669,0.509,-0.817,0.669,1.36,1.846,-0.796,-0.607,-0.658,-0.658,0.509,-0.658,0.509,-0.817,-0.912,-0.796,-0.817,-0.796,-0.658,0.509,1.846,-0.8056086865959428,0.669,1.36,1.8304069645923642,-0.607,0.4994239225916722,1.3503215128289312,-0.7492169695984088,-0.579,0.5354911954763943,-0.912,-0.6165074850106962
-0.795,-0.795,-0.372,-0.875,-1.298,-1.298,-0.723,0.322,-0.723,-0.875,1.501,-1.298,-0.586,-0.875,-1.298,1.501,-1.298,-1.298,-1.298,-0.675,1.501,-1.298,-0.586,0.322,1.309,-0.795,1.309,-0.875,0.322,-0.586,-0.875,1.501,-0.675,-0.875,1.501,-0.795,-0.875,-1.298,0.322,1.309,-1.298,0.322,1.309,1.501,-1.298,0.322,1.501,-0.875,-0.795,-0.723,1.309,0.322,1.501,-0.723,-0.372,-0.586,-0.795,-0.586,-1.298,-0.6011687304676757,1.501,-0.723,-0.5605847308746993,-0.875,-0.7398845267224664,-0.8048193114882841,-0.7801686084984285,-0.675,1.4872289739630844,0.322,-1.3065360118994929,0.3089302321730634,-0.5227527411543477,-0.6991600015724094,-0.6886585573577001,0.33766786247903313,1.520487817723354
1.194,0.592,-0.94,1.579,1.194,-0.469,-1.058,1.194,1.54,-0.469,-1.179,1.579,-1.058,-1.179,1.194,-0.54,-1.058,-1.179,1.54,1.194,1.579,-1.179,-0.676,1.194,1.579,-1.179,-1.058,-0.54,-1.179,1.194,1.579,1.54,1.579,-1.058,-1.058,-0.94,-0.94,-1.058,-1.179,1.54,-0.54,-0.94,1.54,1.194,-0.676,-0.54,-1.058,-1.179,-0.469,-0.94,-1.058,-1.179,-1.1921556695268636,-0.94,1.579,-1.058,-0.676,1.194,-0.9502100390109239,-1.1426175996017378,0.592,1.5707248203721853,1.6072351153511102
0.104,-0.681,1.301,0.104,-0.733,1.01,1.263,-0.674,1.01,1.263,1.01,0.104,-0.733,1.01,1.263,0.104,0.104,1.301,0.696,0.696,1.263,0.696,-0.402,1.301,1.301,-0.674,0.176,0.104,-0.681,-0.681,0.696,-0.402,1.263,0.104,-0.674,0.696,1.01,0.104,1.01,-0.681,-0.674,1.263,0.176,1.01,-0.733,-0.674,1.301,0.104,0.696,-0.674,-0.6853636467059521,-0.6420011954434787,-0.681,-0.6940406195329514,1.301,0.104,0.678990904680189,1.2880193786205425,0.176,1.01,-0.6587513035063756,-0.402,-0.5975381906230065
-0.542,1.008,-0.449,1.905,-0.984,-0.776,0.227,-0.84,-0.765,-0.765,-0.84,0.227,-0.765,-0.84,-0.984,-0.412,-0.449,-0.765,1.905,1.905,-0.984,-0.412,-0.776,1.008,1.905,1.905,-0.984,-0.84,-0.776,-0.412,-0.412,-0.84,-0.984,0.227,-0.542,1.008,0.227,-0.542,1.905,0.227,-0.776,-0.765,-0.84,-0.776,-0.412,1.905,0.227,-0.84,-0.765,-0.792870417631534,-0.7741247212103787,0.21166838741935376,-0.776,0.24476174282962598,-0.984,-0.412,1.905,-0.449,0.2654761965209018,-0.46207173416953096,-0.542,-0.7864887781289068,-0.5625202639966095,-0.998326568058811,-0.7254486115363686,-0.8493321720580881
0.251,-0.82,-0.042,-0.106,-0.82,-0.609,-0.993,-0.82,0.251,-0.106,1.622,0.251,1.768,1.622,1.768,-0.042,0.32,-0.106,-0.993,-0.961,-0.961,1.768,1.768,-0.042,-0.042,-0.961,-0.106,1.768,-0.993,-0.961,0.251,1.622,1.622,-0.993,1.768,1.622,1.768,-0.609,0.32,-0.961,-0.82,0.251,1.622,-0.82,-0.961,-0.042,-0.82,1.622,-0.961,1.768,-0.8345861604962787,1.7498007389133665,-0.106,-0.9739928006757251,-0.609,-0.993,1.6057425241757626,0.251,-0.052610597732208914,-0.6237631761834812,-0.1188869906691797,-0.9170467796204713,1.7969524635411962,-0.8220835884627754
0.291,-0.999,2.148,1.595,1.595,1.096,1.595,1.096,-0.821,-0.999,-0.821,1.096,1.595,-0.821,0.311,-0.556,-0.999,0.151,-0.999,0.151,-0.556,2.148,1.096,-0.556,-0.999,1.096,2.148,-0.556,1.096,-0.821,-0.556,-0.556,2.148,0.311,0.291,0.151,0.151,2.148,2.148,2.148,2.148,1.595,-0.556,2.148,-0.821,-0.556,0.311,2.148,2.148,0.0,0.151,1.096,-0.012955135485993658,0.13629865739636,-0.999,0.311,1.595,-0.556,1.0814451897815034,0.298987983035978,2.148,1.1196588310526927,-0.821,1.153272450851645,-1.0104760240939168,0.030505128540817047,0.0629006271340497,0.3250392267262162,2.1404357740889375,-0.957156742065724
0.546,-1.021,-1.021,-1.176,-0.662,0.044,0.546,-1.021,0.909,-1.021,-1.021,0.546,0.909,0.34,-0.654,0.546,1.549,1.549,0.044,-0.662,0.41,0.909,0.546,0.546,-1.021,-0.662,0.909,0.34,-1.176,-1.176,0.34,-1.176,-1.021,-0.654,-1.021,0.34,-0.662,0.909,0.909,-1.021,0.909,-0.654,1.549,1.549,0.909,0.546,1.549,-0.654,-0.662,-1.176,0.546,0.909,0.41,-1.176,0.34,-0.662,0.546,0.32910362073043004,-1.021,0.909,0.8918556445530302,-0.6700222918479147,-0.654,0.044,0.9220453804880783,0.02775433336284115,0.5337729371079248,1.549,0.9518589921478351
1.588,0.468,0.468,0.468,0.857,0.227,0.468,0.857,0.857,-0.036,1.588,0.857,0.227,1.588,0.227,-0.036,0.857,1.588,0.468,0.468,-0.891,-0.036,-0.891,0.437,0.73,1.015,-0.891,0.468,0.227,1.588,0.204,1.015,0.468,0.73,0.468,0.468,-0.891,1.015,0.204,1.015,1.015,0.227,0.227,0.857,-0.891,1.588,-0.036,0.437,1.5726471302574556,0.468,1.5928216561638333,-0.9039822835088734,1.6325663359807376,0.4246826729327302,0.73,1.6687618897146677,1.6720122140087226,1.7198301859293035,-0.04587722223101594,0.4560552722630882,1.015,1.7717093815722555
-0.222,0.64,-0.836,-0.259,-0.826,-0.836,-0.222,-0.836,0.64,-0.259,-0.405,-0.405,-0.259,-0.698,-0.698,-0.698,-0.259,-0.836,0.64,-0.698,-0.826,0.273,-0.917,-0.826,-0.405,-0.222,-0.405,-0.698,-0.698,-0.826,-0.917,-0.917,-0.259,-0.698,-0.698,-0.405,0.273,-0.259,-0.698,0.963,-0.836,-0.917,-0.259,-0.405,-0.917,-0.836,0.64,0.64,-0.259,0.963,-0.698,-0.826,-0.836,0.273,-0.405,-0.259,-0.836,-0.222,-0.836,-0.2430992030804369,-0.698,0.963,-0.405,-0.259,-0.8507910043025018,-0.27572896649911005,-0.41816910832791165,-0.8060645613566731,0.64,-0.826,-0.23301899187533556,0.273,-0.20480223239722925,-0.7151396948233892,0.9521256282626733,-0.917,-0.9361914734364637
-0.366,0.633,-1.029,-0.403,-0.07,-1.041,-0.403,-1.029,-0.366,1.926,-0.439,-0.403,-0.439,-0.439,1.926,-0.366,-1.041,-0.973,1.926,-1.041,-1.029,-0.366,-1.041,0.633,-0.07,-0.973,-0.07,-0.639,-1.029,1.926,-0.639,-0.639,-0.439,-0.973,-0.366,0.633,-1.041,-1.029,-0.366,1.926,-0.439,-1.029,-1.041,1.926,-0.403,-0.366,1.926,-1.041,-1.029,-0.973,0.633,-1.041,-0.639,-0.439,-0.403,-0.973,-1.041,-0.366,-0.41642385231808454,1.926,0.633,-1.029,-0.639,0.6196016503577556,-1.037031555915186,-1.0487889547372786
-0.87,0.985,0.985,1.403,-0.145,1.138,1.403,-0.166,0.195,1.138,-0.47,1.138,1.403,0.985,0.985,0.864,-0.87,1.403,0.195,0.195,1.403,-0.145,-0.643,0.864,-0.643,-0.47,-0.87,0.195,-0.87,0.985,-0.145,-0.643,1.403,-0.47,-0.643,-0.643,1.403,-0.166,-0.643,-0.643,-0.166,1.138,1.403,-0.643,1.387111002502204,-0.47,0.195,0.17764710238846387,-0.145,-0.166,0.864,1.126760500052382,1.4186328802617838,-0.16205055049059802,1.4632759099962716,-0.17429995315328828
-0.744,-0.744,-1.007,-0.334,0.159,0.727,-0.364,1.143,0.544,1.143,-0.642,1.143,-1.007,-0.642,-0.107,0.544,0.727,0.544,1.143,-0.364,1.143,-0.107,0.544,-0.334,-0.744,-0.364,-1.007,0.727,0.727,0.544,0.727,0.727,0.159,-0.744,0.727,-1.007,0.727,1.143,-1.007,-0.334,0.159,-0.107,-0.334,0.159,-0.642,-0.364,-0.744,-0.11925731723934492,0.14683913835194493,1.143,0.544,0.727,0.17190395388409316,1.1293317288287843
0.41,-0.705,-0.417,-0.405,1.295,-1.044,-1.044,-0.791,-0.705,1.295,0.41,1.693,-0.809,-0.035,-0.809,1.295,1.693,-0.791,-0.405,1.693,-0.705,-0.809,-0.791,-0.405,1.295,-0.705,-0.791,-0.035,-0.705,-0.791,0.41,-0.035,1.693,-0.791,-1.044,-0.417,1.693,-1.044,-1.044,-0.705,0.41,-0.417,-0.035,-0.035,-0.417,1.295,-0.791,0.41,1.295,-0.417,-0.035,1.295,-0.809,-0.705,0.41,-0.050282927346631354,1.2801203826064744,-1.044,-0.791,-1.0598805830965623,-0.8038746463650226,1.3104267118414838,1.332795524177088,-0.0035552643759898875,0.39660530110604947,0.0408232203289485,1.693
-0.343,-1.063,1.851,-0.916,1.845,1.851,-0.402,-0.606,1.101,1.851,1.851,-1.063,-0.508,1.851,1.845,-0.916,1.101,0.478,1.851,1.851,-0.508,-1.063,-0.606,0.478,-0.916,-0.508,0.478,1.101,-1.063,1.101,1.851,1.845,-1.063,-0.508,1.851,-0.916,-0.916,1.101,-0.916,-0.402,-0.402,1.845,-0.508,-0.402,-1.063,1.845,1.845,-1.063,0.478,-0.916,-1.063,-0.343,0.478,1.851,1.845,1.8344151861821192,0.478,-0.402,0.46438519636373105,-0.916,0.4790482703695814,-0.343,0.5126732744122352,0.5361605652460641,1.101
-0.709,-0.721,-0.709,-0.709,0.754,-1.112,-0.905,0.754,0.754,-0.577,-0.721,-1.112,-0.018,-0.721,0.754,-0.577,0.926,-0.866,-0.709,-0.577,-1.112,0.754,-0.577,-0.577,-0.709,-0.721,0.926,-1.112,-0.905,-0.866,-0.866,-0.577,-0.721,-0.905,-0.189,0.926,0.926,-0.189,-0.577,-0.866,-1.112,-0.721,0.926,-0.905,-0.905,-0.709,-0.709,-0.721,0.754,0.926,-0.189,-0.905,-1.112,-0.866,-0.866,-0.866,-0.189,-0.905,-0.2086489538869146,-0.577,-0.9239549639729965,0.754,-1.112,0.7408004567514167,-0.5899036792682048,-0.8872720474065391,-0.15186584813609877,-0.8728689855170498,-0.12233115976469298
-0.052,-0.414,0.071,0.498,-0.758,0.629,0.629,-0.414,0.629,-0.052,-0.758,1.24,-0.052,0.498,-0.414,-0.052,-0.414,0.071,-0.052,-0.758,1.24,0.498,1.24,-0.87,-0.414,0.629,0.071,0.043,-0.414,-0.87,1.24,-0.414,-0.87,-0.414,-0.052,0.071,-0.87,0.629,-0.87,0.629,0.498,-0.758,0.498,1.24,-0.414,0.498,0.043,0.629,0.498,-0.414,0.154,1.24,0.043,1.24,0.154,-0.414,0.498,0.629,0.071,0.05927865017942471,-0.87,0.043,0.154,0.6209028898164178,0.13767382110985937,-0.4272528544963834,0.6552858325331098,0.02736132115597617,0.06993730537910021,-0.758,0.09973378777582077,-0.3911151038986763
1.697,0.937,0.606,0.937,1.577,0.606,1.532,1.118,1.577,0.606,-0.576,-0.496,1.697,1.118,1.697,-0.189,0.937,1.577,1.697,1.577,-0.576,0.937,1.118,1.577,0.606,-0.189,1.577,-0.189,-0.496,-0.496,-0.189,1.577,1.532,1.577,-0.752,-0.576,1.532,1.118,0.606,-0.752,1.532,-0.752,1.532,1.697,1.118,-0.189,1.118,-0.752,1.697,-0.752,-0.7613781998155255,-0.496,1.118,-0.7313860684904854,0.606,-0.5071555829886357,-0.4932247098146456,1.577,-0.189,-0.6877781863356264,-0.576,1.5621545840287545,-0.48789563657883134,1.697,0.937,-0.6549188170991663,0.592188952616217,-0.6329077137675582,1.6168569241957205
-1.1,-1.131,1.141,1.141,-1.131,-0.6,0.435,-0.6,-1.1,-0.6,-0.797,1.405,-1.1,1.141,0.917,-1.1,1.405,-1.1,0.435,0.917,0.435,-1.131,-0.797,-0.6,-0.121,1.405,0.435,0.435,0.435,0.435,-0.121,-1.1,-0.445,-0.445,-0.797,-1.131,-0.797,-1.1,0.917,-0.121,0.435,-0.121,-0.121,-1.1,0.435,-1.131,-0.445,-0.797,1.405,1.405,0.435,-0.445,1.141,1.1266904359421974,-1.1,1.405,0.917,-1.1179804958769817,-0.797,-1.131,-1.0857953390467474,-0.121,1.1682100623846825,0.9039051220154227,-0.4572861338308105,-0.8089397996491097,0.435,-0.4263151572472684,-1.1400991539516843,0.41902761435394614,-1.0535080106139028,-0.771692291826424
-0.869,-0.76,-0.98,1.788,-0.869,-0.687,-0.454,1.788,-0.454,-1.021,0.997,0.997,-0.672,-0.687,-0.76,-0.672,-0.672,-1.021,-0.98,-0.98,1.788,1.788,-0.98,-0.454,-0.869,-1.021,-0.76,-0.687,-0.869,0.997,-0.672,1.788,-0.98,-1.021,-0.76,1.788,-0.454,-1.021,1.788,-0.672,-0.6952288990234984,0.0,-1.021,-0.869,-0.01180936043551667,-0.687,-0.6595816019211364,-1.0304012121986044,0.997,-0.98,-0.9819291409196107,-0.6521570962383474,-0.702235921298367
-0.172,-0.396,-0.396,0.675,-1.156,-1.156,0.675,0.703,-1.156,-0.396,-0.396,-0.875,-0.909,-1.156,0.703,0.182,0.182,0.182,0.675,-0.875,-0.875,0.703,-0.172,-0.909,0.182,-1.156,0.391,-1.156,-0.909,0.182,-0.909,0.675,-0.644,0.703,0.182,-0.875,-0.396,-0.909,-0.909,-1.156,-0.396,-1.156,-0.172,0.182,-0.909,-0.644,0.182,0.391,-0.644,0.703,0.6869446543013762,0.182,0.168366039727802,-0.172,0.2231683319339613,-0.396,0.391,0.36961303430106834,-0.909,0.26133877216069523,0.675,-0.1884401470180142,0.663237733275426,-0.6575167787780555
-0.465,-1.072,1.75,-0.186,-0.897,-0.186,-0.186,1.402,-0.897,-0.186,-0.188,1.296,1.75,0.24,-0.186,-1.072,-1.072,-1.072,-0.897,1.402,1.75,1.296,1.75,-1.072,1.75,1.402,0.24,1.75,1.296,-0.465,0.24,1.296,1.75,1.296,1.296,0.24,1.296,-1.072,1.296,-0.186,1.75,1.296,0.24,-0.188,0.24,-0.389,-1.072,-0.186,1.75,1.7266152706697622,1.402,1.7456943701473842,-0.465,-0.2031612613216146,1.3860228319384227,1.409638951276273,0.24,-0.188,-0.21090340126894985,-0.16988518267694627,-0.16585022438260172,1.797581946523652,1.4289762950853366,1.296,1.4453835288142807
-0.773,1.588,-1.028,-0.822,-1.011,-0.773,-1.028,1.016,-0.822,-0.571,0.299,-0.822,0.925,0.925,0.299,1.016,-0.773,0.925,-0.571,0.925,1.016,0.299,-0.822,-1.028,-0.773,0.925,0.046,1.016,-0.571,0.299,1.588,1.016,1.016,-1.011,-1.028,-0.773,-0.571,0.299,-1.028,-0.773,-1.028,-1.011,-0.571,-0.822,-1.011,1.016,1.588,0.046,-1.011,1.588,-1.028,0.925,-1.011,-1.028,1.588,0.9145466119527357,-1.0425340158695773,1.016,-1.0279993206569953,1.5765183184517617,0.299,-0.571,-1.0080581332875758,1.0029965186892127,0.28687066112626586,-0.822,-0.9631371951708113,-0.9316952640090629
0.92,-0.681,-0.42,-0.774,1.557,-0.681,0.695,0.002,0.511,-0.774,1.557,-0.681,-0.774,-0.681,1.293,0.511,0.186,-0.42,-0.681,-0.681,1.293,-0.774,0.511,-0.42,-0.681,-0.42,-0.42,0.92,0.002,0.511,-0.681,0.186,0.695,0.002,0.186,0.92,1.557,0.92,-0.42,-0.681,0.186,-0.42,-0.681,-0.774,0.92,1.293,-0.774,-0.42,1.557,-0.42,0.002,1.293,0.511,0.186,0.186,0.92,-0.774,1.293,-0.681,-0.681,1.557,-0.42,0.695,0.511,0.186,0.49546317013067,0.002,0.92,0.9119904462371025,0.9681766209042615,0.5319561917460307
1.533,-1.267,-1.267,0.221,0.221,-0.987,0.081,-0.814,-1.267,0.081,-0.814,-1.267,0.12,1.129,-0.889,1.129,-0.889,-0.814,-0.804,0.12,-1.267,-0.804,-0.987,-0.804,-0.987,-0.987,1.533,1.533,0.12,-0.814,-0.804,1.533,0.081,-0.987,-0.804,1.129,0.12,-0.987,-0.889,0.081,-0.889,-1.267,-1.267,-0.987,-0.889,-0.987,1.129,-0.804,-0.8226482313277426,-0.9989607392721107,-0.8012530112527446,-1.267,0.221,0.081,-0.814,0.20925659487782006,-0.7451810133114735,-0.7171429123977946
0.478,2.005,0.158,0.478,-0.867,0.158,-0.816,0.903,-1.093,0.478,2.005,-1.049,0.647,-0.867,-1.093,-1.093,0.903,0.647,-1.049,-1.093,-1.093,0.158,2.005,-0.627,-1.049,-0.867,-0.627,-1.049,-0.627,0.903,-1.093,-0.816,0.647,-0.867,0.478,-0.816,0.903,2.005,0.158,-1.049,0.647,-1.049,0.647,-0.627,0.903,2.005,-1.049,0.158,-1.093,-0.627,0.903,-1.0637497739445763,0.8835361700787934,0.14656241416788937,-1.1060062121966212,0.18774157380312315,0.478,-0.6421410884356101,0.647,-0.5984156418559301,-0.816,-0.8265004963942298,0.9259481998747948,0.21563038295508494
-0.748,0.372,-0.953,1.337,-0.975,1.337,1.337,0.372,-0.953,0.929,1.337,1.337,0.612,-0.953,-1.045,0.372,-0.953,-0.748,-0.975,-1.045,0.929,1.337,0.372,-0.748,-0.975,-1.045,0.929,0.372,0.929,-0.748,-1.045,-1.045,0.929,0.372,-0.975,-1.045,-1.045,-0.269,1.337,-1.045,-0.953,-1.045,0.929,-0.975,-1.045,0.0,-0.269,-1.0538746020155976,-0.2793244827887973,-0.013242322816457406,0.023968408902833336,0.612,0.5970953571518061,0.929,0.372,1.337,-1.0078370406483919
-0.803,-0.767,0.998,-0.768,0.302,0.206,0.206,-0.768,-0.008,0.056,0.206,-0.767,-0.768,-0.767,-0.803,0.701,0.03,0.206,0.206,0.701,-0.767,0.056,-0.008,0.206,-0.008,0.998,-0.008,0.03,-0.803,0.998,-0.768,-0.768,0.998,0.302,0.03,-0.768,-0.768,0.206,0.302,0.302,-0.767,-0.768,0.998,0.206,-0.803,0.206,0.18859909200726674,0.302,0.03,-0.803,0.056,-0.008,-0.767,-0.768,-0.024246087296096584,0.03325482987696833,-0.7864766671906323,0.044971438074509804
-1.009,0.785,-1.009,-0.582,0.785,0.785,0.781,1.685,-0.528,-0.345,1.685,-0.878,-0.653,0.785,-0.653,-1.009,0.785,0.785,-0.528,0.785,-0.653,-0.345,0.785,-1.009,-0.582,-0.528,-0.345,0.785,-0.653,-0.582,-0.878,-0.653,-0.528,-0.878,-0.345,-1.009,-0.345,-0.653,-1.009,-0.528,1.685,0.785,-0.878,-1.009,-1.009,-0.653,1.685,-1.009,-0.345,-0.878,-0.582,1.685,-0.653,1.685,0.317,0.317,1.685,-1.009,-0.345,0.781,0.785,0.317,0.7712385495818749,-0.582,0.30348158556567983,1.6709880307091278,0.7730303510186023,0.3330901379499171,0.3784394260885001,0.8149112839086202,0.4002202045835695,-0.5917752133185286,-0.653
-1.171,-1.171,-0.838,-1.171,-0.316,-0.316,-0.838,-0.838,-0.838,-0.838,0.086,-0.871,1.411,1.411,-0.838,-0.838,-0.838,-0.714,0.086,-0.838,-0.714,-1.171,2.145,-0.473,-0.838,-0.714,-1.171,2.145,-1.171,-0.316,-0.838,2.145,-0.473,2.145,2.145,-1.171,2.145,-0.871,-0.473,-0.714,1.411,-0.473,-0.871,-0.838,-1.171,-1.171,2.145,-0.871,1.411,2.145,-0.838,-1.171,-0.473,-1.171,-0.871,-0.714,-0.838,-0.316,-1.171,-0.871,1.411,-0.8840967685558893,-0.838,-0.473,-1.1838365199868546,1.3970097085051492,-0.8481437903988276,-0.8461159850177689,-0.714,-1.1379752613897192,-0.8368850232251764,-0.838,-0.8022663573576738,-1.1076051616522133
-1.051,-0.503,-0.789,-0.176,-0.618,-0.687,1.869,-0.9,1.869,-0.618,-1.051,1.869,-0.9,-0.9,-0.687,-0.821,-0.789,1.869,-1.051,-0.821,-0.687,-0.821,1.869,-0.687,-0.9,-0.262,-0.176,-0.821,1.869,-0.687,-0.789,-0.789,-0.618,-0.503,-1.051,-0.503,1.869,1.869,1.869,-1.051,-0.503,-0.687,-0.821,-0.262,-0.9,-0.9172494599228648,-0.789,-0.503,-0.176,1.869,-0.618,-0.262,-0.5190580996247555,-0.4763976595258794,-0.6341500945637079,-0.27912614533387037
-0.09,1.056,-0.92,0.023,-0.834,0.023,-0.28,-0.09,-0.834,-0.161,-0.28,-0.66,-0.66,-0.92,-0.834,1.056,-0.28,-1.151,-0.161,-0.66,0.844,1.056,1.056,-1.151,1.056,-1.151,-0.09,0.844,-0.28,-0.161,-0.161,-0.92,0.023,0.023,-0.09,-0.834,-0.09,-1.151,-0.161,0.023,1.056,-0.92,1.056,-0.09,-0.66,-0.66,0.023,-0.834,-0.92,-1.151,-0.92,-1.151,-0.161,-0.28,0.844,0.8267880036229502,1.056,-1.151,-0.09,-0.10760500338493353,-0.66,-0.6708737684315105,-0.834,-1.1624652144451255,0.023,-0.05836118817917225,1.0459407255351645,-1.1353615901251997,0.001875836679305888
-0.819,2.151,-0.303,-0.105,-0.569,1.594,-0.587,-0.587,2.151,1.594,1.594,-0.587,1.594,-0.105,-0.819,-0.105,1.594,-0.587,-0.038,-0.038,-0.105,-0.105,-0.819,-0.569,-0.303,2.151,-0.819,-0.105,2.151,-0.113,-0.303,-0.524,-0.524,-0.303,2.151,-0.569,2.151,-0.569,-0.524,-0.038,-0.105,-0.105,-0.113,-0.524,-0.819,-0.303,-0.11677919712463981,-0.8286893255686183,1.594,-0.587,1.5789350955569847,-0.569,-0.038,-0.7769278173966907,-0.0881707276298898,-0.5988666835714527
-0.804,1.534,-0.511,-0.804,-0.289,-0.57,1.534,0.617,-0.511,0.365,1.534,-0.796,0.733,-0.289,-0.57,-0.454,-0.454,-0.57,-0.289,0.365,-0.289,-0.454,-0.57,-0.804,-0.796,-0.511,1.534,-0.804,-0.511,0.365,0.365,-0.289,0.365,-0.511,-0.796,-0.57,-0.804,1.534,-0.804,0.365,0.617,0.733,-0.796,0.617,0.617,1.534,-0.454,0.365,-0.804,-0.8193607348031676,0.733,-0.796,0.617,-0.511,0.3509058546028298,-0.57,-0.7789355745002986,1.5273223523083952,0.6049469158425402
-0.793,2.115,-1.0,-1.216,1.555,-1.216,-1.216,-0.241,1.555,2.115,-0.793,-0.92,-1.0,1.555,-0.241,-0.561,-0.241,-0.793,-1.0,-0.663,-0.793,-0.793,1.555,-0.561,-0.793,2.115,-0.92,-1.216,-1.216,-0.793,-1.216,-0.052,-0.92,-0.92,-1.0,-0.561,-1.216,-1.216,-0.663,-0.241,2.115,1.555,-0.663,-1.0,-1.0,-1.0,2.115,-1.0,2.115,-0.663,-0.6773769976240391,-0.647671999693063,-1.216,-0.052,-0.561,-0.5885094983064493,-1.2302782175038967,2.115,-0.0634896904908977,-1.0,2.098880721760075,-1.2024029658048496
0.158,0.316,-0.791,1.424,-0.245,-0.245,-1.13,0.158,-0.131,-0.131,-0.791,-0.484,-0.484,-0.484,-0.245,-1.13,0.158,0.816,0.158,-0.484,-0.245,0.064,0.158,-1.13,0.316,0.816,-1.13,0.064,-0.791,0.064,-0.131,-1.13,0.158,1.424,1.424,-0.484,0.158,0.158,0.064,0.816,-0.791,0.816,0.158,0.1422927896019471,0.17217369631507803,0.1832159551180824,0.8007568044195741,0.8416072592207751,1.424,-0.484,-0.4986688766218364,0.8827216688867072,-0.791,0.316,0.3005631069167715,0.9145635977510159,0.9430946199991175,-1.13
1.952,1.952,-0.518,-1.121,1.952,-1.121,-0.802,-1.006,1.952,-0.518,0.487,0.487,-1.121,0.543,1.952,1.952,1.952,0.883,-1.006,-1.121,-0.802,-0.802,0.883,-0.802,-0.518,1.132,-0.802,-0.802,-1.121,1.132,-1.006,-1.006,-0.802,1.132,0.543,-1.006,1.952,-0.802,-1.121,-0.802,1.132,1.132,1.952,0.543,-1.006,0.0,1.952,0.883,0.8608576913118502,0.9015171519022124,0.543,1.132,-1.121,0.487,0.5312115863791075,0.5588424383309085,-1.140785889632423,0.4761721828093969,1.938313198923493,0.5770000346276914,-0.518,-0.5362723133500485,0.511967145771974
-0.506,1.514,0.111,1.514,-0.196,-0.196,-0.196,-0.457,0.688,-0.457,0.83,-0.262,-0.506,-0.262,-0.262,-0.262,0.83,0.083,-0.196,-0.457,-0.189,0.111,1.514,0.688,0.111,-0.262,0.83,-0.262,-0.506,1.514,0.688,0.083,-0.189,-0.189,-0.457,0.688,-0.506,-0.196,-0.196,-0.506,-0.506,-0.506,-0.457,-0.189,-0.457,1.514,0.83,-0.506,-0.262,-0.196,-0.189,0.688,-0.20079098824722463,0.083,1.4993083088335537,-0.27564894914739274,-0.26601741132093987,-0.20949857972553404,-0.17056598136035872,-0.23021571614300462
-0.542,-0.413,-0.799,-0.799,-0.669,-0.628,-0.543,-0.542,-1.128,-1.128,0.958,-1.124,-0.799,0.958,-0.628,-1.128,-1.128,-0.799,-0.542,0.958,0.958,-0.799,0.958,-0.543,-1.124,-0.799,0.958,-0.799,-0.628,-1.128,0.958,-1.124,-1.128,-0.669,-1.128,-0.799,-0.799,-1.128,-1.124,-0.542,-0.628,-0.543,-1.128,-0.454,0.958,-1.124,-1.124,-0.543,-1.128,-0.454,-0.628,-0.799,-0.628,-0.454,0.958,-0.799,-0.413,-0.454,-0.542,-0.628,-1.128,-0.6424148054121142,-1.124,0.9477930689892137,-0.6122382994650969,-1.1353504236642626,-0.5786030276495543,0.9681074437811582,-0.5509099330920008,-1.1333910480771408,-1.11066553778205,-0.42178980005951155
1.053,-1.198,-1.198,-0.72,-0.858,-0.127,-0.964,-0.127,-0.964,-0.832,-0.832,-1.198,-0.307,-0.127,1.053,-0.72,-0.307,-0.307,1.053,-0.72,1.053,-0.127,-0.858,-0.678,-1.198,-1.198,-0.832,-0.127,-0.127,-1.198,-0.964,-0.307,0.547,-0.678,-0.832,-0.858,-0.678,-0.964,-0.678,-0.127,-0.72,-0.858,-1.198,-1.198,0.547,-0.832,-1.198,-0.127,-0.307,0.547,1.053,-0.127,0.5310562128781925,-0.307,-0.14243365781094813,-0.678,-0.964,0.5606672055039191,-0.858,-0.6882230451333583,-0.6587964507739437,-0.3166909679432533,-0.9765398720713818,-0.6238660669434274,-0.2780077351063727
0.764,0.764,-0.829,-0.536,-0.242,1.41,1.41,-0.696,0.311,-0.242,0.311,-0.536,-0.536,-0.829,1.263,-0.536,0.709,-0.829,0.311,-0.536,-0.536,0.311,0.764,0.311,-0.696,-0.829,0.311,1.263,-0.242,-0.829,-0.536,-0.696,1.41,0.709,0.764,-0.536,-0.829,1.263,-0.829,1.41,0.764,1.389631638896969,0.7502769598427956,0.311,1.43312887228648,0.709,-0.8366279773580397,1.263,1.241180187181037,-0.242,1.4837087149512624,1.2791898787958182,-0.2510545639582342,0.0,0.30033768727211424,1.3357977431302968,0.3482959989249093
-0.694,1.853,1.225,1.853,1.225,-0.213,0.03,-0.694,-0.026,1.225,0.518,-0.13,-0.694,1.225,0.905,-0.694,-0.213,0.518,-0.026,0.518,1.853,1.853,1.853,-0.216,-0.216,-0.026,-0.026,1.853,0.905,-0.026,-0.026,1.853,-0.213,-0.026,-0.13,-0.213,-0.026,-0.13,-0.216,-0.216,0.03,1.225,0.518,0.518,1.225,-0.213,-0.213,1.853,-0.694,-0.13,-0.2237474139824246,0.518,1.8376795222995157,-0.026,1.225,1.2099442617158063,-0.7063711533316442,0.905,0.5012051004979279,-0.19651372940559186,-0.6634839208189521,0.8887785287277027
1.354,0.921,-0.91,-0.709,-0.91,0.921,-0.91,0.921,1.018,1.018,-0.709,1.165,0.155,1.018,-0.35,-0.35,-0.91,1.354,-0.35,1.354,1.018,1.114,-0.35,1.018,1.114,1.354,0.921,1.28,1.354,1.28,0.155,1.165,1.114,-0.91,0.921,0.921,0.921,1.28,1.165,1.018,1.165,0.921,-0.709,1.28,1.018,1.354,-0.709,0.921,1.28,-0.7218651070224408,0.9101564166477136,1.018,1.354,1.3328838943632715,1.344933683406113,1.0000485461567175,-0.35,1.2681208964618513,1.3203968611081136
-0.705,-0.37,-0.705,-0.705,-0.705,-0.705,-0.642,-0.37,-0.705,0.023,0.018,-0.37,0.023,-0.725,-0.725,-0.662,-0.705,-0.37,-0.662,-0.592,0.018,-0.725,0.023,-0.642,-0.725,0.018,-0.592,0.023,-0.725,-0.083,-0.662,-0.705,-0.41,-0.37,-0.592,-0.705,-0.705,-0.725,-0.662,-0.705,-0.592,0.023,-0.592,-0.662,-0.083,0.008993073368238392,-0.725,-0.09859779031582816,0.018,-0.741786091990802,-0.07584299577023126,-0.705,-0.7177727960325219,-0.41,-0.7174419795495526,0.003217285270360002,-0.37
-0.36,-0.9,0.64,-0.52,-0.9,1.07,-0.52,1.07,-0.52,-0.9,-0.449,-0.659,-0.789,1.07,-0.36,-0.52,-0.659,1.07,-0.659,-0.854,-0.36,-0.9,0.64,-0.364,-0.854,-0.789,-0.789,-0.854,-0.36,-0.36,0.64,-0.449,-0.52,0.64,-0.52,0.64,-0.364,-0.449,-0.36,-0.659,-0.449,-0.52,-0.854,-0.9,-0.52,-0.449,-0.52,-0.5385613274303273,-0.449,-0.49035216379915647,-0.4822900586823684,-0.47019982598775945,-0.789,1.07,-0.364,-0.9,0.64,-0.854,0.6232331874057966,-0.659,-0.6731900814659647,-0.43831725333215027,-0.9120831308372164,-0.40010462089589327,-0.46435608211293944
-0.676,-0.28,-0.708,-1.232,-1.012,-1.012,-0.676,-1.012,-0.666,-0.666,-0.666,-0.666,0.829,-0.382,-1.232,-0.248,-0.666,-1.232,0.829,-0.28,-0.804,-1.012,-1.232,-1.012,-1.012,-0.708,-0.28,-1.232,-1.232,-1.012,-0.676,-0.804,-0.804,-0.708,-0.248,-0.666,-0.804,-0.28,-0.708,-1.232,-0.708,-0.666,-0.804,0.829,-1.012,0.8166285312499862,-0.666,-0.382,-0.6790171830080688,-0.676,-0.708,0.8510276685017516,0.8545856952501919,-0.648161473771827,-0.690100291420096
1.325,-0.762,1.325,-0.762,-0.951,0.711,1.257,0.194,1.372,1.325,-0.51,-0.951,-0.762,0.711,-0.51,1.257,0.194,0.194,1.325,1.372,1.372,-0.951,-0.762,1.325,1.257,-0.589,0.194,-0.5,0.194,1.325,-0.762,1.325,-0.5,-0.762,0.194,-0.951,-0.51,-0.589,0.194,0.711,-0.589,-0.762,-0.51,0.711,1.372,-0.5,1.3576207670206637,0.711,1.325,1.3927408274556774,0.194,-0.5080769219819122,0.6961777896335758,0.17879385385751975,0.2038233463798313,-0.46498791151154695,-0.589,-0.42351125977829035,0.7327148040115293
-0.452,-0.923,-0.923,-0.82,0.419,-0.036,-0.807,-1.13,-1.13,-0.452,-0.211,-0.452,-0.452,0.419,-0.807,-0.211,-0.82,0.419,-0.807,-0.452,-0.419,-0.923,-0.923,-0.211,-0.419,-0.82,0.419,-0.036,-0.452,-0.452,-0.923,-0.036,-0.419,-1.13,-0.969,-0.419,-0.036,-0.969,-0.923,-0.419,-0.969,-0.036,-0.452,-0.969,-1.13,-0.452,-0.969,-1.13,-0.969,-0.419,-0.807,0.419,-0.452,-0.969,-0.211,-1.13,-0.969,0.419,-0.419,-0.452,-0.9784796914620862,-0.82,-0.8416615289915619,-0.9358031383178562,-0.8083941145675431,-0.4325063722393509,-1.1392574940186206,-1.09352484477854,-0.2227564453520126,-0.036,-0.923,-1.0446946027488826,-1.0130440598694448,-0.7826289876315456
-1.123,-1.123,-1.138,-1.123,0.146,-1.123,-0.65,-0.079,-1.138,0.293,-0.079,-1.138,0.293,-0.65,-1.138,-1.123,0.253,-0.441,-0.441,0.146,-0.959,-1.123,-0.959,0.146,0.253,-0.959,-0.71,-1.123,-0.65,-0.65,-0.959,-1.138,-0.71,-0.71,-0.71,-0.65,-0.71,-0.079,0.253,-1.138,-0.71,-0.71,-0.71,-0.441,-0.71,-1.138,-0.71,-1.123,-0.079,-0.959,-0.65,-0.09636765921708965,-1.138,0.146,-0.06735594630873128,0.1322029668516182,-0.04435662920905123,-0.441,0.16115886242894856,-0.4555382092243213,0.293,0.253,-1.1510454195577897,0.0013112313071855387,-0.71
0.099,-0.592,-0.469,1.762,-0.592,-0.469,-0.592,0.099,-0.833,-0.469,-0.94,-0.142,-0.729,-0.729,0.099,-0.833,1.762,1.762,-0.138,-0.166,-0.469,-0.94,1.762,-0.469,-0.94,-0.94,-0.469,-0.833,-0.729,-0.592,-0.833,-0.142,1.762,-0.469,-0.469,-0.94,-0.142,1.762,-0.166,0.099,1.762,-0.833,1.762,-0.469,1.762,-0.592,-0.833,-0.166,-0.138,-0.8471885043903054,-0.18547825621577815,-0.48707938198469913,1.743088804102257,0.099,-0.14465569989951296,-0.8121153047178189,1.7548771663208769,-0.14666806438443536,-0.729,0.08872918525984491,1.794791888533754
-0.608,0.132,1.184,0.061,-0.381,1.12,-0.381,0.707,0.707,-0.492,0.707,-0.381,1.12,1.184,1.756,0.707,-0.381,1.12,-0.381,0.132,1.12,0.707,-0.492,-0.608,-0.381,-0.492,1.756,1.184,1.756,1.184,0.132,1.12,0.061,1.756,1.756,-0.608,-0.492,0.707,0.707,-0.492,1.756,0.061,0.707,1.12,1.756,0.707,-0.492,0.6964343980950043,-0.608,0.7474503860432309,1.1055463029868327,0.132,0.8035652119742792
-0.535,0.059,-0.319,-0.809,0.044,-1.188,-0.535,1.353,1.306,-1.188,1.353,-0.319,-1.188,0.059,-1.188,1.353,1.353,0.658,-0.809,1.306,1.306,-0.535,-0.535,0.285,0.658,1.353,1.353,0.044,1.306,-0.319,-0.535,0.285,-0.535,-0.809,-0.809,-0.535,-1.188,1.353,0.285,0.285,-0.535,-0.319,-1.188,0.658,-0.809,1.306,1.306,0.059,1.306,0.059,-0.535,1.306,1.353,-0.5501264811503895,-1.188,0.285,0.044,-0.5199267212354463,1.3375793561731855,-0.49905462938755846,0.029053204069268965,-0.809,1.2955888801271578,-0.319,1.3198580983899673
-0.827,-0.827,-0.994,-0.344,-1.108,-1.108,-0.718,1.176,1.078,0.969,0.969,-0.994,-0.827,-0.827,0.969,-0.344,-0.994,1.176,0.233,-0.994,-0.827,1.176,1.176,1.078,-0.344,-1.108,1.176,-1.108,-1.108,-0.994,1.078,-0.994,0.969,-1.108,-1.108,-0.827,-0.827,-0.994,-1.108,-0.344,-0.994,-1.108,-1.108,0.233,-0.718,-0.827,1.078,-0.827,0.969,-1.108,0.969,-0.827,-0.344,0.0,1.078,0.969,-0.718,-0.827,-0.994,-1.0111631727164405,-0.35624811196904893,0.9511402295086554,-0.31955190454262916,-0.9839903617117817,1.0684883109216095,-0.2740319115516236,-0.26369915136451605,1.176,-0.7317314625552235,-0.8328505868780511,-0.7835419602679621
-0.702,1.45,-0.165,-0.835,-0.444,-0.165,-0.444,-0.444,-0.165,0.902,1.45,0.045,-0.702,-0.835,-0.702,1.45,1.45,-0.198,-0.835,-0.835,-0.816,0.902,-0.444,1.45,-0.198,-0.816,0.902,1.45,-0.444,-0.702,0.045,-0.816,0.902,-0.702,-0.198,0.045,-0.702,0.902,-0.444,-0.444,-0.702,-0.444,-0.702,1.45,-0.835,-0.198,-0.198,0.902,-0.816,0.8877269392165424,-0.165,-0.198,0.045,1.45,-0.17780397006090792,-0.8285151023853222,0.9178652934065508,0.03515439229942634,0.9689340301099609,-0.21257572967162297,-0.835
-0.828,1.835,-0.149,-0.886,-0.463,1.835,-0.535,-0.886,-0.219,0.449,-0.458,1.502,1.835,-0.828,-0.219,1.835,-0.828,-0.219,-0.535,-0.828,1.835,-0.886,-0.149,1.835,0.449,-0.219,1.835,-0.463,-0.828,1.835,-0.149,1.502,-0.828,-0.886,-0.149,-0.219,-0.458,1.502,-0.535,1.835,1.835,-0.149,-0.458,-0.458,1.502,1.502,0.449,-0.828,1.502,-0.149,-0.463,1.491919134948475,-0.219,-0.535,1.835,-0.5491077839135396,-0.8394795587489603,1.5172938444913888,-0.47619889456245146,-0.4512705865733343,0.449,-0.886,-0.7926111858143635,1.560457029775346
-0.231,0.28,-0.231,-0.791,0.781,-0.791,0.025,0.28,-0.266,1.084,-0.266,0.865,0.781,0.781,-0.791,-0.231,0.025,0.28,0.781,-0.231,-0.86,-0.231,-0.231,0.28,1.084,0.781,-0.791,0.781,0.781,-0.231,1.084,0.865,0.593,-0.86,0.025,-0.266,0.025,-0.266,-0.791,0.28,0.593,-0.86,0.593,0.025,0.781,0.025,-0.791,0.28,0.781,0.865,0.593,-0.266,-0.8003559695568836,0.2695003337293617,0.3122665016542238,0.7669162808195457,-0.86,1.084,-0.231,0.34350591165794503,-0.7476962709856774,-0.8708884079895718
-0.043,-1.317,-1.096,-1.28,-0.043,-0.043,-0.239,-0.167,-1.509,-0.194,-1.28,-1.317,-0.167,-0.167,-0.239,-1.509,-0.043,-1.28,0.611,-1.317,-1.509,-0.167,-0.239,-1.096,-1.317,-0.043,-0.167,-0.167,-0.239,-0.194,-0.043,-1.28,0.611,-0.239,0.611,-1.317,-0.613,-0.043,-1.28,-1.096,-1.096,-1.509,-0.194,-0.239,-1.509,-0.043,-1.28,-0.239,-1.509,-1.096,-1.28,-1.28,-1.317,-0.239,-1.28,-0.167,-0.167,-0.043,-0.613,-0.043,-1.317,-0.043,-1.096,-1.509,-1.317,0.611,-1.509,-1.28,-1.509,-1.509,0.611,-1.28,-0.167,-1.317,-0.18508826852122956,-0.043,0.5992029962715364,0.6507002541480146,-0.14918233746239923,-1.3329064580599073,-1.509,-1.096,-0.194,-1.5179076274084011
1.689,-1.253,-1.253,0.32,-1.253,-0.085,-1.253,0.026,0.556,-1.253,0.32,0.32,0.556,0.32,0.368,0.368,0.556,0.368,0.556,1.689,-0.085,-0.912,-0.085,-0.144,-0.144,0.368,-0.085,-0.912,1.689,-0.085,0.556,-0.912,1.689,0.32,0.026,0.026,0.32,0.556,0.32,-0.912,-1.253,0.556,0.32,1.689,-0.912,-1.253,-0.144,0.368,-1.253,-1.253,-0.085,-0.529,-0.912,1.689,-0.529,-0.144,-0.144,0.556,-0.085,0.32,0.5366699821246351,-0.144,0.026,0.3090766145681903,-0.912,-1.253,0.3484872801568169,0.363317367023506,-0.15929501440828114,0.5712040746530093,0.010988179100030868
0.2,1.423,1.078,1.824,1.423,1.078,-0.898,-0.898,0.819,2.315,0.2,0.819,2.315,0.819,-0.898,0.337,1.423,2.315,-0.898,-0.898,1.824,0.819,0.602,1.423,1.824,0.2,1.423,0.2,2.315,2.315,2.315,0.337,0.337,1.078,1.824,0.337,1.824,1.08,1.08,1.824,0.2,0.819,2.315,1.824,1.08,1.423,0.337,1.078,1.4121093763614483,1.4492243051960423,2.315,0.3238273465303331,0.36001971013157424,1.0633402784841284,0.819,-0.898,0.40022878602402834,2.3046229552962605
-1.08,-0.122,-0.507,1.642,-0.864,-0.122,-1.08,-1.08,-0.528,0.147,-0.864,-0.507,0.063,-0.674,-1.08,1.642,-1.08,-0.528,0.063,-0.864,0.147,-0.528,-0.122,-0.507,-0.122,-0.864,0.745,-0.528,-0.528,0.147,0.147,-0.528,1.642,-0.864,-0.528,-0.528,-0.674,0.745,0.063,0.745,1.642,-1.08,0.745,-1.08,-0.674,0.063,0.147,-0.528,-0.864,0.745,-1.08,-0.507,-0.8790534028506841,-0.122,-0.8345049829404281,0.04804832599306416,-1.092720544377529,-0.5394296742958925,-0.13708129487927692,-0.5166717298546801
-0.71,-1.023,1.186,1.186,-1.023,0.227,-0.745,0.742,-0.745,0.227,-0.723,0.227,-0.745,-1.023,0.227,0.227,0.742,0.816,-0.723,-1.023,-0.26,-0.495,0.227,-0.26,0.816,1.186,-0.71,-0.26,0.227,-0.26,0.227,-0.495,-0.745,-0.26,-0.26,-0.71,-0.745,0.816,-0.723,0.742,-0.26,0.742,-0.723,0.227,-0.745,0.227,-0.26,0.816,-0.495,-0.723,0.8095321828400823,1.186,-1.023,-0.71,-0.7370967159690102,1.1737476030194662,-1.0371977094480203,0.2212991975417946,-0.6987085687503864,-0.2760972538737533,0.742,-0.5057412334039041,-0.745
0.255,-0.344,0.283,-0.754,-0.372,-0.344,0.283,-0.344,-1.023,-0.754,-1.023,-0.372,0.283,0.255,-0.216,-0.344,0.195,-0.344,-1.023,0.963,-0.344,-0.754,0.195,-1.023,-1.023,-0.216,0.963,0.195,-1.023,0.283,-0.372,-0.372,-0.316,-0.344,-1.023,0.963,0.195,-1.023,-0.344,-0.372,-0.344,0.963,-0.344,-0.372,-0.216,-1.023,-1.023,-1.023,-0.372,-0.344,0.283,0.963,0.195,-1.023,0.2687619237203922,0.949553056912585,-0.216,-0.22705713426348711,-0.19651097775765666,-1.0285365329742462,0.9896341207894502,-0.38098062647673303,-0.9858230036185962,0.18391838157656862,-0.3632129524340919,-0.15792866954110268
-0.047,1.869,-0.701,1.739,-0.73,-0.499,-0.701,-0.047,1.869,-1.014,-0.701,0.993,-0.047,1.869,0.586,0.586,-1.014,1.869,1.739,1.739,1.739,-0.047,1.739,1.739,-0.499,-0.73,0.993,-0.538,-1.014,-1.014,1.869,0.993,-0.047,0.586,1.869,1.739,-0.047,1.869,-0.047,0.993,-1.014,0.586,-1.014,-0.538,-0.73,0.993,0.993,-0.538,1.869,1.739,-0.499,0.9797122413692633,-0.73,-0.5121238529986601,-0.7458371091863301,1.8565183937278986,-1.014,-0.701,-0.5516932952194719,-0.047
-0.225,-1.262,1.187,0.764,0.764,1.187,0.466,-1.262,-1.262,-0.762,0.697,0.466,-1.262,0.466,-1.262,0.08,-1.262,-0.762,-0.762,-0.225,0.419,0.764,-0.225,-1.262,1.187,-1.262,0.764,0.466,0.08,0.764,-0.762,-0.762,-1.262,-0.225,0.466,0.08,-1.262,0.697,-1.262,-0.225,0.697,1.187,0.08,0.466,1.187,0.08,0.697,-0.762,0.419,0.764,0.466,-0.7711686008809507,1.187,-0.225,-0.24401401851262594,0.0,-0.01404271278852713,0.7525181512251549,0.4052458475326333,0.4265148629041349,0.08
0.977,-0.486,-0.524,0.977,0.977,-0.873,0.085,0.977,-0.566,-0.873,0.977,0.085,1.247,-0.524,0.977,1.821,0.977,-0.524,-0.524,-0.873,-0.873,0.708,0.559,-0.524,1.821,1.247,1.821,1.247,0.559,0.559,-0.873,0.977,-0.566,0.977,-0.486,-0.486,-0.524,-0.486,-0.873,1.247,0.559,0.559,-0.486,0.559,-0.566,-0.524,0.559,-0.524,1.821,0.977,0.559,-0.873,1.247,0.708,-0.566,-0.486,1.821,1.821,1.821,-0.566,1.247,1.2279619336379035,-0.486,0.708,-0.873,-0.5012780619350904,1.821,-0.8824871878080748,-0.4750046667648744,-0.8418628581057983,-0.566,0.085,-0.7990244740973935,0.559,0.5462201481209378,0.5849174109126241,0.977
-0.612,0.054,1.785,0.054,-0.511,0.566,1.753,-0.612,-0.612,-0.612,1.161,1.785,-0.703,1.161,1.785,1.753,0.103,-0.428,0.566,-0.428,1.753,0.103,0.103,-0.703,-0.511,1.161,0.054,-0.428,-0.511,0.054,1.753,0.054,-0.612,-0.703,0.054,-0.428,1.753,-0.428,1.161,0.103,0.054,1.785,-0.612,1.785,-0.612,-0.703,-0.6273009747305496,1.161,-0.428,-0.511,1.785,-0.5337241303044309,0.103,1.1470167554321657,-0.4454057095130244,-0.4009554156217233,0.054,-0.3660445556785672,1.1835717003957849,-0.48740192977100394,1.2283862354441175
0.268,-0.977,0.268,0.067,-0.977,-0.408,-1.01,-0.977,-1.01,1.278,0.067,-0.977,1.278,1.322,-1.038,-1.038,0.268,0.58,0.268,-1.01,0.58,-1.01,-1.01,0.58,1.322,-1.038,-0.408,1.322,0.268,-1.038,1.278,1.322,0.58,-0.977,0.067,-1.038,-1.01,0.067,0.268,0.58,0.268,-1.01,-0.977,-0.285,-1.01,1.322,0.58,0.067,1.322,-0.408,-0.4221443158689827,-1.01,-1.0230298729971574,1.3015331225099196,-0.977,0.053901479124573534,-0.285,0.58,-1.038,0.07268080512761463,-0.29943809653570397
0.908,1.333,-1.152,1.139,1.333,0.908,-1.152,-1.152,-0.626,0.784,1.139,0.908,1.139,-1.201,0.908,-1.201,1.333,0.784,-0.626,-0.908,-1.201,1.333,0.784,1.139,-0.908,-1.152,-1.201,-0.908,0.011,-0.091,-1.201,0.784,1.139,0.011,-0.091,1.139,-0.091,0.908,-1.152,-1.201,0.908,0.011,-1.201,-1.201,1.139,-0.091,0.908,0.908,-1.201,-1.152,1.139,1.333,0.908,-1.152,1.139,1.122594708905731,-0.091,1.3219647353111847,1.1605932341283989,1.3436054783236193,1.2079038328491065,0.8955314004016878,0.9170877394764391,1.2501530552660096,-0.10608737955299749,-0.626,0.011,-0.6412338790624739,-1.201
2.083,1.378,0.02,2.083,-0.599,1.378,-0.16,1.378,-0.16,2.083,-0.16,-0.16,-0.614,0.158,-0.16,0.02,-0.614,0.02,0.709,-0.599,1.141,0.02,1.378,2.083,-0.16,-0.599,0.158,2.083,1.141,1.222,-0.614,2.083,1.378,2.083,-0.16,2.083,1.222,2.083,0.02,-0.614,0.709,1.378,0.02,-0.599,1.3552645040967004,0.709,0.003750159817741648,1.377691475217534,0.158,0.6925267803736319,0.7488369838634463,0.1440632460704686,2.083,-0.614,-0.63121466693653,-0.5959018349408496,-0.5644308769998292,2.070282771681644,-0.16,-0.6093556907931895,1.434224307504593
-0.772,1.192,-0.998,1.236,-0.772,-0.998,-0.959,-0.959,-0.265,-0.618,-0.858,1.679,-0.959,-0.858,-0.265,-0.959,0.547,1.679,-0.772,0.547,1.192,-0.772,-0.959,1.236,-0.998,-0.618,-0.858,1.192,-0.959,-0.998,-0.959,-0.265,1.236,1.236,1.679,1.192,-0.618,-0.265,-0.998,-0.858,1.192,-0.998,-0.858,1.679,1.679,-0.858,-0.618,0.547,-0.998,-0.959,-0.618,-0.959,1.192,-0.9693971597444595,-0.858,-0.9240146468018373,1.236,-0.265,-0.772,1.1800552093463532,1.229615387642259,1.2228471701146895,-0.27909764224150546
-0.529,-1.444,-1.169,-0.056,-1.444,-0.631,-1.444,-0.631,0.167,-1.444,-1.444,-1.169,-0.725,-0.919,-1.444,-0.631,-1.444,-0.725,-0.241,-0.725,-0.529,-1.444,-0.056,0.167,-0.241,-1.169,-0.725,-1.444,-1.169,-0.631,-1.444,-0.241,-0.919,-1.169,-0.631,-0.241,-0.241,-0.725,-0.241,-0.371,-0.919,-0.725,-0.919,-0.919,-1.444,-1.444,0.167,-0.056,-1.444,-0.919,-0.241,-1.169,-0.725,-0.631,-0.056,-0.371,-0.7413468301393122,-0.379650967490539,-0.529,-1.1789399618685545,-0.25177108264103115,-0.919,-1.444,-0.6472373981795677
0.215,-0.292,-0.199,0.773,-0.199,1.657,-0.199,-0.199,-0.292,-0.199,0.826,-0.292,-0.199,0.826,-0.57,1.657,0.914,0.914,0.773,0.215,0.773,0.773,0.215,0.826,1.657,-0.199,1.657,0.826,0.215,0.773,1.657,-0.199,0.773,1.657,-0.57,0.773,-0.257,1.657,0.914,-0.199,0.914,0.773,0.773,0.826,-0.57,-0.257,0.215,-0.353,1.657,-0.292,-0.353,1.657,0.914,0.215,0.826,-0.353,-0.3709556378934706,-0.199,-0.292,0.9020939319728176,-0.57,-0.2147417955509845,0.9242971924325312,0.20027705254036363,0.2111467304095542,-0.5833270914138866,-0.32783476078169627,-0.542480714932695
-0.744,1.316,-0.821,-0.744,-0.704,1.292,0.404,-0.759,-0.641,-0.641,-0.704,-0.759,-0.744,1.316,-0.744,-0.704,-0.821,1.148,-0.744,-0.759,-0.759,-0.759,1.521,1.292,1.292,1.521,-0.704,-0.744,-0.759,1.148,-0.759,1.292,-0.641,-0.759,-0.821,1.521,1.521,1.292,-0.744,1.148,1.292,-0.759,-0.744,-0.821,-0.704,1.148,1.292,1.292,1.316,-0.821,1.148,-0.641,0.404,-0.821,-0.759,-0.704,-0.744,-0.641,1.292,-0.7744123443120919,1.521,1.148,-0.6534660956700558,-0.7152496231321733,1.316,-0.6866213868107268,1.2800038138380585,-0.6352356167257189
-1.101,-1.101,-0.19,0.628,-1.101,1.418,-0.984,1.418,1.418,1.418,0.628,-0.984,-0.769,-0.984,-0.326,-1.002,-0.625,-1.002,-1.002,-0.769,-0.769,-1.101,1.418,-1.101,-0.326,-0.984,2.093,-0.326,-0.326,-1.101,-0.326,-0.625,1.418,1.418,1.418,2.093,-0.769,2.093,2.093,2.093,-0.326,2.093,-0.769,1.418,-0.625,0.628,1.418,-1.002,-0.326,-0.19,-0.769,-1.002,-0.326,-0.769,-0.789097631463932,0.628,2.093,2.07957011439971,1.418,-1.101,1.406868279426094,0.6202687649343966,2.089540959504,-0.984,-0.9981505496339792
1.492,0.002,-0.003,-0.003,-0.971,0.882,1.492,-0.003,-0.773,0.882,0.27,1.492,-0.773,1.492,1.103,-0.207,1.492,1.103,0.27,-0.971,0.882,-0.773,0.002,0.882,-0.773,-0.971,-0.971,-0.207,-0.971,0.602,1.492,-0.207,0.882,-0.971,0.002,-0.207,0.27,-0.773,-0.971,1.103,-0.773,1.103,1.492,0.27,-0.971,1.4763549768483366,-0.207,1.103,0.002,1.0901340214568747,0.882,1.4910277358510042,-0.003,0.602,-0.008033423561046459,0.2611438387821421,-0.021694955948400693,1.5294349327312242,0.3019225570203747
1.54,1.54,-0.634,1.54,1.423,-0.2,-0.634,1.423,1.333,-0.221,-0.221,-0.634,1.211,1.333,1.54,1.319,1.333,1.211,0.552,-0.561,1.333,1.319,1.54,-0.561,1.211,1.423,1.333,1.211,1.211,1.211,1.333,1.54,1.423,1.319,1.54,1.54,1.319,1.54,-0.2,1.423,1.333,1.319,1.54,1.211,1.333,-0.634,1.423,-0.2,1.423,-0.221,0.552,1.4142979161398883,-0.2343540932083791,1.211,1.319,-0.561,1.54,1.333,-0.2,0.5420504160757869,1.4452653152010266,1.3185651215238996,-0.18806872769346922
0.389,0.389,-0.65,1.554,1.618,-0.795,-0.795,-0.915,-0.795,1.618,1.618,0.974,1.618,-0.915,0.401,1.618,1.554,-0.795,2.491,-0.915,-0.915,-0.795,-0.65,1.618,0.389,0.974,-0.795,1.554,2.491,-0.65,0.389,1.221,2.491,1.554,2.491,-0.795,0.974,2.491,0.974,-0.915,1.554,1.221,2.491,-0.915,1.221,-0.65,-0.65,0.401,0.974,-0.915,1.618,-0.795,2.491,1.221,1.618,0.401,-0.795,-0.915,1.554,1.6007966942169731,1.221,2.491,0.38572409969371524
0.614,0.935,1.635,0.614,-0.838,-0.704,0.935,-0.6,1.635,-0.909,1.663,-0.909,1.663,-0.909,-0.6,1.663,1.635,-0.704,-0.838,0.935,0.752,1.635,-0.6,1.663,-0.6,0.614,-0.909,0.614,1.663,1.663,0.614,1.635,-0.704,-0.838,-0.666,-0.909,-0.838,-0.666,-0.909,0.614,1.635,-0.6,0.752,0.752,-0.838,0.935,-0.909,-0.838,-0.666,1.663,-0.666,0.614,-0.6,0.752,1.635,-0.704,-0.6119384762681116,0.935,-0.5776236064908795,-0.666,-0.838,1.6226093876096817,0.7437187392313909,-0.8532259401967479,-0.909
1.101,-0.254,-0.89,0.762,-0.855,-1.025,-0.254,-0.89,-0.254,0.762,0.762,0.762,-0.254,-0.598,1.101,0.549,1.906,1.101,1.906,-0.598,-1.025,1.101,0.458,-1.025,-1.025,1.101,-0.89,-0.89,-0.89,1.101,0.762,1.906,0.458,1.906,-0.855,-0.855,1.906,-0.254,-0.89,1.906,0.458,-0.855,1.906,0.458,0.762,1.906,-1.025,1.8948661461442289,-0.598,-0.254,-0.89,-0.855,-0.2670712304412164,0.458,-0.2184766278942343,0.44487001270646276,0.549,-0.20988782029714617,-0.605402837168536,-0.8983542896755464,-1.036885780408915
0.717,-0.981,1.422,-0.596,1.422,0.131,-0.028,0.131,-0.306,-0.306,-0.596,-0.596,-0.596,-0.596,0.717,-0.981,-0.981,-0.306,-0.981,-0.596,-0.169,1.454,-0.306,-0.981,-0.306,1.454,1.422,-0.596,-0.169,-0.169,1.422,1.422,-0.981,0.717,-0.028,1.454,-0.981,0.717,-0.596,0.717,-0.169,-0.981,1.454,-0.028,-0.596,0.444,-0.169,1.454,-0.028,-0.04787951653398624,1.454,-0.019144088910983542,1.441488487189878,-0.306,-0.32429287402986023,0.018519830078796515,-0.169,-0.596,1.422,1.4106480900156992,-0.29850819149664004,0.036445770691379956,-0.18192853786336938,-0.2794274790612259,1.4679320726890432
0.447,-1.457,0.105,-1.457,0.042,-0.22,-1.457,-0.192,-1.457,-0.22,-1.457,-0.192,-0.745,0.105,0.042,-1.457,0.105,-1.457,-1.457,-0.888,-0.888,-0.192,0.105,0.91,-0.888,-1.457,-0.745,-0.602,-0.192,-1.457,0.91,-0.22,-1.457,-0.888,-1.457,-1.457,-0.888,-0.192,-0.602,-0.745,-0.602,0.447,-0.22,-0.888,-0.192,-0.888,0.91,-0.8989625913058631,-0.745,0.9003172237430541,0.447,0.9213678493726565,-0.602,-0.6158889902019985,-0.22,0.9414573689989421,-0.8717896431052595,0.105,-0.8533333553811862,0.9672694259744989,0.042,-0.2039591831745188,0.08771938681865203,-1.457,-1.4769050774247632,-0.22909114545838172
-0.276,-0.864,0.347,-0.897,-0.892,0.258,-0.897,1.444,-0.892,-0.276,0.347,-0.864,-0.7,-0.892,-0.897,0.258,-1.306,-0.897,1.444,-0.892,0.347,-1.306,0.347,-0.276,-0.892,1.444,-0.276,-0.864,-0.897,1.444,-1.306,1.444,1.444,-1.306,-0.7,-0.7,-0.864,-0.7,0.258,0.487,-1.306,-1.306,0.258,0.347,-0.276,-0.897,-1.306,-0.897,0.347,-1.315252349994257,0.258,1.444,-1.2601203928669489,-0.864,0.24679447844077038,-0.892,-1.2379414270705935,0.2640364961683827,0.3356899796110576,0.487,-0.276,-1.2026206130545105,0.30776930334898217
-0.587,-1.009,-0.614,-0.052,-0.936,-0.587,-0.873,1.458,-0.052,0.888,-0.873,0.888,0.439,1.458,-1.009,1.458,-1.009,0.224,-1.009,-0.873,0.439,-0.936,-0.587,1.458,-0.052,1.458,-0.052,0.224,-0.614,-0.873,-0.936,-0.052,-0.873,-0.936,-1.009,-0.936,-0.052,0.224,-0.936,-0.587,1.458,-0.936,-0.614,-0.936,-0.873,-0.873,0.439,-0.614,-0.873,0.224,-0.052,-0.8877792766699343,-1.009,-0.587,-1.0192638886456682,-0.06350820630399903,1.458,-0.9826974957599081,-0.936,-0.01221954794155309,-0.6306268781209926,-0.9494851192639583
-0.669,-0.477,-0.791,1.207,1.67,-0.669,-0.68,1.67,-0.477,-0.477,1.601,1.67,1.207,1.207,-0.791,-0.849,0.47,-0.791,-0.68,1.207,-0.68,-0.849,-0.849,1.601,-0.849,1.207,1.67,-0.849,-0.68,-0.849,1.601,1.67,1.207,1.601,1.207,-0.849,1.601,1.207,-0.68,-0.849,1.207,-0.68,1.601,1.601,1.67,-0.477,-0.791,-0.849,1.207,-0.669,-0.68,-0.8034285673753354,-0.8633318614642909,-0.68,1.601,-0.789960570111716,-0.48936514911348,1.67,1.6544195887988153,-0.6931398203353186,1.586978802277095,-0.4482327401040316
0.017,-0.42,-0.932,1.264,0.797,0.288,-0.932,-1.093,0.288,-0.42,-1.193,0.017,0.017,-0.331,-1.093,0.797,-1.193,-0.932,0.797,-0.932,-1.193,-0.932,-0.42,-0.331,-1.193,-1.093,-1.193,1.264,-0.932,0.797,-0.331,1.264,-1.093,0.017,-1.093,0.318,-1.193,-1.193,0.288,-1.093,0.288,0.288,0.318,-1.093,-0.331,-0.42,-0.4322859215624655,0.017,1.264,-1.093,-1.1076899703270076,-1.0778178710266686,1.2556212005232354,-1.193,-1.2061812087629535,-1.0402165248936908
2.131,-0.778,-0.425,0.057,-0.052,2.131,2.131,-1.011,-1.001,-1.153,-0.778,1.107,1.107,-1.153,2.131,-1.153,-1.153,-0.425,-0.052,-1.011,-1.001,-1.011,-1.153,-0.778,2.131,-1.011,1.107,-1.011,-1.001,-0.052,-0.425,-0.052,-1.001,-0.425,-1.011,2.131,1.107,1.107,-1.153,-0.052,-1.153,0.057,-0.425,1.107,2.131,-0.052,2.131,-0.778,-1.011,-1.001,-0.778,2.131,1.107,-1.001,0.0,-1.011,-0.052,2.131,-0.425,-1.153,-1.0219627284177015,1.107,-0.06289070402974012,2.118538590741383
0.272,-1.184,-0.33,-1.184,0.076,1.277,-1.184,-0.962,1.089,1.447,0.272,-0.962,-0.962,-1.021,1.092,1.092,1.447,1.092,-1.021,0.076,1.089,-1.021,1.089,0.076,0.076,-1.021,-1.184,0.076,-0.962,0.272,-1.021,0.272,0.272,1.089,-1.021,1.447,0.076,-1.184,-1.184,-1.021,-0.962,1.089,1.277,1.447,-1.021,-0.962,-1.184,-0.33,1.092,-0.33,0.272,1.447,1.4328519041627281,-1.184,-0.34019303268469253,1.0816736810548817,1.4867685071618895,-0.962,1.5072777490795188,1.5491013249981846,-1.021,1.5815508281091373
0.582,-0.077,-0.396,0.582,-0.077,0.582,-0.004,1.683,-0.004,-0.478,-0.64,1.683,-0.478,-0.213,-0.077,-0.213,0.582,-0.396,1.683,-0.396,-0.004,-0.478,-0.077,1.683,-0.64,-0.004,-0.396,0.582,-0.077,-0.213,-0.004,-0.004,1.683,-0.213,-0.004,0.126,1.683,-0.478,-0.64,0.759,0.759,1.683,0.582,0.126,-0.396,0.126,-0.213,0.759,0.11334257250816497,0.7388885522526338,1.683,-0.396,1.6651322152822383,-0.077,0.582,-0.64,-0.6541880849028401,0.7792150543968325,-0.478,-0.4959005601887733,-0.45634757080321486,0.799261031928161
1.065,1.781,-0.442,0.522,-0.537,-0.482,-0.159,-0.159,1.977,-0.482,0.643,0.522,1.977,0.522,0.643,1.977,1.977,1.781,-0.159,1.065,-0.537,1.977,0.643,1.781,1.781,1.781,1.781,-0.159,1.781,0.522,-0.159,1.065,-0.442,-0.537,-0.397,1.977,1.781,-0.537,-0.159,-0.397,0.643,0.6307982357941211,-0.482,-0.397,0.6840433519894973,-0.442,-0.159,1.781,1.977,-0.4145225468077442,0.7304794685485412,1.065,-0.495208132806003,0.7527727008687809,-0.4415277674245173,-0.537,-0.5550281016159786,1.769820974728297
1.432,-1.087,1.432,-0.071,-1.087,0.049,0.049,-0.96,0.719,-0.753,0.049,0.719,-0.753,-0.071,1.432,-0.96,1.432,-1.087,0.049,0.049,-0.526,-1.087,1.432,-0.071,1.242,1.432,-1.087,-0.526,-0.753,1.242,-0.753,0.719,-1.087,-1.087,-1.087,-0.071,-0.96,0.719,1.432,0.049,-0.753,0.049,1.242,1.432,-0.96,0.719,1.432,0.719,0.719,-0.753,0.719,1.432,-1.087,-0.071,0.0,-0.08258074844989279,0.049,-0.753,-0.7686630647375446,-0.04840006218055774,1.432,-0.7452181143666501,-1.1015185358637585,-1.0938459244879883
-0.944,0.584,0.584,0.354,-0.159,0.419,0.354,0.354,-0.805,-0.805,0.584,-0.944,1.584,-0.753,-0.944,-0.669,1.027,0.354,-0.944,0.354,1.584,-0.944,-0.805,0.354,-0.805,0.354,1.584,-0.805,0.419,-0.944,-0.159,0.354,-0.805,1.584,0.584,0.354,-0.944,-0.669,1.027,0.584,1.584,-0.944,0.584,0.354,0.584,0.354,-0.753,-0.805,-0.753,-0.159,0.584,1.584,0.419,-0.805,-0.669,1.584,-0.159,1.5665327743633053,-0.8159131674447755,0.4065384813288966,0.584,1.027,-0.7947713584605,1.596571023328267,0.354,1.623115137594929,1.0158583102786127,1.0618205540186916,-0.16741763784955843,1.667201400640624,-0.944
0.497,-0.153,-0.153,-0.153,1.429,-0.153,1.096,0.806,1.304,0.65,1.304,1.429,-0.95,1.304,0.65,1.429,0.497,0.497,0.806,-0.95,0.806,-0.465,-0.95,1.429,1.096,0.65,1.304,1.429,1.096,-0.153,0.497,1.096,0.806,0.806,1.096,-0.95,1.429,0.806,1.096,-0.153,0.393,-0.465,0.497,0.393,0.65,1.096,-0.465,1.096,1.429,0.393,-0.95,-0.153,0.806,0.497,0.3765737590051756,-0.465,1.085627132593372,-0.16755882198920788,0.48415959620636256,1.0983763063870728,0.65,1.1470710424765131,1.421182495350108,1.1822847657212563
-1.121,-1.136,0.449,0.203,-1.121,0.449,-1.121,0.897,-0.848,-1.121,-1.136,0.203,-0.848,1.423,-0.638,0.897,0.897,0.203,-0.848,-0.638,0.156,0.185,-0.848,-1.136,-1.121,1.423,-1.136,-1.121,0.185,0.897,-1.121,0.185,1.423,-1.136,-0.638,-1.121,-1.136,-0.638,-0.638,-1.121,-1.121,-0.638,0.156,1.423,-0.848,0.203,0.185,0.449,1.423,0.897,-1.136,0.897,-0.638,-0.6528369773345991,0.203,-0.848,-0.8645709968138984,-1.136,0.185,0.897,-0.8234489636267652,0.8848632880587697,-1.1489852389747495,-0.7768634031925081,1.423,-1.0967784569870487,-1.121
0.555,-0.851,0.555,-0.672,-0.672,0.555,-0.737,1.839,-0.014,-0.014,-0.737,-0.31,-0.851,0.842,-0.737,0.555,0.555,-0.737,-0.672,1.839,1.839,-0.737,-0.851,1.839,0.555,-0.851,0.842,-0.851,-0.31,-0.737,0.626,1.839,-0.851,-0.737,1.839,-0.014,-0.672,1.839,0.555,0.428,0.555,-0.672,1.839,0.842,-0.31,-0.851,-0.014,1.839,1.8243505504697761,0.626,-0.851,-0.737,-0.02596379181505517,0.428,1.8485067831985893,-0.7538825778049139,-0.86394480655744,0.6126876397587591,-0.8238628549465878
0.566,-0.49,-0.578,-0.558,0.566,-0.558,0.566,-0.873,2.071,2.071,-0.558,1.474,-0.873,-0.873,2.071,-0.873,2.071,1.474,-0.369,-0.994,0.428,2.071,0.566,-0.558,-0.994,-0.994,-0.558,2.071,1.474,-0.369,-0.558,2.071,-0.873,1.474,1.474,0.566,2.071,-0.49,-0.49,2.071,-0.994,-0.578,-0.994,-0.558,1.474,-0.994,1.474,0.566,0.428,-0.49,-0.578,-0.994,1.4623161350481577,-1.009413526952472,-0.9464010705334661,1.5000595725853845,1.5257769652341695,-0.5903797947247752,-0.9175111393889473,-0.369,0.41526540729456485,0.4444536627519626,2.071
-1.097,-1.085,-1.065,0.852,-0.245,0.778,0.778,0.852,-0.466,-0.988,0.778,-0.988,-1.065,0.852,-1.097,0.522,0.522,0.522,-1.065,-1.065,-0.466,-1.065,-1.085,-1.097,-1.097,-1.097,0.778,0.852,-1.097,0.42,-1.065,-1.065,-1.065,0.42,-0.245,0.42,0.852,-0.988,-1.085,-1.097,-0.988,0.852,-1.085,-0.245,-0.245,-1.085,-0.988,0.42,0.852,-1.097,-0.466,-1.065,-0.245,-0.2632570856522976,-0.4777410084336107,-1.085,-0.19845118691358565,0.8417090664635902,0.4068540634313243,-1.0947908071947587,-0.16455820047663663
-0.224,-0.828,-0.828,1.911,0.369,-0.67,-0.828,1.911,-0.828,-0.224,-0.67,-0.67,-0.249,-0.89,-0.828,1.096,1.096,0.369,-0.224,1.911,1.911,-0.828,1.096,1.911,1.096,1.911,-0.828,-0.828,-0.224,1.096,-0.67,-0.828,-0.828,-0.89,1.911,-0.244,-0.249,1.096,1.911,-0.89,-0.828,1.911,-0.828,-0.244,-0.828,1.096,-0.828,1.911,0.0,1.096,-0.67,1.911,-0.014397464578798367,1.89947963065746,0.369,1.0791021689863116,-0.828,-0.6869546722823088,-0.244,0.35132517886137116,-0.224,-0.89,1.9475136117131062,1.1259956720057143
-0.143,0.642,-0.423,1.178,-0.423,-0.423,-0.423,1.178,-0.232,-0.6,-0.462,1.178,0.642,0.642,0.988,-0.769,0.642,-0.48,-0.423,-0.232,-0.423,0.642,1.178,-0.462,-0.769,-0.48,1.178,1.178,-0.462,1.178,-0.6,-0.462,-0.48,-0.6,1.178,-0.48,-0.6,0.642,0.988,-0.462,1.178,0.642,-0.462,-0.462,-0.232,-0.6,1.178,-0.769,0.988,-0.143,-0.423,-0.6,-0.16069836240319801,-0.48,-0.43387184631918063,0.988,-0.462,-0.769,-0.7905000300127021,1.178,-0.48051690170469435,0.9744293453177603,-0.7310666057166274
-1.087,-0.349,-0.644,-1.087,-1.087,0.146,-0.15,1.298,1.298,-0.15,-0.567,-0.633,-0.567,-0.349,-0.649,-0.649,0.146,1.298,0.146,-0.644,-0.349,-0.649,-0.644,-1.087,-0.768,1.298,-1.087,-1.087,-0.15,-0.768,-0.567,-0.349,-0.644,1.298,1.298,-0.633,-1.087,-0.349,-0.768,-1.087,-0.15,-0.768,1.298,-0.349,-0.649,-0.644,1.298,-0.15,-0.644,-0.349,-0.768,-1.087,-0.649,-0.567,-0.6585031348977314,-0.36198044751395314,-0.5769287134282011,-0.5386178898188011,-0.15,1.298,-1.097411671661273,-0.1625777471899019,-0.1345317919470252,-0.7783799654435805
-1.218,1.451,-0.651,1.451,-1.218,1.451,0.144,1.167,0.144,-1.061,-1.218,1.167,-0.088,0.144,0.144,1.167,1.451,-1.218,0.082,-0.47,-1.061,-0.889,0.082,0.144,-0.889,-1.061,0.082,-0.651,-1.061,-1.218,0.082,-0.47,-0.889,1.167,-0.889,-1.218,0.082,-0.088,0.082,-1.061,1.451,-1.061,-0.651,-1.218,-0.088,-0.889,-0.9097496943683331,-0.47,-0.088,0.082,-1.218,0.144,-0.651,-0.6640048162707568,1.451,-0.10006119897143508,0.13188669260440103,0.06623030682881861,1.4423403864676463,-1.2252375052517583
1.786,-0.756,2.022,2.022,-0.467,0.699,0.699,0.699,-0.407,0.932,1.786,0.298,-0.756,1.786,-0.243,-0.756,1.786,0.932,-0.756,-0.243,1.786,0.932,0.699,-0.407,2.022,-0.756,-0.467,0.932,2.022,1.786,-0.243,-0.756,0.298,-0.243,-0.756,-0.467,0.932,0.699,-0.407,2.022,1.786,1.786,-0.243,-0.407,-0.756,-0.243,0.298,2.022,-0.7666984112885205,-0.467,0.932,1.786,0.2889100858716904,1.776928373692166,-0.7305227144074136,-0.4799652868207122,2.008687569441913,-0.407
0.895,-0.873,-0.279,0.801,1.258,-0.834,1.258,-0.873,-0.834,0.895,-0.279,-0.279,1.357,1.357,2.2,1.258,2.2,2.2,-0.873,-0.021,0.895,2.2,1.357,1.258,-0.397,1.258,-0.279,2.2,1.357,2.2,-0.279,1.258,2.2,-0.873,2.2,-0.834,-0.873,-0.873,1.258,2.2,2.2,0.801,2.2,0.895,-0.279,1.357,0.801,-0.834,2.2,-0.021,0.801,-0.279,-0.873,0.7880094018151383,-0.8923800923982028,0.895,2.2,2.1884715374948347,1.357,-0.034386162087219334,1.258,1.2420327576584878,0.8371053703495418,0.8775419529488583,1.2795051245560833,-0.288938300167909
-0.77,-0.556,-1.096,0.647,-0.891,-0.052,-0.873,-0.556,-0.873,-0.77,-0.182,-1.096,-0.77,-0.77,0.647,-0.873,-1.096,-0.052,-1.096,-0.556,-0.77,-1.096,-0.77,-0.891,-1.096,0.393,-0.873,-0.891,-0.77,-0.77,-0.891,-0.182,-0.052,-0.77,-1.096,-0.77,-0.182,-0.873,-0.77,-0.62,-0.052,-0.77,-0.62,-0.873,-0.556,-0.182,0.647,-0.182,-0.77,0.393,-1.096,0.647,-0.62,-0.873,-0.77,0.393,-0.556,-0.182,-0.8904806676745259,0.6372652139737283,-0.891,-0.5677701730788001,-0.052,-0.8526944088043974,-0.6332709734349912,-0.5877687426600663
1.199,0.02,0.79,-1.245,-1.245,1.199,-1.245,-0.478,-0.356,-0.885,-0.885,-0.885,1.082,-0.885,-0.356,0.645,-1.245,0.02,0.645,1.082,-1.245,1.199,1.199,-0.885,1.082,-0.356,0.645,0.032,0.645,0.79,0.645,-0.885,-0.356,0.645,-0.356,0.032,0.645,0.645,1.082,-1.245,-1.245,0.02,-0.885,0.032,0.032,-1.245,-0.478,-1.245,0.79,1.082,0.7740097787387376,0.8008095317544631,-0.885,1.199,0.8293313506883525,-0.356,0.032,-1.2537927073357544,0.645,-0.9007666543442612,-1.2202679699166183,0.02,0.6281081744733648,0.8546127417488493,-0.8411243982096058,0.006241815259541362
0.187,-0.832,1.047,0.055,0.21,1.047,-0.624,-0.832,-0.713,0.187,-0.832,0.21,0.055,1.505,0.055,0.051,1.505,1.047,1.047,0.055,0.21,0.187,1.505,-0.399,0.055,1.047,-0.624,0.055,-0.713,1.047,0.21,0.051,0.187,0.21,-0.713,-0.832,-0.713,1.047,-0.624,1.047,1.047,-0.832,0.21,-0.832,1.047,-0.399,-0.624,-0.41884426371471667,-0.713,0.21,-0.6352174353270789,0.187,0.051,-0.6000145834246642,-0.7241939570135306
-1.312,-1.087,-1.312,-1.312,1.766,-0.965,-1.087,-1.087,-1.312,-0.862,-0.862,-1.312,0.427,0.762,-1.056,1.766,-0.642,-0.862,-0.683,-0.642,-0.965,-0.965,1.766,-1.312,-1.087,-1.056,-1.056,1.766,1.766,-0.683,-1.056,0.762,-0.965,0.427,1.766,-0.862,0.762,-1.056,-0.862,-1.056,-1.087,1.766,0.427,-1.312,0.427,-0.683,-0.965,-1.312,-0.683,-1.087,-0.642,-1.056,-1.087,-1.312,0.762,0.7450876934915572,1.766,-0.862,-0.642,-0.6567251032620769,0.7853459677293346,-0.683,-1.3225823255269737,-0.8728306514311975,-0.965,-1.292251107028501,1.7547943381993103
0.904,1.525,1.043,1.525,1.043,-0.94,-0.94,1.525,1.043,1.525,1.043,0.168,0.904,0.904,0.168,1.525,-0.693,0.168,0.168,-0.94,0.168,0.904,-1.103,-0.693,-1.103,0.166,0.319,-1.103,0.319,-0.94,1.525,-0.19,0.168,0.166,-0.19,1.525,-1.103,-1.103,0.166,1.043,-1.103,0.904,-0.19,0.168,-1.103,0.319,-1.103,0.319,0.166,0.30483364454598283,-1.1199782247210872,-0.94,0.168,1.043,1.525,1.5065267141524912,1.0242023485190168,0.15379435429147448,1.0588673958126174,-0.9516910702340026
-1.029,-1.029,0.416,-0.607,-0.66,0.416,0.854,1.14,0.416,-0.585,0.416,-0.9,-1.029,-0.277,-0.9,-1.029,-0.277,-0.607,-0.66,1.14,0.854,0.854,-1.029,0.854,-0.277,-0.48,-0.585,-1.029,0.854,-0.607,-0.607,1.14,-0.66,-0.9,0.854,-0.48,-0.277,-1.029,0.854,-0.66,-0.607,0.854,-0.9,-0.9,-0.48,-0.585,-0.277,-0.277,-0.607,1.14,-0.48,0.854,0.8355417661748274,0.862865372189928,-0.9,0.416,1.127372751738812,-0.585,-0.66,-0.617421852577638,-0.6749631432754398,-0.4887114207419284
-0.441,0.462,2.004,-0.953,-0.441,2.004,-0.818,1.165,2.004,-0.953,-1.026,-0.798,-0.818,2.004,-0.726,-1.026,-0.726,-0.726,-1.026,-0.818,-0.798,1.165,-0.726,-0.953,-0.726,2.004,-0.953,1.165,-1.026,-1.026,2.004,2.004,2.004,-0.726,-0.441,-0.798,0.637,-0.726,0.637,-0.726,1.165,-0.726,0.637,1.165,-0.953,0.462,2.004,1.9934821691130438,-0.726,-0.9685919611722471,-0.7444818636655876,-0.441,-0.4499299730427026,-0.818,-0.4139871265082374,-0.3773283023298412,-0.6949527832496963,-0.8291003672373661
0.587,-0.257,-0.257,1.658,-0.485,-0.789,-0.764,0.964,-0.789,-0.099,1.658,-0.764,-0.099,-0.099,-0.099,1.432,0.964,0.587,-0.789,-0.764,0.964,1.658,0.587,-0.789,-0.789,1.658,1.658,0.964,-0.447,1.658,-0.764,0.587,0.587,-0.447,1.432,-0.764,0.587,1.432,-0.764,1.432,1.658,-0.485,-0.764,0.964,1.658,0.587,-0.447,-0.099,0.5742451903871375,-0.789,1.6458047460032343,-0.764,-0.11122746756156485,-0.7816120707920939,0.6045812911397943,-0.485
1.504,-1.207,-0.696,-1.207,-0.859,0.426,0.783,-1.148,-1.148,-1.148,-1.148,-1.207,-0.911,-0.696,-0.911,-1.207,-1.148,-0.48,-1.148,-1.207,1.504,-0.859,-1.148,-1.148,-0.071,-1.148,-0.859,1.504,1.504,-1.148,-1.148,-1.207,1.504,-1.148,-0.696,0.783,-1.207,1.504,-1.207,-0.071,-1.148,-0.911,1.504,-1.148,-1.148,1.504,-0.48,-0.859,0.426,-0.48,-1.148,0.783,0.7544584482135541,1.504,-1.1639687240020093,-1.207,-0.071,0.41128651232071994,-0.911,0.805290795888846,-0.8689391108549761,0.8478248237386982
1.16,-0.294,-1.008,-1.009,-1.008,-1.009,1.22,0.434,1.22,-1.008,-1.009,-1.139,-1.008,-0.294,1.753,1.753,1.16,0.434,0.434,-1.139,1.22,-0.294,1.22,-1.139,-1.009,-1.008,1.22,0.572,-1.009,-0.294,-1.009,-1.009,1.753,1.753,-1.139,0.572,0.572,1.16,1.753,1.753,1.06,1.06,0.434,-1.008,1.16,-1.139,1.06,-1.139,-1.008,-0.294,1.16,-1.139,1.22,0.572,-1.009,-1.0231974235510153,1.753,1.2055976553260062,-0.3118310095790764,0.5569515872885151,-0.25473333474483073,1.06,-0.22077203617561572,1.7416395450051647,1.04813099016085,0.434,-1.008,0.5831576467454302
-0.62,-0.254,-0.81,-0.62,-0.008,1.098,-0.776,-0.62,-0.62,1.508,0.184,1.508,-0.254,-0.62,-0.776,0.184,-0.254,1.098,-0.254,0.184,-0.254,-0.254,-0.776,0.528,-0.81,-0.254,-0.776,-0.776,1.508,1.098,1.098,-0.008,1.098,-0.254,-0.62,-0.62,-0.81,-0.008,-0.81,0.62,1.098,0.528,-0.776,1.508,0.528,1.098,-0.62,-0.254,1.508,-0.2717832851671002,-0.23244322988590566,-0.6277232186538879,0.528,-0.17993376161646954,-0.81,-0.776,0.184,0.5142333234125399,0.5586437792187469,0.62,-0.14026612899569987,-0.11232331015127088
-1.209,-1.103,-1.222,1.41,1.41,-1.103,-1.209,0.446,-1.0,-1.209,0.446,-1.222,-0.647,-1.209,-1.103,1.41,0.446,-0.391,-1.0,-1.0,0.446,-1.103,-1.222,-1.222,-1.209,1.41,-1.209,-0.668,-1.0,-1.103,-1.222,-1.103,-1.0,-0.391,-0.647,-1.0,-1.222,-1.103,-0.391,-1.209,-0.668,-0.445,-0.391,1.41,-1.222,1.41,-1.222,-0.445,-1.0,-1.222,-1.222,-1.222,-0.391,-0.445,-0.647,0.446,-1.209,1.41,-1.222,-0.391,-1.103,1.398212119506835,-0.668,-1.1153165248600845
-0.306,-0.771,1.372,-0.771,-0.063,-0.86,0.684,-0.771,-0.306,1.346,0.684,0.684,0.684,-0.063,1.372,1.346,0.24,-0.306,-0.063,1.372,-0.071,-0.86,1.346,-0.86,1.346,1.372,-0.627,-0.063,1.372,-0.063,-0.071,-0.306,-0.627,-0.071,-0.306,-0.86,0.24,-0.771,0.684,-0.306,-0.063,-0.86,-0.771,1.346,0.24,1.372,-0.306,-0.771,-0.063,0.684,1.372,-0.071,-0.08793705812076826,1.346,1.3620535616599334,-0.31948106040334945,-0.07218397297107498,0.24,-0.0302664343478925,-0.014216913154285457,0.22056087135246555,0.02134122878772638,-0.86,0.6741306105280203,0.7104973079869275
1.416,-1.259,-1.259,1.175,-0.307,1.416,-1.259,0.45,-0.143,-1.259,-1.259,-1.259,-1.268,1.416,-0.694,0.45,-1.268,0.45,1.175,-0.703,1.416,-0.37,-0.703,-1.259,-1.259,1.416,-1.268,-0.143,-0.694,1.416,-0.143,1.175,1.175,-1.259,-0.37,-1.268,-0.143,-0.143,-0.37,-0.694,-0.37,-1.268,-0.703,1.175,-0.37,-0.143,-1.268,-0.143,-0.307,1.416,-1.268,1.416,-0.694,1.4033985918118754,1.4362481529447098,1.175,-0.703,-0.37,-0.143,-1.268,-0.7150310836952731,-1.259,0.45,-0.15693654955142275,-0.307,-0.1307987700525355,1.496097326443973,1.163145584174476,-0.11628423541850078,-0.3254000844921191
0.116,-1.011,-1.011,-0.789,0.972,-1.238,0.732,-1.011,-1.238,-1.011,-0.824,1.575,0.972,-0.357,0.972,-0.357,0.116,-1.238,0.972,-0.789,-0.824,0.972,0.732,-1.238,0.972,-1.238,1.575,1.575,-1.011,-0.824,0.237,1.575,-1.011,0.237,0.972,-1.238,1.575,0.116,0.237,0.237,-1.238,0.116,-0.789,-1.011,-1.011,0.972,0.116,-0.357,0.237,0.972,0.237,0.116,-1.238,-0.824,0.972,-0.357,-0.357,-0.824,-0.789,-1.238,0.972,-0.789,-1.2482984702983329,-1.011,-1.1968404546456495,-0.357,1.575,1.5574564789442156,-1.1490002954958176,0.116,-1.105066684994368,1.589119545296552,0.09863449664085824,0.732
-1.343,-0.491,-0.773,1.205,-0.491,-0.899,-0.677,-0.491,-0.678,-1.343,-1.343,0.002,-0.491,-1.343,-0.403,-0.899,-0.887,-1.343,-0.887,-0.899,-0.491,0.002,-0.677,-0.677,-0.677,0.002,-1.343,1.205,-0.677,-0.677,-0.491,-0.677,0.002,-0.773,0.002,-0.887,-0.773,1.205,0.002,1.205,-0.491,1.205,-0.491,-0.678,-0.773,-0.677,1.205,-1.343,-0.677,-0.491,-0.677,0.002,-0.677,-0.899,-0.887,-0.678,-0.678,1.205,1.1919301658554586,0.002,-0.403,-0.677,1.2114828766578818,-0.6904723912185823,-0.899,-1.343,-0.773,-0.887,-0.6881156722188837,-0.491
-0.909,0.079,-0.032,-0.955,-0.577,-1.116,-1.116,-0.032,-0.909,-1.116,-0.909,-0.533,-0.032,-0.315,-0.533,-0.533,-0.533,-0.577,-0.669,-0.577,1.031,1.031,-0.533,-0.955,-1.116,-1.116,-0.909,-0.533,-0.909,-0.955,-0.032,-0.955,-0.955,-0.315,-0.533,-0.669,-0.577,-0.669,-0.032,-1.116,-0.315,-1.116,-1.116,0.079,-0.955,1.031,-0.315,-1.116,-0.315,-0.577,-0.955,-0.955,-0.669,-0.577,-1.116,-0.032,-0.97086248860727,-0.049277080570782394,-0.5844022629399717,-0.9193466823467924,-0.533,-0.6791942654493596,-0.315,-0.014202785079008882,-1.1276681175883714,-0.5500326053204988,-0.5053173556311122,0.017975719795208116,-0.8631343037136352,0.079,-0.45616042620426334
-0.308,0.175,-0.509,0.448,-0.485,-1.017,0.175,-0.509,0.175,-0.485,-1.017,0.448,-0.308,1.703,-0.098,0.175,-0.509,0.448,1.703,0.175,-0.485,-1.017,-0.308,-1.017,-0.509,1.703,1.703,-1.017,-0.029,0.448,-1.017,0.175,0.32,-0.308,-1.017,0.448,0.32,-0.308,1.703,-0.485,-0.509,-0.509,-0.308,-1.017,-1.017,-1.017,-0.308,0.175,0.175,-0.485,-0.029,-0.04719602678348497,0.448,0.175,-1.017,0.4396267825734027,-0.509,-0.012906859426951538,0.0038539531888466746,0.32,0.30227306963233475,1.703
0.655,-0.616,-1.147,-0.616,-0.726,-0.726,1.759,-1.147,-0.93,0.655,-0.701,-0.93,1.914,0.655,-0.701,-1.147,0.338,1.759,1.914,-1.147,-1.147,-0.616,0.655,-0.616,0.655,1.914,1.914,-0.616,-0.701,1.759,0.655,1.914,-1.147,1.759,1.759,-1.147,1.914,-0.93,-0.93,-0.616,0.338,-0.726,1.759,-0.311,-1.147,-0.93,0.655,-1.147,-1.147,-0.726,0.655,-0.311,-0.93,-0.616,0.6469476419389583,-0.7404917227516145,-0.7091630271969641,1.759,-0.9415653812361507,0.6889346639502213,0.338,-0.701,1.746558563401396,1.914
1.023,1.023,-0.113,1.023,1.023,1.023,-0.714,-0.836,1.729,-0.836,-0.714,1.729,-0.714,-0.701,-0.836,0.094,0.73,-0.482,0.094,0.763,0.094,1.023,-0.482,1.023,1.729,-0.836,-0.482,-0.714,0.73,0.73,-0.701,0.763,0.094,0.094,-0.714,0.094,-0.701,0.763,0.763,1.729,1.023,-0.836,0.763,-0.714,1.729,0.094,1.729,-0.113,-0.701,1.7111556220121278,0.094,-0.836,0.07872535370702147,-0.12730034761998826,-0.8518710550629462,-0.714,1.023,1.0119249075927983,1.0398522195966802
-0.452,2.638,2.638,2.713,2.713,2.638,2.713,2.638,-0.429,1.397,2.638,-0.452,2.638,2.713,1.517,-0.236,2.713,1.517,2.638,2.638,0.556,2.638,2.638,-0.429,1.656,2.713,1.656,2.638,1.656,2.713,2.638,2.713,2.713,0.556,2.638,1.656,1.517,1.517,-0.236,0.556,2.713,1.397,2.713,1.656,1.517,2.638,1.397,-0.236,2.713,1.517,2.713,2.713,1.397,2.713,0.556,-0.236,-0.429,1.656,1.397,1.3858506491485085,1.636601831916325,1.6812731438499888,1.517,-0.4446138221890474,2.638,-0.24272976216789502,2.619517466535031,1.5072646980469515,2.643133939369881,2.6678269974739144,-0.452
1.545,-0.319,1.127,1.127,-0.845,-0.845,-0.845,0.758,-0.344,-0.731,-0.319,-0.731,-0.731,1.031,2.209,-0.845,1.031,1.031,1.031,0.758,0.758,1.127,0.758,1.127,2.209,2.209,0.758,-0.731,1.127,-0.344,-0.319,2.209,1.545,-0.319,1.031,2.209,2.209,0.477,1.545,-0.319,1.127,1.127,-0.845,-0.731,1.545,2.209,1.545,-0.731,1.127,-0.344,1.127,1.1108274102376374,1.545,1.031,1.0151233486884506,-0.845,-0.731,-0.319,-0.7450298555408765,-0.7203238846639625,-0.3578178974213729,2.209,-0.6905426104211836
0.483,-0.447,-0.896,-0.52,0.768,0.594,0.768,0.594,-0.52,0.594,-0.896,0.359,-0.335,0.483,0.359,-0.335,-0.335,0.483,0.359,0.483,-0.447,0.483,0.359,-0.356,0.768,-0.335,0.768,-0.356,0.599,-0.896,0.599,0.483,-0.52,-0.896,-0.335,0.594,0.599,-0.52,0.599,0.599,0.768,-0.356,-0.356,-0.335,-0.896,0.359,-0.356,0.594,-0.447,-0.46369894034615894,0.5808439859148745,0.483,0.599,0.4628061118498604,-0.4178499418547689,-0.377470588197797,-0.343597167399968,0.34918001614354927
-0.232,-0.719,-0.38,0.055,-0.719,-0.38,0.055,-0.719,2.467,-0.268,0.023,-0.38,2.467,-0.755,-0.755,-0.38,-0.268,2.467,0.023,-0.38,-0.268,2.467,-0.232,2.467,2.467,0.581,2.467,2.467,1.284,-0.755,-0.755,0.055,2.467,1.284,1.284,-0.232,-0.268,2.467,-0.38,1.284,-0.719,-0.755,0.581,0.581,0.581,0.023,-0.232,0.581,-0.755,2.467,-0.719,0.5680174900488334,-0.2398983214400845,0.023,2.453996772086156,2.497036519705509,-0.7690855066853814,-0.268,-0.18167688901475376,0.055,-0.38,0.01041712902000585
0.173,-0.715,-0.868,-0.868,0.554,-0.629,-0.868,-0.875,0.554,0.173,1.635,-0.629,-0.715,1.635,0.554,-0.269,0.237,-0.269,0.173,1.635,0.554,-0.875,-0.269,0.834,-0.868,-0.269,0.173,0.237,0.237,-0.868,-0.715,0.834,0.554,0.173,-0.269,1.635,0.237,0.554,-0.875,-0.715,0.173,-0.269,0.173,-0.875,0.834,-0.269,-0.2870113930488332,1.635,0.173,1.62058825742111,0.554,0.5466750246758147,1.64643680103567,-0.868,-0.715,-0.629,-0.875,-0.6420068951936873,0.16560947874767032,1.6911779806129228,0.5979956011808908,-0.726734020291876
2.069,-0.618,-0.665,-0.907,-0.907,-0.618,0.864,0.769,-0.684,2.069,-0.684,0.769,-0.684,-0.122,-0.937,0.864,-0.684,0.456,-0.937,-0.937,-0.618,-0.907,-0.122,2.069,-0.684,-0.665,-0.122,-0.907,-0.937,-0.665,0.864,2.069,-0.937,-0.665,-0.665,2.069,-0.665,0.769,2.069,2.069,-0.618,0.864,-0.907,-0.618,0.864,-0.665,2.069,2.0522147451983956,-0.665,0.769,-0.907,-0.6796451757541078,-0.937,0.456,2.1129388333870955,-0.618,-0.946231790284804,2.139438084414748,0.864,-0.6447743502095417,-0.9181488988837773,0.44455014172664226,-0.6071074050193945
0.075,-0.57,0.961,0.075,-0.481,1.782,-0.378,1.782,0.585,-0.378,0.961,0.725,0.725,-0.389,-0.378,-0.378,0.075,0.725,-0.481,0.961,-0.428,-0.378,-0.57,-0.481,0.725,-0.428,-0.428,-0.481,-0.428,-0.378,-0.378,0.075,1.782,-0.378,0.075,-0.389,-0.378,-0.481,0.961,-0.481,1.782,1.782,1.782,1.782,1.782,-0.428,0.961,-0.481,-0.389,-0.57,1.782,-0.44140814639495674,-0.4025210623903118,-0.378,1.76944085362001,0.9490436593098698,-0.49365770129916525,-0.4709852032925677,1.8094097882093148,-0.4443725476207392,1.8389150896884463,-0.3899376250166819,-0.3954914821367293
-1.063,0.208,-0.78,0.208,-0.537,-0.662,-0.823,-0.717,-0.537,1.451,-0.823,0.208,1.451,1.451,0.208,-0.662,-0.823,-0.791,-0.823,-0.662,-1.063,0.208,0.208,-0.717,-1.063,0.208,-0.823,-1.063,-0.537,-0.791,-0.537,-0.791,1.451,-0.717,-0.823,-1.063,-1.063,-0.537,-0.823,-0.78,-1.063,-0.78,-1.063,-0.537,-0.823,-0.791,1.451,-0.662,-0.6749096963827746,-0.717,-0.8100410733929356,-0.78,-1.063,-0.7387503108419757,-0.6911919356752672,-0.7825553591913558,-0.7934688629702117,1.4404632474100432,-0.7370852881925395,-0.6907447665743877,-0.537,-0.8311341746273997,-0.6256871934052981,-0.6447699420428
-1.092,1.256,1.256,0.196,-1.092,-1.092,-0.98,-1.237,-0.049,-0.049,-0.98,-0.98,-0.329,-1.237,-0.329,-0.957,1.256,-0.386,-0.686,1.256,-0.957,-0.98,-0.386,-0.98,-1.237,1.256,-0.686,-0.98,-1.092,1.256,-1.092,-0.957,-0.957,-0.049,-1.237,0.196,-1.092,-1.237,-1.237,-0.957,-1.092,-1.237,-1.092,-0.686,-0.686,-0.686,-1.237,0.196,-0.98,-0.957,0.196,-0.386,-1.092,-1.1048770467952647,0.1891226430661696,-0.686,1.256,-0.7025951486100497,-0.98,0.23694289077451752,-1.237,-0.3983373083161446,-0.9665589859871229,-0.6664911078268771,-0.049,-1.254150157506493,-0.9187710330020695,-0.9937037139941042,-0.34425832231795206,-1.2314997661804277
-1.433,-1.433,-0.431,0.503,-0.431,-0.752,0.609,-0.431,-0.752,0.233,0.609,-0.605,0.609,-0.894,-0.752,0.498,-0.431,-0.894,-0.431,-1.433,0.233,-0.752,-1.433,-1.433,-1.433,-0.431,0.067,-0.752,-1.433,0.498,-0.894,-1.433,-1.433,-1.433,0.498,0.067,-0.752,-0.752,-0.605,0.503,-0.431,-0.894,0.067,0.233,-1.433,0.503,0.609,-1.4458625220899752,0.5953012747993897,-0.605,-0.752,0.21893976311153088,0.498,-0.7643844439940095,-0.894,-0.431,0.629762573675138,-1.411671214592171,0.24687653554481298
0.574,0.512,-0.909,0.364,1.987,0.574,0.574,0.405,0.574,1.143,1.143,1.143,1.987,1.987,-0.467,0.364,0.574,0.574,-0.467,1.987,-0.909,0.405,-0.909,-0.909,-0.149,1.143,0.405,1.987,0.574,-0.467,-0.467,1.987,-0.149,0.405,0.074,-0.467,0.074,1.987,-0.909,0.074,-0.909,1.143,0.512,1.143,0.574,1.12668823104583,1.1591040375093533,1.192218247282999,0.405,-0.467,-0.149,1.2190358578045462,1.987,-0.1636859022421244,-0.142037328442221,0.3885784749707047,-0.11893414747026719,-0.909,0.074
1.457,-0.938,0.942,1.457,-0.938,1.953,-0.938,-0.388,-0.388,-0.22,1.341,-0.938,-0.532,-0.938,-0.532,-0.22,-0.532,-0.532,0.942,1.953,1.953,-0.388,1.953,1.341,-0.386,-0.22,1.953,-0.938,-0.938,-0.938,-0.22,1.457,1.341,1.341,0.942,-0.938,0.942,-0.938,-0.532,0.942,-0.386,-0.938,-0.532,1.953,1.953,-0.228,-0.938,-0.938,1.341,-0.388,0.942,-0.22,1.327638749367448,0.9275534013890777,-0.938,0.9507391977243508,-0.386,-0.9455317031227537,1.457,-0.532,-0.9204923006986536,1.4406797245774294,-0.5414214066915274,0.9906483101852491
-0.108,1.085,-0.052,-0.148,-0.846,-0.383,0.531,-0.383,1.085,-0.052,-0.383,-0.846,-0.383,-0.967,-0.967,-0.846,1.058,1.058,-0.846,-0.967,-0.108,-0.846,1.058,0.032,-0.108,-0.846,-0.967,-0.383,0.032,1.085,1.058,-0.967,0.531,-0.967,-0.383,-0.108,-0.052,0.032,-0.383,-0.383,1.085,0.531,-0.383,-0.148,-0.846,-0.383,0.531,-0.3948391098828568,1.085,-0.967,1.0668127351566523,-0.15437480827545094,-0.9765335078305867,1.1056339818363685,1.1306674338411267,0.5182412328500359,-0.10734656846607565,0.032,1.058,0.006180727859434004,0.03558585192174548
1.001,0.021,-0.857,-0.684,-0.684,1.399,0.718,1.014,0.021,-0.857,-0.684,-0.684,1.399,-0.047,-0.684,1.014,-0.047,1.399,-0.857,1.001,1.001,0.021,1.066,1.399,0.718,0.718,0.021,0.718,0.718,-0.857,0.021,0.718,1.014,0.021,1.066,1.066,-0.047,0.718,0.718,0.718,1.399,-0.857,1.3801960548049426,1.066,-0.684,0.021,-0.047,1.014,1.0581769278416564,-0.6993119114828559,1.405056428387529,0.708558034808621,0.7195394279768094,0.01169982859957487
0.697,-0.778,-0.646,-0.529,-0.734,-0.734,-0.778,-0.646,-0.533,-0.529,-1.116,-0.848,-0.891,-0.646,-0.529,-0.533,-0.848,-0.404,-0.529,-0.848,-0.533,-0.778,-0.404,-0.404,-0.529,-0.734,-0.529,-1.116,-0.533,0.697,-0.529,-0.404,-0.734,-0.646,-0.891,-0.533,-0.891,-0.891,-0.848,-1.116,-0.778,0.697,-1.116,-0.646,-0.848,-0.778,-0.848,-0.529,-1.116,-0.848,-0.529,-0.734,-1.116,-0.646,-1.1332765427147693,-0.5388416742544271,-0.6562305428445188,-0.848,-0.6258327283790187,-0.778,-0.5741580883804369,-0.404,-0.7889981937864029,-0.891,-0.533,-1.077308088622248,-0.5342649932126198,0.697,-0.4973444498959043
2.551,1.162,-0.825,-0.904,-1.026,-0.925,-0.996,-0.825,-0.825,1.162,-0.825,1.162,-0.925,-0.825,2.551,-0.609,2.551,-0.825,-1.026,-1.026,-0.996,-0.904,-0.609,1.162,-0.825,2.551,1.162,-0.904,2.551,0.325,-0.996,2.551,2.551,2.551,-0.925,-0.825,-0.904,-1.026,-0.925,2.551,-0.825,-1.026,-0.681,-0.681,0.325,-0.681,-0.825,-0.904,-0.996,-0.609,-0.996,-0.681,-1.0091401528075101,-0.6951929773518079,-0.825,-0.9802940095796945,-0.6244223148530491,-0.904,-0.9310308409328574,-0.9428438482492745,1.162,-0.8402524669706198,-0.5884971192155825,1.149710690481283
-0.175,1.085,-1.194,0.607,-0.092,1.085,-0.316,-0.465,-0.092,-1.194,-0.316,1.085,-1.194,-1.194,-0.175,1.085,-0.473,0.607,1.085,-0.473,-0.175,-0.473,0.679,0.607,-0.175,-0.175,-0.465,-0.175,-0.316,-0.175,0.607,-0.906,-1.194,-0.473,-1.194,1.085,-0.473,1.085,-0.906,0.679,-0.906,-0.906,-0.175,-0.465,-0.4769199140791633,1.085,-0.092,-0.316,-0.473,-0.11149764791149899,-0.906,-0.4858879613468078,-0.3300556998124417,-0.28849270968557544,-0.04738040348869619,-0.2454636047084908,-0.45814982207705884,1.070586470706509,0.607,0.679
-0.824,-0.64,1.641,0.323,-0.133,1.641,-0.913,0.974,-0.913,-0.64,0.974,-0.476,-0.476,1.641,-0.64,-0.913,-0.913,1.641,-0.913,0.323,0.323,-0.251,-0.133,0.323,-0.133,0.974,0.675,-0.133,-0.133,-0.133,0.675,-0.64,0.974,-0.913,0.974,0.675,-0.824,-0.64,-0.824,0.675,0.974,-0.824,-0.476,1.641,0.974,-0.913,-0.913,1.641,-0.913,-0.913,1.641,-0.133,-0.913,0.323,-0.64,0.308003236047009,-0.133,0.3447287383241883,-0.913,-0.476,-0.6546378736963312,-0.49521291389331457,-0.251,-0.6284114636421493,-0.45790713125464766,-0.4246436362590692
-0.971,-0.971,-0.413,-0.413,-0.413,0.38,0.984,1.826,0.38,0.38,-0.413,0.38,0.38,-0.825,-0.413,0.477,1.826,1.826,0.984,-0.971,0.984,0.444,0.884,1.826,-0.971,0.984,1.826,0.198,-0.971,1.826,-0.413,0.38,-0.825,-0.413,0.38,-0.825,-0.413,0.38,0.884,0.38,0.198,1.826,0.38,0.984,0.884,-0.825,0.477,-0.841944055423419,-0.971,0.970703778978532,0.444,0.3670835482965414,0.4255361260297882,-0.413,1.0108788301264902,0.4422057405131525,1.0566010875451353
-0.221,-0.234,0.61,0.149,-0.632,-0.646,0.61,0.606,-0.234,2.079,2.079,0.61,-0.234,0.606,0.93,-0.646,2.079,-0.646,1.79,2.079,0.606,1.79,-0.632,1.79,2.079,-0.221,0.93,-0.632,2.079,0.93,-0.221,1.79,-0.234,-0.234,0.61,2.079,-0.234,0.149,-0.234,1.79,1.79,-0.221,0.61,-0.234,0.61,-0.632,-0.632,1.79,0.61,2.079,1.7755024649987,-0.234,1.8137909661948728,2.0639633112712157,0.149,-0.221,0.93,-0.646,0.9194284849180028,-0.6504304532791572,-0.23594227918163926,-0.5931479635273159,-0.18758359527641036,1.861748561223959,2.0991447408011767,-0.24700080126974852
-0.484,-0.484,1.203,-0.423,-0.423,-0.423,1.203,-0.433,-0.433,-0.423,0.121,-1.029,0.121,0.149,0.412,1.203,-0.874,0.929,-1.029,-1.029,-1.029,-0.874,1.203,-0.484,0.149,0.149,-0.874,-0.423,-0.484,0.929,0.149,-1.029,-0.874,-1.029,-0.423,-0.433,0.121,-0.433,-0.433,-0.874,-1.029,1.203,0.149,-0.484,-1.029,0.412,-0.874,0.14186091152377373,0.121,0.17579898267699648,0.10991199041267201,-0.433,-0.45179008062757786,0.20237360134476173,-1.035997003566954,0.929,0.21732479059974702,0.21979858516327425
-0.658,-0.838,1.564,-0.838,-0.49,-0.842,-0.658,1.564,1.564,1.564,-0.349,-0.349,0.444,0.739,0.444,1.08,0.739,-0.349,-0.842,1.08,-0.349,0.739,1.08,-0.349,0.444,-0.349,-0.842,-0.658,0.739,-0.349,-0.658,1.08,-0.842,0.739,1.564,0.739,-0.838,1.564,0.739,-0.349,-0.49,-0.349,-0.658,-0.838,1.564,0.739,-0.49,0.444,-0.838,1.564,-0.8509201352151146,0.7235329022438088,0.7640582786015722,0.43273906088452624,0.0,-0.842,1.5534815839536322,-0.658,-0.6798965709767217
-0.184,0.398,-0.82,0.364,-1.125,-0.736,1.219,-1.125,1.219,-0.468,-0.909,-1.125,-0.909,-0.184,-0.184,1.024,1.024,1.219,-0.909,-0.82,-0.736,1.024,0.364,0.364,0.398,-1.125,-1.125,-0.184,-0.909,-0.736,0.398,-0.184,-0.909,-0.909,-0.909,-0.82,0.364,-0.468,0.398,-0.736,-0.184,-1.125,-1.1368497750045277,1.219,1.024,-0.195464639613795,1.2022258190692168,-0.82,-0.909,1.2333040659458336,1.2834992876633011,-0.736,-0.8327862554578572,-0.8051579197314535,-0.468
0.814,-1.056,-0.708,1.748,0.287,-0.409,1.748,1.292,0.814,1.748,1.292,1.748,1.748,0.287,0.287,0.802,0.287,1.292,0.802,0.802,0.049,-1.056,1.748,1.292,-1.056,0.814,-0.409,0.814,0.53,0.814,1.748,-0.708,0.287,0.814,0.287,1.292,-0.708,0.287,0.287,-0.708,-1.056,-0.708,0.049,0.814,0.802,1.292,0.049,0.814,-1.056,-0.708,0.802,0.287,-0.708,-0.708,1.292,1.748,0.814,1.7281711264565809,-0.409,0.802,0.53,-0.4188972152728363,0.7989111439531411,-0.7208485153592153,1.7707015005866324,0.78809929526603
-0.003,-0.003,-0.963,-0.518,-0.963,0.529,-1.081,-0.313,0.599,0.529,-0.313,2.185,-0.908,-0.313,-0.908,2.185,2.185,0.599,-0.675,-1.081,0.599,0.599,-0.908,-0.963,-1.081,-0.675,-0.003,-0.963,0.529,-0.963,0.599,-1.081,0.529,2.185,2.185,0.599,-0.963,0.599,-1.081,-0.963,-0.518,-0.908,-1.081,0.529,-0.908,2.185,-0.518,-0.003,-0.02249861473367627,-0.518,-0.539210754396976,2.185,-0.5108224035841693,0.529,0.599,-0.908,0.5894092406642151,0.5067956055648545,-0.47638287736112106,0.0250544659744696,0.521704147914033,-0.675,-0.4453954170681687
-0.676,1.4,1.4,-0.224,-0.039,-0.039,-0.893,-0.224,-0.817,1.4,-0.224,-1.105,-0.676,1.4,-1.105,-0.893,-0.039,-0.817,1.4,-0.817,-1.105,-0.196,-0.41,-1.105,-0.893,-0.039,-0.039,-0.893,-0.196,-0.039,1.4,-0.893,-0.196,1.4,1.4,-0.676,1.4,-1.105,-0.196,-1.105,-0.196,-0.817,-0.21022665668343676,-0.1498878346581266,-0.10770679942122131,-0.039,-0.224,-0.058124970155468206,0.0,-1.105,-1.1196497700949846,-0.05231448312919028,-0.676,-0.015038841068976582,-0.8308254732909306,0.00961746805801458,-0.41,-0.03205399980952148,-0.01581206551957648
-0.373,-0.742,-0.373,-0.384,0.744,-1.02,2.265,2.265,-0.373,-0.742,2.265,2.265,-1.233,-0.737,0.744,-0.384,-0.373,-1.02,-0.737,2.265,-1.02,-1.233,0.744,-0.384,-0.373,-1.233,-1.233,-0.745,-0.742,0.364,-1.233,-1.233,-0.737,-1.02,-1.02,-0.745,2.265,2.265,0.364,2.265,-0.737,-0.745,2.265,2.265,-1.02,-1.233,-0.384,-0.745,-0.39636275626764245,-0.742,-1.0325322742983403,-0.7590268776289599,-0.37174204305114583,-0.737,-0.34375451210428276,0.364,-0.7425796371903017,0.3421651048447353
-0.631,-0.203,-0.096,-0.845,0.136,-0.631,-0.159,-0.83,0.87,-0.093,0.87,-0.159,-0.845,-0.159,-0.83,-0.113,-0.159,-0.845,-0.093,-0.093,-0.096,-0.093,-0.159,-0.203,0.136,-0.631,-0.159,0.136,0.87,-0.093,-0.631,0.136,0.136,-0.096,0.87,0.136,-0.093,-0.845,-0.093,-0.159,-0.83,-0.096,-0.83,-0.093,-0.83,-0.093,-0.159,-0.096,0.87,0.8452449901187864,0.8836492417728324,-0.845,-0.8437932160441038,-0.10559028661985509,-0.203,-0.11308435330143929,-0.065954234985698,-0.631
-1.113,0.245,-0.925,-0.631,1.3,1.54,0.245,-0.496,-0.562,1.944,-0.562,1.3,1.944,-0.562,1.3,1.54,1.944,-0.631,-1.113,1.54,-1.219,1.944,-1.219,-0.562,-1.113,-1.113,-1.113,-1.219,-0.925,0.245,-0.562,-0.925,-0.631,1.3,-0.562,-1.219,-0.496,1.944,-1.219,1.3,-1.219,1.3,0.245,-1.113,1.944,-1.113,1.54,-1.219,-0.925,-0.562,-0.562,-0.925,1.54,-1.113,0.245,-0.496,1.944,1.932037928825976,0.245,-0.562,-1.113,-0.496,1.54,1.3,-0.5117725339321756,0.23144322444892265,1.2833731722497568,-0.5796188115640207,0.27624705064715205,-1.219,0.3020907477939189,-0.631
1.053,-1.131,-1.131,-0.597,-1.02,-0.529,-1.131,1.65,1.289,-0.037,-1.131,0.404,-1.02,-0.597,0.243,-1.131,1.289,-1.02,0.243,1.65,-0.597,1.289,-1.02,-1.131,1.053,0.243,0.243,-0.037,1.65,1.053,-0.597,-0.037,0.243,-1.131,-1.02,-1.02,-1.131,-0.037,-0.597,-0.037,-0.597,-0.037,-1.131,0.243,-1.02,1.289,0.404,-0.529,1.289,1.65,-1.02,-1.131,1.65,0.243,-0.037,-1.02,1.6288526882678933,1.289,1.053,1.0388037337553604,-1.1494027333521715,-0.050641981567863356,0.22424174740753594,1.6638059100501608,0.404,-0.529,0.26193852435147796,1.2735838646501978
0.376,-0.297,-0.124,-0.759,-0.918,-0.124,-0.698,-0.47,-0.47,-1.045,-0.918,-0.809,-0.698,-0.918,1.396,1.396,-0.918,-0.918,-0.918,-0.759,-0.759,1.396,-0.297,-0.47,-1.045,-0.47,-0.124,-1.045,-0.809,-1.045,-0.297,-0.918,-1.045,-0.759,-0.124,-0.698,-0.918,-0.809,-0.809,0.376,-0.47,1.396,-0.297,-0.3179640442165244,-0.29779466903460994,1.396,0.376,0.3559197033037264,-0.759,-0.47,-0.124,-0.698,-0.7730625180139507,-1.045,-0.48171713295172675,-0.7264016670166528
-1.144,-0.199,-0.834,0.764,-0.834,-1.144,1.99,0.695,1.99,0.764,-0.014,-0.795,-0.199,1.99,0.978,-0.795,-1.144,0.083,-0.014,-1.144,1.99,1.99,-0.834,-0.199,-0.199,0.764,1.99,-1.144,-0.199,0.978,-0.834,0.978,-0.795,-1.144,-0.795,0.083,-0.014,0.695,-1.144,0.978,-0.014,-0.199,1.99,0.764,0.978,-0.795,-0.199,-0.014,-0.199,-0.795,0.083,0.978,-0.21017780058822805,-0.14870338443730227,-1.144,0.764,0.695,-0.028876146303843074,-1.1559524869565734,-0.834,0.7578250662964136,1.99
-0.561,-0.561,0.309,0.228,0.25,0.228,0.228,-0.674,-0.821,-0.561,0.25,0.309,-0.561,0.25,-0.52,-0.821,-0.561,0.686,-0.52,0.686,0.228,0.25,0.25,-0.586,0.25,0.228,-0.561,0.25,0.25,-0.674,-0.52,0.25,0.686,0.309,0.25,-0.821,0.228,-0.821,0.228,0.228,-0.52,-0.586,0.309,-0.069,0.25,-0.821,-0.52,-0.069,-0.8350857575254128,-0.561,0.228,-0.8010947528899072,0.686,-0.7730088406568629,-0.586,0.25,-0.08635173358184625,-0.6017005238794684,-0.571150168435616,-0.05837104968105309,0.309,0.29260219084443295
0.176,0.176,-0.27,-0.27,0.839,-1.206,0.176,0.839,-0.8,-1.206,0.839,0.839,-1.206,-0.27,-0.441,-0.27,-0.441,-1.206,-0.198,-1.206,-0.839,-0.27,-0.8,0.188,-0.287,-0.8,0.188,0.839,0.839,-0.287,-0.839,0.176,0.176,-1.206,0.839,-0.839,-0.287,-0.287,0.188,-0.839,-1.206,-0.839,0.188,-0.287,0.839,0.8175565374867643,-0.29727674870426185,0.17816472778231274,-1.206,-0.441,-1.222668386114444,-0.8,0.2053051031254074,-0.27,-0.839,-0.45560722550539545
-0.342,1.204,-0.342,-1.078,0.294,1.131,1.132,-1.078,-1.195,-1.195,-1.078,1.131,0.218,-1.195,1.204,0.294,1.131,1.204,2.642,1.132,1.132,1.132,2.642,2.642,-1.078,2.642,-0.342,1.204,2.642,0.294,0.294,1.132,0.218,-1.195,0.294,2.642,1.204,-1.195,1.131,0.294,-1.078,1.131,-1.195,0.294,2.642,0.294,-1.078,-1.195,2.642,-0.342,-1.2130104405338928,-1.0891357122421663,1.131,0.2795653195996771,1.1199098474867981,-0.3533856570314719,1.204,0.218,2.6280506743552596
-1.149,-1.149,-0.076,-1.086,-0.998,2.049,-1.086,0.103,2.049,0.683,2.049,-0.822,-0.076,-0.998,0.444,-0.822,-1.149,-1.086,-0.998,-1.149,-0.998,0.683,-0.998,-1.086,2.049,-1.086,2.049,2.049,0.683,-0.076,-1.086,2.049,-0.076,2.049,0.183,-0.998,0.183,-0.822,2.049,-1.149,-0.998,2.049,-0.076,-1.149,-0.076,-0.076,-0.076,0.103,2.049,2.049,0.683,2.049,0.444,-0.998,-1.0129401047568347,0.183,-0.9789768523297794,-1.149,-0.076,2.0368425699584876,-0.9346220564247434,0.683,2.080732216517826,-1.1592946585878547,-1.1324958258603146,0.6690217503816829,2.1198776163062965,-1.084914208798391,0.4335763916426857
1.066,1.565,0.31,-0.074,0.31,-0.381,0.021,1.565,1.565,1.565,-0.381,-0.072,1.401,1.401,1.565,-0.381,1.066,0.021,0.172,0.172,-0.072,0.831,-0.072,-0.074,0.021,1.401,1.565,0.831,0.831,0.021,1.066,1.565,-0.072,-0.074,0.831,1.066,0.021,0.831,1.066,1.565,0.831,1.401,-0.381,-0.072,0.172,-0.381,1.565,0.31,-0.072,-0.074,-0.08811798259036632,0.021,-0.08556926786466383,0.002461962098763936,-0.381,1.401,0.172,1.5536767550686965,1.3846494076475484,1.066
-1.152,-0.662,-0.129,-0.395,0.146,-0.395,1.908,-0.338,-0.662,-0.356,0.597,1.908,0.897,0.897,-1.152,-0.395,-0.338,0.146,-0.129,1.908,-0.129,1.908,1.908,1.908,-1.152,0.897,-1.152,-0.129,-0.129,1.908,0.597,-1.152,-0.662,-0.356,1.908,1.908,-0.356,1.908,-0.395,-0.395,-0.395,0.597,-0.395,-0.338,-0.356,1.908,0.597,-1.152,0.897,0.580119900660351,0.6154966765513509,-1.165974465429435,0.146,0.8839894216383409,-0.338,-0.662,-0.3702241177074897
-0.364,-0.917,-0.917,-0.364,0.078,0.078,1.243,0.3,-0.49,1.306,1.243,1.243,-0.364,1.243,1.243,0.078,1.306,0.078,0.02,0.3,0.3,-0.364,0.3,1.919,0.078,0.3,0.078,0.078,-0.49,0.02,1.243,0.3,-0.49,-0.917,1.243,-0.364,1.919,1.243,-0.364,1.919,-0.364,1.243,0.078,-0.917,0.3,1.243,1.919,-0.917,0.3,0.02,-0.364,-0.917,1.306,1.306,1.919,1.243,0.078,1.919,-0.917,0.02,0.02,-0.364,1.919,0.078,0.05673437956704416,1.306,1.2760996954920931,1.909186372720388,-0.49,0.0786854507045727,0.3,1.243,1.243,0.2880271128237552,-0.917,-0.5066976370812651
2.438,0.132,0.386,0.435,0.435,0.827,-0.647,2.438,0.435,-0.647,0.761,0.177,0.435,2.438,0.132,0.132,0.435,2.438,0.386,1.0,0.177,1.0,0.177,0.132,0.827,-0.647,0.435,0.435,0.435,1.0,0.132,0.761,0.827,-0.657,2.438,0.386,0.827,2.438,2.438,0.435,1.0,1.0,-0.657,0.132,2.438,0.132,0.435,1.0,0.435,0.761,0.386,0.3674609229366461,2.438,-0.657,2.4251491359139394,0.9885396745339263,0.42357123412685127,1.0392205288438745,0.45794787796121506
-0.062,-0.735,-1.226,1.33,-0.062,1.33,-0.916,-0.906,-0.916,-1.175,-1.226,-1.175,1.33,-1.226,-0.197,1.33,-0.916,-0.197,1.341,-1.226,-1.226,-0.916,1.341,-0.062,-1.175,-0.735,0.416,-1.175,-0.916,1.33,1.33,-1.175,-1.226,-0.906,-0.906,-1.226,-1.226,-0.197,-1.175,-0.916,-0.906,1.341,-1.175,-0.735,-0.197,1.341,-0.197,-0.916,-0.197,-1.175,1.341,1.33,-0.197,-1.175,1.3175916592341246,0.416,-0.062,-1.226,-0.0777137033651694,-0.735,-0.7518623451741573,-0.6880304415639567,1.3588162054225204,-1.1908686520384966,0.40022626619643137
-0.405,1.128,0.257,1.128,1.128,-0.629,0.666,0.666,-0.802,0.257,0.666,-0.019,-0.019,0.666,0.666,-0.629,-0.629,-0.992,1.358,-0.629,-0.019,1.128,1.128,-0.992,-0.802,0.416,0.257,-0.629,1.128,-0.992,-0.019,0.666,0.666,1.358,-0.629,1.128,-0.802,-0.802,-0.992,-0.019,1.128,-0.992,-0.629,0.257,-0.992,0.416,1.358,1.358,0.666,-0.405,0.257,1.128,1.109322657737599,-0.629,0.416,-0.6447169197307648,-0.992,0.2455596277374681,-0.019,-0.602908931728567,0.39998644985618537,-0.802,0.28539196608943324,-0.03148917186239572,0.45002130980780863,1.1334899457545073,0.0003525456505287846
1.776,-1.243,-0.639,-0.639,0.494,-0.179,-0.726,0.367,1.776,-0.726,-1.243,0.367,1.423,-1.243,-0.009,1.423,0.494,1.423,0.494,-0.009,1.423,0.367,-0.392,1.423,-1.243,1.423,-0.639,0.367,0.494,-0.726,-1.243,-0.009,-0.726,0.367,0.367,-1.243,-0.392,1.776,-1.243,1.776,1.423,0.367,-0.392,0.494,1.776,-0.639,1.7625941271307877,-0.009,-0.02705297192862008,-1.243,-0.4089637742311349,-0.726,-0.6551147679742759,1.423,1.7748817713084588,1.4096588259428302,0.47923144146032265,-0.737574692181396,-0.179
-0.596,0.995,0.995,0.921,1.584,0.894,1.584,0.894,0.056,0.921,1.033,-0.596,1.842,0.056,-0.648,1.584,1.842,0.894,0.894,1.145,1.842,1.033,0.056,-0.596,-0.648,1.145,1.033,0.995,1.145,0.921,0.894,1.033,1.842,1.033,1.584,0.056,-0.648,1.584,0.056,1.033,0.995,1.584,0.995,1.842,1.842,0.995,1.145,-0.596,0.894,0.056,1.8301865239608204,0.9813735876727002,-0.648,1.584,1.0165015143436935,1.5718213659745153,0.921,0.880058177928794,0.9136177059190941,1.6028978148160948,0.9073718523592887,1.645061804901718,1.8689474525793666,0.03990095202406739,1.1357381049494197,1.6645401961109738,-0.6078747335308041
-0.907,0.668,0.973,-0.648,-1.241,0.668,-1.241,-0.907,-1.005,0.973,0.254,-0.907,0.254,0.441,-1.005,0.254,-1.241,0.254,-1.005,0.254,-1.241,-0.648,-1.241,-1.241,-1.005,0.254,-0.907,-1.241,-1.005,0.668,0.254,-0.417,-1.241,-1.241,-0.648,-0.907,-0.648,-1.005,-0.417,-1.241,0.254,0.973,0.254,0.254,0.444,-1.005,0.973,0.254,0.668,0.668,-1.241,-1.005,0.973,0.9585314914078954,0.444,0.4222868236670581,-0.907,-1.005,-1.241,0.9915213592164441,-1.0138544188712373,1.0177305382761226,-0.9202485547393444,0.254,0.441,-0.8835347131855569,-0.8720698688458595,0.46373510074035806,0.4294708470709487
0.082,-0.73,-1.019,-1.305,-1.019,-0.73,-1.019,-0.73,-1.019,-1.305,-1.049,-1.305,1.253,-1.305,-0.601,0.867,0.867,0.082,1.253,0.211,-0.601,-0.627,0.211,-1.049,-1.049,0.211,-0.627,0.211,-0.73,-1.305,0.211,0.211,-0.627,1.253,-1.305,-1.049,-0.73,0.211,-1.019,0.082,0.211,-1.305,-0.601,-1.049,-1.049,-0.73,-1.305,-0.627,-0.73,1.253,1.253,-1.305,-1.319769588369513,-0.73,-0.627,-0.7459844683737248,-1.2860781672373396,-0.63900591911601,1.253,-0.6140037938493663,-1.2518168844539308,-1.2099962056056865,-1.019,0.082,0.07310763605669238,1.2393561763033214,-1.049,-0.7252791115657953,0.867,-0.5879256304279438
-1.371,-0.038,-0.548,1.544,1.914,2.013,-1.371,0.043,0.235,0.235,1.544,1.914,-1.371,1.544,2.013,1.914,-0.038,1.914,-0.548,-0.909,-0.909,-1.371,1.914,1.914,-0.909,1.544,-0.063,-0.038,0.043,-0.909,1.544,-1.371,1.544,-0.038,-0.909,-0.548,0.043,0.235,-0.063,-0.909,0.043,-1.371,-0.038,1.544,2.013,-1.371,-1.371,2.013,2.013,-0.063,-0.038,-1.371,-0.063,0.235,-0.08083302186354238,-0.038,1.914,0.2237506948197655,-0.909,0.043,-0.926005708080495,2.013,1.900270996445642,0.23511544731075845,1.9976315743042004,-0.04815541416740868,-0.548
0.886,-0.219,1.871,0.353,1.447,-0.593,-0.688,1.447,-0.593,-0.219,1.447,0.353,0.353,1.871,-0.219,-0.219,0.035,1.351,1.351,-0.593,-0.219,1.447,-0.688,1.351,1.351,1.447,1.351,1.871,0.455,-0.688,1.447,-0.688,1.351,0.035,1.871,1.871,-0.219,-0.219,-0.219,-0.219,-0.219,0.886,-0.688,0.035,1.871,-0.593,0.455,1.447,-0.688,-0.593,1.871,0.353,1.351,1.351,0.455,1.3362635149980762,1.447,1.3737278564906192,1.4095975222865762,0.353,1.4340513811912987,0.3434943277530449,0.3654810757099555,0.4076167357493425,-0.593,1.871,-0.219
-0.962,0.418,1.197,-0.146,0.782,1.197,1.374,-0.146,0.666,1.197,1.374,0.418,1.197,1.374,-1.057,-1.0,-1.057,0.666,-1.0,0.418,0.418,0.782,-1.0,0.666,-1.057,-0.962,1.374,-1.057,-0.962,-1.0,-0.962,0.782,0.017,-0.146,0.666,0.017,-1.057,0.666,0.017,1.197,-0.146,-1.0,-0.146,0.418,0.017,0.017,-1.0,-0.146,-1.0,1.374,-0.16166513660449866,-1.013999359220368,-0.962,-0.9815626696413281,-0.994463010858692,-0.12352402412993299,1.197,0.782,1.3661683401131017,0.7695614186655879,-1.057,-1.0779936666314043,1.1808390116078953,0.666
-0.898,1.097,-0.898,-0.955,1.299,-0.893,1.097,0.795,1.619,-0.955,0.795,-0.643,-0.898,-0.568,-0.693,-0.568,1.299,-0.898,-0.643,-0.643,-0.568,1.097,1.299,0.795,1.619,-0.955,-0.568,-0.568,-0.898,-0.898,-0.898,-0.568,-0.643,1.097,-0.893,1.299,1.097,-0.955,0.795,-0.893,-0.693,-0.898,1.619,-0.568,-0.898,-0.693,-0.893,-0.693,1.619,-0.643,-0.643,-0.568,1.299,1.2801753849000832,-0.568,1.327895493923473,-0.5814764185158261,-0.643,1.097,-0.898,1.371932725384499,1.085784631724149,1.129643501033572,1.619,1.3846057136993413
0.231,0.521,0.231,0.172,0.172,-0.876,2.069,0.102,0.521,0.172,-0.956,-0.146,0.79,-0.876,-0.956,0.172,0.102,-0.956,0.102,-0.876,0.79,2.069,2.069,0.172,-0.146,-0.876,0.79,-0.146,2.069,2.069,-0.876,0.688,-0.956,0.102,2.069,0.172,0.102,0.79,2.069,0.688,0.231,-0.876,0.688,2.069,-0.956,-0.146,2.069,-0.146,0.521,0.79,0.769653996339612,0.5120471439890554,-0.876,0.7903241079267225,0.231,0.102,-0.8942483881015956,-0.15593058376801588,2.069,-0.956
0.136,-1.362,-0.795,-1.362,-1.362,0.898,-0.766,-1.087,0.136,-1.362,-0.699,-1.087,-0.321,-1.087,-0.795,-1.362,-0.981,-1.087,-0.727,-0.727,-0.699,-0.766,-0.766,-0.699,-1.362,-1.362,-0.321,-0.699,-0.981,-0.699,-0.795,-0.727,0.898,0.898,-0.699,-0.795,-0.321,-1.087,-1.362,0.898,-1.087,0.898,-1.362,-0.981,-0.981,-0.766,-1.362,-0.981,-1.362,-0.795,-0.699,-0.981,-0.766,-0.727,0.136,0.898,0.8811949338238068,-1.087,-0.321,-0.7130112067796242,-1.0984568801130192,0.12209582831470761,-0.802588006577929,-0.7736252702558191,-0.772927195211649,0.9522278828256535,-1.362,-1.0552373609284749,-0.9924366231154439
-0.395,-0.788,1.366,1.232,-0.94,-0.739,-0.395,-0.088,-0.739,-0.94,-0.647,1.366,1.232,-0.788,-0.94,-0.088,-0.088,-0.788,1.232,-0.788,-0.739,-0.788,-0.94,-0.395,1.366,-0.94,1.366,-0.647,-0.826,-0.088,-0.395,-0.088,0.137,-0.788,-0.826,1.366,-0.739,1.232,-0.788,-0.826,-0.788,-0.088,-0.826,-0.395,-0.94,0.137,1.232,-0.088,-0.088,-0.395,1.366,-0.088,1.3530910557603277,-0.395,-0.94,-0.40986614967864593,-0.826,0.137,-0.9543906899397772,-0.8916834455799222,-0.8395299204606088,-0.10099263059127697,-0.7799684646886741,1.3990050721545548,1.4367554764770458,-0.7377514193557182,1.4733365743623197,-0.647
-0.768,-1.058,-1.058,-0.768,0.257,-0.768,0.849,-0.681,-0.287,1.152,-1.058,1.152,-0.297,0.257,-0.709,1.152,1.152,-0.681,0.849,-0.287,-0.297,-0.768,-0.681,-0.709,-0.287,-0.297,0.33,-0.297,0.257,-1.058,-0.709,0.849,-1.058,1.152,1.152,-0.287,1.152,0.33,-0.768,0.849,-1.058,-0.297,0.257,-0.297,-0.709,-0.768,-0.31776589329265154,-0.287,-0.681,-0.2961523665204733,0.2467841310985645,-0.2485230349606276,-0.2952619836855478,1.152,-1.058,-0.20954567147164876,-0.7199129615741534,-1.067216094691991,-1.0167250357360786,-0.6752022757184555,-0.9657707390953774
1.552,-0.754,0.782,-0.736,0.692,0.782,-0.782,1.552,-0.45,0.753,-0.782,-0.754,0.782,-0.782,-0.754,-0.736,1.552,-1.002,0.782,0.782,0.028,0.753,-0.754,-1.002,0.692,-1.002,0.692,1.552,-0.736,-1.002,-0.45,-1.002,-0.736,0.692,0.692,0.753,0.028,-0.754,-1.002,0.028,0.692,0.692,-0.782,-0.754,-1.002,-1.0287854317765903,-0.7681132958843544,-0.45,-1.0014673247230428,0.753,0.782,0.7624052100617418,-0.45817550009370767,-0.42020360814393476,-0.9545225329670762,1.552,0.8022112281043379
-1.105,-1.105,-0.734,-0.379,-1.105,1.2,-0.943,-0.943,-0.379,-0.379,1.2,1.2,-0.734,-0.943,0.336,1.251,-1.105,-0.943,-0.379,-0.943,-1.105,-0.379,-0.734,1.251,1.2,-1.105,-0.383,-0.469,-0.734,-0.469,0.336,1.251,-0.403,-0.383,1.2,-0.403,-1.105,-0.383,-1.105,-1.105,-0.734,-0.383,-0.734,-1.105,-0.734,1.251,-0.403,-0.469,-0.383,-0.4191038602839108,-0.943,-0.3855337928997228,-0.322803300590544,1.2,-0.48048178161919436,0.336,-0.2958131377727254,1.182072349998036,-1.105,1.2092216857516722
-0.361,-0.842,-1.172,-0.504,-0.504,-0.918,1.671,1.671,-1.172,-0.842,-0.361,-1.15,-1.15,-1.068,-1.172,-1.068,1.49,-0.361,-1.172,-0.372,1.49,-1.172,-1.15,1.49,-1.15,-1.15,-0.504,1.49,-0.842,-1.172,-0.918,-1.068,-0.918,-0.842,-0.842,-0.361,1.671,-0.918,1.49,-0.918,1.671,-0.361,-1.068,-0.504,-0.842,1.671,-0.361,-1.172,-0.842,1.671,-1.15,-0.918,-0.37464431088743416,-0.3377011627444964,-0.3112748504451782,-1.068,-0.9319729550513933,-0.8839286246840695,-0.8496975260944267,-0.26686970438626745
-1.107,1.607,1.607,-1.107,0.434,-1.117,-1.107,-1.235,-0.29,0.362,-1.235,-0.176,-1.117,-1.235,0.434,-1.235,0.362,-1.235,-1.117,-1.117,-1.107,-1.235,1.607,-0.329,-1.117,-1.235,-0.176,-1.107,-0.29,0.434,1.607,-0.329,-0.29,-1.107,-1.235,-1.117,-0.031,0.434,-0.031,-1.235,-1.117,1.607,1.607,-0.329,1.607,-0.29,0.362,0.3437900304960025,0.434,-1.107,1.607,0.42293050771861357,-1.235,-0.176,-0.031,-0.329,-1.2522721866659772,-1.117,-1.1321726192685975,-1.2301140259064611,-1.1978516282768419,-0.04529735474807766,0.4707372991030533,1.594547568926013,0.5003070474318317,-0.29,0.405209909565317
-1.108,-1.108,-1.281,-0.899,-0.791,-0.86,-0.86,-0.791,-0.482,-1.108,-0.899,-0.86,-0.036,-0.86,-0.899,-0.036,-0.899,-1.281,-1.281,-1.281,-0.036,-1.281,-1.108,-0.348,-0.036,-0.348,-1.281,-1.281,-1.108,-0.791,-0.036,-1.281,-0.036,-0.348,-0.899,-0.899,-0.036,-1.281,0.095,0.095,-1.281,-0.036,-0.482,0.095,-0.86,-0.482,-0.348,0.095,-0.791,-0.036,-1.108,-0.86,-0.899,-1.120025119990755,-1.281,-0.4940234050238501,0.08400275495938175,-1.1001575477050074,0.1300169889834294,-0.8035497746733115,-0.052033663778740316,-1.2929772302165008,0.16909329878103418,-0.020789632638335817
-1.164,1.207,-0.891,1.864,-0.969,-0.639,1.736,1.736,1.207,-0.969,-0.639,-0.891,-1.164,1.736,-0.891,1.736,-0.354,-1.164,1.736,0.322,-1.164,-0.639,-0.639,0.322,1.207,-0.969,-0.891,0.322,-0.354,-1.164,1.283,1.736,1.283,1.207,1.736,-0.891,1.207,1.864,-0.891,0.322,-0.354,0.322,-0.891,-0.969,-0.891,-1.164,1.736,-0.969,1.864,-0.891,-0.891,-1.164,-0.639,1.864,-1.164,-0.354,1.864,-1.164,0.322,1.864,-0.969,-0.891,-0.354,-0.9023485578874623,-1.164,-0.639,1.8559822150704928,-0.9796456930946671,-1.1792517652360626,1.283,1.207,-0.36914478768213543,-1.1435781176915711,1.8931282726451006,-0.8467151690671628,1.194774353306826
1.421,0.853,0.582,-0.669,1.421,1.065,-0.597,-0.595,0.815,-0.597,1.065,0.853,-0.809,1.121,0.815,1.065,0.853,-0.597,0.853,0.582,1.421,-0.595,0.815,0.853,-0.669,1.065,0.853,0.582,0.853,1.121,1.065,0.815,1.065,-0.809,-0.669,-0.669,1.121,0.853,1.065,1.421,-0.809,-0.597,-0.809,-0.597,1.121,1.421,-0.597,0.815,0.7970815186919706,0.8427123697166153,0.582,-0.597,1.065,1.0544598243921062,0.853,1.121,0.8350477858894323,-0.809,1.1123763399427522,1.145552772517226,1.1142446740595073,-0.822922096801272,1.141427127280964
0.64,-1.255,-1.255,0.798,0.798,1.225,-0.668,0.64,-0.005,1.458,-0.668,-0.314,-0.214,0.64,-0.005,-0.005,-0.668,-0.314,1.225,-1.255,-1.255,1.225,-0.314,-0.668,-0.314,-1.255,0.64,0.64,-1.255,0.798,0.798,-1.255,0.64,-1.255,1.458,0.488,1.458,1.458,-0.314,0.64,0.64,-0.005,-1.255,-0.314,-0.314,0.64,0.6229170859249935,0.488,0.6605501021589858,-0.3224870099555065,1.458,-0.668,-0.005,-0.021254876288489318,0.47755913839293407,-0.2733466647055437,-0.2187583558709022,0.7105263279090629,-0.18824567183609126,0.010872550857446352,-0.214,0.5018553919839339,-0.6791870279960094,-0.23275099975514757
0.486,-0.432,1.115,0.486,0.486,-0.947,0.486,-0.496,1.804,-0.947,-0.947,0.09,1.115,0.047,0.486,1.115,0.047,-0.947,-0.432,1.705,0.09,-0.947,-0.947,-0.724,0.047,-0.724,1.705,-0.724,-0.496,1.705,0.486,1.115,0.047,0.486,1.705,1.804,0.047,1.115,0.486,1.804,0.486,1.705,0.486,0.486,-0.432,0.486,-0.724,1.804,1.115,1.804,1.705,1.804,1.115,-0.432,0.047,-0.724,1.804,0.09,1.115,0.486,-0.947,1.705,-0.496,-0.9632586047270184,1.7933900580480626,1.8345908994940243,0.4756336253941411
0.12,-1.065,0.925,-0.067,-0.463,0.925,-0.736,-0.699,-0.736,-0.067,0.527,0.925,-0.699,-0.388,-1.065,-1.065,-0.463,0.925,0.12,-0.151,0.527,-0.388,-1.065,-0.151,0.925,-0.699,0.12,-0.736,-0.388,0.925,-0.067,-0.151,0.12,-0.699,-1.065,-0.388,0.12,0.925,0.527,-0.067,-0.699,-1.065,-0.151,-0.736,0.925,-0.388,-0.699,0.925,-0.067,0.12,0.925,-0.067,-0.067,0.527,-0.067,-1.065,-0.08542287330423674,-0.04563074783261363,-0.388,-0.463,-0.021399693351967154,0.03157355330899932,-0.699,0.925,0.9089928820797674,-0.4000478855286428,0.514879956335517,-0.736,-0.47412974115168877
-0.57,0.872,1.249,-0.524,0.989,-0.57,0.506,-0.57,1.249,0.864,-0.991,-0.524,-1.147,0.872,-1.147,0.864,0.872,0.872,0.872,1.249,0.506,-1.147,0.872,0.989,1.249,0.872,0.864,-1.147,0.864,0.864,0.506,0.872,-1.147,-1.147,0.732,-0.991,-0.57,0.732,0.872,0.872,-0.524,-0.991,-0.524,-0.991,-1.147,-0.991,0.506,0.872,0.732,0.732,0.506,0.506,0.506,0.864,-1.147,-0.524,0.872,1.249,0.49410746051632626,1.2333588475264048,0.989,0.9687111965408431,-1.1574676578710856,-1.1166864212053849,0.8515201758576093,-0.57,1.2618804304877775,0.858832903071604
1.559,-0.871,1.559,0.985,1.281,-0.871,1.912,1.912,-1.042,1.231,-0.256,1.912,-0.256,-1.042,1.281,1.912,-1.042,1.912,1.281,0.985,-1.042,1.231,1.912,1.231,1.281,-1.042,0.452,1.912,1.231,1.912,-0.871,1.231,-0.871,1.281,1.281,1.912,0.206,-1.042,-0.256,1.912,1.559,-0.256,1.281,0.206,-1.042,1.281,1.559,1.559,-1.042,-0.256,-0.871,1.281,-0.8854080013181097,0.452,1.2726195144255887,1.912,1.8937886487808164,1.9129287568076787,-1.042,-0.8379564404503276,-0.8154089525469513,-0.2636576131468539,-1.0617688486036794,-0.2418975599572607,1.9613167970322525
-1.222,1.493,-1.036,0.608,-1.224,0.608,1.262,-1.224,-1.224,-1.036,1.262,1.262,1.493,1.493,-0.244,-1.222,-1.222,-1.036,1.493,1.493,1.493,-1.224,-1.036,1.044,-1.224,-1.224,0.608,1.044,0.608,-0.244,-0.558,1.262,0.608,1.262,-0.719,-1.222,-0.244,-1.222,1.262,-0.719,-1.222,-0.244,-1.222,1.262,-0.558,-1.036,0.608,-1.222,-0.719,1.044,-1.224,-1.222,0.608,-0.719,-0.719,-0.719,-1.222,-0.7316641256390857,-0.7199445696321275,-0.6793325199520923,-0.244,1.262,-0.6378052305317271,-0.6062676216630596,1.242747549972842,0.608,-1.036,1.044,-0.5753288143988438,1.493
-0.517,2.132,2.132,-0.517,-0.493,-0.083,2.132,0.988,0.62,-0.083,-0.888,-0.888,-0.083,-0.083,-0.493,-0.083,-0.705,0.62,0.988,-0.705,0.01,0.62,2.132,1.199,0.01,-0.517,1.199,-0.517,-0.517,-0.888,0.62,-0.083,-0.705,0.988,-0.888,0.988,-0.705,-0.705,0.62,1.199,-0.493,-0.517,-0.888,-0.517,-0.083,0.01,-0.517,1.199,-0.083,-0.517,-0.083,-0.493,1.199,-0.517,0.988,0.01,-0.00399806883587739,-0.5297224812702508,2.132,-0.705,-0.5114765969886083,1.1894956307836677,1.2248115888125064,2.1188010150826178,-0.888,-0.8963941517803162,1.2461922149645563
0.263,-0.16,-0.359,-0.359,-0.482,-0.359,1.135,-0.16,-0.078,-0.482,-0.12,-0.12,0.218,0.263,-0.16,-0.078,-0.482,-0.482,0.512,-0.359,-0.12,-0.12,-0.147,-0.16,-0.16,-0.147,0.512,-0.16,1.135,-0.147,0.512,-0.482,-0.12,-0.147,-0.359,-0.482,1.135,-0.147,0.218,-0.482,0.218,-0.078,-0.078,-0.12,0.263,0.2511811156866252,-0.147,-0.078,-0.13134254009396973,0.512,1.135,-0.15909595918247,0.218,-0.16,0.2944979377880852,0.34156366042585445,-0.08948093312147543,0.20084430848118284,0.5019038658046309
1.13,-0.92,1.135,-0.85,-0.331,1.135,-0.816,1.13,-0.816,-0.331,1.135,-0.816,-0.85,-0.331,-0.849,-0.849,-0.85,-0.92,-0.331,-0.849,-0.92,-0.849,1.13,-0.92,0.876,-0.85,-0.849,-0.849,0.876,1.13,-0.622,-0.622,1.13,-0.331,-0.92,1.135,1.135,-0.622,-0.85,1.13,0.119,-0.622,-0.331,-0.85,0.119,-0.849,-0.92,-0.85,-0.331,-0.8620721986591388,-0.849,-0.816,-0.622,1.13,-0.8635376027809216,-0.34105549143032454,-0.8312170464216834,-0.7904306604291292,0.876
1.443,1.697,1.697,-1.157,-1.058,-0.978,1.443,-0.978,-1.058,-0.978,-1.058,1.443,-1.157,1.697,-0.863,-1.157,1.697,-0.759,-1.157,-0.863,-1.058,-1.058,1.443,-0.759,1.443,-1.058,-1.058,-0.844,-1.157,-0.759,-1.058,-0.58,-0.58,-0.844,-0.58,-0.287,-0.863,-1.157,-0.844,-1.058,1.443,1.443,-0.759,-1.058,-0.863,1.443,-0.863,-0.58,1.697,-1.157,-0.863,-1.058,-0.287,-0.978,-0.844,-0.759,-1.157,-0.863,-1.058,-1.172549399317478,-0.7733885309543715,-0.58,-1.1439800726558849,-0.287,1.443,1.697,-0.5970526693581353,-0.978,-0.5425924623132418,-0.7440482507525675
-0.159,-0.376,-0.376,-0.376,0.395,0.695,-0.376,-0.442,1.327,-0.442,-0.974,0.395,-0.442,1.327,0.395,-0.376,-0.189,0.395,0.395,0.695,-0.974,0.695,0.395,-0.442,-0.974,1.327,-0.974,-0.974,-0.376,-0.442,-0.376,0.695,1.327,1.327,-0.663,-0.663,1.327,-0.663,0.43,-0.442,0.695,0.395,-0.376,0.3796186075612883,0.695,-0.159,0.43,-0.974,-0.442,1.327,-0.3873023544908927,0.3993296524417957,0.4183598875007846,0.6836558549910648,0.4381498638235321,-0.9889948942282777,0.7143898726610558,0.4750971382155749,-0.16870527991891307
-1.049,-0.543,-0.908,-0.543,-0.799,-0.644,-0.996,0.844,-1.049,-0.158,-0.908,-0.749,-0.996,-0.749,-0.158,-0.996,-0.597,-0.543,-0.908,-0.749,-0.908,-0.597,-1.049,0.844,-0.597,-0.543,-1.049,-0.158,-0.158,-1.049,-0.158,-0.543,-0.644,-0.644,-0.799,-0.158,-0.543,0.844,-0.644,-1.049,-0.749,-0.749,-0.644,-1.049,-0.799,-0.996,-0.158,-0.644,-0.597,-0.799,-0.749,-0.7621633539910035,-0.543,-1.049,-0.158,-0.644,-0.5575272262578475,-1.0606423129058533,-0.6604221391755767,-0.597,-0.7153255247196753,-0.799,-0.5239008091192476,-0.908
-1.054,-0.76,-1.407,0.676,-0.403,-1.407,-1.054,-0.76,-0.76,-0.76,-1.407,0.921,0.921,2.302,2.302,0.676,-1.407,-1.054,-1.407,-1.054,-1.054,2.302,-1.407,2.302,-0.583,0.676,2.302,0.676,-1.019,-0.403,-1.019,0.676,-1.407,2.302,-1.019,-1.054,-0.403,0.676,-1.019,0.676,0.585,-0.583,2.302,2.302,0.676,0.6630999971009705,0.921,0.6755322083737827,-0.403,-1.054,-1.019,-0.583,-1.0654667743791284,-0.6034434616986124,-0.4116703065573992
0.301,-0.794,-0.404,-0.715,-0.803,1.488,-0.794,-0.403,-0.715,0.301,-0.366,-0.803,0.301,0.301,-0.864,-0.858,-0.864,-0.858,-0.858,-0.858,1.488,-0.803,-0.404,0.301,1.488,-0.803,-0.366,1.488,-0.794,-0.864,-0.366,0.301,0.301,-0.803,-0.803,-0.404,-0.794,1.488,-0.715,-0.864,-0.803,-0.8159953842687304,-0.715,-0.858,-0.8749662554278487,1.488,-0.403,-0.366,-0.3856001861303174,-0.864,0.301,-0.83722009167689
1.254,-0.557,-0.815,-0.653,0.344,-0.78,-0.78,-0.78,-0.557,-0.557,0.51,0.51,0.463,0.463,-0.815,-0.653,0.51,-0.78,-0.557,1.254,0.4,-0.78,-0.162,-0.653,-0.653,0.463,0.51,-0.653,1.254,-0.557,-0.557,-0.162,0.4,-0.653,-0.78,0.463,0.344,-0.162,-0.78,-0.653,-0.78,-0.653,-0.815,-0.557,-0.162,-0.78,0.51,1.254,-0.7933396728278146,0.463,-0.747615695853877,-0.557,0.4952056340713411,1.242170916030808,-0.162,0.344,-0.5711544899426059,-0.653,1.2799870681668348,-0.815,-0.8392084002106491,-0.7010164080503278,-0.5215636726624274,-0.6800556962982887,-0.17311238411904975,-0.4819127356914787
-0.658,-0.706,-0.381,0.515,-0.465,-0.381,-0.706,-0.658,-0.706,0.515,-0.706,-0.991,0.746,-0.904,-0.904,0.515,0.746,-0.78,-0.78,-0.381,-0.465,-0.991,0.515,-0.78,0.515,-0.904,-0.78,-0.706,-0.991,-0.706,-0.991,-0.658,-0.78,-0.991,-0.991,-0.991,-0.706,-0.991,0.515,-0.991,0.515,-0.78,0.404,-0.658,0.746,-0.78,0.404,0.515,-0.6752983717802673,0.7328888985115818,-0.904,-0.991,-0.465,-0.48523505416665175,-0.6387945550011735,-0.42326538220501103,-0.7899809038489644,-1.004394131657525,-0.381,-0.6059568020514833,-0.9633315253834784,-0.9214429174309213
-0.834,-1.255,-1.255,-0.024,0.694,0.694,-0.834,0.066,0.456,1.218,-0.834,0.348,2.128,-0.834,-0.115,2.128,-1.255,-1.255,0.694,-1.255,2.128,2.128,-0.024,-0.115,0.348,2.128,-1.255,-0.024,0.348,1.218,0.348,-0.115,2.128,0.694,0.694,0.066,1.218,2.128,0.694,0.694,0.694,-0.024,0.066,0.348,1.218,-0.834,0.694,1.2011575937349241,-0.8507120527641868,0.683389606404119,-1.255,0.456,0.44175294503035034,-0.800059928815264,-0.771951984926898,0.33906073569952216,0.05258920146759047
-1.015,0.938,-1.359,-1.015,-0.742,-1.359,-0.742,2.069,1.485,-1.359,-1.015,-1.359,2.069,-0.742,-0.842,-1.05,2.069,1.485,2.069,-0.898,-0.742,2.069,-1.359,-1.015,-1.359,-1.015,-0.898,-0.898,1.298,-1.015,-0.898,-0.898,1.298,0.938,-0.898,0.938,-0.842,2.069,-0.842,-1.05,2.069,-1.05,-1.015,1.485,1.485,-1.359,1.298,-0.742,-1.05,-1.05,-0.898,-1.359,2.069,-0.742,2.069,-0.757110525998709,-1.05,-1.015,-1.0655234667684483,-0.7251683667532249,-1.359,1.485,0.938,0.9298741776541843,-1.0249095751447428
-0.119,0.063,0.023,-1.011,1.897,-0.119,-0.882,-0.722,0.063,-1.011,0.023,-0.722,1.897,-0.882,-1.011,1.897,0.063,-1.011,-0.722,1.726,-0.722,-0.722,0.7,1.726,-0.119,1.726,1.726,-0.119,-0.236,0.7,-0.882,-0.119,-1.011,-0.119,-1.011,-0.236,0.063,-0.882,-0.882,1.726,-0.236,-1.011,1.897,-0.882,-1.011,-0.236,0.7,-1.0299421993379174,0.023,0.6921983950915476,-0.8961070686950062,1.726,0.7290311129461722,0.063,0.0519967433357605
0.887,0.12,0.887,-0.623,-1.207,1.42,-1.207,-1.078,0.12,-1.11,0.887,1.42,-1.078,0.12,0.887,-0.623,-1.078,0.887,0.887,-1.207,0.706,0.12,-0.623,0.706,1.42,-1.11,-1.11,-1.078,0.007,-0.623,0.007,-0.131,-0.131,1.42,-1.11,-1.078,0.706,1.42,1.42,-1.078,0.12,-0.131,-0.623,-1.207,1.42,-1.11,1.42,-1.207,1.42,1.42,-0.131,-0.623,0.12,-1.078,-1.11,-1.1265139597325102,0.887,-1.091498223458197,1.42,-0.14444397907742207,-1.207
0.291,-0.744,0.76,0.286,0.288,-0.904,0.079,0.76,-0.744,1.249,-0.534,-0.534,1.249,-0.904,0.286,-0.534,0.291,-0.744,1.249,0.288,-0.904,-0.534,0.286,0.286,-0.904,-0.904,-0.904,0.288,0.291,0.288,-0.904,0.286,0.286,-0.744,0.288,-0.904,-0.744,-0.534,1.249,0.288,1.249,0.743,-0.534,0.079,0.743,1.249,-0.744,0.743,-0.904,0.288,0.76,0.276640513739562,1.249,0.286,0.2769582840197669,-0.744,0.7528014070382222,0.3077530641741846,-0.534,0.3424093143864745
1.831,1.831,-0.618,1.831,-1.087,0.098,-0.796,-0.618,0.098,-0.543,-1.087,1.563,-1.087,0.098,0.098,0.745,1.831,-0.796,-0.618,-0.618,-1.087,-0.543,0.745,1.135,0.745,-1.087,-0.796,0.098,0.959,0.745,-1.087,0.745,0.098,0.745,1.831,0.959,-1.087,1.831,-0.618,1.563,-0.796,0.098,-0.796,-1.087,1.135,1.563,-0.543,0.745,1.563,-0.796,-0.8158563927693423,0.959,0.9508536483394375,-0.763386606855265,-1.087,1.831,0.980845833725097,1.563,0.745,-0.543,-0.5580830576777823,1.135,-0.5176757019586966
1.188,-0.541,-0.279,-0.279,1.462,-1.256,-1.256,1.462,-0.279,-1.256,-1.256,-0.279,0.967,0.299,1.462,-0.53,-0.53,1.188,-0.541,1.188,-1.256,-0.279,1.188,1.188,0.967,-0.279,-1.256,-0.541,0.662,0.967,0.662,-0.279,0.662,1.462,0.097,-0.279,-0.541,-1.256,1.462,1.462,1.462,0.662,0.097,-1.256,1.462,-1.256,1.462,0.097,-1.256,0.299,-1.256,1.188,-1.256,1.188,-1.2674706317753772,0.299,0.097,0.967,1.462,1.1762831672810643,1.2056085961493626,0.28338436623552893,0.08543033723458296,0.662,0.6449210873597662,1.4496036171021365
0.56,0.146,-0.046,0.56,0.973,0.363,0.888,-0.046,0.146,0.363,0.888,-0.808,-0.649,-0.649,-0.046,-0.808,0.146,-0.158,0.56,0.146,0.56,0.56,0.973,0.973,0.973,-0.577,0.363,0.888,-0.158,-0.808,0.973,0.363,0.56,0.146,0.56,0.363,-0.158,0.888,0.888,0.363,0.363,0.56,-0.577,0.56,0.56,-0.577,-0.808,-0.046,-0.577,-0.649,0.888,0.973,-0.046,-0.5910343042125632,0.363,-0.808,-0.6625612913880984,-0.158,0.3489545138441661,0.8802910841097464,0.9167395903744977,-0.6250201565456186
-0.379,-1.317,1.728,0.059,0.136,0.844,0.844,0.376,-1.317,-0.569,-0.569,-1.317,-1.317,0.844,0.376,1.728,1.728,-0.667,-0.569,0.376,-1.317,-0.569,1.728,-0.667,1.728,-1.317,0.376,-1.317,1.728,-1.317,-1.317,-0.379,-0.569,0.136,-1.317,0.059,0.844,-0.667,-0.667,0.844,-0.667,-0.569,0.0,-1.317,-1.3335850983989277,-0.379,-0.010361555229717372,0.376,-0.5835015801684,-0.667,0.136,-1.3050989527131478,1.728,1.705245856159179,0.034277933635430545
-1.143,-1.143,-0.847,-0.229,-0.229,1.515,-0.229,-0.847,0.631,-1.049,1.379,-0.229,0.991,1.515,-1.143,-0.588,1.515,1.515,1.379,1.379,0.477,0.477,-1.049,-1.049,1.515,-1.049,-0.229,-1.049,1.379,0.991,-1.049,0.477,-1.143,-0.229,0.631,-0.847,-0.847,-1.049,0.631,-0.588,0.991,-1.143,-1.143,1.379,-1.143,-0.588,0.477,-1.049,0.477,1.515,-0.229,0.991,0.477,-0.229,0.991,0.631,-0.24075817932690743,1.379,0.9792613982648917,0.6183173869044662,-0.847,-0.588,-1.049,0.6442795995676587,0.6715862054364823
-0.596,0.789,0.474,-0.616,0.474,0.474,-1.231,-0.308,0.789,-1.231,-0.616,0.789,0.597,-0.308,-0.302,1.564,0.597,0.597,0.597,1.564,0.474,-1.231,-0.302,0.597,0.597,-1.231,-0.308,1.721,1.721,-0.596,-0.308,1.721,-0.596,0.789,1.721,1.564,-0.616,-1.231,-0.302,-0.302,1.564,-1.231,-0.302,-0.308,-0.308,0.597,0.789,0.597,-0.302,1.564,1.5437382353369153,-0.302,1.721,-1.231,-1.2420843826797556,0.474,0.597,-0.616,-0.596,0.5809060781641608,1.7092018056642997,-0.31614151908008137,1.7518791623256242,-0.308,0.4585802369030674,-1.2008218356480052
-0.114,-0.114,-0.838,0.922,1.362,1.362,-1.083,0.96,0.922,-1.075,0.085,-1.003,-0.114,-1.075,-0.838,-1.083,-1.083,-0.114,0.96,0.085,0.922,-1.083,-1.075,1.362,-0.838,-1.075,-0.114,-1.083,-1.003,-1.083,-0.114,1.362,1.362,1.362,-0.114,-1.083,-1.003,-0.838,-1.003,-1.083,0.441,-1.003,-0.114,0.085,0.96,0.96,-1.075,0.085,-1.075,-0.838,-1.075,-0.114,0.922,-0.114,0.96,0.085,-1.083,-0.12562028361896863,-1.075,-1.003,0.9450620717459874,0.9623094534536364,0.922,0.06955361684437557,-1.0117731941331112,-1.092062329195318,0.9124824344248632,1.362,0.9560828264002839
0.066,-0.842,0.466,0.466,0.466,-0.787,0.42,0.066,1.805,-0.842,0.746,1.805,0.466,0.353,0.466,-1.061,-0.787,-0.842,-0.787,1.805,0.42,0.746,0.746,1.805,-0.757,0.466,-0.757,-1.061,1.805,1.805,0.066,0.466,0.746,1.805,-0.757,-1.061,-0.757,-1.061,1.805,0.466,-0.842,0.466,-0.787,0.353,-1.061,0.746,-0.842,0.42,-0.787,-0.8567624292460316,0.466,-0.757,0.7320028207465823,0.066,-0.8041942752379804,-0.7711164681370566,0.05083086161843619,1.805
-1.147,-1.147,-0.09,-1.147,-0.61,0.706,-0.738,-1.147,-0.61,-0.738,-0.09,-0.594,0.947,0.706,0.706,0.706,-0.09,-0.09,0.74,-0.908,-0.929,-0.594,-0.09,-0.09,-0.908,-0.929,-0.594,-1.147,0.947,-0.594,0.74,-0.908,-0.929,-1.147,0.947,-1.147,-0.929,0.706,0.706,0.947,-0.929,-0.61,-0.738,-0.594,-0.738,-1.147,-1.1618973929198173,-0.929,-1.1177389435922294,0.706,-0.09,-0.594,-1.0727890576352093,-0.61,0.947,0.9262279110123066,0.6911246485506045,0.97587429072368
1.143,-0.944,-0.102,1.143,-0.709,-1.067,-0.102,-0.461,-0.01,-0.572,1.143,-0.346,-0.346,-0.572,-0.572,-0.01,-0.709,-0.346,-0.172,-0.102,-0.944,-0.01,-0.01,-1.067,1.143,-0.709,-0.172,-0.944,-0.709,-1.067,-0.944,-0.01,-1.067,-1.067,-0.346,-0.944,-0.572,-0.709,-0.944,-0.944,-1.067,-0.102,-0.461,1.143,-0.461,-0.461,-0.572,-0.172,-0.944,-1.067,-0.572,1.143,-0.461,-0.9581241669768757,-0.9172572282285135,-0.8830098881116184,-0.709,-0.582993876552399,-0.102,-0.8640595748922003,-0.01,-0.5537566350394468,-0.031202140827760884
0.948,-0.077,-0.495,-1.256,-1.256,-1.256,-0.495,-0.362,-0.077,-0.787,-1.16,0.73,0.73,-1.256,-0.077,-0.787,-0.939,-0.077,1.023,-1.16,-1.16,-1.16,0.948,-0.077,0.73,-1.256,-1.256,0.948,-0.495,-1.16,-1.16,1.023,-0.939,0.73,-1.256,-0.362,-0.787,-1.256,-1.256,0.948,0.948,-0.939,-1.16,1.023,-0.939,-1.256,0.73,-0.939,0.948,0.73,0.73,-0.787,-0.077,0.73,-1.256,0.73,0.73,-0.939,-1.256,-1.16,-0.9523783885004004,-0.787,-0.9284749635346526,-0.077,-0.10362880135724765,1.023,-0.362,-1.1774603853275687,0.948,-1.1369329129641594,-0.80220591536784,-0.495,-1.269292997741052,0.9252038754529635
2.22,-0.609,1.01,-0.794,-0.609,1.088,-0.603,-0.609,-0.609,-0.794,-0.609,-1.057,-0.609,-0.403,2.22,-0.289,2.22,2.22,-0.403,-0.403,-1.057,-0.603,-0.289,-0.289,-0.603,-0.794,1.01,-0.289,-0.289,-0.603,-1.057,-0.403,-1.057,-1.057,1.088,1.088,-0.403,-1.057,-1.057,2.22,2.22,-0.289,2.22,1.088,1.088,-0.609,2.22,0.422,-0.794,-0.289,-0.8057372250148095,-0.609,0.422,-0.603,-0.7638804431455797,0.410124095380746,-0.403,2.22,-0.41268427084047277,-0.6219544318201038,0.4572210209384041,0.47060629667986326
-0.649,-1.39,-1.39,-0.649,0.802,-0.787,-0.084,-1.39,-1.39,1.458,0.802,1.458,-0.649,-1.39,0.802,0.741,-0.649,0.853,-0.787,-0.649,0.853,1.458,0.732,0.732,0.741,-1.39,-0.787,-0.084,0.802,-0.649,-1.39,1.458,-0.084,1.458,1.458,0.741,0.125,1.458,0.125,-0.084,-1.39,-1.39,-0.649,0.802,1.458,0.802,-0.084,0.125,-0.0974100067301866,-0.649,0.7861793653807713,0.853,1.4459261873361364,0.8113175688620281,-0.787,-0.6627548577863718,-0.07096805816840628,0.8397837773445187
-0.52,-0.756,0.908,1.554,-1.154,0.908,-0.641,-1.154,0.908,-1.242,-1.242,-1.154,-0.641,-0.52,1.554,-0.685,-0.685,-0.006,1.554,1.554,-0.006,-0.006,-0.52,1.554,-0.006,-0.164,0.908,1.554,0.908,-1.242,-1.154,-0.164,-0.756,-1.154,-0.164,-1.154,1.554,-1.154,-0.164,-1.242,-0.756,-1.242,0.908,-0.685,-1.242,-0.641,-0.164,-1.242,-1.2526571743026877,-1.20154353129382,-0.006,-1.1745097754996343,-0.756,-1.154,-0.641,1.554,-1.14050982555427,1.5361252594198485,-0.685,0.908,-0.52,0.8909083625174158
-1.183,-0.497,-1.045,-1.183,0.839,0.839,0.06,-0.054,-0.497,-1.0,-1.045,-1.045,-1.0,0.087,-0.088,-0.054,-1.0,-1.045,-0.054,-1.045,-0.497,-0.497,0.839,-0.497,0.06,-1.045,-0.497,-0.054,-1.0,-0.497,-0.497,-1.045,-0.088,-1.0,-1.045,-1.0,-0.054,0.43,-1.0,-1.183,-1.183,-0.088,-1.183,-0.088,0.087,-1.045,0.06,-0.497,-1.183,-0.497,-0.497,-0.497,-1.183,-1.045,-0.054,-0.054,-1.183,-1.0,-0.497,0.43,-0.088,-1.0,-1.045,-1.012597899459119,-1.183,-0.9840881614914583,-0.9398387332523543,0.06,0.839,0.410965605704501,-0.8902045247785502,0.8323299030828613
-0.811,-1.016,-1.016,-0.21,0.582,-1.376,1.602,-1.376,-1.376,1.602,-1.376,0.712,-1.016,1.602,-0.705,0.729,1.602,-0.21,-0.705,0.712,-0.21,0.712,-0.709,-0.705,-1.376,-0.21,1.602,-0.811,0.729,-1.016,0.729,0.729,-0.709,0.582,-1.376,0.582,-1.376,-0.705,-1.376,-0.21,-0.811,1.602,0.729,-1.016,-0.21,0.712,1.5880386533435153,-1.376,0.6893724083738343,0.7176354093840492,-1.3861031509834514,1.628852773656091,0.7442726113000918,0.731041266504,0.582,0.7733676654861429,-0.2248193086643418,0.7816975832709916,-0.709,0.5656906334329131
-0.925,-0.904,-0.184,-0.354,-0.904,0.285,0.285,-0.184,-0.993,-0.184,-0.993,-0.993,-0.925,-0.363,1.912,-0.354,-0.925,1.912,-0.354,0.285,-0.925,0.718,-0.993,-0.904,-0.925,0.306,0.718,0.285,0.285,-0.925,-0.354,1.912,-0.925,1.912,-0.184,1.912,-0.925,-0.925,-0.925,-0.925,0.306,-0.925,0.718,-0.993,1.912,-0.993,-0.363,-0.354,-0.925,0.718,0.718,0.718,-0.925,-0.993,0.285,-0.904,-0.363,1.912,-0.184,-0.354,-0.3770030193316545,-0.9145058738735242,1.8935899348055316,-0.9361934092093428,0.27252372621410176,0.306
-0.5,-0.351,-0.351,-0.002,-0.314,0.141,-0.256,-0.314,-0.52,-0.141,-0.989,-0.314,-0.141,-0.817,-0.351,-0.5,0.141,-0.52,-0.141,-0.141,-0.989,-0.002,-0.141,-0.5,-0.817,-0.002,-0.5,-0.989,-0.256,-0.002,-0.256,0.141,0.141,-0.989,-0.002,-0.989,-0.314,-0.52,-0.989,-0.256,-0.351,-0.817,-0.256,-0.52,-0.002,-0.351,-0.5334549114834097,-0.141,-0.314,-0.3637707480543352,-0.32060620664642914,-0.15657655437561577,-0.817,-0.2877940871909596,-0.5017925173068951,-0.32276984535826464,-0.012602706003500247,-0.4807959624744889
-1.134,-0.898,-0.576,0.765,-0.576,-0.576,-0.019,1.897,-0.898,1.897,0.765,-1.134,0.765,-0.898,-0.043,-1.134,0.347,0.436,-0.019,-0.898,-0.739,-0.019,-0.019,1.897,0.436,-0.739,0.436,1.897,1.897,-0.576,0.436,-1.134,0.765,-0.019,-1.134,0.436,-0.739,-0.576,-0.019,0.347,-0.898,0.765,-0.739,-1.134,-0.898,-0.043,0.347,-0.576,0.3342401370814028,-0.9117066911187026,-0.739,0.436,-0.019,-0.7550761490739496,-0.847725989810995,-1.134,0.4268845170316959,-0.055528080723169206
-0.961,-0.961,-0.231,-0.147,-0.961,-0.731,-0.147,-0.147,-0.543,-0.231,-0.594,-0.561,-0.731,-0.561,-0.579,-0.543,-0.961,-0.543,-0.708,-0.961,-0.708,-0.543,-0.379,-0.594,-0.961,-0.147,-0.731,-0.961,-0.961,-0.231,-0.594,-0.731,-0.708,-0.579,-0.543,-0.579,-0.543,-0.731,-0.961,-0.579,-0.231,-0.579,-0.543,-0.379,-0.579,-0.708,-0.147,-0.15945346895886842,-0.12149110714802706,-0.731,-0.7242523768593558,-0.0729125142453084,-0.594,-0.6836770621276228,-0.38582288930190345,-0.6385426498294449,-0.961,-0.6032866313476061,-0.5548207628322305,-0.231
-1.027,-1.362,-1.362,-1.027,-1.027,1.065,-0.134,-0.218,-1.027,-0.218,1.065,1.065,-1.027,1.329,1.065,-1.027,-1.362,-1.027,-1.362,1.329,-0.917,-0.218,-1.027,-1.362,1.065,-1.027,1.329,-0.134,-1.027,-1.362,-1.362,-0.134,-0.917,-1.027,0.142,-0.218,-0.917,-0.218,-0.917,-1.027,-1.027,-1.362,-1.027,1.065,1.329,1.065,1.065,-0.917,-1.027,-0.218,-1.362,0.142,1.329,-1.027,-1.027,1.065,-0.917,-0.9327884240687526,-1.0431792999026193,1.3199906354488167,-1.0127891131069462,-0.218,-0.134,-0.15528168049792462,1.3563444092974994,-1.0418558420190132,-0.9074477553666734,-0.13362565667134785
-0.294,1.96,0.483,-0.858,0.118,-0.135,-1.113,1.96,-1.113,-0.858,-1.113,-1.113,0.452,-0.858,-0.98,0.452,1.96,1.96,0.118,-0.858,-0.858,-0.858,-0.98,-1.113,-0.98,0.118,0.118,1.96,1.96,-1.113,-1.113,-0.135,1.96,-0.858,0.452,1.96,-0.98,1.96,-0.491,-0.98,0.118,-0.491,-1.113,-0.294,-0.294,0.452,-0.294,-0.491,-0.294,0.452,0.118,-0.98,0.44398643900027307,-0.135,-0.858,0.4655557665259561,0.483,1.96,-1.113,-0.8703489651045521,0.4989866478954126,0.46737051993387335
-1.295,0.147,1.61,-0.245,-0.703,-1.295,-0.996,-0.703,-0.245,-1.295,-0.336,-1.295,0.374,-0.703,-0.996,-0.656,0.374,0.147,1.61,-0.703,-0.918,-1.295,-1.295,0.374,1.61,-0.656,0.147,-0.918,-0.336,-0.245,1.61,-0.703,-0.656,-1.295,1.61,-0.656,-0.245,-0.656,-0.918,-1.295,-0.656,-0.703,-0.918,-0.245,1.61,-1.295,-0.918,-0.996,-0.656,-0.336,0.374,1.61,-0.996,-0.918,-0.996,1.61,-0.918,-0.93125084810728,-0.9014289239837224,-0.245,-0.8565792672836222,0.374,-0.336,-1.295,-1.3150933265831706,-0.703,1.61,-0.996,-0.7154556595854231,-0.656,-0.26025317807612386,-0.8180039865408782,-0.778331186961508
1.884,-0.881,1.884,-1.184,1.884,-0.913,-0.913,1.49,1.884,0.53,-1.184,-0.913,1.884,-1.184,1.49,-0.881,0.291,1.075,0.291,-0.881,-0.913,-0.059,-0.913,-1.184,1.884,0.53,0.422,-1.184,0.291,0.53,-0.059,-0.913,0.53,-0.059,1.49,0.53,-0.059,-0.881,-1.184,1.075,0.53,1.884,0.53,1.49,1.884,1.8687997881328056,1.8970031877267823,0.5221640987586976,0.422,-0.059,-1.184,0.5651225087664112,1.075,1.0539020928102456,0.41465295200497015,0.6148118890735825,1.1042666111069839,0.291,-1.1996473109082597
1.377,0.383,-0.304,1.377,-1.064,0.383,-1.064,-1.309,0.383,-0.304,-1.221,-1.064,0.346,-0.313,1.377,1.377,-1.064,-0.313,-1.064,-0.304,-1.221,-0.313,-0.313,-1.221,-0.304,0.383,-0.348,0.346,-1.309,-1.064,0.383,-1.309,0.383,-0.348,-1.309,0.346,-1.309,-1.221,1.377,0.346,-1.221,-0.213,-1.309,-1.309,-1.064,-0.313,-1.309,0.383,0.37195869800495024,0.40352557261183564,-0.348,-1.064,-1.0835001765165595,-1.221,0.346,-0.213,-0.304,-1.063677625261017
0.923,1.04,1.757,-1.225,-0.497,-1.225,1.757,1.757,1.757,-0.907,-1.225,0.923,-1.225,2.206,0.336,1.757,-0.497,-0.497,0.336,-0.907,0.923,1.04,2.206,0.923,-1.225,2.206,-0.497,-0.907,2.206,-0.368,-0.907,-0.497,1.04,0.923,1.757,1.757,1.04,0.477,-0.907,1.757,-0.497,0.336,-1.225,0.336,1.757,-1.225,2.206,0.336,-1.225,-1.225,1.04,-0.368,-1.225,1.757,-0.907,0.923,-0.497,1.7397209905462505,-1.2409936484027115,-1.2022474096368716,-0.917911936500608,1.7598657616396545,1.0286908829018833,-0.8949047037777614,-0.3772871148193164,0.9135341219370833,1.7875873659541557,-1.1762730272579833,-0.5065530694948698,1.8247602965915142,2.206,0.336,-0.36255271976291703,-0.8645659512204572
-0.787,-0.487,1.636,-0.008,-1.084,-0.848,1.66,-1.084,-1.084,1.66,-0.242,1.66,0.011,-1.084,-0.787,-0.848,-0.787,-0.242,1.66,1.66,-0.787,-0.787,1.636,0.011,-0.008,-0.242,0.011,1.636,-0.848,1.636,-0.848,1.636,-1.084,-1.084,1.636,-0.848,1.636,1.636,-0.304,1.66,-0.787,-0.787,-0.242,-0.487,1.66,-0.848,0.011,-0.487,-1.084,-0.242,1.66,-0.787,-0.304,-0.487,-1.084,1.636,-0.848,-0.787,1.66,-0.8640691180112308,-0.242,-0.8249373045957106,-0.8036383846222765,1.6247750514371841,0.011,-0.7655824003271079,-0.7964181580266799,-0.3187735193072463
0.061,1.953,1.953,1.953,0.491,0.061,-1.2,1.956,0.176,-1.2,1.953,-1.2,0.176,1.956,-1.2,-0.043,-0.043,1.953,-0.043,1.956,0.176,0.176,1.956,1.956,1.953,0.061,0.176,-0.506,-0.506,-0.841,0.176,1.956,0.176,-1.2,-0.841,0.491,-1.2,0.061,0.061,1.953,-0.841,1.956,-1.2,1.956,0.491,0.144,0.144,1.956,1.953,-0.043,0.176,-0.841,0.061,-1.2,0.04798372518099775,-0.506,-0.8539235955895215,-0.8328715828141812,1.953,0.16883994787213882,1.941612124367553
-0.876,-1.159,-1.159,-0.876,-1.012,-0.63,-1.012,1.223,-1.012,0.13,1.223,-1.088,-0.856,-0.972,-0.856,-1.088,0.13,-0.346,-1.088,-0.856,1.223,-0.856,-0.856,-0.346,-0.346,0.13,-1.159,-0.63,-1.159,-0.972,-1.012,-1.088,1.223,1.223,-1.012,-1.159,-0.972,-1.088,-0.876,-0.972,-1.159,-0.972,0.13,-0.972,-1.159,-0.346,-1.159,-0.972,-1.088,1.223,0.13,-1.088,-1.1060931753850693,1.223,-0.63,-1.0783283267001234,-0.876,-1.0565478099049692,-0.972,-0.856,-0.9903709222084736,-1.159,-0.346,-0.8715511020599076,-0.8354473781631083,1.205649014057135,-0.8891693004219708,-0.8397326739050425,-0.7840725487690031
0.173,0.131,-0.511,-1.045,0.173,-1.06,-0.533,-1.06,-0.511,-0.533,0.173,-0.377,-0.743,0.158,-1.06,0.131,-1.045,0.652,-0.511,0.131,0.173,-1.045,0.158,-0.533,-0.533,-1.06,-0.533,0.652,0.652,-1.06,-0.533,-0.533,0.158,-0.743,0.158,-1.045,-0.743,-0.743,0.652,-1.045,0.173,-0.743,0.131,-1.06,0.173,-1.06,-0.743,-0.533,-0.5448417309164048,-1.045,-0.377,-1.0672214296914528,0.131,-0.7537601729165742,-0.3905838308999524,-0.7006618968843497,-0.5132398889710563,-0.35781646180217885,0.158,-0.48209748508039807,-1.0282478495467342,0.14597097761903557
-1.425,-0.098,-1.425,1.752,-0.797,-0.797,-1.425,-1.425,0.728,0.728,-0.516,-1.425,0.681,0.728,0.681,0.728,-0.589,-0.575,0.681,-0.184,-0.184,-1.425,-0.797,-0.589,-0.184,1.752,1.752,-1.425,-0.184,-0.516,-0.516,0.681,1.752,0.728,1.752,1.752,-1.425,1.752,1.752,-0.184,-0.797,-0.516,-0.589,-0.797,-0.797,-0.575,1.752,0.728,-0.797,-1.425,-0.589,0.728,-0.098,1.752,-0.516,-0.5285649206765782,-0.4811096100148596,-0.575,-0.4497798326872349,-0.4212330719515253,-1.425,-0.797,-0.5924321319152323,0.681,-0.184,0.6656604580592648,-0.8061336917387633,0.705533484776982
-0.861,-0.2,-1.15,-0.116,-0.861,1.382,-1.15,-0.444,1.466,-0.861,-0.755,1.466,-1.152,-1.15,-0.116,-0.755,-1.152,1.466,-1.152,-1.15,-1.15,-0.116,1.466,-0.444,1.466,-1.15,-1.152,-0.755,-0.289,-0.289,-0.444,-0.861,1.382,-1.15,-1.152,1.466,-1.15,1.466,-1.152,1.382,-1.15,-1.15,1.382,1.382,-0.444,-0.861,-0.116,1.382,1.382,-0.289,-0.861,-0.444,-0.116,-0.755,-0.30418247111988056,-0.4556906368198956,-0.8734475512317662,-0.4060729651981085,-0.1286975962002101,-0.380809448676033,-0.36023151963411026,-0.10358221688711486,-1.152,-0.28106200288981836,-1.1716548005170233,1.466,-0.23323079331605792,-0.21067398823898772,-1.15,-0.32226108528748454,-1.1369804303359974,-1.0743282552093196,-0.8123261282761085
-1.338,1.047,1.047,-1.244,0.749,-1.244,-0.201,0.749,-0.848,-0.201,0.103,-0.9,-0.098,-0.098,-1.338,1.047,-1.338,-1.338,-1.244,-0.848,-0.9,-0.201,1.047,-1.244,-1.338,-0.848,0.103,1.047,-1.338,-0.098,-0.848,1.047,1.047,-1.338,-1.244,-1.244,-1.244,-1.244,-0.9,-1.338,-1.244,-0.9,-0.098,0.749,-1.244,-0.201,-0.848,-0.11514363723035989,-1.338,-0.9141263375296871,0.103,1.047,-0.8824774694103105,-0.8468831247695119,-0.8159264281757928,1.030572053663841
0.213,-0.884,-0.863,0.479,-1.058,0.213,1.222,-0.884,-0.863,1.302,0.213,-1.058,1.222,-0.863,1.222,-1.058,-0.884,-0.863,1.302,-1.058,-0.687,0.213,-0.863,-0.375,-0.863,-0.884,0.536,0.479,0.479,-0.884,0.536,-1.058,0.536,-1.058,-1.058,0.536,-0.863,-0.863,0.536,1.302,-1.058,-0.687,1.222,-0.375,0.536,0.213,0.213,-1.058,1.302,-0.863,0.536,0.5233423445590595,1.222,-0.375,1.287138431249382,1.2056446771276363,-1.0731088077070676,1.3311570899391172,0.479,0.19822200219699643,0.2261938692781168,1.3600417874777457,-0.687,-0.884,0.279218179871771,-0.7022780799417028
-0.718,-0.576,-1.005,0.102,-0.627,0.066,0.102,-0.627,0.066,-0.627,1.574,0.102,-0.788,0.066,-1.005,1.574,-1.005,-1.005,-0.761,-0.788,-0.576,-0.627,1.574,-1.005,-0.718,-0.761,-0.576,-0.718,-0.761,-0.576,0.066,1.574,-0.576,-1.005,1.574,0.066,-0.761,-0.576,0.066,-0.788,0.066,-0.627,-0.788,-1.005,-0.576,0.102,0.102,-0.761,-0.761,-0.772644787749392,0.066,0.04681306504184138,0.08925956321129598,0.102,0.08323733963954427,0.1455526847408071,0.0,0.18776838309017488,0.2054618758945079,-0.718,0.2272538169352236,-0.744423045726621,-0.788
0.085,-0.118,-0.118,-0.118,-0.89,-0.89,-0.118,-0.858,-0.619,-1.346,0.57,0.57,0.726,0.57,0.57,0.726,0.419,0.57,0.419,-0.118,-0.858,-1.346,-1.346,-1.346,-0.858,-1.346,0.57,-0.89,-0.619,-0.361,-0.118,-0.858,-0.118,-0.118,-1.346,-1.346,-0.89,0.085,-0.858,0.085,0.085,-0.619,-1.346,-0.619,-0.619,-0.361,0.57,0.419,-0.118,0.085,-0.13495022320246552,-0.37372853149939683,-0.33698710797416037,-0.10394203046297487,-0.07461446793957266,0.41137950872368306,0.5564834795422752,0.43932775366555027,-0.016952257165908396
-0.997,-0.99,-0.844,-0.507,0.86,0.467,-0.946,-0.99,-0.997,-0.618,-0.507,-0.507,1.156,0.467,2.234,2.234,-0.946,0.86,-0.997,0.86,2.234,2.234,-0.946,0.86,0.86,-0.997,-0.507,-0.997,1.156,-0.997,-0.618,-0.997,-0.99,-0.618,-0.618,-0.99,0.86,-0.997,0.86,0.467,-0.844,-0.99,2.234,1.156,1.156,-0.946,2.234,-0.946,-0.507,2.234,-0.844,-0.618,-0.618,1.156,2.234,0.467,0.86,-0.507,-0.946,-0.9582853210055771,-0.5226749590459224,2.2245917286550534,0.847241326034372,0.4581661578984915,-0.844
0.43,0.43,1.604,1.151,1.604,-0.764,-0.82,0.43,1.604,0.43,-0.82,0.277,0.091,-0.434,-0.434,1.151,-0.764,1.151,1.275,0.43,0.921,0.921,-0.82,1.604,0.43,-0.434,-0.434,0.277,1.604,0.277,1.604,1.604,0.921,0.091,1.275,1.275,-0.82,0.43,-0.764,-0.764,1.604,-0.82,0.921,0.921,-0.764,-0.434,1.604,0.091,0.921,-0.434,0.091,0.277,1.151,0.43,1.275,1.151,-0.764,1.144008022221758,-0.777817297679601,0.277,0.091,0.07657526902762984,-0.434,0.921,0.13111754662405864,1.2643403179629706
-0.677,-0.982,-0.982,-0.498,0.906,-0.997,-0.672,-0.288,0.906,-0.997,-0.982,-0.982,0.998,-0.672,-0.677,-0.982,-0.997,-0.677,0.503,-0.672,-0.672,0.906,-0.672,0.998,-0.288,1.418,-0.677,-0.997,1.418,-0.672,1.418,-0.997,-0.672,-0.672,0.906,0.503,0.998,-0.672,-0.982,-0.677,-0.672,-0.677,-0.997,1.418,-0.288,-0.982,-0.672,-0.498,-0.672,-0.982,0.503,-0.677,-0.997,-0.6896005508053105,-0.6688298931192256,-0.679905524276047,-0.9904207142734787,0.49650467198618276,-0.6458927739842412,1.418,-0.9440978859963394,-0.288,0.906,-0.498,0.5339969914171244,-0.507941411647576
-0.688,0.724,-0.436,-0.496,0.05,-1.154,0.724,-0.876,-0.21,-1.154,-1.164,0.724,-0.876,-0.496,-0.21,-0.21,0.493,0.724,-0.876,0.05,-0.496,-0.436,-0.436,0.05,-0.436,-1.164,-1.154,-0.688,-1.164,-1.154,-0.436,-0.688,-1.154,-1.164,-0.688,-0.21,-1.164,-0.21,-1.154,-1.154,-0.876,-0.876,-0.21,-1.154,-0.688,0.724,-1.1715134268245841,-0.22759730698196454,0.05,-0.876,0.7172095362958447,-0.1820416467320543,-0.6946691733572538,0.7551818236385326,-0.1401440350520574,-0.10595370642217047,-0.06488308314808752,-0.03209299349347683
-1.216,-1.158,0.395,-1.158,-1.216,-1.216,1.991,-1.158,-0.699,1.991,-1.216,-0.242,0.395,-1.158,1.991,-1.158,-0.193,1.991,-0.344,0.395,-0.193,0.124,-0.242,1.991,0.395,-0.699,-0.193,0.987,1.991,-1.158,-1.158,0.987,-1.158,-0.193,0.395,-1.216,-0.193,0.987,1.991,0.987,-1.158,-1.216,-0.699,1.991,-0.699,0.395,0.124,0.395,-1.216,0.987,0.395,0.987,0.124,-0.242,0.987,-1.158,-1.216,0.124,-0.242,-1.1707574545688495,-0.193,-1.1368223894173857,1.991,-0.25680946675819094,-0.344,-0.20540140649297348,-1.2290219738869401
-0.334,-0.464,0.139,1.002,0.37,1.002,-0.788,-0.464,-0.521,-0.892,0.139,-0.521,-0.553,-0.788,-0.464,-0.521,-0.788,-0.788,0.37,-0.788,-0.334,0.139,-0.553,-0.975,-0.521,-0.788,-0.788,-0.892,-0.521,-0.464,-0.892,-0.334,-0.521,-0.553,-0.788,-0.464,1.002,-0.975,-0.521,-0.788,-0.975,-0.892,-0.464,-0.464,-0.975,-0.975,0.139,0.37,0.12911817319482305,0.15488050767694994,0.1935006952558892,1.002,-0.334,-0.3520511675493006,0.24740217582305946,-0.521,-0.464,-0.30180900673207933,-0.28545326704405555,-0.2417509869065381,-0.553
-0.597,0.997,-0.524,-0.015,-1.132,-0.524,0.764,0.997,-1.029,-1.029,-0.015,-1.132,-1.029,-1.132,0.997,-1.029,-1.132,-0.16,-1.029,-0.116,-0.597,0.997,-1.132,-1.132,-0.116,-0.597,0.997,-0.597,-1.029,-0.597,-0.16,-0.597,-0.015,-0.015,-0.116,-0.524,-1.132,-1.029,0.997,-1.132,-0.16,-0.16,0.764,-0.116,-1.029,-1.132,-0.16,-1.0436693682677103,-0.116,-1.1451765938546297,-0.524,-0.17248120318502577,-0.5319372333740546,-1.022881490296511,-1.109905476750683,-0.597,-0.015,-0.9788727631607732,-0.9576771632615411,0.0,-0.49813589073490117,-0.03231626794936329
0.834,0.541,-1.308,-0.847,-1.308,0.834,0.541,-1.038,-0.847,0.541,-1.308,-0.374,0.541,-0.374,0.834,-0.847,-1.038,-1.308,1.068,1.068,0.541,-1.308,1.068,0.834,-1.038,0.541,-1.308,0.355,-0.847,-1.038,0.355,0.834,0.849,-1.308,-1.308,0.849,1.068,-1.308,-1.308,0.355,0.134,-0.847,-1.038,-1.038,0.134,0.134,0.134,1.068,-1.038,-0.374,0.849,0.541,0.834,0.134,-0.3890145973923001,0.82391083755089,-1.308,-1.046589771186952,-1.3214570385583762,1.0527964553628908,0.12933143236966538,0.8396675493454224
-1.113,-0.952,-0.471,-0.471,-0.224,-1.113,-0.471,-0.471,-1.179,-0.952,0.126,-0.321,-1.179,-0.471,-1.113,0.558,-0.952,0.558,1.306,-1.1,1.306,-1.1,-1.179,-0.321,-0.224,-1.113,-0.952,0.126,-1.179,1.306,-1.113,0.558,-0.224,-0.952,-0.224,-1.179,-1.179,-1.1,-1.179,-1.113,-0.321,-1.1,-0.321,1.306,-1.113,-0.224,-0.471,-1.1,-1.1,-0.321,-1.1202223722695086,-1.113,-0.471,1.306,-1.0636837043371075,-0.224,0.126,1.2924652927830498,-0.48701735166402166,-0.44221129508985607,-0.33274298014303527,-1.0292705120511105,0.11484435548656591,-1.179,-0.2336288761264707,-1.1275555699512425,-1.0992966716159427
-1.147,-1.147,-0.231,-0.825,-0.825,-1.147,0.76,-1.147,-0.905,-0.531,-1.294,-1.147,-0.825,-1.147,0.841,0.841,-1.294,-1.294,0.76,-0.964,-1.294,-0.825,-1.294,-0.825,-0.964,-0.905,-0.905,-0.231,-0.531,-1.294,-0.905,0.841,-0.825,-0.231,-0.964,0.76,-0.825,-0.113,-0.231,0.76,-1.147,0.841,-0.905,-0.825,-0.825,-0.964,-0.231,-0.905,-1.294,-0.531,-0.905,-1.294,-1.147,-0.531,-0.113,-0.964,-0.1295519346142702,0.841,-0.9806067716764697,-1.308188211337949,-1.1596843149496556,-0.537994480477748,-0.49460409244904896,-0.231,-1.2796337196828775,-0.905,-0.941561763552474,-1.241579320108278
1.312,0.065,-1.279,0.39,-0.917,-0.531,1.015,1.312,0.39,0.39,0.39,-1.279,-1.279,-1.279,-1.279,-0.917,1.312,-0.531,0.39,-0.917,-0.531,-0.91,-0.917,-0.917,-0.91,-0.531,-1.279,-0.917,0.39,-0.531,1.015,-0.69,0.065,-1.279,-1.279,-1.279,-0.91,0.39,-0.917,-0.917,-0.69,0.0,-1.279,1.015,1.0010677165555493,1.0544299351471786,1.0834748018515687,-0.011959633294863103,0.39,0.3766412192357829,1.134751054181604,-0.917,-0.91,-0.925184967775056,0.065,-1.2922398792052634,-0.531
-1.075,-0.768,-1.34,-0.269,-0.768,-1.34,-1.075,-1.075,0.169,-0.269,-1.075,-0.269,-0.015,-1.075,1.38,-0.768,-0.509,-0.509,-0.768,0.169,-1.34,-1.34,-0.768,-0.768,-0.318,-0.015,0.169,0.765,-0.015,-0.509,1.38,1.38,0.169,-0.768,1.38,-1.075,-0.318,-1.34,-0.509,-0.269,1.38,1.38,-0.509,-0.269,-1.075,-1.34,-1.34,1.38,-1.34,1.38,0.765,-1.34,1.38,-0.509,-0.768,-0.318,0.765,-1.34,-1.3476696370352739,0.169,-0.509,-0.015,-0.7768126832667102,-0.7416070561886522,0.7515427440519334,-0.5189852299980685,-0.025191523218834916,-1.3109031286174309
0.886,0.633,-0.054,-0.216,-0.969,-0.663,-0.663,-0.969,0.633,0.633,-0.054,0.633,-0.054,-0.216,-0.216,-0.092,-0.663,0.633,-0.663,-0.092,-0.216,-0.216,0.456,-0.969,-0.359,-0.092,-0.969,-0.969,0.633,-0.092,-0.663,-0.663,0.886,-0.092,-0.054,-0.092,-0.501,-0.216,-0.663,-0.969,0.633,-0.216,-0.501,0.633,-0.969,-0.216,-0.092,-0.11305157160811699,-0.969,0.633,0.886,-0.054,-0.09613725753828706,0.8749037265983112,-0.359,0.456,-0.06748941786374563,-0.501
0.691,-0.931,-0.773,-0.773,-0.567,-0.518,0.185,0.44,0.63,0.691,0.185,-0.931,-0.931,-0.931,-1.174,0.44,-0.931,0.691,-0.518,0.63,-1.174,-0.518,0.44,-1.174,-0.518,-0.518,0.63,-0.518,-0.931,-0.518,-1.174,0.44,0.63,0.691,-0.567,0.625,-0.773,-0.518,-0.931,-1.174,-0.931,0.185,0.44,0.625,0.63,0.625,0.691,0.63,0.185,0.44,-0.518,-1.174,-1.174,-1.174,0.185,-0.518,-0.773,0.691,0.44,-0.931,0.42263480723041635,-1.174,-0.5334676485589745,-0.9461416796432286,-0.567
-0.266,-0.54,-0.874,0.226,-0.266,1.515,-0.217,-0.54,1.515,-0.874,1.515,1.515,1.329,-0.217,1.403,-0.547,1.403,-0.217,-0.54,-0.874,-0.547,1.403,-0.874,-0.217,-0.74,-0.266,1.329,-0.74,1.329,-0.74,-0.54,-0.54,1.329,1.515,1.329,1.515,-0.217,-0.217,0.226,-0.54,-0.547,-0.874,1.515,-0.217,-0.217,1.403,1.515,-0.217,-0.266,-0.874,-0.74,1.403,-0.23272388622376128,1.329,1.5041581868761384,-0.2045310882530038,-0.547,0.226,-0.27714512242161676,-0.18052006982155583,0.21191685744331237,-0.1548989208443281,-0.7458681593755495,-0.2430709926335198
-1.149,-1.149,-0.642,-0.544,1.629,-0.902,1.629,-0.544,1.552,-0.74,-0.642,0.331,-0.616,1.552,-0.544,-1.149,-1.149,-1.149,-0.642,-0.616,-0.616,-0.902,-1.149,1.629,-0.616,1.629,-0.642,-0.74,1.552,-1.149,-0.616,-0.398,-0.642,-0.74,-0.902,1.552,-0.74,-0.616,1.629,1.629,0.331,1.552,-0.616,-0.398,-0.398,-0.642,-1.149,-0.902,-0.616,0.331,-0.9099208628353385,1.629,-0.8671307634102797,0.3185005179028027,-0.8265360593436586,0.3571293680467657,-0.6285267990201421,-0.544,1.552,-0.642,-0.398,1.5379037421978146,1.6144965335782886,-0.6603923453125459
0.05,1.419,-0.992,-0.738,1.419,0.278,-0.992,0.003,1.419,-0.992,-0.992,1.76,-0.992,-0.738,-0.78,1.76,1.76,0.05,1.419,0.003,-0.992,0.278,0.278,0.05,1.419,-0.992,1.76,-0.738,-0.285,-0.78,1.76,0.05,1.76,0.003,1.419,-0.992,1.419,-0.416,-0.78,0.278,0.003,0.278,-0.01039402486185547,-0.738,1.419,-0.992,0.05,0.032239320778723116,-0.78,-1.0055336690019858,0.06172511703708027,-0.9723238690975352,-0.9378002080168268
-0.836,-0.898,0.882,0.105,-0.237,0.882,-1.086,-0.898,0.882,-0.237,0.105,-1.086,-0.898,-0.237,-0.898,0.49,0.882,0.28,-1.086,-0.836,-0.603,-0.25,-1.086,0.28,0.882,0.28,-0.603,-0.237,0.49,-1.086,-0.25,0.49,-0.25,-0.25,0.49,-0.836,-0.603,0.105,-0.237,-0.237,-0.898,-0.237,-1.086,-0.237,-0.603,0.882,-1.086,0.28,-0.603,-1.086,0.882,0.49,-0.6154700519055264,-0.584671762790995,-0.898,0.873689436413492,-1.10211461926454,0.9181802983351353,-0.25,0.47666227750738616,0.28,0.5088732733049776,0.9599769905712697,0.2645191178488528,0.5599095020022778
-0.208,-0.08,-0.08,2.037,-0.874,-0.525,2.037,-0.208,-0.626,2.037,-0.874,-0.208,-1.116,-0.208,2.037,-1.116,-0.555,-0.08,-0.08,-0.525,1.441,2.037,-0.874,-0.08,-1.116,-0.555,1.441,-0.602,1.441,1.441,-0.525,-0.626,2.037,-0.555,2.037,2.037,-0.525,2.037,2.037,1.441,-0.602,1.441,1.441,-1.116,-0.626,-0.874,-0.555,-1.116,-0.874,-0.555,-0.626,-1.116,-0.08,-1.1290987119172493,-0.602,-1.069560480181953,-0.5645617634676428,2.037,-0.6346424122794982,-0.597935233865229,-0.09651553662146437,-0.5262097326988958,1.441,-0.525,-1.0298809263753241,-0.208
0.709,-0.239,1.487,-0.839,0.709,-0.839,0.709,-0.839,-0.239,0.058,-0.839,0.058,0.887,-0.839,0.527,0.887,-1.043,1.487,-1.043,-0.239,0.709,1.487,-0.239,0.058,0.887,1.05,1.05,1.05,0.887,-0.839,-1.043,-1.043,0.709,-0.649,0.527,0.887,-0.839,-0.649,-0.239,-1.043,0.527,0.709,0.6986666480105971,1.487,0.7321613915206431,1.05,-0.839,-0.649,0.058,1.0335731702648752,0.04484700327881877,-0.8523124675801622,0.5185767099556724,0.5551539943863181,-0.6596431896735521,-1.043,0.7666640659914283
-0.889,0.575,-0.663,-0.413,1.858,-0.413,1.858,-0.911,0.575,-0.911,1.858,-0.889,-0.019,-0.889,0.575,0.575,-0.911,-0.019,-0.019,0.866,-0.889,-0.889,1.858,-0.413,-0.413,0.866,-0.019,0.866,-0.019,-0.889,-0.413,-0.911,0.866,1.858,-0.413,-0.413,-0.32,-0.911,-0.663,1.858,1.858,-0.273,-0.019,-0.663,-0.911,0.866,1.858,-0.019,-0.032051186684424936,-0.273,-0.911,0.575,-0.413,-0.663,-0.4299479033265451,-0.6809093437795483,-0.889,-0.6412700496112019,-0.6134838241338937,-0.6079967202121933,-0.5947770195114009,1.8470615223472884,0.0075740981226468974,-0.39564991444307207,0.5661259619762107,0.06630084634976767
0.684,-0.779,-0.135,0.684,0.186,0.695,0.682,-0.112,-0.779,1.483,-0.737,-0.737,-0.779,1.483,-0.135,1.483,0.682,0.695,-0.112,0.954,-0.737,0.954,0.186,0.695,-0.135,-0.112,-0.112,0.954,0.682,-0.779,0.954,-0.135,0.695,0.682,-0.135,0.695,-0.14707568889488054,1.483,0.186,0.682,0.6715494748875718,-0.779,0.684,0.7025313157879748,0.6684338054757154,-0.112
-0.806,1.925,1.925,-0.62,-0.62,0.142,1.925,-0.806,-0.508,1.172,-0.62,1.172,-0.816,-0.508,1.172,1.172,-0.816,0.142,-0.62,1.172,-0.806,1.111,-0.816,-0.436,-0.436,-0.62,-0.508,-0.62,1.172,1.111,-0.508,1.925,-0.508,-0.436,1.925,1.172,-0.436,1.926,0.142,-0.62,1.926,1.926,-0.806,1.111,-0.62,1.111,1.926,1.111,-0.816,1.926,-0.508,1.926,1.172,1.925,-0.436,-0.62,1.111,1.913187996524134,0.142,-0.4476303119177553,1.9127686727534332,1.099224461077216,-0.816,1.9444423390962626,1.9456025715088858,-0.8289875719032702,-0.6350443651285769,1.1561163200975602,1.187634295167337,-0.42484287536994225
1.55,-0.277,-0.453,-0.453,-0.453,0.383,-0.677,0.739,-0.788,0.383,-0.277,0.383,1.55,0.739,-0.677,-0.277,-0.59,1.058,-0.453,-0.453,1.55,-0.2,-0.453,1.55,0.383,-0.59,1.55,-0.277,-0.59,1.55,-0.788,-0.453,-0.453,-0.59,0.383,-0.453,-0.453,1.058,-0.277,-0.277,-0.277,-0.677,1.55,-0.788,-0.2,1.058,0.739,-0.677,-0.21326948096696094,-0.59,0.7223641373357346,-0.277,-0.453,0.7456028272476215,-0.46933534441753844,-0.6918242418220862,-0.2923319514726044,1.55,1.0477616818630702,-0.6669348211985883,0.383,-0.4363036006592005
-0.629,-0.032,-0.12,-0.636,-0.282,-0.636,-0.032,-0.636,-0.282,-0.12,-0.023,-0.629,-0.023,0.796,-0.629,0.796,0.779,0.779,-0.282,-0.636,-0.12,-0.12,-0.032,-0.688,-0.636,-0.688,0.796,0.796,-0.004,-0.032,-0.12,-0.12,0.796,-0.12,-0.004,-0.282,-0.12,-0.636,-0.688,-0.023,-0.023,-0.636,-0.12,0.796,-0.636,0.7789047170845691,-0.032,-0.004,-0.629,-0.282,-0.30191417080325966,0.779,-0.653527718615834,-0.023,-0.04931966103265985,-0.688,-0.26678211142559155,-0.6404935671528954,-0.12,-0.03113621515394059,-0.7039816577399093,-0.23814770025678475,-0.02301730063716872,-0.6809778095627,-0.6140631235515831
0.351,1.238,1.34,1.34,0.351,-0.23,-0.23,1.238,-0.525,-0.227,-0.208,1.238,-0.23,-0.525,-0.525,-0.525,1.34,-0.561,0.328,0.328,-0.208,-0.213,-0.23,1.238,1.238,1.238,1.238,0.328,-0.561,-0.208,-0.525,1.34,0.351,1.238,1.34,-0.525,1.34,-0.23,-0.525,-0.23,-0.208,1.34,1.3144517744919022,-0.208,1.238,-0.22422421433655265,-0.213,-0.22551455161781822,-0.17150240794222968,0.351,1.3665295986021206,0.328,1.3968056994409717
1.792,-0.447,0.084,1.792,1.018,0.084,-1.121,1.018,1.442,1.442,1.335,-1.121,-1.121,0.776,-1.121,1.442,-1.121,1.442,0.084,1.335,1.018,1.792,-1.121,-1.121,1.335,1.792,1.792,-0.447,-0.678,1.792,-0.678,1.792,1.792,0.776,1.442,0.084,0.776,0.776,-1.121,1.018,0.776,1.018,-0.447,1.792,-0.678,0.423,-1.121,-1.121,0.776,-0.447,-0.46837593524522203,1.792,-0.678,1.335,0.423,1.7810010934282017,0.084,1.8065892569580764,1.8574284272466413,0.7617596813435971,1.442,0.8007324761717503,0.41121993774573723,0.07276661434701566
0.555,1.116,1.116,0.169,1.116,0.648,1.097,-0.132,0.648,0.648,-0.132,1.625,1.097,1.116,0.648,1.625,1.625,-0.132,1.625,0.648,0.555,-0.469,-0.469,1.116,0.648,0.169,-0.469,1.116,1.141,0.555,1.116,0.06,-0.469,-0.469,1.097,0.555,0.648,-0.469,-0.469,0.648,1.625,0.06,1.141,1.141,0.06,0.648,1.625,-0.469,1.097,1.116,0.555,0.648,0.169,-0.4795514735464601,-0.4533686108290194,0.15745339956580318,1.6105315693006501,1.6689305323109838,1.70659233962579,-0.40342024349079775,1.101602788091561,0.06,0.6342864746093074
0.064,0.064,-1.103,-0.972,-0.972,-0.498,0.81,0.81,0.81,0.81,-1.198,-1.103,0.329,-1.198,-0.972,-1.198,-0.455,-0.455,0.81,0.329,-0.498,-0.972,0.81,-0.498,-1.198,-1.198,-0.64,-1.198,0.064,-0.498,-1.103,-1.198,0.064,-0.455,-0.498,-1.103,-1.198,-1.103,-1.103,-0.64,0.064,0.064,0.064,-0.972,-0.455,-1.103,0.064,-0.972,0.81,0.329,0.81,-0.42,-1.103,-0.64,0.329,-0.455,0.064,-1.198,-0.6541082118033816,-0.42,-0.433992322617565,0.81,-1.2078808243362875,0.794201546432611
1.347,1.347,1.254,-0.844,-0.412,-1.001,-0.685,-0.612,1.308,-0.412,-1.001,0.25,-1.001,1.347,-0.844,-0.685,1.347,1.254,-0.612,-0.412,-1.001,1.347,-0.412,-0.685,0.999,-0.412,1.308,1.347,-1.001,-1.001,-1.001,-0.612,-0.844,0.999,1.254,1.308,-0.412,-1.001,0.25,-0.612,-1.001,0.999,-1.001,-0.412,-0.844,1.347,-1.001,-0.4241523681618041,0.999,-0.8542067081918753,-0.8293949527742746,-1.017328304279401,-0.685,1.254,-0.6987465933052376,0.9861205042935068,-0.9955563533805133,-0.38682055019737804,1.0169623687803848,1.308
-0.209,0.73,-0.623,1.95,-0.642,0.672,-0.642,-0.797,0.24,-0.642,-0.623,0.73,-0.209,1.95,-0.533,0.672,0.24,0.24,0.24,-0.797,1.95,-0.623,-0.797,1.95,-0.533,0.672,-0.797,-0.623,-0.533,-0.642,-0.642,-0.533,0.73,-0.797,-0.533,-0.642,-0.623,0.73,0.672,0.672,0.73,0.24,-0.328,1.95,-0.623,-0.533,-0.209,0.24,0.672,-0.797,0.73,-0.797,-0.8122527420465694,-0.533,-0.7710884777334999,-0.623,0.7191968937466557,-0.642,-0.7344081313736908,-0.209,-0.328,-0.21998701459586292,-0.6314604798496093,0.672,1.95,1.9329277991294875,-0.5904231571779661,-0.576946866114458,-0.19561051631411555,-0.16587063783332132,-0.6505185278053118
-1.018,-1.239,-1.239,-0.46,-0.344,-0.46,-0.878,-0.331,-1.018,-0.838,-0.838,-0.46,-0.998,-0.838,-0.344,-0.46,-1.239,-0.998,-0.331,-0.46,0.787,0.787,-0.46,-0.331,-0.331,-0.998,-0.691,-0.46,-0.878,-0.838,-0.878,-1.018,-1.239,-1.239,-1.239,-0.331,-0.46,-0.691,-1.018,-0.998,-1.239,-0.838,-1.018,-0.331,-0.46,-0.344,-0.691,-0.998,-1.239,0.787,-0.838,-0.998,-0.46,-0.344,-0.48154293851939994,-0.45949126053034056,-0.40227621820255394,-0.331,-0.36485017928496166,-0.3283083193882208,0.787,-0.2802318774747605,-1.239,-0.838,-1.2553038714277382,-1.1889994879411006,-0.691,-0.3380886031710292,-0.998,-1.0242375218552657,0.7766683927720607,-0.35116972889554093
-1.077,-0.184,-1.077,-0.676,-0.623,-0.37,-0.212,-0.37,-0.623,-0.37,-0.401,-0.184,0.25,-0.37,-0.401,-0.401,-1.077,-0.908,-0.623,-0.919,-0.212,-0.908,-0.919,-0.676,-1.077,-0.401,-0.37,-0.919,-0.908,-0.37,-1.077,-0.401,-0.401,-1.077,-0.919,-0.908,-0.37,-1.077,-1.077,-1.077,-0.37,-0.676,-0.676,-0.908,-0.401,-0.908,0.25,-0.184,0.25,-0.676,-1.077,-0.6969634988046213,-0.401,-1.0899886789423079,-0.908,-1.0542340259858263,-0.37,-0.623,-0.6335737333842527,-0.41901236191661484,-0.669003887991113,-0.9236700924147878,0.23916866032244571
-0.157,-0.748,0.767,-0.157,-0.754,-1.013,-0.345,1.171,-0.754,-0.748,-0.859,-0.859,-0.748,-0.157,-1.013,-0.859,0.68,-0.859,1.171,-0.754,0.68,-1.013,0.767,1.171,-0.157,0.767,0.1,-0.859,-0.157,-0.754,0.1,-0.748,1.171,-1.013,0.767,-0.859,-0.754,1.171,1.171,0.767,0.1,-0.748,-0.157,-0.17719456963808886,-0.754,0.08495875147409689,-0.345,-0.3686854590394976,0.767,0.68,-0.13651884832935354,0.12827650454972797,-1.013,-0.32056784590940335,0.1578771563898153,-1.027517945718281
1.604,-1.262,1.604,-0.865,-1.262,-1.211,-0.382,-1.211,0.765,-1.262,-0.064,-0.105,-0.865,-1.262,1.604,1.604,-0.642,-0.105,-0.642,-0.105,1.604,-1.211,-0.064,1.604,-1.262,1.604,-0.865,-0.064,-0.642,-0.865,-0.865,-0.105,-1.262,-0.064,-1.211,-1.211,-0.064,-0.865,-1.211,-1.262,-0.064,-1.211,-0.865,0.441,1.604,-1.211,0.765,-0.105,-1.262,-1.211,-0.064,-0.105,1.604,-0.642,-1.262,-0.382,-0.6562305772794252,-0.3940703276822762,0.441,-0.11604111135389757,-0.865,0.765,-1.2736447487981448,0.7519061108241607,-0.07597008397036642,-0.8847731526374378,1.5937399309929141
0.73,-0.84,-0.84,0.73,-1.025,-0.995,-1.025,-0.84,-0.995,-1.0,-0.941,-0.948,-0.84,-1.025,-0.941,1.256,-1.025,-0.941,-1.0,-0.941,0.73,1.525,-0.84,-1.036,-1.0,-0.948,-0.941,-0.995,-1.036,-1.0,-1.036,1.525,0.73,-0.941,-1.036,-1.036,-1.025,-0.995,-0.941,-1.025,-0.84,1.256,-1.036,1.525,-0.84,-1.0,-0.941,-0.941,1.525,1.256,-0.948,1.256,1.525,-0.995,-0.84,1.256,-0.948,-1.025,-1.025,-1.025,1.525,-1.036,-0.948,-0.941,-0.9676852856483001,-1.0,0.73,-1.013937813751086,-1.048424758012484,-0.9229029867278373,-0.995,-0.9596012707520933,-0.84,-0.8585570830147641,-0.824707548770932,-1.0027337046402265,1.510038446665207,-0.9016799734561598,-0.8829374099397711,-0.8597616955225362
-0.392,-1.244,0.418,1.716,-0.741,-0.354,-0.354,0.085,-1.244,1.716,-1.244,-0.741,-0.919,0.121,2.092,1.716,0.418,2.092,-0.392,-1.244,-0.741,-0.741,-1.244,-0.919,-0.354,-0.354,2.092,-1.244,1.716,-0.741,-0.919,0.121,0.418,1.716,0.418,-1.244,2.092,-1.244,2.092,-0.392,-0.919,-0.392,2.092,2.092,0.085,1.716,-0.392,-0.919,0.085,-0.919,-0.919,0.418,-0.354,-0.354,1.716,-0.741,1.6964970925428147,-0.354,-0.367000385833584,-0.752178529057545,-0.3435193039245969,-0.3054814530776795,-1.244,2.092,-0.27415147980745475,0.085,0.121,-0.2320060878664586,0.11020661768212565,-1.2568526548517986
-0.433,-0.249,0.277,0.277,-0.249,-0.489,0.911,-0.433,-0.24,-0.692,0.267,-0.489,0.911,0.911,0.277,-0.249,0.164,-0.249,-0.902,-0.24,-0.692,-0.489,-0.24,-0.249,0.277,-0.692,-0.249,0.164,0.267,-0.489,-0.24,0.164,0.277,-0.902,-0.433,-0.902,0.911,-0.24,-0.24,-0.489,0.164,-0.433,-0.45117983849096605,0.911,-0.24,-0.489,-0.249,0.8990304353209292,0.277,-0.2567960835417036,0.164,0.14308529173384368,0.16036110237011478,0.263903313364777,-0.2634668391239349
0.887,-0.437,-1.238,-1.238,0.221,0.221,-0.173,-0.792,-0.173,-0.437,0.952,-1.238,0.644,0.887,-0.173,-0.466,-0.466,0.221,-1.238,0.76,-1.238,-0.466,-1.238,-1.238,-1.238,-0.173,-0.792,0.887,0.76,0.952,0.76,0.952,0.644,0.644,0.887,-0.437,-1.238,-0.466,-0.792,0.644,0.952,-0.792,0.952,-0.466,0.221,-0.437,0.887,0.8711096263305033,-0.173,-0.792,-1.238,-1.255201058301838,-0.8055958230585317,0.76,0.644,-1.2333386179396757,-1.203511974895638,-0.437,-0.45904157249696886,0.221,-0.7869337405971135,-0.42232626056756606
-0.132,0.315,-1.103,1.421,1.421,0.316,0.316,-0.604,0.316,-1.103,-1.103,0.769,0.769,-0.132,-1.103,0.315,0.316,0.316,0.419,0.769,0.769,0.419,0.316,-0.132,-0.132,0.316,0.315,-0.604,-1.103,-0.604,0.316,1.662,1.421,1.421,-1.103,1.662,1.662,-0.148,0.769,-0.132,-0.604,0.419,1.421,-0.604,1.662,0.769,1.662,-0.604,0.419,-0.132,-1.103,1.662,-0.148,0.315,0.419,1.6457142986471487,0.30149789970334806,0.40475257397186193,-1.103,-1.1195191891811278,-1.0994829319263448,0.769,1.6855557526957448,0.4246755479420451,-0.604
-0.644,1.579,-1.178,-0.974,-1.178,-0.148,-1.187,1.579,0.245,1.579,-0.974,-0.148,-0.713,-0.563,-0.713,-0.644,-1.178,-1.178,1.579,-0.974,-0.974,-0.644,1.579,-0.148,-0.974,-1.187,-1.178,1.579,-1.187,-0.563,-0.713,1.579,-0.644,-1.187,-1.178,-0.148,-1.187,-1.187,0.774,0.245,-0.713,0.774,-0.644,0.774,-0.974,-1.187,-0.974,0.245,-0.644,-0.563,-1.187,-0.974,0.774,-0.148,-0.6542368457834042,-0.713,1.579,0.2367620052149326,0.7587405148957322,0.24284415798980533,-0.5721092979639005
-1.037,-0.447,2.263,1.246,1.283,1.283,-1.037,-1.037,1.282,-1.037,0.973,2.263,-1.037,2.263,-0.447,-0.794,1.282,1.246,-0.794,2.263,1.283,-0.641,-0.838,1.246,-0.838,2.263,0.973,-1.037,1.282,-0.447,-1.037,-0.641,1.283,-1.037,-0.447,2.263,-0.838,2.263,0.973,-0.447,1.282,1.283,-0.838,1.283,1.246,-0.641,-0.794,1.246,1.282,-0.794,2.263,2.263,1.282,-0.794,-1.037,1.246,1.283,1.282,0.973,2.263,1.2677390703537692,1.291187876113213,-0.447,2.2516924652039823,-0.458704263384635
-1.213,-0.91,-1.073,-0.281,-0.91,-0.91,-0.985,-0.628,-1.073,0.101,0.171,-0.985,-1.213,-0.762,-1.073,0.101,-1.213,1.186,-1.213,-0.281,-0.628,-0.281,-0.281,-1.213,0.171,-0.762,-0.985,-0.985,-0.281,-0.281,-1.073,-1.213,-0.91,-0.985,-0.762,-1.073,-1.213,-0.628,1.186,-0.985,1.186,-0.762,0.101,-0.91,-0.985,-1.073,-0.628,1.186,0.171,0.171,-0.281,-1.213,0.171,-0.628,0.15195870353441807,-0.91,-1.073,-0.6452277982614095,-0.6160370316420722,-0.9257164280162392,-1.2219278163334313,-0.5774557122913307,1.186,1.17353995229511,-0.985,-1.2015029667582127
-0.91,-0.315,-0.91,1.978,-0.918,1.978,1.978,-0.315,-0.585,-0.91,-0.918,0.129,-0.033,1.978,-0.91,0.129,-0.918,-0.828,-0.828,-0.918,-0.918,-0.315,-0.033,-0.315,-0.033,0.129,-0.828,-0.585,-0.585,-0.918,0.297,1.978,-0.259,0.297,-0.918,1.978,1.978,1.978,-0.259,-0.585,-0.828,-0.91,-0.315,0.129,-0.315,0.129,-0.585,-0.315,1.978,-0.91,-0.259,-0.585,-0.259,-0.828,-0.6034163327291855,-0.581926769458151,-0.91,0.297,-0.315,-0.5514580591482895,-0.9207382536967068,-0.8400511234180477,-0.918,-0.033,-0.8790086235135478,-0.048432136658548654
-0.72,0.055,-0.998,-0.998,1.85,-0.537,-1.002,-0.665,-0.272,-0.998,-0.665,-0.272,-0.388,-0.998,1.85,1.91,-0.72,-0.537,-1.002,-0.537,-0.72,1.85,-0.537,1.91,-0.665,-1.002,-0.72,-0.72,1.85,1.85,-0.537,-0.537,-0.272,1.85,-0.665,-1.002,-0.998,0.055,-1.002,-0.72,-0.72,-1.002,-0.998,1.85,-0.998,1.85,0.055,1.91,-0.72,0.055,-0.665,-0.537,0.055,-1.002,0.03881755132599063,-0.72,-0.998,-0.6798607732499734,-0.5519093115483902,-1.0169172965376216,1.85,1.834895516715775,1.8591274732857725,-1.013820041235239,-0.5268411138254815
1.644,-0.11,0.698,0.41,1.644,0.537,1.186,1.644,0.41,1.644,-0.746,1.186,-0.11,1.186,0.936,1.644,0.938,0.698,-0.663,0.936,0.936,0.938,0.938,0.698,1.186,1.644,0.537,0.537,1.644,1.186,0.938,-0.11,1.186,0.938,-0.663,-0.746,-0.746,0.698,1.186,1.644,0.698,0.938,1.644,1.186,0.698,0.938,-0.746,1.186,1.644,-0.11,-0.663,-0.663,-0.11,0.938,0.9188756390319717,1.186,1.1718240713169723,-0.12854011049564135,-0.0940670295197976,-0.670967900497888,1.644,0.41,0.537,1.2131138135586803,0.39300705606756436,-0.06398914474626564,0.9548343290360131,0.5169854176808067
-1.152,-0.759,-0.759,-1.17,-0.025,0.78,-0.903,0.208,-0.903,-0.025,0.208,-1.17,-0.863,-1.152,-1.152,0.78,-0.759,-0.759,-1.17,-0.14,-1.152,-1.17,-0.903,-0.759,-0.863,-0.863,-0.863,-0.14,0.78,0.441,-1.152,-0.903,-0.863,-0.863,-0.14,0.208,-1.17,-0.903,-0.759,-1.17,-0.14,0.78,-0.863,-1.152,-0.903,-0.903,0.78,-0.14,-1.152,0.208,-1.1643835973440255,-0.759,-0.9124790313133471,-0.025,-0.04514659595270856,-0.8810080393314405,-0.1504805251203454,0.7664413088639326,0.441,-1.1289587515844073,-0.11917297841797496
-1.044,-0.993,-0.839,-1.044,1.314,-0.018,-1.09,1.314,1.328,1.314,-1.09,-0.993,-0.839,-1.044,1.328,-1.09,1.328,-0.993,-0.77,1.328,-0.839,-1.044,-0.839,-1.09,-0.839,-1.09,1.314,1.328,1.328,1.037,1.314,-0.993,1.328,1.314,-0.839,0.426,-1.044,-0.77,1.328,1.037,-0.77,-0.993,-1.09,-0.77,-0.839,1.037,-0.839,-1.044,-1.044,-0.77,-0.7800083932422576,1.314,-1.09,1.037,0.426,-0.7337859306003811,-1.0555825639215484,1.328,-0.6894921444035935,-0.6431936125115513,0.4087667375289956,-0.993,-1.1063557103584238,-0.018,1.0264614026300058,1.061300110767846
-0.053,-1.453,-1.453,0.913,2.024,-0.906,0.913,-1.453,2.024,-0.002,1.551,-0.002,2.024,-1.453,-0.053,-1.453,1.551,1.551,2.223,1.551,1.022,2.223,2.024,-0.002,-0.002,-0.002,-0.906,-1.453,1.022,-0.053,-1.453,2.223,-0.502,-0.906,2.223,2.024,-1.453,1.551,2.024,-0.906,-0.502,1.551,-1.453,2.223,-0.502,-0.002,2.223,-0.906,-0.002,2.024,-1.453,1.551,2.223,-1.453,2.2015057546661914,0.913,1.551,-0.906,-0.502,-0.002,-0.9177106667476229,-0.02230992440078445,1.5342426578190316,2.245008709885522,0.90125596323395,-0.5205817777183611,-0.461122737996258,2.2741296899022836,-0.4338111157693538,1.571890782617391,-1.461444464857761
-0.731,-0.763,-0.308,0.371,2.031,-0.763,-0.757,1.361,-0.893,2.031,0.371,1.162,-0.763,1.361,1.162,0.371,-0.731,-0.893,1.162,-0.308,-0.308,-0.757,-0.757,-0.731,1.361,-0.893,0.371,1.204,2.031,1.204,0.371,2.031,-0.893,0.371,-0.757,-0.757,-0.731,2.031,-0.308,-0.893,-0.731,2.031,1.204,-0.308,2.031,1.162,1.1405700365547093,-0.3196666231068764,1.204,-0.757,-0.2926055940434802,-0.25885716821055244,1.1909326536690088,-0.2205302964782655,-0.893,-0.731,-0.7696571390209563,1.219506191337007,1.361,1.1760257698284386,-0.18088696432611442
1.256,-0.99,-0.858,-0.864,0.003,-0.858,-0.99,-0.249,-0.99,-0.73,-0.73,-0.75,-0.249,-0.73,-0.249,-0.99,-0.249,-0.249,-0.73,0.003,-0.287,-0.249,-0.73,-0.73,-0.858,-0.99,-0.73,-0.864,-0.75,0.003,-0.99,1.256,-0.99,-0.858,-0.99,1.256,-0.99,-0.249,-0.73,-0.249,-0.864,-0.287,-0.75,-0.864,-0.75,-0.7667437266460748,-0.73,-0.858,-0.7450721966089557,0.0,-0.249,0.003,-0.749832290572602,-0.864,-0.011347666023824102,-0.99
-0.424,-0.064,-1.0,-1.115,-0.064,-0.758,-1.0,-0.064,-0.758,-1.104,-1.0,-0.663,-0.509,-0.064,-0.758,-1.0,-1.104,-1.0,-0.663,-0.663,-0.509,-1.115,-1.115,-0.758,-0.064,-1.0,-1.109,-0.064,-0.708,-0.708,-1.104,-1.115,-0.663,-1.109,-1.109,-1.115,-1.104,-0.509,-0.708,-0.064,-1.115,-1.0,-1.104,-1.109,-1.115,-0.064,-1.109,-0.064,-1.104,-0.064,-0.509,-1.115,-0.424,-1.0,-1.131336811056494,-1.104,-1.1060293487247777,-1.071005707541035,-1.109,-0.663,-1.0377902777697652,-1.0220039389462205,-1.016548071922675,-0.5201923394959185,-0.064,-0.6776112635182496,-0.708,-1.1222606360720888,-0.758
0.846,0.953,-0.372,-0.8,-1.107,-1.112,0.953,0.849,-0.372,-1.107,0.953,-0.8,-0.372,0.702,0.846,-0.413,-1.112,-0.413,0.846,1.598,0.849,1.598,0.846,-1.107,-1.107,0.702,1.598,-0.372,0.849,0.846,-1.107,-1.112,-0.8,0.702,1.598,-1.112,1.598,1.598,1.598,0.953,-1.112,0.702,-0.372,0.953,0.846,-1.112,-1.112,0.849,-0.8,-1.112,-0.8,-0.413,-0.372,-1.1278678409877374,0.846,0.8292250105689343,-0.8090493057853297,-0.38314370968208694,0.953,-0.36424087550016887,-1.0871578650352505
-1.18,-0.693,1.094,-0.581,-0.361,-0.542,1.581,-1.18,1.581,1.094,-1.18,-1.194,-0.693,0.736,-0.361,1.094,-0.361,-1.18,1.094,-0.542,-0.693,1.094,-0.693,-0.693,-0.375,1.581,-0.542,-1.194,-1.194,1.581,-1.18,1.094,0.736,1.094,-1.194,1.094,-1.18,-0.375,-1.194,-0.581,-0.693,-0.361,1.094,-0.693,1.094,1.094,-1.18,1.581,-1.194,-0.361,-0.693,-1.18,-1.194,0.736,-0.375,-1.18,-0.581,-1.194,1.581,0.736,-0.5934949771880564,-1.189641208262972,1.094,-0.3870620295815583,1.076579746657026
-0.153,-0.802,-0.353,-0.292,-0.832,-0.353,0.216,-0.292,1.255,-0.153,1.255,-0.839,-0.353,-0.839,-0.832,-0.839,-0.292,-0.839,1.255,0.216,-0.802,0.234,-0.839,-0.353,-0.353,-0.839,-0.153,-0.153,-0.292,-0.832,1.325,-0.839,-0.292,-0.802,0.234,1.255,-0.353,-0.153,1.325,1.255,-0.802,-0.353,1.325,-0.153,-0.802,-0.1597647803368243,-0.353,-0.832,0.216,-0.36359252603490944,1.255,-0.839,-0.8177882449383034,-0.3231655403076507,-0.2927224395469098,1.325,-0.8546880299868824
1.405,-0.289,-1.021,1.338,1.405,1.405,-0.973,1.635,1.338,1.635,0.16,0.16,-1.021,1.392,1.405,1.392,0.069,-0.973,0.069,-0.289,1.635,-0.289,1.405,-1.021,0.069,-0.289,0.16,0.748,1.392,1.405,1.338,0.748,0.069,1.392,1.392,-1.021,1.635,1.635,-0.973,0.748,1.338,1.338,0.748,-0.289,-0.973,0.748,1.635,0.16,-0.289,1.392,1.3788482168662504,1.635,1.405,-1.021,-1.0377816616213593,0.069,-1.020300943959216,1.6227947003619387,1.673176633408336,1.338,1.7271392831395564,0.15087182479656924
-0.653,-0.653,-1.031,-1.136,-1.037,-0.653,-0.518,-1.037,0.007,-0.861,-1.136,1.61,-0.861,1.61,0.301,-1.031,-1.136,-0.518,-1.136,-0.653,-1.031,-1.037,-0.603,0.007,0.007,0.007,-1.037,-1.037,-1.037,-1.037,-1.031,1.61,-0.518,-1.136,-0.603,-0.861,-0.653,1.61,-1.031,-1.037,1.61,1.61,0.301,-1.031,0.007,0.007,0.301,-0.653,-0.6739058514183147,0.28307948058947996,1.61,1.592049828136788,1.6222339417901352,-1.136,-0.6113155892738081,0.007,-0.5732849084312469,-0.861,-0.0045033519308094955,-0.518,-0.8756854736617796,-1.031,0.32814768824967117
-0.445,-0.43,-0.43,0.038,-0.43,-0.944,-0.861,-0.43,-0.651,-0.43,0.059,-0.43,0.038,-0.944,0.059,-0.113,0.059,-0.651,-0.915,-0.445,-0.445,-0.445,0.059,-0.915,-0.915,-0.944,0.038,-0.944,-0.445,-0.915,-0.861,-0.445,-0.915,-0.43,-0.944,-0.861,-0.113,-0.445,-0.861,-0.651,0.059,-0.944,-0.43,-0.43,-0.43,-0.43,-0.651,-0.6704478821478884,-0.4417794720810263,-0.41682675159375093,-0.915,-0.6322276533814662,-0.445,-0.5975706050016233,-0.36803310489853464,-0.574989443208153,-0.9283910039836962,-0.113,-0.12660345042365623,-0.5257599906186008,-0.8894588041020799,0.059,0.033578302357221645,-0.861,-0.45904581972143477,-0.3286649859757577,-0.8784878604926724
-0.559,-0.189,-0.189,1.892,-0.584,0.087,0.087,-0.559,0.309,0.087,-0.189,-0.957,0.309,0.307,-0.957,0.268,0.087,-0.189,-0.189,0.268,0.268,-0.559,-0.957,0.307,0.309,-0.584,1.892,-0.957,-0.559,-0.957,-0.957,0.087,0.268,-0.559,-0.584,-0.695,0.268,-0.695,1.892,0.087,0.087,0.087,-0.559,-0.695,0.309,0.309,0.309,-0.957,0.307,-0.695,0.309,0.2848779149588973,-0.559,-0.189,0.29045695629210494,-0.9728470691661454,1.892,0.3130757275020591,-0.7034208604855233,0.087,1.8754439719560843,1.901459627097847,-0.5689220781136366,0.07323758551386941,0.12882126842744715
-0.888,-0.593,-0.888,-0.92,-0.242,-0.658,-0.939,-0.242,-0.92,0.644,-0.888,0.644,-0.92,0.644,-0.92,-0.039,-0.593,-0.242,-0.888,-0.039,-0.939,-0.682,-0.658,0.689,-0.939,-0.92,-0.939,-0.242,-0.242,-0.682,-0.242,-0.593,-0.039,-0.039,-0.92,-0.888,-0.939,-0.682,0.644,-0.888,-0.888,0.689,-0.939,-0.658,-0.593,-0.039,-0.6016269436181393,-0.054768444169474254,-0.92,-0.939,0.644,-0.888,-0.9047619072636667,-0.5804638453243878,-0.01677955653804259,-0.9341118151542892,-0.5569111169691587,-0.682,-0.9473541607884554,-0.658,0.6314807761831857
-0.365,-1.155,-0.901,-0.901,-0.362,-0.362,-1.155,-0.165,-0.165,-0.165,-1.155,-0.329,-1.155,-0.165,-0.362,-0.329,-0.901,-0.2,1.092,-0.329,-0.329,-0.362,-0.702,-0.165,-0.702,-0.027,-0.027,-1.155,1.092,-0.901,1.092,-0.027,-0.027,-0.901,-0.702,-0.165,-1.155,-0.702,-1.155,-0.165,-0.702,-0.329,1.092,-0.165,-0.901,-0.920264384635661,-0.365,-0.027,-0.8765318642015516,-1.155,-0.17514443015033826,-0.2,-0.33826262993313205
-0.977,0.445,1.746,1.746,1.746,-0.977,0.726,0.657,0.994,-0.429,-0.977,0.445,0.657,0.866,-0.977,1.746,0.994,0.445,0.445,0.445,0.866,0.445,0.445,0.994,-0.977,-0.675,0.726,0.866,1.746,0.866,1.746,-0.675,0.866,0.726,1.746,0.445,0.866,1.746,0.657,-0.675,-0.675,1.746,1.746,0.445,0.726,-0.429,-0.675,-0.977,0.445,-0.977,0.866,-0.977,0.726,0.445,1.746,0.445,-0.9890044542116443,-0.9654934814969534,0.43641145309401086,0.4368694925005766,0.47351848738812613,-0.429,0.657,0.5019866082966843,0.6413256175351993,-0.9437379523841153,-0.44026914543620227,0.6670218951754804,0.535957120596515
-0.871,-0.521,1.59,-0.875,2.364,2.364,-0.275,1.593,-0.871,-0.521,-0.667,1.593,1.239,1.239,-0.667,1.593,1.239,-0.875,1.239,-0.875,1.59,2.364,2.364,0.057,-0.871,-0.875,-0.875,1.59,-0.875,1.239,-0.275,-0.275,-0.875,1.59,-0.875,-0.275,2.364,-0.521,-0.871,-0.521,-0.871,-0.875,-0.667,-0.521,-0.875,-0.521,2.364,1.59,1.593,2.364,1.593,-0.521,-0.275,0.057,-0.875,-0.875,-0.875,2.364,1.239,1.2205607493791346,1.593,0.057,-0.275,1.59,1.2632956440418854,1.2889776211902078,0.04440365474850743,-0.8853176156316178,2.350964289087918
1.757,0.354,1.947,1.757,-0.606,-0.67,1.947,1.947,1.757,0.777,-0.981,-0.981,1.947,1.947,0.972,-0.67,1.306,1.757,0.777,1.947,-0.606,1.306,1.306,-0.981,0.972,-0.606,1.757,1.306,0.777,0.354,-0.418,-0.418,1.757,-0.981,1.306,1.757,0.972,1.306,1.306,1.947,0.777,-0.981,1.947,1.757,1.7461180821508397,1.306,1.797531812484649,1.947,1.294085482307112,0.777,1.93931373532244,-0.606,1.8274286937663815,-0.981,-0.67,-0.9896306830022779,0.7620735970244668,1.3335142706483738,-0.6853286692007239,1.8480145056180617
1.062,0.829,0.501,1.529,-0.343,0.179,-0.487,-0.343,1.723,-0.861,1.062,1.529,1.062,1.723,-0.343,0.829,1.062,-0.343,-0.861,0.179,1.062,-0.343,0.052,0.052,0.052,0.179,1.723,-0.861,1.529,1.723,-0.861,0.829,1.062,-0.861,0.179,-0.861,0.052,1.062,-0.343,1.723,-0.487,0.829,0.179,-0.343,1.529,1.529,0.179,0.829,-0.861,0.829,0.829,0.501,1.723,1.529,1.7079474630153797,-0.861,0.8153240771404916,0.179,1.742645084876743
-0.667,-0.675,1.465,-0.375,-1.282,-0.695,-1.282,0.106,-0.375,-1.282,1.465,1.465,1.465,-0.276,-0.276,0.106,0.102,0.102,-1.282,1.465,-0.375,-1.282,0.851,-1.282,-0.675,1.465,1.465,0.102,-0.695,1.465,0.102,0.102,-0.667,-1.282,-0.675,0.102,-1.282,0.106,-0.667,-0.276,0.851,0.106,-0.667,0.851,0.851,-1.282,-0.695,0.851,-0.7099865184008423,-0.375,-0.6581381201710859,-1.282,-0.667,-0.276,-0.3914295057659554,-0.6161615783400358,0.102,0.8430129766966968,-0.675,-0.6939710244995002,-1.2976095306027546,0.8800608440190558,-1.2445947733288902,-0.6502727296121952,-0.5735856811245433
-1.218,-0.203,1.65,1.109,0.083,1.109,1.211,1.65,1.65,-1.218,-0.99,-1.218,-1.218,0.912,-1.218,0.912,1.211,-0.99,-1.218,0.912,1.211,0.083,0.912,1.109,-0.99,0.912,1.65,-0.99,-0.203,-1.218,1.65,-0.203,0.912,1.211,-0.165,-0.165,-1.218,-0.99,-1.218,-0.99,-0.165,1.109,-0.203,-0.165,0.0,-1.218,1.65,1.211,-0.99,1.1936419574950594,0.912,1.2261675822469917,-1.2350145129098398,1.109,1.6345208027253197,-0.17055122243450854,1.269535649710994,-1.002793816742273
-0.948,0.146,0.439,-0.948,1.14,1.127,-0.745,0.698,-0.948,1.127,0.439,1.14,0.439,1.14,0.439,1.127,-0.745,-0.858,-0.745,1.127,-0.745,0.439,0.848,0.439,-0.858,1.127,0.848,0.439,1.127,0.848,0.146,-0.441,-0.858,0.439,1.14,-0.745,-0.441,-0.858,0.698,0.698,1.127,-0.858,0.848,-0.948,-0.858,0.146,-0.745,0.698,-0.948,-0.9636787252482883,-0.441,-0.9357239387796478,0.848,-0.858,0.8346284603839402,-0.9179755565977399,-0.887946298219083,-0.4537294178882698,-0.4051589696281603,0.8713003125532152,1.127,0.9073344367394572
-0.78,1.22,-0.852,-0.151,-0.852,2.516,-0.25,-0.852,-0.852,2.516,2.243,-0.151,-0.151,-0.83,2.516,-0.151,-0.83,2.516,2.516,-0.83,-0.78,1.22,-0.151,-0.25,0.94,2.243,-0.25,2.243,1.22,-0.151,-0.151,1.22,2.243,-0.25,-0.2,-0.83,2.243,-0.83,2.516,-0.852,-0.151,-0.78,-0.83,1.22,2.243,0.94,-0.78,0.94,-0.852,-0.2,2.243,-0.151,-0.78,-0.796128019596215,2.516,-0.1627143684926942,-0.7466870306356209,-0.8689672875990092,-0.8436758895144639,-0.12306287850370475,-0.8026302421342453,1.22,-0.7836159818911873
-0.91,-0.926,0.138,-0.714,-0.906,-1.026,1.654,-0.926,-0.926,-0.906,-1.026,0.138,-0.926,-0.91,-0.714,-0.91,0.138,-0.02,0.892,-1.026,0.138,-0.02,0.633,0.138,0.633,-0.714,0.633,-0.906,-1.026,0.633,1.654,-0.926,-0.906,-0.91,0.138,1.654,-0.02,-0.02,-0.02,0.633,1.654,-1.026,-0.906,-0.02,-0.906,-1.026,-0.714,0.138,0.633,0.892,-0.91,-0.906,-0.714,0.633,-0.714,-0.926,1.654,-1.026,0.633,-0.926,-1.0415402379076528,-0.9407469625276185,0.892
-0.556,1.06,-0.805,0.05,-0.556,-0.879,0.188,0.188,0.05,1.06,-0.879,1.616,-0.151,-0.139,-0.879,1.353,-0.556,1.353,-0.805,-0.879,-0.151,-0.556,1.353,1.353,1.616,-0.556,-0.879,-0.556,-0.151,1.353,-0.556,1.353,1.616,1.616,1.353,0.05,0.05,-0.139,-0.879,-0.139,-0.151,-0.139,-0.139,-0.139,1.616,1.06,-0.805,1.353,-0.556,0.188,0.05,1.353,-0.151,0.030023799847004724,-0.16118824440626536,1.3365870855355992,0.1755791172553693,0.19466320203389484,-0.567520223482851,0.21731118402174845,0.2567628884513596,-0.805,-0.879,-0.12253564539397509,1.3789088516451788,-0.8163981308913382,1.616,-0.139,-0.774093979295756
1.235,1.226,-0.529,1.226,1.024,1.235,1.132,1.132,1.844,1.132,1.844,1.173,1.132,-0.529,1.844,1.024,1.226,1.235,-0.529,1.132,1.132,1.235,1.235,1.132,1.132,1.173,1.132,1.173,1.191,1.173,1.844,1.173,1.226,-0.15,1.132,1.024,1.024,0.385,1.191,1.132,1.024,1.024,1.132,1.844,1.226,1.235,1.844,1.132,1.191,1.844,1.191,1.024,0.385,1.226,1.2125695748053378,1.1799644237713132,-0.529,1.173,0.3675877002396009,1.229548881031404,1.273120004793961,1.0157510995160488,1.235,-0.15,1.2696600889637968,1.3274783443310614,-0.16302663918608282
1.063,-0.218,1.394,-0.64,1.063,-0.873,-1.109,1.002,0.645,0.645,-1.109,0.419,1.394,-0.873,-0.218,0.419,-0.64,-0.873,-0.873,-0.64,1.394,1.002,-1.109,0.645,-0.873,0.919,1.394,0.919,0.919,0.645,-0.218,1.063,-0.218,1.002,-0.218,-1.109,0.645,0.919,0.645,1.002,-0.218,-0.218,-0.64,-1.109,-0.873,0.919,-1.109,-1.109,-0.873,1.063,-0.873,-0.218,1.394,1.0581371327251452,1.3782400780285502,-0.22825830740445402,0.645,0.6322742873536772,-0.8860177844646282,1.4182493415450317,1.002,0.9814874719011778,-0.64
0.698,-0.708,-0.708,1.17,0.529,0.529,-0.663,1.17,-0.514,0.066,-0.511,-0.118,-0.514,0.698,-0.663,1.17,-0.663,0.181,-0.118,-0.708,0.698,0.181,0.066,0.181,-0.708,0.698,0.066,-0.514,-0.514,-0.514,-0.663,0.181,-0.511,1.17,-0.514,1.17,1.17,1.17,-0.514,-0.708,-0.118,0.066,-0.514,-0.118,-0.5326983083966069,-0.511,-0.4962613758376911,0.181,1.17,-0.4454900246111997,-0.663,0.698,-0.708,0.6836608311863336,0.052596802108948744,-0.12850515201057972
0.973,-0.985,0.102,-1.132,0.973,1.125,-0.985,-0.987,-1.132,-1.132,-0.987,-0.002,0.102,0.973,0.973,-0.955,-0.955,1.125,-0.987,0.102,-0.955,-0.529,1.125,-0.987,-0.529,-0.002,0.973,0.102,-0.002,-0.987,1.125,-0.985,0.102,-0.955,-0.955,-1.132,-0.955,-0.985,-0.987,0.102,-1.132,0.102,-0.987,0.973,1.0,-0.529,1.0,-0.002,-0.002,-0.985,-0.985,-1.132,0.973,1.125,-0.987,-0.985,0.102,1.1090385350474905,-1.0003628034855891,0.9546708139086375,-0.9724983655189018,1.153323044193947,-1.00233428899624,-0.529,-0.955,-1.1416023857273807,-1.089154003997457
-0.645,-1.105,-0.91,-0.769,-0.91,0.036,-0.769,-0.885,-0.91,-0.418,-0.418,-0.769,-0.434,0.081,0.036,-1.105,-0.91,-0.885,-0.885,0.081,-0.434,-0.769,0.036,-0.104,-0.645,-0.91,0.036,-0.885,0.036,-1.105,-0.769,-0.885,-0.91,-0.645,-0.645,-0.104,-0.434,-0.91,-0.885,0.081,0.036,-0.769,-0.885,-0.434,-0.91,-0.769,-1.105,0.036,-0.885,-0.91,-1.105,-0.104,0.081,-0.769,-0.885,-0.8969165052092777,-0.7851480133077248,-0.8695350357119093,0.036,-0.8210155923611034,0.01552981797292029,-0.7334504934217358,-0.6930451102760095,-1.105
0.961,0.961,0.021,-0.975,0.021,-0.975,-0.975,1.235,-0.647,-0.237,1.385,1.831,-0.975,0.021,1.831,-0.237,1.831,0.526,0.021,0.178,1.831,-0.975,1.831,1.235,-0.237,-0.237,-0.975,1.385,1.831,1.385,1.385,-0.647,0.178,1.831,-0.237,-0.237,0.961,-0.975,-0.237,1.831,-0.647,1.235,0.961,1.831,1.385,1.385,0.021,1.235,-0.975,1.385,0.178,0.021,1.385,-0.975,0.526,0.008075357862712792,0.178,1.831,-0.237,-0.2497753595652696,0.16768687199959809,-0.9879907226391914,1.3766710870054308,1.8200443983932177
-0.762,-0.117,1.106,1.106,-0.017,-1.447,1.005,1.106,0.449,1.292,1.106,-1.175,-0.762,-1.447,0.09,1.005,-1.447,-1.175,1.292,0.09,-0.762,-0.762,-1.447,0.449,1.005,-1.447,0.449,1.106,1.106,1.106,1.106,-1.447,1.005,-1.447,-0.017,-1.175,-1.175,-1.175,-1.447,-0.117,1.292,-1.447,-0.017,-0.117,1.106,1.005,-1.175,-0.762,-1.447,-0.117,0.09,1.106,0.07798203535078216,-1.175,1.292,-0.1294125866976249,-0.017,-0.1052637005834682,0.09980903381005386,1.0937202239150317,0.1326311402606971,1.150668464522903,1.005,-0.02847814131932952,-0.05767794688888675,-0.02525582112522593
1.795,-0.366,0.31,-0.286,-1.091,-0.286,-0.366,-0.941,2.039,-0.366,2.039,1.795,-1.002,2.039,-0.941,-1.091,0.31,-0.854,2.039,1.795,-0.286,-1.002,0.482,2.039,1.795,-1.091,0.31,1.795,-0.286,-0.286,1.795,-0.286,-0.854,-0.366,-1.091,-0.941,-1.091,0.482,-1.002,1.795,-0.286,-0.941,-1.002,-0.366,-0.366,2.039,-1.002,-1.091,-0.854,1.795,-0.366,0.482,-1.002,0.31,-1.091,-0.366,0.482,2.039,-0.941,0.31,1.795,-0.286,2.039,0.3014646285825095,-1.091
-0.269,-1.047,1.524,1.345,-1.14,1.345,-0.269,-0.007,1.173,-1.047,1.524,-0.867,1.173,1.524,-1.14,-1.047,-0.269,-0.465,-1.14,1.524,-1.14,-0.873,-0.867,-1.14,-1.14,-0.873,-1.14,1.345,-1.047,1.173,1.345,1.524,-0.873,-0.007,-0.465,-0.007,-0.873,-0.867,-0.269,-0.269,1.524,1.524,-0.007,-1.047,1.173,1.173,-0.867,-0.007,1.173,1.345,-0.873,1.1555177433131376,-0.269,1.1997265129688868,-0.8818036024121344,-1.047,-0.8468522160540023,-0.8852628851309208,1.2480690090043365,-0.8529645227884795,-1.061182323160228
0.62,-0.43,-0.43,-1.233,-1.233,0.62,-0.222,-0.43,-1.064,0.62,-0.812,-0.812,0.62,-0.43,0.655,-1.233,-0.347,-0.222,-0.564,-0.564,-0.222,-0.347,0.795,-0.43,-1.233,-1.064,-0.347,-0.812,-0.347,-1.233,-1.233,-0.222,-0.564,-0.222,-1.064,-1.064,-0.812,-1.064,-0.222,-0.222,-1.233,-1.233,-1.064,0.62,0.62,-1.233,-0.43,-0.347,-0.3634649386250866,-1.233,-1.245184434255949,-0.44694887506038866,0.62,0.795,-1.2076980873794838,-0.222,0.6132885161482902,0.7816084059240594,-1.064,-0.564
-1.039,-0.642,0.088,0.666,0.915,1.201,1.201,-0.938,1.201,0.58,-1.172,-1.039,-0.938,-0.938,-1.039,0.915,-0.938,0.666,-0.642,1.201,-1.039,1.201,0.915,-0.221,0.915,-1.039,-0.642,-1.172,-1.172,0.58,0.088,-0.221,-1.172,1.201,-1.172,-0.938,0.58,-1.039,-1.039,-1.172,-0.642,0.58,0.088,-0.221,0.666,0.666,0.915,0.58,0.666,-1.172,-0.642,0.58,-0.6622683950538703,0.5687638841454921,1.201,-0.938,-0.221,-1.039,1.1836375497707172,1.2251129805277179,-1.0541150845004357,0.915,1.2826203791063302,0.666,-1.172
-0.213,0.837,1.402,0.998,1.585,-0.807,0.837,1.402,1.951,1.585,0.837,0.998,-0.617,1.585,-0.807,0.837,1.585,-0.807,1.402,1.951,1.413,-0.688,1.585,1.585,-0.688,1.413,0.837,1.402,1.951,1.413,1.402,1.585,-0.807,-0.617,-0.617,1.951,1.413,1.402,1.951,0.998,-0.807,0.837,1.413,1.951,-0.213,-0.807,-0.807,1.951,1.402,-0.688,-0.617,1.413,1.402,-0.213,1.3855431412532229,1.585,1.4343921228286518,1.5690036666871918,-0.688,0.837,-0.708811955918247,-0.22355255168902308,-0.807,1.951,0.8246857503118724,-0.6562331315728612
-0.57,-0.942,-0.987,1.461,-0.316,1.461,-0.987,1.461,1.42,-0.987,-0.343,-0.942,-0.942,1.061,1.511,1.42,1.511,-0.987,-0.57,1.061,1.42,1.461,1.42,1.511,1.061,1.461,-0.942,-0.343,1.061,-0.942,1.061,-0.57,1.42,1.461,1.511,1.42,1.061,-0.942,1.061,1.061,1.061,-0.316,1.511,-0.942,1.42,-0.987,-0.343,-0.36214992749472047,-0.9575576151823696,1.4060650290789267,1.461,1.061,1.4971126716773009,-0.57,-0.9046744935276321,-0.5870522802109545,1.4477907544042854,-0.9972721241361636,1.047600366005466
0.933,2.064,0.723,0.723,0.965,0.965,-0.999,0.129,-1.047,-0.999,-1.047,-1.047,-0.999,0.723,0.332,0.723,0.129,-0.681,0.129,0.332,0.483,2.064,-1.047,0.332,-1.047,0.723,-0.999,-1.047,-0.681,-0.681,-0.999,2.064,2.064,-1.047,0.723,0.129,0.965,-0.999,-0.999,0.723,0.332,0.933,0.933,2.064,0.129,0.129,0.129,0.483,0.11121369457410415,-1.047,0.332,0.46844886280175846,0.723,-0.999,-1.010177237719982,0.965,0.31626705957667717,-1.0574400886825082,-0.971504796204392,0.15887987133225878,0.20025493336854433,0.7080853539159127
1.339,1.339,-1.174,-0.99,1.592,1.592,-1.174,0.823,-1.174,0.313,-0.99,1.592,1.592,1.339,-1.188,-0.99,-1.174,1.592,-1.188,-1.174,-1.188,0.226,0.772,-0.99,0.823,-1.188,-1.174,-1.188,0.823,0.264,-0.99,0.823,0.772,0.264,-0.99,0.823,-1.188,-0.99,0.823,-1.174,0.772,-0.99,1.339,-0.99,-1.188,0.226,0.313,0.823,0.772,-0.99,0.264,-0.99,1.339,-1.0051814741576646,-0.970451163616941,0.823,1.592,1.5795251620463013,0.772,-0.9411914128856784,0.8132989421011484,0.2485684564719013,-0.9146090587344058,0.226
-0.303,-1.156,-0.858,1.602,-0.303,-0.745,-0.054,-0.97,-0.97,-0.745,-0.054,0.469,-0.054,-0.97,1.602,-0.054,-0.745,0.469,-0.97,-1.156,-0.678,0.425,-1.156,-1.156,-0.858,0.425,-0.858,-0.858,-1.156,1.602,-0.054,-1.156,-0.303,-0.303,-0.678,0.469,-0.678,-0.054,-0.303,1.602,-0.054,0.469,1.602,0.469,-0.678,-0.745,1.602,1.5802937934467522,1.6325398765956283,-1.156,0.469,-0.678,0.425,0.40772339927767554,-0.97,1.6691554302708955,-0.6915826499270387,0.43323311346273097,0.46176204825625805,-0.745,-0.6470176196208182,-0.858,-0.8747279542201593,-0.054
1.445,-0.081,-0.081,-1.268,1.445,1.288,0.509,0.509,-0.081,0.509,-1.268,-0.686,1.278,-0.701,-0.081,0.509,-1.268,1.445,1.445,-0.081,-1.268,-1.268,-0.701,0.509,-1.268,1.288,0.982,0.982,0.982,1.278,1.278,0.982,1.288,1.278,0.509,-1.268,0.509,0.509,-1.268,-1.268,1.288,0.509,1.445,-0.686,0.982,-0.686,-1.268,0.0,1.445,1.4262520368174445,-1.268,0.982,0.509,-0.012581466955259258,-0.701,1.288,1.2715823789179355,1.4730699559188676,-0.686,-1.280056982306419
-0.593,-0.002,-0.002,1.117,1.672,-0.593,2.119,1.672,1.311,1.117,1.311,1.672,-0.462,2.119,-0.462,-0.168,-0.168,0.694,-0.593,1.311,1.672,1.672,1.117,-0.002,1.117,-0.002,1.672,-0.002,1.672,-0.168,0.694,2.119,2.119,0.694,2.119,-0.002,2.119,0.694,2.119,-0.462,1.672,-0.462,2.119,0.694,1.311,-0.593,0.694,1.117,-0.593,0.694,-0.168,1.311,0.6839395976785386,1.2977958235857912,-0.002,0.7246159750024458,-0.462,-0.17968895311318128,2.119,0.0,0.7606648565669049,1.672,-0.019148124650175805,0.8074941553172778
-1.056,0.716,-1.056,1.379,-1.056,-0.288,-0.099,-0.099,-0.192,-0.099,0.716,-1.056,1.379,-0.345,-0.288,-0.727,-1.056,-0.288,-0.192,-0.727,-1.056,1.379,-1.056,1.379,-0.192,-0.345,-0.345,1.379,-1.056,-0.727,-1.056,0.716,-1.056,1.379,-1.056,1.379,-0.189,-0.727,-0.288,1.379,1.379,-1.056,-0.189,-1.056,-1.0720580771290673,-0.345,-0.1991781603986356,-1.061105719660699,-0.727,-0.16152437371450146,1.379,-0.099,-0.192,-0.288,1.368873257438624,-0.7355607455025941
0.924,0.753,-0.381,-0.984,0.371,-0.91,-1.027,-0.592,0.753,-1.027,-1.027,-0.276,0.924,-0.276,-1.027,-0.984,1.759,-0.91,1.759,-0.592,0.371,0.924,-0.592,-0.984,0.924,-0.984,0.371,-0.592,-0.91,0.753,-1.027,-0.592,0.753,-0.276,1.759,0.753,1.759,-0.984,-0.984,1.759,0.753,0.753,-1.027,-0.91,1.759,-0.381,1.759,-1.027,0.924,-1.043691110754505,0.371,0.35400329718230406,-0.984,-1.0239603279136547,1.7515706935397688,0.3958943609020177,1.7860194010825763,0.40412545766304503,0.9106670885210217,-0.91,-0.992102359487654,0.950626178331725,-0.276
0.288,-0.987,-0.585,-0.192,-1.15,-0.987,-0.585,-0.987,-0.192,1.74,0.153,-0.034,-0.034,-0.68,-1.15,0.153,0.288,1.74,-0.68,-0.68,-0.034,-1.15,-0.987,0.497,-0.585,-0.68,0.497,0.497,-0.585,-0.68,-0.68,-0.68,-1.15,1.74,-0.987,0.288,-1.15,0.153,0.153,-0.68,0.153,-0.987,-0.585,0.153,0.153,-0.192,-1.15,0.153,-0.034,0.14195105619113257,-0.04743213841175574,-0.00410219021551082,-0.987,0.288,1.74,1.723893023321389,-1.1640306394738513,-1.1280672943843626,1.7560575893939758,0.497
-1.123,0.474,0.69,-0.795,-1.123,-0.246,0.347,-0.344,0.69,-0.344,0.474,1.169,-0.296,1.169,-1.123,-0.795,1.169,1.169,-1.123,1.169,-0.679,0.347,-0.795,-0.296,-0.679,-0.296,-0.246,0.474,-0.246,-0.795,-0.296,0.474,1.169,0.347,0.347,1.169,0.69,-1.123,0.474,0.347,-1.123,-0.296,-0.30828419247134353,-1.123,-0.246,1.169,-0.795,-0.8146998670169839,-0.344,-0.2852248277742333,0.474,1.1563852357063211,-0.3583268217865007,0.69,-0.7719142299717999,-0.2348631026899475,-0.3236953393851628,0.6773481427571727,1.1985757342113892
-0.491,0.081,0.081,-0.491,1.234,-0.314,-0.491,-0.611,-1.096,0.896,0.081,-0.491,-0.314,-0.611,0.896,0.081,0.896,0.656,-1.096,0.081,-1.096,0.896,0.656,0.081,-1.096,-0.676,-0.314,0.081,-0.491,-0.491,0.081,-0.314,0.896,-0.352,-0.611,-0.611,0.081,0.081,0.896,-0.611,0.656,1.234,-0.676,1.234,1.234,-0.611,-0.611,-1.096,-0.352,0.081,0.06536439815630528,1.234,0.0860176635423641,-0.314,-1.096,-0.491,0.896,-0.5020308007348723,0.13098745860744823,-0.352
0.848,0.544,0.085,-0.661,-0.958,0.848,0.544,-0.828,0.544,0.085,-1.113,-0.828,-0.958,0.544,-0.828,0.848,0.63,0.544,-0.828,-0.958,-1.113,-0.828,-1.113,-0.958,0.848,0.679,-1.113,0.544,-0.661,-0.828,-0.958,-0.958,0.848,-0.828,1.1,-1.113,1.1,0.679,0.679,-0.661,-1.113,1.1,0.544,1.1,-1.113,-1.113,-0.661,-1.113,0.679,0.848,-0.828,0.085,-0.843146906867376,0.07196431069809088,-1.113,-1.1316348620630337,-0.824079375053879,0.63,-0.661,-0.958,0.12486282509384888,-0.9750793047917274
1.422,-0.742,1.788,1.788,-1.185,-0.742,-0.742,-0.748,1.422,1.422,0.185,-0.363,-0.748,-1.185,-0.363,-1.185,-0.264,-1.185,-0.183,-0.264,-0.363,0.185,1.422,1.788,0.185,-0.748,1.788,-0.545,-0.545,1.788,-0.545,-0.183,0.185,-0.183,-0.748,-0.363,0.185,-1.185,-1.185,-0.742,1.788,-0.545,-0.363,1.788,1.788,-0.264,1.422,-0.545,-0.748,-1.185,-0.363,-0.183,-0.363,-1.185,-1.185,-0.264,-0.742,-0.264,-0.748,-0.7604228359109566,-1.185,-0.363,-1.20246969760373,-0.272616751188477,0.185,1.422,-1.1741406147626232,-0.742,-0.24569750880748828,-0.183,-0.3741885532054956,-0.7531559735148168,1.788,-0.34637927609508323
0.189,1.355,0.726,-0.912,0.189,-0.961,-0.912,0.007,-0.226,0.189,-0.961,-0.661,0.726,-0.912,1.114,-0.226,-0.661,1.355,-0.912,1.355,-0.961,0.726,1.114,-0.661,-0.226,-0.226,0.189,-0.661,0.189,0.189,1.094,1.355,0.726,1.094,1.094,1.094,0.189,0.189,-0.661,-0.226,-0.661,-0.661,1.094,0.007,-0.961,1.094,-0.912,-0.661,0.189,-0.226,1.114,0.726,0.189,0.7138188772266192,0.1748316666809816,-0.226,-0.961,-0.24573668592722675,0.7588388237116662,0.007,-0.661,-0.6839197410999697,-0.6405210277321344,-0.21649906488633455
-0.207,0.578,0.76,0.999,0.76,-0.207,1.779,0.76,0.578,-0.818,0.999,-0.818,-0.207,-0.086,1.779,-0.818,-0.96,0.578,1.779,-0.96,0.177,-0.086,-0.207,-0.96,-0.818,-0.207,1.779,0.578,0.999,-0.96,0.999,-0.96,-0.207,0.578,1.779,0.177,-0.818,-0.818,1.779,-0.479,0.578,0.999,-0.207,-0.207,0.999,-0.479,1.779,-0.818,-0.207,0.578,0.578,0.999,0.578,0.5657840403289429,0.999,-0.207,0.177,-0.22050281437601005,0.76,-0.086,0.7470718047437305,0.7907286757474689,-0.818,-0.09494642417003443,-0.05765088743905368,0.8352838615844502,-0.16634596708544763
-1.122,1.503,1.503,-0.22,-0.977,-1.122,-0.977,0.94,-0.477,-0.118,-0.22,-0.318,0.039,-0.318,1.503,-0.118,0.94,-1.122,0.94,-0.977,-1.122,0.94,-1.122,-0.851,1.503,-0.977,-0.318,-0.318,0.94,-0.851,-0.118,-0.851,-0.977,-0.851,-1.122,-0.118,0.039,-0.851,-0.118,-0.318,0.94,-0.318,-0.851,-1.122,-0.118,-0.477,-0.22,0.039,-0.23224289690464756,-1.122,-0.477,-0.49502802217643116,-0.851,-0.8723018461241936,-0.8707622493552083,0.94,-0.977,-0.9862624333819887,-0.1950219955243434,-0.9604257881382713,-0.15731026987530788
-1.109,-0.47,-1.109,1.937,-0.172,-0.47,-0.976,-1.051,-0.172,-0.808,-0.172,0.646,-0.808,-0.83,0.646,-1.051,-1.109,-0.83,0.646,1.937,-0.808,1.937,0.646,-0.83,1.937,-0.172,0.646,-0.172,-1.109,1.937,-0.83,-0.976,-0.976,0.646,-0.537,0.646,1.937,-0.976,-0.976,0.646,-1.051,-1.051,-1.051,-0.537,-0.83,-1.051,-0.976,-0.808,-1.109,-0.47,-0.172,-0.537,-0.808,-0.976,-0.8220683556696388,-0.985902992667029,-0.83,0.646,-1.109,0.6284893257364973,-0.8425502710030844,-0.8093766747328305,-1.1201669297198036,-1.051,0.6706764813915598
2.631,-0.701,-0.395,1.536,1.282,0.668,0.564,1.282,2.631,1.536,1.282,-0.701,0.174,-0.395,1.282,-0.395,1.536,-0.619,0.174,-0.619,1.282,-0.395,0.668,2.631,0.668,1.536,0.174,-1.166,-0.619,-1.166,1.536,0.668,2.631,2.631,2.631,2.631,-1.166,2.631,2.631,1.282,0.174,-0.619,-1.166,1.282,1.536,1.282,1.536,2.631,-1.166,1.536,2.631,-0.395,-1.166,2.6127678532324,-0.619,0.564,-1.1775634382676727,2.6521083099462226,0.174,0.15954892426064485,0.17778937490387686,1.282,1.2706401195455854
-1.043,0.506,-0.986,0.506,-0.986,1.004,0.096,-0.986,0.096,0.833,-1.043,0.096,-1.043,-0.85,-0.986,0.018,-0.611,-0.85,1.004,0.096,-0.63,0.506,-1.043,-0.85,0.833,0.096,-0.85,-0.986,0.018,-1.043,0.096,0.018,1.004,-0.986,-0.85,-0.63,0.506,0.506,-0.986,-0.986,0.096,0.096,-0.986,-1.043,-0.611,0.506,0.096,-0.85,-1.043,0.096,0.018,0.004893626204803391,1.004,-0.986,-0.611,0.506,-1.0022363242060106,0.046589070914584994,-0.9423399872347964,0.4920611438214517,0.08246740838030693,0.833,0.9922393244678278,0.8181656941042824
1.908,-0.795,-0.816,1.908,-0.816,-1.129,-0.795,-0.816,1.395,1.908,-0.799,1.908,-0.799,-0.795,-1.038,-0.816,-1.129,-1.099,1.908,0.295,1.395,1.908,1.908,1.908,0.295,-1.099,1.651,-0.795,1.395,-0.799,-1.129,-1.038,1.651,-1.129,-1.099,-0.795,-1.038,1.651,-1.129,1.908,-1.038,-1.129,-1.099,1.651,-1.099,1.908,-0.795,-0.799,1.651,1.651,1.908,1.908,-1.129,1.651,0.295,1.651,1.908,0.28267822794794273,-1.038,-0.816,1.395,-1.0505479548700907,0.3262512022106334,-0.795,-1.0084770873370084,-1.099,-0.8059898337422667,1.3870577061742337,-0.8299040158139227
-0.682,-0.035,-0.998,-0.837,-0.035,1.37,1.37,-0.355,-0.998,-0.682,-0.837,1.37,-0.035,-0.682,-0.837,-0.837,-1.272,-0.837,-0.998,1.37,-0.355,-1.272,-1.272,-1.272,-0.837,-0.464,1.37,-0.998,-1.272,-1.272,-0.035,-1.272,-0.837,-0.998,-0.837,-0.464,-0.464,-0.837,-0.035,1.109,-0.682,1.109,-0.011,1.109,1.109,-0.464,-0.998,-1.0118606840121247,-0.035,-0.05003884921584208,-0.020429121852050456,-0.355,-0.47498144135812237,-0.37519839523523213,0.022688912149673397,-0.011,-0.31746187478303955,-0.024064743029571956,-0.9563277356485657,0.013847604220753755,-0.837,-0.8520532065894678
-0.801,0.235,-0.09,-0.607,-0.801,1.487,-0.801,1.487,0.235,-1.095,-0.09,-0.09,-1.173,0.235,-0.607,-0.09,-1.095,-0.978,-0.888,1.487,-0.09,-0.607,-1.173,-0.607,0.235,-1.173,-1.173,0.299,-0.978,-1.095,-1.095,-0.978,0.299,-0.978,-0.607,0.299,-0.888,-1.173,-1.095,-0.09,0.299,1.487,-1.173,-0.09,-1.095,-0.888,-0.801,-0.978,-0.801,-0.888,-0.09,-1.173,-1.095,-1.095,-0.09,-0.978,0.299,1.487,-0.607,-0.9888806853793565,1.4696669441686616,-0.9516536392072638,-0.801,0.2859133233120804,0.31879235884770624,0.235
-1.016,1.513,-1.106,-1.106,0.943,1.503,1.513,0.005,0.943,-0.376,1.503,0.943,-0.671,0.532,1.503,0.005,1.513,0.005,-1.106,-0.376,-1.016,1.513,1.513,0.532,0.532,-1.106,-0.429,-1.106,0.532,1.513,1.513,0.943,1.503,1.513,-1.016,-0.376,-1.016,-1.106,-1.016,1.513,-0.429,-1.016,-0.671,0.943,0.943,-0.429,1.503,0.005,1.513,1.513,1.513,1.503,-0.671,1.505141284274699,0.005,-0.007366005366286615,-0.429,-1.106,-0.43685048716060126,0.0064565579750265455,-1.016,1.4932482801353946,-0.6816349139921405,0.532,0.5164952641415248,1.5296675367820562
0.396,-0.31,-0.31,-1.091,-1.091,-0.31,0.638,-0.635,-0.31,-1.091,-0.925,-0.256,0.638,-0.31,0.638,0.367,0.638,-0.635,-0.31,-0.31,-1.091,-0.925,0.638,-0.925,-0.256,-1.091,-0.925,0.638,-0.925,0.396,-0.635,-0.31,-0.31,0.367,0.367,0.396,0.638,0.477,-0.925,-0.925,-0.256,-0.925,-0.31,-0.256,-0.635,0.396,0.367,0.38513234747344643,0.3532737140554648,-0.925,-0.26695619753633176,0.43028011753000206,0.43975969694414646,0.638,-1.091,-0.31794965059920216,-0.6450299937944746,-0.940319109675881
-0.206,2.393,0.058,1.504,1.504,-1.044,-1.044,-0.953,0.521,2.393,1.504,-1.114,-1.114,-1.044,-0.37,-0.37,2.393,-0.37,2.393,-0.37,-0.37,-0.953,-0.953,-1.044,-0.206,-1.114,0.521,0.521,-1.044,2.393,2.393,-1.044,0.058,0.446,-0.206,1.504,-1.044,-0.953,0.521,1.504,1.504,0.058,0.521,-0.206,0.521,-0.37,2.393,1.504,0.446,2.393,-1.114,1.504,1.504,1.504,-1.114,-1.114,0.521,-1.114,-1.1316570565098538,-0.206,-1.044,-0.37,0.5045700456359806,-0.953,1.504,-0.2182980953996224,-0.20786033542392301,-0.38646798649623754,0.058,-1.0943935172474475,0.5445106067405027,-1.0664499114483348,-0.1747347086674167,-0.9627327197811417,-0.1338540480750028
0.632,-0.351,0.385,2.573,1.797,0.511,2.573,-0.351,1.797,-0.277,-0.351,0.632,-0.859,0.385,-1.019,2.573,-0.859,-1.019,1.797,-0.332,-0.277,-1.019,2.573,0.511,0.632,1.797,1.797,2.573,-0.351,-0.351,0.385,-0.859,-0.332,2.573,1.797,-1.019,0.511,0.511,-1.019,0.385,1.797,-0.277,-0.332,0.385,0.36657774673774424,1.797,1.7764922124876592,-1.019,0.3924777559163885,0.4531954604647647,0.632,0.6229728482063951,-0.332,-0.277,-0.859,-0.2904594312049129
0.591,-0.999,0.591,-0.717,-0.717,-0.988,-0.988,-0.069,-0.988,-0.057,-0.763,-0.763,-0.057,-0.356,-0.763,-0.763,-0.057,-0.069,-0.356,-0.763,0.591,-0.988,-0.356,-0.763,-0.999,-0.988,-0.356,-0.717,0.591,-0.057,-0.069,0.591,-0.999,0.578,0.591,-0.763,-0.999,-0.356,-0.356,-0.356,-0.717,-0.999,-0.356,0.578,-0.763,-0.069,-0.999,-0.356,-0.7726541637675042,-0.988,0.591,0.5774757155451846,-0.717,-0.3676925899563916
0.878,0.878,0.341,-1.035,0.341,-0.688,1.03,1.03,1.03,-0.163,0.341,-0.688,0.341,1.213,1.213,1.03,-0.466,0.878,-1.182,1.03,-1.182,-1.035,1.213,0.878,0.878,0.878,0.0,-1.182,1.213,-1.035,-1.182,-1.035,-1.035,-1.182,-1.182,-1.035,1.03,-1.182,1.03,0.878,0.341,-0.688,-1.035,0.878,-0.466,1.213,-1.035,-0.688,1.03,-0.688,0.0,-1.035,0.0,-0.163,-0.009193659109393112,-0.17566658265446808,1.03,-1.182,-1.035,0.022667262837814582,-0.1408904924311073,-0.0931110468463692,-1.1887100358790523,0.06592504702689028,-0.04928467944206466,0.341,-0.688,1.0156304272049004,-0.029218037281839776,1.0637814157819876,-1.1524239941710805,0.0995504289260531,-0.7011455953525381
-0.744,-0.945,-0.062,-0.99,0.004,-0.475,-0.993,-0.945,-0.062,-0.744,-0.99,-0.993,-0.99,-0.993,-0.99,-0.744,-0.475,-0.945,1.14,-0.475,-0.744,0.004,-0.617,-0.062,1.14,-0.475,-0.617,-0.99,-0.945,-0.993,-0.744,-0.617,-0.744,-0.744,-0.993,-0.475,-0.945,-0.475,-0.993,-0.227,0.004,-0.993,-0.99,1.14,-0.617,-0.062,-1.0091766497220533,0.004,-0.07644308358913232,-0.744,-0.9756993274313921,-0.9229008373136484,-0.475,-0.008446068308222334,1.1283776939506756,-0.6262057684613829,-0.4922112226879949
-0.788,0.406,0.406,1.095,0.994,0.406,-0.676,1.034,-0.788,0.994,-0.645,1.095,0.994,-0.788,1.412,1.08,0.994,-0.676,-0.676,-0.268,-0.645,1.412,1.034,-0.676,0.994,1.412,1.412,-0.676,1.08,-0.676,1.412,1.412,-0.788,-0.645,1.095,1.034,0.994,1.412,1.08,-0.676,1.08,1.412,-0.788,1.034,-0.676,1.095,-0.268,1.08,1.095,0.406,-0.268,0.994,-0.676,-0.6912575593277086,1.082655919421585,1.08,1.065504755718986,1.1017698773999214,0.9816180939018859,1.127181551267408,1.143261362503429,1.1603079652401629,-0.644006404669271,1.1797628796101043
1.164,1.216,0.513,1.51,-0.7,1.854,-0.48,1.164,0.513,1.164,-0.459,1.216,0.513,-0.81,0.513,1.854,1.854,-0.7,1.216,0.513,0.398,-0.81,1.51,1.51,1.216,1.854,0.513,-0.48,1.164,1.164,0.513,1.164,1.164,1.164,1.51,1.854,1.164,-0.7,0.398,1.51,-0.81,1.51,1.164,1.164,-0.48,-0.459,1.216,-0.81,-0.81,1.854,0.513,1.51,1.216,1.164,0.497777726896372,0.398,-0.8250468024081916,1.200470541673517,1.2309228085330517,1.254989259973219,1.1482236173425846
0.733,0.733,0.733,0.163,-0.554,-1.199,0.733,0.28,-0.249,1.079,-0.554,-1.199,-1.199,0.674,0.674,-0.544,-0.249,1.076,0.28,-0.249,0.733,-0.249,1.079,0.163,1.076,-1.199,0.733,0.674,0.674,-0.554,1.079,0.733,1.076,-1.199,-1.199,-1.199,-0.544,-0.544,-0.554,0.163,1.079,0.733,0.7160182158917066,-0.544,0.7540306111012709,0.28,1.0662219865921527,-0.5584032723270296,-0.554,-0.249,0.674,-0.5749727147950208,0.14611350282430874,-1.199,-0.5174790085152947,0.2716617577160299,1.1098047321331455,0.6595857730103435,1.076,-1.2119434947462462,0.7879870479977602,-0.25657159071672
-0.192,-0.725,0.043,-0.471,1.75,1.75,-0.71,0.043,0.043,-0.725,0.043,-0.192,-1.152,-0.71,1.396,1.75,1.75,-0.192,-0.471,-0.71,-0.725,-0.71,1.396,0.46,-1.152,0.043,-1.152,-1.152,-0.517,1.75,-0.517,-0.725,-1.152,0.043,-0.192,1.75,1.75,0.043,0.043,-0.71,-0.725,-0.192,1.396,0.46,-0.471,0.043,-0.725,1.396,0.02727554639227852,1.3894836294786048,-0.4797995501985713,-0.517,-1.152,-0.7387997416984705,1.4372825416616228,0.055651104206587684,-0.7040985176920044,0.4455919633545615
0.465,-0.568,-0.278,-0.359,-1.117,0.989,-0.155,-0.359,-1.117,0.146,-0.359,-0.815,-1.117,-0.815,0.465,0.465,1.141,-1.117,-0.815,-0.815,0.989,0.989,-1.117,-0.278,-1.117,-1.117,-0.278,-0.568,-1.117,-0.815,1.141,0.989,-0.155,-0.278,0.465,-0.359,-0.815,0.146,-0.815,-0.155,-0.815,-0.568,-0.359,0.989,-0.155,1.141,-0.359,1.141,-0.155,0.989,0.989,-0.815,1.141,-0.155,-0.278,-0.16779032905134605,-0.2990029813698928,-0.359,0.146,1.1257781454095697,0.465,1.1509488533547105,-0.8322024028850377,-0.37316592842305696,-0.7943298879731834,-0.7717216845674733,1.184223903525181,-0.13315454182312783,-0.568,0.989,-0.3387054250967693,-0.31845626949597833
0.944,-1.125,-1.125,0.122,-0.964,-0.488,-1.125,-1.125,-1.125,0.616,-0.964,-1.538,-1.125,-1.125,-1.538,0.122,-1.125,-0.415,0.944,-0.488,0.122,0.635,0.122,0.944,-1.538,0.635,-0.004,0.944,-0.415,-1.538,0.635,-0.964,0.122,-0.004,-0.415,-1.125,-0.004,-0.004,-1.538,-1.125,-1.125,-1.538,-1.538,-1.538,-0.415,-1.125,-0.004,-0.415,0.635,-1.538,-0.964,-0.964,0.944,0.944,-1.125,-0.964,-0.488,-0.004,-0.019060582364858823,0.017782504090726865,0.122,0.944,0.044746935477539856,-0.979526521893179,-1.538,-0.9491108748833358,-0.9038913594582603,-1.125,-0.415,0.1107121090494207
2.281,-0.728,1.287,1.287,2.281,2.281,0.146,-0.671,-0.701,2.22,2.22,2.22,2.22,-0.671,-0.219,2.22,2.22,-0.728,-0.219,2.281,-0.701,1.287,-0.671,-0.728,-0.661,2.281,-0.661,2.22,0.853,-0.219,-0.661,2.22,-0.701,-0.728,-0.671,1.287,1.287,-0.219,-0.661,2.22,2.281,2.281,0.853,-0.661,0.146,-0.661,0.146,2.281,-0.701,2.281,2.264997768704591,-0.661,2.22,-0.219,2.3090810621419653,-0.728,-0.7473307133700416,2.2042386573700337,2.2442065130231517,-0.6776073076358214,-0.7113521322202179,2.349258611831155
0.332,1.29,-0.684,-0.466,-1.12,-0.466,-0.466,-1.12,-1.12,-0.346,-0.264,-0.247,0.133,0.133,1.808,-0.466,-1.12,-1.12,1.808,0.133,1.808,-0.466,-0.466,-0.684,1.29,-0.346,-0.346,1.808,0.332,1.29,1.808,-0.466,-1.12,-1.12,-1.12,-0.264,0.332,1.808,1.808,-0.264,-0.684,-0.684,1.29,-0.264,-0.346,-0.247,1.29,-0.247,-0.466,-0.48102212268167227,-0.4506929049107508,-0.247,-0.2607122576829017,-0.4272965190838789,0.133,0.11805726885381884,-0.2166949034785015,-0.3917886819000405,1.808
-1.104,-0.654,-0.546,-1.104,-0.982,0.983,-0.794,1.375,0.058,-0.794,-1.104,-0.982,-0.999,0.983,-0.654,-0.999,-0.794,0.983,0.578,-1.104,1.375,-0.982,-0.794,-1.104,-0.999,-0.794,-0.999,-1.104,-0.982,0.058,-0.982,-0.999,0.058,1.375,-0.982,-0.546,-0.794,1.375,0.578,1.375,1.375,0.578,-0.654,0.058,0.983,-0.654,-0.546,-1.104,-0.999,-0.982,-0.794,-0.794,-0.654,-0.654,-1.104,0.058,-0.546,-0.982,0.983,-0.6714155031606222,1.375,-0.5562709629517198,-0.992415040724729,-0.5128559899969952,-0.794,-0.999,-0.8061486556549683,0.04804397818444722,-1.0089985118165434
-0.293,0.849,1.688,0.785,0.785,0.108,-0.607,-0.607,0.849,-0.293,1.688,0.288,-0.293,1.688,-0.293,0.849,-0.293,0.849,-0.822,0.849,-0.974,-0.607,-0.974,-0.293,-0.293,0.288,1.688,-0.293,-0.607,1.688,-0.974,0.108,-0.607,-0.974,0.785,0.569,-0.607,-0.822,-0.974,-0.822,-0.607,-0.293,1.688,0.785,-0.293,-0.293,0.849,0.849,0.849,0.288,-0.607,0.8399976010718871,-0.293,1.688,0.569,-0.974,0.5566575843351234,0.886870629657609,0.9034917803355736,0.108,-0.300869241099457,0.27769988514377075,0.785,0.5904434422393303
-0.75,1.049,1.049,2.315,-0.605,1.162,1.049,1.802,-0.65,2.315,1.802,2.315,-0.65,1.52,-0.75,-0.605,1.802,2.315,1.802,-0.75,1.52,1.049,-0.75,1.802,1.52,1.52,-0.605,2.315,0.504,1.162,1.049,1.802,-0.605,1.162,1.802,-0.75,1.049,-0.75,1.802,1.52,2.315,0.331,2.315,1.52,-0.75,0.331,-0.65,1.162,-0.75,2.315,-0.7633419857224821,-0.605,2.300889181223082,0.331,1.802,1.1457672532603467,1.7858174004576484,1.174505197184835,-0.7272198680928608,-0.7050444768947899,1.049
-0.811,0.87,-0.578,-0.912,0.765,-0.578,-0.257,0.765,-0.257,-0.811,-0.128,-0.128,-0.412,1.177,-0.829,-0.257,-0.578,-0.811,-0.912,-0.912,-0.829,1.177,-0.257,-0.829,0.87,0.87,1.177,-0.829,-0.257,-0.128,0.765,-0.412,0.87,-0.811,-0.257,-0.257,-0.257,-0.128,-0.912,-0.257,1.177,-0.811,-0.257,0.87,-0.811,-0.912,-0.9246891455014993,-0.578,0.765,-0.128,-0.8743588192164073,-0.257,-0.14046100681291096,-0.412,-0.811,-0.26926496265064603,-0.8198992197178432,-0.8199861216706854,-0.7854672496494023,-0.5898762289795806
-0.797,1.182,0.183,1.182,1.182,0.183,0.183,-0.25,1.182,-0.307,-0.797,-0.915,-0.915,-0.915,-1.373,-0.25,1.182,-0.25,0.183,-1.373,0.183,-0.349,0.713,0.403,-1.373,0.183,0.183,0.713,-0.797,-1.373,0.183,-1.373,-1.373,-0.915,-0.25,-0.25,0.183,-0.797,-1.373,-0.915,0.183,-1.373,0.183,-0.797,1.182,-1.373,0.403,0.183,-0.915,0.713,0.6921871887206248,-0.349,-0.9312328449632447,0.7201332452172666,-0.307,-0.35489331493738724,-0.25,-0.266273048353772,-1.3810445645888043,0.16461114851740682,0.19842159133592863
0.752,-1.041,-1.041,0.929,2.056,-0.568,2.056,2.056,-0.572,-1.041,-0.572,0.752,0.752,1.711,0.752,0.752,0.752,-1.041,1.711,-0.568,2.056,-0.903,0.752,-0.568,-0.484,0.929,-0.903,2.056,0.929,0.929,-0.903,-1.041,0.752,-0.484,1.711,1.711,-0.484,0.752,0.929,-0.903,0.752,2.056,-0.903,0.929,1.711,-1.041,-0.484,2.056,0.752,2.056,-0.568,0.0,0.752,0.929,2.04027037849669,-1.041,0.9150475009924629,0.7409154000646464,0.7716714746591286,-0.572,2.0606488893730623,0.7987965894782812
1.219,-1.083,-0.275,-1.083,-0.41,-1.083,-0.41,0.748,-1.222,-0.276,-0.628,-0.276,-0.445,-1.222,-0.628,0.748,1.219,-0.445,-1.083,-0.41,-1.222,-1.222,0.748,0.03,0.03,-0.276,-1.222,0.748,0.748,-1.083,-1.083,-0.445,-1.222,-0.41,-1.222,0.03,-0.276,-0.276,0.748,-1.222,-0.445,-0.628,-0.275,0.748,-1.083,-0.41,-0.4239436993711079,-1.222,-0.276,0.7370301214005307,-0.3922633369415724,-0.6383652275890921,-1.237767204139125,-0.445,-0.46140558239231405
1.344,1.636,-0.671,0.572,1.636,-0.148,-0.218,-0.671,-0.218,1.531,-0.04,0.572,-0.218,-0.04,0.365,1.344,-0.04,-0.148,-0.04,-0.148,1.531,0.572,1.531,0.365,1.018,1.531,1.018,-0.148,1.344,0.365,-0.148,-0.218,-0.148,0.365,0.572,1.531,-0.04,1.531,1.636,1.344,-0.148,1.636,0.572,1.018,0.572,-0.04,-0.04,1.018,-0.148,-0.218,0.365,-0.671,1.636,-0.218,-0.148,-0.148,0.572,0.365,1.636,1.018,-0.671,0.365,1.636,1.0048585525890426,1.0328288581226412,0.3497821849378581,-0.04,-0.218,1.0638795223616648,-0.6818736425612838,1.531,-0.640800805447359,1.0874073955927237,0.38523569372930705
-0.614,-0.342,-0.96,-0.678,-0.766,0.157,0.32,0.32,-0.678,-0.481,-0.766,-0.614,0.32,-0.96,-0.85,0.157,-0.678,0.157,-0.342,-0.766,-0.96,-0.96,-0.85,-0.342,-0.85,-0.95,-0.766,0.157,-0.95,-0.95,-0.614,-0.96,-0.95,0.157,0.32,0.32,-0.614,0.157,0.157,-0.481,-0.95,0.32,-0.481,-0.766,-0.342,-0.614,-0.342,-0.678,-0.481,0.157,-0.3579074129507688,0.1444855475060524,-0.6932765496865455,-0.6729804597676005,-0.85,-0.4914166517689943,-0.31625729442284695,-0.766,-0.787875420673844,-0.30945545636949584
-0.929,1.091,-0.954,0.358,-0.954,1.335,1.17,1.335,1.17,1.091,-1.065,-0.64,-0.64,1.17,-0.929,-0.64,-0.954,-1.065,0.358,0.358,-0.64,-0.707,-0.707,1.17,-0.929,-0.929,-0.954,-0.707,-1.065,-1.065,-0.64,1.335,1.091,1.335,-0.64,-0.64,-1.065,-0.929,-1.065,-0.954,1.335,-1.065,1.17,-0.929,1.1552609429965752,-0.954,0.0,1.091,1.3219892983452899,-0.011643206175282785,0.358,1.2104848467774798,-1.0781417038288756,0.3432079849727759,-0.707,-1.0371767443731141
2.014,-0.492,2.224,-0.42,0.512,-0.737,1.139,-0.42,-0.528,2.224,-0.865,-0.42,2.014,-0.528,-0.858,1.139,-0.858,-0.865,-0.865,2.014,-0.865,1.139,2.014,-0.858,-0.42,2.224,-0.528,2.014,-0.42,2.224,-0.865,2.224,-0.737,-0.492,2.224,2.224,2.014,-0.865,1.139,1.139,-0.737,1.139,-0.737,2.224,-0.865,-0.737,2.014,-0.858,0.512,-0.737,0.5020374734168209,2.014,-0.858,1.139,2.224,-0.528,1.1204753163533472,1.9974049679847563,-0.492,1.1601725864488874,0.5493183020739948,-0.5093783083436174,-0.8705481592056541,-0.5352464909720326
-0.566,-0.418,-0.566,0.61,0.854,0.157,0.007,-0.842,-1.385,0.007,-0.418,0.277,-1.385,0.007,-0.566,-1.385,-1.385,-0.566,0.61,0.854,0.007,-1.385,-0.588,-1.385,-0.842,-0.418,-1.385,-1.385,0.277,0.61,-1.385,-1.385,-0.418,0.007,0.61,0.157,-1.385,-0.842,-0.588,0.157,-0.588,-1.385,-0.6002242425809692,-0.418,0.277,0.61,0.157,0.594210532580736,0.6185253665912689,-0.5520011907837241,-0.842,0.007,0.1427312565452866,-0.005070380410696807,0.043209058052831595
0.881,-1.283,-1.283,-1.283,-1.283,1.569,-0.816,0.0,-1.283,0.881,0.881,-0.356,-0.356,1.569,1.047,-0.95,-0.849,1.569,0.881,-0.849,-0.849,-0.95,-0.816,1.569,-0.816,-0.937,-0.95,-0.816,-0.95,-1.283,-0.849,1.569,-0.816,1.569,0.881,1.047,-0.937,-0.95,-0.356,-1.283,1.569,0.0,0.0,0.881,1.569,-0.816,1.569,1.569,1.569,-0.849,-1.283,-1.283,-0.849,-1.283,0.881,-0.937,1.569,-0.95,-0.816,-0.937,0.881,-0.937,-0.849,-0.356,-0.9594735746083481,-1.283,-1.3006106170437048,-0.816,0.0,-0.95,-0.3704800356083048,-0.969542008700579,1.047,1.569
-0.912,-0.002,-1.036,0.638,0.445,0.638,0.445,-1.036,-1.036,-1.036,-0.784,0.075,-0.502,-0.912,0.457,0.638,0.445,0.42,-0.502,0.638,-0.912,-0.002,-0.784,0.075,-0.502,-0.912,-0.784,-1.036,0.42,0.445,0.638,0.075,-0.912,-1.036,0.445,0.445,-1.036,0.075,-0.912,0.42,0.638,0.445,-1.036,-0.784,0.42,0.42,0.445,0.445,-0.912,0.42,0.075,0.42,-0.784,0.638,-0.502,0.457,-0.002,0.075,-1.036,0.4403962769009438,0.6162663550607369,-1.0491270127595265,-0.912,-0.7938548171153241,-0.5137354099007186,-1.010392996748656
1.435,-0.777,-0.777,-0.672,-1.004,-0.777,-1.004,-0.734,-0.982,-0.777,-0.734,-0.907,-0.907,1.435,-0.808,-1.004,-1.004,-0.808,1.435,-0.808,-1.004,-0.808,-0.982,-0.672,-1.004,-0.672,-0.734,-1.004,-0.907,1.154,1.154,-0.808,-0.982,1.435,-0.609,-0.982,-0.777,-0.907,-0.808,-0.982,-0.808,-0.609,-0.982,-0.672,1.154,1.435,-0.808,-1.004,-0.982,1.4229708255702982,1.4672713092449674,-0.8169354257215138,-0.907,-0.9259000346758435,-0.734,-1.0177278744185148,-0.969414976471097,-0.7787426439346078
-1.056,-0.964,-0.964,-0.832,-0.269,0.371,-0.964,0.737,0.371,-0.832,-0.269,-1.273,0.737,-1.273,-0.964,-0.269,-1.273,-0.269,-0.964,0.604,0.604,-0.269,-1.056,1.588,-1.273,-1.056,0.371,-0.269,-0.832,-1.056,-1.056,1.588,-0.769,-0.269,-1.273,-1.273,-0.269,-0.769,-0.832,0.371,-1.273,-1.273,1.588,-1.273,1.588,-0.769,0.604,-0.269,1.588,-1.273,-0.269,0.604,-1.273,0.604,-0.269,0.5885747021744957,-1.056,-1.273,0.737,-1.2903001808973633,-0.28069187990969136,-0.832,0.7239935655265041,-0.2533999841315894,0.6339981580145122,0.6643739765928396,0.371,0.7017946178996363,-1.2627518144912224,0.35871259804607875
2.025,1.525,1.799,-0.868,1.525,2.025,1.799,-0.832,2.025,2.025,1.799,0.431,-0.868,0.431,-0.804,2.025,0.431,-1.01,-0.804,0.971,-1.01,-0.392,-0.392,-0.832,1.525,2.025,1.525,0.431,2.025,1.799,-1.01,-0.832,0.431,0.971,-0.868,1.799,-0.868,-1.01,2.025,2.025,0.431,-0.868,-0.804,2.025,1.525,-1.01,0.431,-0.392,1.799,-1.01,1.799,1.799,0.971,2.025,1.525,-1.01,-0.804,0.431,1.5084949106250047,0.9621843068499935,2.0175633073572605,-0.8178633411830138,-0.868
-0.856,-0.613,-0.856,-0.856,-0.856,-0.856,-1.02,-0.77,-0.143,-1.02,-0.143,-0.491,-1.453,-1.453,-0.77,-0.613,-1.453,-1.02,1.047,1.276,-0.613,-0.491,-1.453,-0.388,1.047,-0.856,-0.613,-0.491,-1.02,-1.453,1.276,1.276,-0.77,1.047,1.276,-0.491,-1.02,1.047,-0.77,-1.453,1.276,-1.453,-0.143,-1.453,-1.02,-1.453,-0.77,1.276,-0.613,-1.02,-1.042886831976834,-0.6306436767963136,-0.856,-0.8731912571988847,-0.491,-0.143,-0.15819697472959957,-0.5878316980207448,-0.77,-1.453,-0.13117641264259697,-0.5385576592887569,1.047,1.2609465731494696
1.627,-0.501,1.743,1.743,1.332,1.838,1.743,1.627,0.018,-0.369,-0.369,1.743,1.743,0.018,1.627,-0.679,1.627,-0.714,-0.714,1.627,-0.501,1.332,-0.714,1.838,1.838,1.838,1.838,1.743,-0.369,1.332,-0.501,1.627,-0.501,0.197,-0.369,-0.679,0.197,0.197,-0.369,-0.714,1.838,1.332,-0.501,-0.679,-0.501,-0.714,1.838,-0.369,-0.714,-0.679,-0.6981940810075595,-0.6589825060002651,0.018,-0.7236120415826983,1.627,1.332,0.197,-0.501,-0.7099437457312405,-0.5171886508377199,-0.6814917671898313,1.6135360184390044,-0.38185005464936533
0.43,-0.687,1.254,1.98,0.021,-0.687,0.021,1.98,0.021,0.888,-0.687,-0.012,0.099,-0.012,0.021,-0.687,0.888,-0.263,1.254,-0.687,0.099,0.339,0.888,-0.687,-0.687,-0.263,0.099,1.98,-0.263,1.98,-0.012,0.021,1.98,1.254,-0.687,-0.012,0.888,-0.687,-0.263,1.98,-0.687,0.339,-0.263,0.021,0.021,0.43,1.98,1.98,1.98,1.98,-0.012,1.98,-0.263,-0.687,0.099,0.43,1.254,0.41287523020601613,1.966125095031678,-0.27986718887377554,1.9887097121805313,0.021,-0.7000919277706904,0.339,-0.24686349357935927,0.44324308757615327
-0.621,0.956,0.956,1.39,-0.248,0.956,1.281,1.39,-0.112,-0.02,-0.112,-0.621,-0.112,-0.621,0.028,-0.112,-0.112,-0.78,-0.02,-0.112,-0.02,0.956,1.39,0.028,1.281,-0.02,1.39,-0.248,1.281,-0.02,-0.112,-0.78,-0.621,-0.78,-0.112,-0.112,0.956,-0.78,-0.112,0.956,-0.621,-0.112,0.805,-0.248,-0.02,-0.112,-0.621,-0.78,-0.248,0.028,-0.248,-0.2660486618053105,-0.23807526874433343,0.028,1.39,-0.112,0.956,0.016121902568809656,-0.12861265527304172,-0.11475924992363494,-0.18662053934296258,0.805,0.7809018892304382
1.597,1.887,1.173,-1.098,-0.087,-1.098,-1.098,-0.298,-1.084,-1.098,-0.087,1.427,-0.087,-0.298,-1.098,1.597,1.887,1.427,1.173,-1.084,1.887,-0.087,-0.087,-1.098,-1.084,-0.384,1.597,-0.087,1.887,-0.384,-1.084,-1.098,-1.098,-0.298,1.887,1.597,1.427,-0.087,1.173,1.597,1.427,-1.084,-1.098,-0.298,1.427,-0.384,1.427,1.887,-0.384,-1.084,-0.087,1.887,1.597,-1.084,-0.298,0.0,-1.098,1.887,-0.012126082777654527,-1.0908381712896664,1.8770832743161208,0.024883584458493944,1.173,-0.31353339724890833,0.06014465097704402,1.597,0.09973312938366272
-0.62,-0.62,-0.131,0.712,-0.933,-0.576,0.712,2.179,-0.131,-0.131,2.179,2.179,0.712,-0.62,-0.62,-0.615,-0.615,-0.933,-0.576,0.797,-0.62,-0.933,-0.635,2.179,0.724,2.179,2.179,0.797,-0.62,0.712,0.724,-0.635,-0.62,-0.615,-0.131,-0.62,-0.62,-0.131,2.179,-0.62,2.179,-0.933,-0.933,-0.62,2.179,0.712,-0.933,-0.615,-0.576,2.179,-0.635,0.712,-0.615,-0.131,-0.933,-0.6361163182475581,-0.9470418813788368,0.7001709522788727,2.179,0.724,2.159713961814349,-0.62,-0.9246972836822613,-0.14445296453658155,-0.6326421510676706,-0.6041043853649065,-0.6098688163185804
-0.988,2.102,2.102,2.102,-0.988,-0.988,2.102,2.102,2.156,-0.385,-0.15,-0.988,2.156,-0.473,-0.198,-0.198,0.287,2.102,0.287,-0.473,-0.398,2.102,2.156,-0.717,-0.473,-0.15,-0.717,-0.717,-0.198,-0.473,2.102,2.102,-0.198,2.156,-0.15,-0.15,2.102,2.156,-0.717,-0.385,0.287,2.102,-0.198,-0.717,2.156,2.102,2.1450959728311956,0.287,-0.988,-0.385,-0.198,2.178483035979863,-0.15,2.212324134360551,-0.473,-0.3964492075993244,-0.34237828278795945,-1.0004608479168793,-0.4843355842969525,-0.30766958316084586
-0.743,0.094,1.231,2.199,1.231,2.199,2.199,2.199,-0.048,-0.413,-0.413,2.199,0.404,-0.048,-0.048,1.231,2.199,0.094,-0.135,-0.048,-0.995,-0.413,2.199,0.41,-0.048,-0.135,2.199,1.231,0.094,0.404,-0.995,0.41,-0.413,-0.413,-0.743,2.199,-0.048,-0.135,2.199,-0.995,-0.413,-0.743,0.094,-0.743,0.094,-0.743,0.41,-0.135,-0.743,0.41,-0.995,-0.135,1.231,0.094,-0.413,-0.135,-0.4300913207616566,-0.3878132548072839
1.11,1.254,-0.951,1.299,1.11,-0.688,1.11,1.299,0.819,1.102,-0.129,-0.688,1.287,1.377,1.11,1.287,-0.129,1.377,-0.951,1.11,1.377,-0.688,1.11,1.11,1.11,1.287,-0.688,1.11,-0.951,1.11,1.254,1.287,1.377,-0.129,1.377,1.102,0.819,-0.951,1.377,1.11,1.287,1.299,0.819,-0.951,1.102,0.819,1.287,-0.688,1.102,1.377,1.287,-0.129,1.11,1.299,1.3638105822968394,0.819,1.0946290242654129,0.8074506674555452,1.3985405219213713,1.124478382982307,-0.688,1.254,-0.951,1.275434674098432,1.320533477868029,1.167177595054974,1.102,1.44095770195687,1.4477564874563555
0.878,-0.372,0.075,0.954,0.954,1.486,0.075,-0.372,0.052,1.486,0.954,-0.372,1.223,0.954,0.075,1.486,0.954,0.532,0.954,1.448,0.052,1.486,1.223,1.448,0.954,0.954,-0.372,1.223,0.532,-0.372,-0.372,0.878,0.954,1.448,1.486,0.075,0.075,0.954,0.954,1.448,1.486,0.532,1.448,-0.606,-0.606,-0.372,-0.372,-0.606,1.486,1.448,0.954,1.223,1.223,1.223,0.878,0.532,1.486,0.075,-0.606,1.223,1.2055761708946937,1.2193611583934483,1.486,-0.6183540091549109,0.06538726447396989,-0.372,0.954,0.11042955988995815,-0.3802813345274969,0.878,1.2500982642249385
-0.232,-0.931,-1.432,-0.931,-1.432,-0.232,-0.693,0.715,-0.693,-0.693,-0.931,-0.931,-0.693,-0.693,-0.693,0.715,-1.432,-0.931,0.614,-0.693,-0.018,-0.764,-0.764,-0.343,-1.432,-1.228,-0.232,-0.018,-1.228,-1.432,-0.693,-1.228,-0.343,-1.432,-1.228,-1.432,-0.018,-0.018,-0.931,-1.432,0.614,-1.228,-0.693,0.614,-1.228,-0.232,-0.693,-0.693,-1.432,-0.693,-0.693,-0.018,-1.432,-0.764,-0.018,-1.432,-0.03379418063157834,-0.343,-0.693,0.715,-0.232,-0.764,0.614,-0.7024066299147677
-0.695,1.452,-0.304,-0.509,-0.509,-0.894,-0.804,-0.894,1.452,-0.804,-0.894,-1.003,1.452,-0.804,-0.304,-0.304,-0.329,-1.003,-0.804,-0.304,-1.003,-0.894,-0.229,-0.229,-0.894,1.452,-1.003,-0.695,-0.264,-0.264,-0.804,-0.804,-0.264,-0.804,1.452,-0.264,-0.229,-0.304,-0.329,-0.264,-0.229,-1.003,-0.894,-0.304,-0.894,-1.003,-0.804,-0.8175455347354877,1.452,-0.9047411832211278,-0.7729511478292752,-0.695,-0.329,-0.304,-0.229,-0.32240391546110775,-1.0183770172966131,-0.509,-0.24436359301176552,-0.2223452810717196,-0.27850770755619386
0.941,2.282,-1.361,1.341,-1.361,1.341,2.282,1.094,2.282,1.101,-1.361,2.282,-0.183,-0.183,-1.361,-0.652,2.282,2.282,-0.183,1.341,1.341,-1.361,2.282,-0.652,-1.361,1.101,-0.652,1.341,-1.361,-1.361,0.433,0.433,-0.183,0.507,-0.183,1.341,0.433,1.094,0.433,1.094,0.433,2.282,0.941,0.433,2.282,1.101,1.094,0.941,-0.652,-0.183,0.925037977581798,2.282,0.433,0.9644907151511299,1.341,-1.361,0.41628212363003375,-1.3787868019074423,1.085721432962809,1.101,1.1259923466953043,-0.1911424761877455
-0.177,-0.84,-0.789,-0.177,-0.594,-0.594,-0.594,1.951,-0.789,0.346,0.782,-0.079,1.951,-0.177,-0.594,-0.84,-0.177,0.782,-0.84,-0.177,1.951,0.346,-0.177,-0.177,-0.888,1.951,-0.594,0.973,-0.177,-0.177,0.782,0.973,-0.888,-0.079,-0.177,1.951,0.782,-0.789,-0.84,1.951,-0.888,0.782,-0.789,-0.594,0.782,-0.888,0.346,0.782,-0.079,-0.594,-0.079,0.782,-0.84,-0.594,0.782,0.346,1.951,0.346,1.951,1.951,-0.079,-0.594,-0.6091297051785372
-0.02,-0.02,-1.255,1.648,-1.405,1.387,-1.405,-1.255,0.179,-1.405,-0.79,-1.255,1.387,1.387,1.014,1.387,1.387,0.179,-0.02,-0.833,-1.255,-1.405,-1.405,1.387,-0.79,0.179,1.014,-0.833,-0.833,-0.061,-1.405,-0.061,-1.405,-1.255,1.387,1.014,-1.255,0.179,-0.061,-1.405,-0.79,-1.255,1.648,-0.061,-1.405,1.387,0.179,-0.061,1.648,-1.405,0.179,1.648,-0.02,-1.255,0.179,-0.79,-0.833,-0.8440260347520194,1.387,-0.8018730824493994,1.648,-0.7993147235634336,-1.255,-0.061,-1.405,-1.4164496591789013
-0.504,1.044,-0.504,-0.241,-0.241,-1.137,1.044,-0.504,0.335,-1.137,-0.75,-1.016,-0.17,0.335,-0.504,-0.366,-0.17,-0.366,-1.137,-1.016,-0.17,-0.241,-0.75,-0.17,-1.137,-1.016,-1.137,-1.016,1.044,-0.17,-1.137,0.335,-1.016,0.335,-1.016,0.759,-0.504,-0.504,-0.504,0.759,-0.241,-0.366,-0.75,-1.137,-0.366,-0.17,-1.137,-0.241,-0.17554264386320556,-1.016,1.044,-1.1473561767119917,-0.25432092698623565,-0.21261411502653282,-0.17787722863686686,-0.366,-0.504,-0.3756587624706061
-0.492,-1.045,-0.75,0.806,0.806,-0.75,-1.045,-0.658,-0.954,-0.235,-1.045,-0.658,-0.404,-0.75,-1.045,-0.235,-1.045,-1.045,-0.954,-0.954,0.585,-0.492,-0.954,-0.829,-0.954,-1.045,-0.829,0.806,-0.235,-0.658,-1.045,-0.954,-1.045,-0.658,-0.829,-0.658,-0.829,-0.658,-0.235,0.806,-1.045,-0.658,-0.954,-0.954,-0.75,-0.658,-0.658,-1.045,-0.954,-0.9682962321577988,-0.9168588164145938,-1.045,-0.75,-0.8839653659143598,0.806,0.7933846680207538,0.8224095779945778,0.8654871234838829,-0.235,-0.404,0.585,-0.7665814784857709,-0.492,-0.7099721530932819,-0.829,-0.646600442965521,-0.8445978428470882
1.472,0.326,-1.238,0.141,-0.38,-1.238,-1.151,-1.151,-1.151,0.326,-1.151,-0.46,-0.38,-1.238,-0.38,0.141,-0.559,-0.38,0.012,1.472,-1.151,-0.46,0.141,-0.38,-1.238,-0.38,1.472,0.326,-1.151,-0.559,0.141,-1.238,-1.151,0.012,1.472,0.781,0.141,-0.559,-0.46,-0.38,-0.38,0.326,0.326,-0.46,-1.238,0.141,0.141,-0.46,1.472,-1.238,0.012,-1.238,-0.559,0.326,-1.238,-0.46,-0.47587454009883645,0.141,0.012,-0.006023165905407465,1.472,1.4576571596216035,-1.151,0.01932402061828905,-1.1645787807690247,-1.1175700902964767,1.5253182065859734
0.845,1.457,1.457,-0.679,1.457,1.457,-0.261,0.845,-0.18,0.721,-0.419,-0.261,-0.261,-0.677,-0.419,0.845,-0.261,-0.605,1.457,-0.419,1.457,-0.679,-0.419,-0.419,-0.419,-0.677,1.457,0.845,-0.419,-0.679,-0.18,1.457,1.457,1.457,-0.417,-0.18,-0.679,-0.605,1.457,-0.677,-0.261,0.845,0.721,-0.677,0.721,0.721,0.845,-0.605,1.457,-0.18,0.845,0.721,-0.679,-0.605,-0.6213676580008657,-0.417,1.457,0.721,0.845,1.4408495649201882,1.4841753862789866,-0.18,0.8268054251347536,-0.261,1.5502685987677491
2.337,-0.75,2.088,2.088,-0.322,2.198,2.198,2.198,2.337,2.198,2.337,-0.33,2.198,-0.74,2.337,-0.75,-0.148,-0.75,-0.728,2.337,2.088,2.198,2.337,-0.74,2.198,2.088,-0.728,2.088,-0.489,2.198,-0.489,2.198,-0.74,-0.148,-0.75,2.337,-0.148,2.088,-0.489,2.198,-0.322,2.088,2.337,2.198,-0.728,2.088,-0.489,-0.5017576668865599,2.088,2.0613183805065454,2.198,-0.728,-0.148,2.186727283395715,2.227885383010741,2.086459301046012,-0.33,-0.4644103699001608,2.1274408241423504,-0.346370252158431,-0.41233961453905354,-0.31039407545965325,-0.15718065590095331,2.260419616235684,2.337
-0.934,0.267,-0.669,-1.077,0.267,-0.311,1.393,-0.232,-0.849,-0.934,-0.849,-0.522,-0.849,-0.871,1.393,-0.934,-0.232,-0.232,-0.849,0.267,-0.849,-1.077,-0.934,-0.232,-0.311,-1.077,-0.871,-0.849,-1.077,1.393,-0.669,-0.669,-1.077,-0.311,-0.934,-0.669,-1.077,-0.934,-0.522,-0.934,-0.232,-0.934,-0.311,-0.871,-0.849,-0.311,-0.669,-0.3212575078480683,-0.29787847919384036,-0.934,1.393,-1.077,-0.2584340831432816,-0.871,1.3795722070540735,-0.2284921676085378,-1.088049537834288,-0.6797206396277065,-1.0474560601447251,-0.8626074749241318
-1.257,-1.257,1.007,-1.183,-0.112,-0.033,-1.022,1.007,-1.183,-1.257,1.007,-1.183,0.73,-1.022,-1.183,1.175,-1.022,-0.096,-1.257,-1.257,0.73,1.175,-0.112,-1.183,0.285,-0.033,-0.096,-0.033,-0.096,0.73,0.285,0.73,-1.022,-1.022,-1.257,0.73,1.175,-0.112,-0.096,-1.022,0.73,-0.096,0.73,-0.033,-1.257,-1.257,-1.183,-1.183,0.73,-1.257,1.175,-1.022,-1.022,0.73,1.175,-0.033,-0.096,-0.112,-1.183,-0.044207854077004304,0.285,-1.037003065398483,0.7211459385428532,1.1621336838748344,-1.257,1.2156748513311872,1.2544945608717057,-0.12200433062226441,-0.0018180385512571399
-0.923,-0.301,0.762,-0.856,-0.856,-1.035,0.199,0.71,-1.035,0.71,0.71,-0.301,-0.856,0.762,0.71,0.762,-0.856,-0.923,-0.301,1.191,-0.856,-0.301,0.762,-0.775,1.191,0.71,-0.301,1.191,-0.922,-1.035,1.191,-0.923,1.191,0.199,-0.922,-0.775,-1.035,-0.775,1.191,-0.922,-0.923,-0.301,-0.856,0.71,-1.035,-0.922,0.6907136667751977,1.191,-1.0496053283447901,0.762,-1.016128951616379,1.175212650977405,0.199,-0.9317048499005479,0.17991513530688888,-0.9841225755211872,-0.9434450738400855,-0.9238289409247794,0.21575789215093433,-0.9070248446573272,-0.856,-0.301
0.362,0.066,0.25,0.25,-0.352,-0.025,-0.749,-0.024,-0.482,-0.749,-0.025,-0.482,-0.025,-0.352,0.25,-0.719,-0.024,-0.749,-0.024,-0.482,-0.024,0.25,0.25,0.362,0.362,-0.482,-0.024,0.066,0.066,-0.749,-0.025,-0.025,-0.719,-0.482,-0.482,0.362,-0.024,0.066,-0.719,0.405,0.25,-0.719,-0.025,-0.749,-0.024,-0.025,-0.352,-0.024,-0.482,-0.025,-0.719,-0.49370665930503765,-0.033404078978496815,-0.7326045217924305,0.25,-0.022291872690853393,-0.7029109769174834,-0.45859716446095344,-0.03917627315183937,-0.749,0.23807766910589614,-0.36502849989795627,0.405,-0.7667971225976973,0.39212213730646034,0.4389859119042136,0.0288022141464261,0.49141681002993015,0.05597083561180351
1.693,-0.607,0.003,-1.17,-0.716,-1.047,0.153,-1.17,-1.047,0.153,1.693,0.003,0.704,-0.49,0.153,0.901,1.693,1.693,-1.047,-1.17,0.901,0.901,0.901,0.704,-0.607,-0.716,-0.716,1.693,0.003,-0.49,-1.047,1.693,0.003,-0.716,0.003,-1.047,0.901,0.153,-1.17,0.153,1.693,-1.17,-1.047,0.153,-0.716,0.901,0.901,-0.607,-1.17,-1.17,0.704,-1.047,1.693,-1.066008093180205,-1.186723561939148,-0.607,1.6836871832129798,0.003,0.901,-0.716,-0.008246709550819156,-1.0337005098857937,0.153,1.7127899155146824,0.6952562984849902,0.014871148198201692,0.13733470796198216,0.1460469784872968,-0.49
-0.315,-0.896,-0.896,-0.06,1.994,-0.621,-0.315,-0.621,0.574,1.897,-0.896,-0.52,0.574,-0.9,0.574,-0.9,1.994,-0.896,-0.9,-0.315,1.994,1.897,0.574,-0.315,-0.52,1.994,-0.315,-0.315,1.897,0.574,1.897,1.897,-0.9,1.994,0.574,0.574,1.897,-0.621,-0.9,0.574,-0.896,1.994,0.411,-0.896,1.994,1.897,-0.52,-0.621,-0.6402341085959322,0.574,0.5611086028375919,1.994,-0.5998451064084306,-0.896,-0.315,1.897,-0.32889824560514364,0.5873852856215029,0.411,1.8851970762356205,1.9803401020189528,0.3942250674600599,0.4271735479084248,1.930522757082426,0.6257561452423431,-0.5934590950282376
0.649,-0.426,-0.27,0.83,-0.946,0.83,-0.795,1.186,-0.426,-0.27,0.83,0.649,0.649,-0.27,0.649,-0.946,1.942,0.649,-0.27,0.649,-0.426,0.83,1.186,0.83,1.186,-0.946,1.942,0.649,1.186,0.83,-0.27,-0.27,0.83,1.942,-0.946,1.942,0.83,-0.795,1.942,-0.795,-0.27,-0.795,1.942,-0.946,-0.795,-0.426,-0.795,0.782,0.782,0.83,0.516,0.83,-0.946,0.83,-0.795,0.8152657912838756,-0.27,-0.960376602338229,-0.426,-0.9238318702559986,0.782,1.942,0.516,0.649,0.8325117605807072,1.9304551246462471,-0.8985097398810101,-0.8642702379032454
-0.724,-1.192,-1.192,-1.192,-0.81,-0.512,-0.596,-0.512,0.115,-1.192,-1.136,-0.724,-0.81,-1.136,-1.192,-0.81,-1.136,-1.236,0.115,0.45,-0.512,-0.512,-1.192,-1.236,0.45,-0.81,-0.596,-1.236,-0.596,0.115,-1.236,-1.236,-0.596,-0.512,-1.236,-1.192,0.45,-1.136,-0.117,-1.236,-1.192,-1.236,-1.236,-1.236,-1.136,-1.136,-0.724,-0.512,-1.192,-1.236,0.45,-0.117,-1.2499822958428908,0.115,-0.81,0.10602051705271244,-0.512,-1.192,-0.5318974540359804,-0.596,-0.6137187462108109
-1.083,-0.135,-1.083,-1.032,0.574,0.574,0.015,0.773,0.015,0.54,-0.445,-0.246,0.621,0.621,0.015,0.574,0.574,-1.032,0.621,-0.445,-1.083,0.621,-0.135,0.54,0.015,0.574,-0.246,-0.246,0.574,-0.135,-0.246,0.54,0.574,-1.083,-0.445,0.015,-1.032,0.621,-0.135,0.015,-1.032,0.773,0.574,0.773,0.773,0.621,-0.135,-1.083,-1.032,0.574,-0.445,-0.135,-1.083,0.5625489564876285,-1.032,0.015,0.621,-1.095314769560169,-0.246,-0.26497724377617154,-0.1467892174880772,0.598380694394309,-0.4592362185128477,-0.005669201992454142,0.008894743126035564,-1.0441409033612428,0.773
-0.709,0.755,-1.16,-1.16,-0.067,0.525,-0.49,-0.709,-1.16,-1.16,-0.709,-1.16,0.682,-1.16,-1.16,-1.562,-0.289,-1.562,-0.753,0.682,-0.753,-0.067,0.682,-0.49,-1.562,-1.562,0.525,-0.753,-1.562,0.755,-1.562,-1.562,-1.16,-1.562,0.755,0.755,-0.067,-1.562,-1.562,-0.289,-1.562,-0.289,-1.16,-0.289,-0.709,-0.49,0.682,-0.289,0.525,-0.7206323855149743,0.5069288187076596,-0.6612459511835693,0.5407097513866531,0.5747735578965233,0.5881615010064389,-1.16,-0.067,-1.174681821508728,-0.07549059322222604,-0.2976472087200529,-0.753,-0.5022260817155068,0.6162373963459146,-1.562
0.751,-0.81,2.405,-0.81,-0.72,0.751,-0.276,0.986,-0.81,0.986,2.405,2.405,-0.799,0.751,1.634,-0.799,-0.72,2.405,2.405,2.405,-0.169,-0.799,1.634,-0.799,0.751,0.986,1.634,1.634,-0.72,2.405,0.986,-0.81,-0.276,0.986,-0.81,0.751,1.634,2.405,2.405,0.423,0.751,-0.799,2.405,-0.81,-0.799,-0.169,0.751,-0.799,-0.8182832924554151,0.423,2.405,-0.184587381754775,0.7362608911933388,-0.7881321419028814,0.41151405999733737,0.767103473526665,-0.7636913621187669,-0.7210424264815092,-0.6947563735615816,-0.81,2.396381279897656,1.634
-0.904,-0.83,-1.334,-0.904,-0.832,-0.651,-1.334,-0.904,1.4,-1.334,-1.334,1.4,-1.056,-0.12,-1.056,-0.12,-1.056,1.4,1.4,-1.056,-0.83,1.4,-1.334,-0.651,0.31,1.4,-0.83,-1.056,0.31,-1.334,-0.832,-1.056,-0.904,-0.12,-0.651,-1.056,-0.832,-1.056,-0.83,-0.904,-1.056,-0.12,-1.334,-0.904,-0.12,-0.832,-0.83,-0.83,-0.904,1.4,0.31,-1.056,-0.651,-0.8433021338459238,-0.12,-0.9169315467668646,-1.074062461708471,-0.6665489984129398,-1.334,-0.8094931176377379,-0.8897640718029248
-1.067,0.574,0.574,-1.095,-0.197,1.205,0.228,1.205,0.574,-1.067,-1.095,-1.095,0.228,0.228,-0.197,1.205,1.205,-1.095,0.574,1.736,1.736,1.736,0.4,-1.067,0.228,0.564,-1.095,1.736,0.386,-0.197,0.574,-1.095,0.228,-1.067,0.386,0.386,0.574,1.205,-1.095,-1.095,1.736,0.4,0.564,0.38515171056344377,1.724748640613983,0.228,1.205,1.7516604651709349,-0.197,0.574,0.21822045376305205,0.386,0.4275796464718104,0.3784088608274017,0.561386867340562,-0.2099591529363741
1.509,0.476,-0.055,1.509,-0.147,-0.147,-1.123,-1.123,0.686,1.014,-0.055,-0.147,1.509,-0.147,1.014,-1.123,0.476,-0.147,0.06,-1.123,-0.216,0.06,0.06,0.06,0.283,1.014,0.476,0.283,-0.055,1.509,0.686,-0.055,0.686,0.476,-1.123,0.686,0.686,1.509,-1.123,0.686,-0.216,1.509,0.686,0.476,0.476,1.014,0.476,-0.216,0.06,0.06,0.476,0.06,-0.216,-1.123,0.04722483429655482,0.05238855752237489,-1.13474463763416,-1.1016354907900094,-0.22732168068795672,-0.19572245305033717,1.509,0.08811388904320763,0.283,-1.076618770224804,0.12279928806972297
0.334,0.334,-0.651,-0.651,2.025,2.025,0.334,0.338,0.106,0.692,0.338,-0.798,2.025,0.692,0.692,2.025,0.692,-0.651,0.692,0.842,-0.651,0.338,0.338,0.404,0.842,-0.651,-0.798,-0.651,-0.651,2.025,-0.798,-0.651,2.025,0.842,0.338,-0.798,0.692,-0.798,2.025,0.106,0.338,-0.102,0.692,-0.651,2.025,0.334,0.842,-0.6704766266797478,0.106,0.338,0.3132651471556369,0.35609516612093484,0.321214187266893,-0.798,-0.818544506004492,2.0122854075645846,-0.102
1.431,-0.948,-0.689,1.431,0.338,1.431,-1.09,1.431,-1.036,1.431,0.147,0.147,0.147,0.232,-1.036,-1.09,0.232,-1.09,-0.948,-0.689,1.016,-1.09,1.016,0.147,0.752,1.431,0.752,0.232,0.232,-1.09,-1.036,-0.948,-1.09,0.232,-0.948,0.147,1.431,0.338,0.752,0.232,-0.689,-1.036,-0.948,-1.09,-1.036,0.147,-1.036,1.016,0.752,0.338,-1.09,1.431,0.7378078316148198,-0.689,-1.1008751260508998,-1.0656890976617797,0.3243183710743399,0.232,-0.948,0.147,-1.036,-1.0306522678196333,0.21394445729075146,0.7906756633514433,1.4161754978934609,0.8060403282104398,1.4479496445374145
0.066,0.066,-0.053,-0.053,0.061,-1.146,1.214,0.35,-0.915,-0.776,-0.053,-1.146,-0.665,-0.665,-0.776,-0.053,0.35,-1.146,-1.146,-0.053,-0.665,1.214,-0.665,-0.915,0.35,0.35,0.066,1.214,-0.915,0.35,0.066,0.061,-0.915,0.35,-0.915,0.061,1.214,-0.776,0.061,0.35,1.214,-1.146,-1.146,-0.053,0.35,0.061,-0.776,0.35,0.066,0.05008075136805837,-1.146,-1.1587037409333039,0.0,0.3384692091976148,0.07331431918814252,0.10891014166887751,-0.053,0.35502483121511497,-0.915,-0.7927930334216731,1.214
1.721,1.721,-0.269,1.721,-1.169,-0.321,0.18,-0.321,-1.169,1.721,-1.169,-0.222,-0.7,-0.222,0.18,0.18,-1.169,-0.269,-0.222,0.18,-0.811,0.233,-0.222,-0.7,-0.222,-0.757,-0.222,-1.169,-0.811,-0.269,-0.222,-0.811,-0.7,-0.7,-1.169,-0.757,-0.321,0.233,-0.321,1.721,-0.811,1.721,-0.757,0.18,0.18,-0.757,-0.269,-0.222,-0.222,-0.2343979611310215,-0.1889744902728779,-1.169,0.18,-0.321,-0.757,-0.1578357290859908,-0.811,-0.7713400766420998
0.143,1.709,-0.995,-0.995,0.241,-0.126,1.166,-1.124,1.69,1.69,1.709,-0.126,1.69,1.166,0.241,-1.124,1.166,-1.124,-1.124,-0.345,1.166,-1.124,1.709,-0.995,-0.345,1.69,1.69,-0.995,-0.995,1.166,-0.126,-0.126,1.69,0.241,-1.124,1.166,1.709,1.709,0.143,1.709,1.709,1.69,-0.084,-0.084,1.166,-1.124,-0.10501084027515165,-1.1384234946919352,-1.1149010208033412,1.709,-0.126,1.6942063503575475,1.69,-0.1415629525278903,1.7291295740123263,0.143,-0.995,0.13002045112439425,-0.06156342041846051,0.1622520090641125,-1.0965459711813756
-0.283,-0.901,-0.852,-0.901,1.789,1.789,0.761,-0.283,-1.04,-0.901,0.822,0.822,1.789,0.761,-0.901,-0.852,1.789,-1.04,0.782,-1.04,0.782,-0.531,0.822,0.782,-1.04,-0.852,0.822,-1.04,0.822,-0.531,0.782,0.761,-0.901,0.423,0.761,0.822,0.761,-1.04,1.789,-0.852,-0.531,1.789,1.789,-0.901,-0.901,0.822,-0.9102147745306514,-1.04,-0.283,0.8100208821462547,0.782,-0.531,0.8628578537555469,-1.0546156492282714,-0.29401530023660183,-0.543308343932814,0.761
-0.892,-1.205,-0.892,-1.205,0.391,-0.478,0.564,-0.478,0.564,1.065,0.155,-0.954,-0.954,-0.892,-1.205,1.949,-1.205,-0.892,0.391,1.065,1.949,0.428,1.949,-0.892,1.065,-0.478,-0.478,0.428,-0.892,1.949,-1.205,1.949,-0.892,-1.205,-0.478,-0.892,1.949,0.428,0.564,-0.954,0.428,-0.478,-0.478,-0.954,-0.954,0.564,0.155,-0.954,0.155,-0.892,0.564,0.428,1.065,1.0434273767659785,-0.9646726206328292,1.949,0.41235719490627604,0.14610553291935233,0.550100106893087,-1.205,1.0947751315056147,1.9350834810711919,1.961012963146037,-0.478
0.146,1.027,0.134,0.118,0.118,-0.759,0.134,-0.889,-0.889,1.027,0.248,1.027,-0.759,-0.759,0.118,-0.889,0.134,-0.711,0.118,0.146,0.118,0.428,-0.711,0.118,0.134,-0.513,-0.513,1.027,-0.711,-0.513,1.027,0.118,-0.889,0.134,-0.513,-0.889,-0.759,-0.513,0.248,-0.513,-0.513,0.428,-0.759,-0.5261373114860391,0.4080297734650902,0.134,-0.7727881458188847,0.146,-0.711,0.248,0.118,0.10549040270413503,-0.7221958619547264,1.027,1.0089784034650284,1.0125128808075203
-0.444,-0.444,-0.444,0.225,-0.53,0.225,1.023,-0.119,-0.935,-0.075,-0.444,1.023,-0.935,-0.075,-0.935,-0.935,1.81,-0.434,-0.119,-0.343,-0.53,-0.119,-0.075,-0.935,-0.53,0.225,-0.434,1.023,-0.075,-0.434,1.81,1.81,-0.434,-0.119,1.023,-0.53,1.81,-0.53,-0.935,1.81,-0.343,1.81,-0.444,1.81,-0.444,1.023,-0.119,-0.53,-0.5369723414451022,-0.935,-0.075,-0.9547758362125814,0.225,-0.434,-0.13104674574685413,0.21034355910751978,-0.08974302010408539,-0.343,-0.3593934796547544,1.023,-0.9252351753406953,-0.31256830673389485,-0.48525888157870684
0.298,1.685,0.05,-0.198,-0.777,0.05,0.05,-0.777,0.701,2.045,1.685,1.685,2.045,0.834,1.685,-1.054,0.05,0.834,0.834,-1.209,-0.777,0.05,-1.054,2.045,0.701,0.298,0.834,-1.054,0.05,-1.054,-1.209,0.298,-1.209,0.701,0.834,0.701,2.045,-1.209,-1.209,0.298,2.045,-0.777,1.685,-1.054,0.05,0.834,-1.209,0.701,2.045,0.701,0.6822853981433062,0.7085747170010248,-0.198,-0.777,-0.21183568937066483,0.7552928244323641,-0.792224014034132,-0.18022591304536476,1.685,-1.209,0.05,-1.054,0.8016334822865522
-0.498,0.933,-0.774,-0.498,0.263,1.017,-0.849,-0.037,-0.498,1.017,-0.037,-0.511,1.017,-0.591,-0.511,-0.849,-0.849,0.263,-0.774,-0.037,0.263,-0.498,0.263,1.017,1.017,-0.037,-0.591,-0.498,-0.591,-0.037,0.263,1.017,-0.037,1.017,-0.806,-0.774,0.933,-0.806,1.017,0.263,-0.591,-0.037,0.263,-0.037,-0.806,-0.498,-0.498,-0.849,-0.806,-0.037,-0.774,-0.806,-0.511,1.017,1.0068264970207563,-0.498,1.0498952770046537,-0.849,1.0863852930405125,-0.5126691075978379,-0.7860567104653825,-0.5247883481258779,-0.7575360012496413,-0.591
0.684,-0.474,-0.576,-0.955,0.577,1.795,1.795,0.684,1.795,-0.474,-1.02,-1.02,0.684,1.795,-0.955,0.598,0.684,0.577,-0.576,1.795,0.598,0.72,1.059,-1.02,0.577,-1.02,0.72,1.795,1.059,0.684,0.72,0.577,0.684,-0.474,0.72,0.684,-0.474,0.72,-0.955,-1.02,0.72,0.598,1.795,0.684,-0.955,-0.955,-0.474,1.795,0.72,0.598,1.795,0.5782815284818412,-0.474,0.7079659552593158,-0.49079237650672936,0.7521241216616485,0.6142452524464644,1.7812631947983484,0.6562625488170502
-0.913,0.337,-0.696,-0.913,-0.696,-1.166,-1.166,-1.166,0.337,-0.822,-0.913,0.509,-1.166,0.509,0.337,-1.166,0.509,0.509,0.684,-0.913,0.785,-0.913,-0.613,-1.166,-1.166,0.509,-1.166,-0.822,0.135,-1.166,0.337,0.785,-0.696,0.509,-0.613,0.135,-0.822,0.684,-0.613,-0.613,0.509,0.337,0.337,0.684,-0.696,0.135,-0.913,-0.7086496521417014,-0.613,0.3236264904842969,0.509,-0.6268900619691439,0.49483042023739876,0.35260222656518303,-0.822,0.3756953142217773,0.5401451763444467,-0.8346707916431679
-0.407,-0.432,-0.407,1.42,-1.402,-1.402,-1.188,-1.402,-1.188,-1.188,-0.426,-1.05,-0.673,-1.402,-0.277,-1.05,-1.402,1.42,1.682,-1.05,1.42,-0.432,-1.402,-0.673,-0.432,-0.673,-0.407,-0.407,-0.407,-1.188,-0.426,-0.407,-0.673,1.42,-1.402,-1.402,-0.407,-0.277,1.682,-1.402,1.682,1.682,-0.673,-1.188,1.682,-1.188,-0.673,-1.05,-0.673,-0.277,1.682,-1.402,-0.407,-0.407,1.682,-0.426,-0.277,-0.4400591675104514,1.6675360715390153,-1.05,-0.2945837918822848,-1.402,-0.673,-0.432,-0.6945776128229468,-0.26877920281912165,-1.0671302534745404,-0.2325749216477542,-1.4091643686532143,-1.3780922002846594
-0.848,-0.728,-0.671,-0.671,-1.313,-0.67,-0.848,-0.53,-0.848,-0.671,-0.734,-1.313,-0.734,-0.725,-1.313,-0.53,-0.671,-0.848,-1.313,-0.848,-0.848,-0.728,-0.728,0.92,-1.313,0.92,-0.725,-0.335,-0.335,-1.313,-0.725,-0.728,0.92,-1.313,-0.725,-1.313,0.92,-0.671,-0.67,-0.734,-0.734,-0.734,-0.848,-0.335,-0.67,-0.671,-0.6854781198691495,-0.848,-0.6537892094209483,-0.734,-0.866303969126832,-0.53,-1.313,-0.8409009240607731,-0.728,-0.335,-0.7380263101099651,0.92
-1.022,-0.769,0.767,-0.769,-1.145,0.175,-1.145,-1.022,-0.727,0.767,0.767,0.943,-1.022,0.175,-0.727,0.767,0.943,-1.022,-1.022,0.175,0.175,-0.651,-1.022,0.943,-1.145,0.943,-0.769,0.718,-0.769,0.718,0.767,-1.145,-1.145,-0.651,0.175,0.943,-1.022,-0.769,-1.145,-1.022,0.767,0.718,-1.022,0.718,-0.126,0.767,0.718,-0.727,0.767,-1.022,0.718,0.767,-0.769,-0.651,-1.145,-0.7820467641635049,-1.022,0.943,-0.126,-0.14907609905139801,0.9273413435969342,-1.1557009790417796,0.7554318712614001,-0.10267647684355251,-1.0363743305904756
0.742,-0.745,-0.91,-0.745,0.742,-0.745,-0.25,-0.745,1.17,-0.764,1.17,-0.388,-0.25,-0.91,-0.91,-0.745,0.863,0.863,-0.888,-0.745,-0.888,-0.888,-0.25,-0.764,0.863,-0.764,0.863,-0.888,-0.764,-0.25,0.863,0.863,-0.745,0.742,-0.764,-0.91,1.17,-0.764,-0.888,-0.745,-0.764,-0.7774784847147045,-0.91,-0.25,-0.888,-0.7466968044945972,0.0,1.17,0.742,-0.9258464545680904,-0.388,-0.00940602223294023,-0.745,-0.7565935009486918
0.756,0.492,0.609,-0.283,1.695,-0.845,0.756,-1.05,-0.1,0.492,0.756,1.704,-1.05,1.695,1.704,-1.05,1.695,0.492,-0.738,-0.845,0.756,0.756,-0.738,1.704,1.704,-0.283,-1.05,-1.05,1.695,1.704,1.695,-1.05,0.492,0.492,-0.845,-0.845,-0.738,-0.738,1.704,1.695,0.492,1.695,-0.1,-0.283,0.609,-0.1,1.695,-0.1,0.756,0.609,0.609,-0.1,0.609,0.492,-0.283,0.492,-0.283,-0.1,1.704,-1.05,-0.30120981284387993,-0.11497064704138332,-0.26126573797649055,-0.06270673852197556,1.6907065577921767,-0.738,-0.2222914669468476
1.37,-0.259,-0.627,-1.177,-0.474,-1.177,-1.177,-0.681,-0.565,1.37,-0.565,-1.177,-0.627,-0.374,1.37,1.283,-0.627,-1.177,-0.681,-0.14,-0.14,-1.177,-0.259,1.37,-0.565,-0.14,-0.627,-0.681,-0.474,-0.474,-0.14,-1.177,-0.565,1.283,-1.177,-1.177,1.283,-0.565,-0.259,-0.681,-0.14,-0.565,1.37,-1.177,-0.474,-0.259,-0.14,-0.15892612433047099,-0.2695019433138704,1.37,-0.565,-0.24877985570581906,-0.681,-0.374,-0.693612845911295,-0.12056804397868023,1.283,-0.5751306707763048,1.3592443591071495,-0.0864910189886358,-0.20955626879269795,-1.177,1.2755399405312442,-0.627,-0.6443812632033161,-0.6559827005470431,-0.6016877171965284,-1.1841748555046874,-0.5582095375017909
-0.709,-0.003,-0.326,-0.933,1.078,-0.709,1.078,-0.909,-0.709,1.078,-0.326,-0.743,-0.665,-0.743,1.078,-0.547,-0.326,-0.933,-0.743,-0.909,-0.909,-0.709,-0.709,-0.909,-0.547,-0.665,-0.61,-0.743,-0.326,-0.909,-0.326,-0.909,-0.933,-0.709,-0.709,-0.933,-0.709,-0.909,-0.003,-0.61,-0.003,-0.709,-0.547,-0.909,-0.743,-0.933,-0.61,-0.9452213468427227,-0.6227731699465207,-0.709,-0.570370666349923,-0.909,-0.5186117210583282,-0.49141096416088503,-0.743,-0.665,-0.4557769617113867,-0.724126619833004,-0.4220038289727162,-0.6757412456406031,-0.326,-0.547,-0.34260322961975587
-1.008,-0.852,-1.008,-1.013,-0.098,-1.246,-1.008,-1.008,-1.008,2.082,1.608,1.254,0.751,0.751,1.254,1.254,1.608,-1.008,0.564,2.082,1.254,-1.008,-1.013,-1.013,-1.008,-0.852,-1.013,-1.246,-0.852,-1.008,-1.008,-1.246,1.608,-1.013,2.082,-1.246,2.082,-1.246,1.254,-0.852,-1.246,1.608,-1.246,-1.013,1.608,-1.246,-0.852,2.082,2.082,-1.246,-1.008,-1.0445904542985882,1.254,2.0676101947810293,-0.9983501925355073,-0.852,1.608,-0.9636910920969655,-1.013,0.751,-0.8640207819709472,-1.2598854641681978,-0.9163375241075953,0.564
-0.979,0.535,1.267,-0.979,1.267,-0.048,1.901,-0.979,-0.979,0.054,1.267,0.054,1.901,-0.048,-0.383,-0.979,-0.383,0.226,0.226,-0.979,1.267,0.535,0.535,-0.383,0.226,1.901,0.535,1.901,0.226,1.267,0.535,0.535,1.267,-0.383,-0.979,-0.979,0.404,-0.979,1.267,-0.048,0.054,0.535,0.226,1.901,0.226,0.226,1.901,0.404,-0.048,1.901,-0.979,0.226,1.267,1.2497944325295867,0.0,0.20985411695644565,1.2615106262932025,0.535,0.054,0.23367980762662505,0.39100878950783774
1.62,1.62,1.62,-0.975,-0.695,-1.131,-0.703,-1.131,1.96,-1.203,-0.615,-0.695,1.62,-0.703,-0.764,-0.975,-1.203,1.96,-1.131,0.616,0.616,-0.703,-0.764,-1.131,-0.975,1.96,-0.764,1.96,-0.695,-0.764,1.96,1.96,-1.203,-1.203,-1.131,-1.203,1.96,0.616,-1.203,-0.703,-0.703,-1.131,1.96,-0.615,1.62,-0.975,-1.203,1.62,-0.975,-0.9962394729388735,-0.615,-1.21557272405434,1.96,-0.6280568948305277,-0.764,-0.7896093959831406,-0.695,-0.703,-1.131,-0.5961372886399858,-0.7464651946566776,-1.1447259169567623
-0.611,-0.571,-0.893,1.652,1.652,1.146,0.209,1.146,1.652,0.416,0.72,0.416,-0.192,-0.192,-0.611,1.146,0.72,-0.422,0.209,0.416,0.72,-0.422,1.146,-0.893,1.652,1.652,0.209,-0.422,0.416,0.72,-0.893,-0.571,1.652,0.209,0.209,-0.422,-0.893,1.652,-0.893,0.416,1.652,-0.571,0.3989924096822286,1.146,-0.192,0.45348335436500603,-0.5857601598881278,1.1372391452119657,0.72,0.48321917837220374,0.7068169584421115,-0.422,-0.611,1.6429609624007253,-0.553467658783825,-0.19968256655428898
-0.219,-0.348,0.887,-0.969,0.887,-1.028,-0.313,1.283,-0.969,-0.348,0.887,-0.219,-1.028,-0.219,0.746,-0.313,0.887,-1.028,-0.219,-0.313,-0.219,-0.348,-0.313,-0.348,0.887,-1.028,1.064,-0.219,1.283,0.887,-0.969,-0.969,-0.313,-0.313,-0.219,1.283,1.283,-0.219,1.064,0.746,-0.219,-0.313,-0.219,-0.313,0.405,-0.219,-0.348,-0.969,1.064,-0.969,0.746,-1.028,-1.044842448559791,0.7294378711464593,1.283,0.887,1.2693176652550806,-0.313,-0.9815540382871629,-0.32665484346815665,-0.219,-0.348
1.896,-0.601,0.915,0.849,0.758,0.758,0.758,0.468,0.861,0.758,0.861,-0.601,0.468,0.022,0.758,-0.491,0.915,0.861,-0.601,1.896,1.896,-0.491,0.022,-0.491,0.758,1.896,1.896,-0.491,0.022,-0.941,0.915,1.896,-0.491,0.022,-0.601,0.849,1.896,-0.941,0.915,-0.491,-0.941,0.915,0.022,0.468,0.915,0.758,0.915,-0.601,0.861,-0.601,-0.941,0.861,-0.491,0.758,-0.491,0.468,0.915,0.022,0.4521075311617707,0.00781795615652848,1.896,0.758,0.04750983079273421,0.48423696310613634,-0.941,0.861,0.9064505941278269,0.5301745671595879,0.849,0.08825699888536033
-1.142,-0.063,-0.063,0.997,-1.142,-0.347,-0.347,-1.142,-0.347,1.088,-0.347,-1.142,1.088,-0.347,2.35,-1.142,2.35,-1.142,2.35,0.913,-0.878,-0.063,2.35,-0.878,2.35,-0.347,0.913,-1.142,0.913,2.35,-0.49,-0.878,-0.878,2.35,-0.49,-0.49,-0.49,-0.878,-1.142,-0.347,-0.878,-0.347,0.913,2.35,0.913,2.35,0.745,0.997,0.745,1.088,-0.878,1.088,2.35,-1.142,-0.347,-0.878,0.997,-0.063,1.088,-0.8952762704797282,0.9799212296891311,-0.347,1.002758007310538,-0.3550324639858033,-1.142,-0.07903791523778232,-0.30848449467716366,2.35,-1.1607420948044123,0.913,2.336056660601035,-1.1162408895353035,-0.49
-0.224,-0.224,-1.016,1.227,1.227,-0.48,0.527,-0.998,-0.031,-0.558,-0.031,-0.998,1.227,-0.224,0.861,0.861,0.527,-0.998,-0.998,-0.224,-1.016,-0.48,-0.224,-0.48,-0.558,-0.998,1.227,-0.224,-0.48,-0.998,0.861,-1.016,0.527,0.861,-0.031,-0.031,-0.224,0.861,-0.48,-1.016,-0.48,0.861,0.656,1.227,-0.558,-0.031,-0.5694923484280298,0.656,-0.998,1.2176799349664431,1.245421533475236,1.2827776774154211,-0.525826046489897,0.861,-0.4926444909065519,-1.016,0.8436600612031119,-1.0099002985752017,-0.48,-1.0306186031039037
0.521,-0.326,-0.105,0.521,-0.782,-0.326,-0.766,0.841,-0.716,-0.153,-0.35,-0.105,-0.782,-0.862,0.521,-0.862,-0.862,-0.35,-0.105,-0.153,0.841,-0.105,-0.153,-0.766,-0.862,0.841,0.521,-0.105,-0.153,0.841,-0.862,0.841,-0.766,-0.35,-0.782,-0.766,-0.35,-0.153,-0.782,-0.716,-0.716,-0.716,-0.326,-0.782,-0.766,-0.7806005324038819,-0.153,-0.105,-0.782,-0.716,-0.7279252753730527,-0.7959723447758827,-0.35,-0.862,-0.7596571645944838,-0.7261367997245014,-0.11656332387840534,-0.6993721218469384
-0.968,-0.89,-0.565,-0.968,1.178,-1.182,-0.968,-0.755,-0.89,-0.755,1.178,-0.89,-0.724,1.256,1.256,-0.565,-1.182,-1.182,0.464,1.256,-1.003,0.464,1.178,-0.968,-1.003,0.464,-0.724,-0.89,-1.003,-0.724,-0.968,1.256,-0.755,-0.755,-0.89,-1.182,-1.003,-1.182,-1.003,-1.182,-0.755,-0.89,-0.755,-0.755,-0.565,-0.724,-0.724,0.464,0.464,1.178,-0.565,0.464,-0.565,-0.968,-0.5840276367066289,-0.755,-0.7705827986353164,1.178,-0.979029109358699,-1.182,-1.003,-0.5493196720626775,-0.9400963952765817,-0.89,-0.5097489400080599
0.1,-1.191,-1.191,-0.629,0.952,-0.191,0.952,-0.191,-1.028,-1.191,-1.191,-1.191,0.1,-0.629,1.003,-1.191,0.1,1.003,0.298,-1.191,0.952,0.298,-1.191,-1.028,-0.191,1.009,0.298,-0.629,1.009,0.107,0.107,-1.191,-0.629,-1.028,-0.191,1.003,-1.028,-1.028,-0.629,0.298,0.107,0.952,1.009,-1.191,1.009,0.952,-0.629,1.003,0.952,1.003,-1.191,0.952,1.009,-1.204409379641834,-0.191,-1.173238253341521,0.107,0.09307131560199251,0.1,-1.1290222242526236,0.08441472639082452
-1.189,0.327,1.58,0.545,1.58,1.58,-0.395,-1.189,-0.712,1.169,0.056,-1.189,0.545,1.58,0.056,0.642,-1.189,1.169,1.169,-0.712,-1.189,-0.395,1.169,-0.395,-1.189,1.58,0.642,-0.712,-0.712,0.056,0.545,-0.712,0.327,0.327,-1.189,0.545,-1.189,1.169,0.642,0.545,1.58,0.642,0.056,0.545,0.545,1.169,-0.712,-0.395,1.58,-0.4081855216950351,0.642,0.056,-0.35976606697425817,0.327,-0.712,0.0,-1.189,-1.2062018393920293,0.31932443893323237,-0.010977934673557259,0.04053994879504319,-0.32030354381132464,0.545,1.5699892575348935,-0.29921351927354584
1.556,0.506,-0.993,0.366,0.366,-0.965,1.556,1.556,-0.875,0.013,0.366,-0.875,0.366,-0.614,-0.909,0.506,-0.965,-0.614,-0.909,-0.614,-0.909,1.556,-0.283,-0.993,0.013,0.366,1.556,-0.283,-0.875,0.013,-0.965,0.013,-0.614,-0.909,0.506,-0.283,-0.283,-0.614,-0.965,-0.993,0.506,-0.875,-0.875,-0.283,-0.283,-0.993,0.506,-0.875,0.013,-0.993,-0.614,0.366,-0.993,-0.283,1.556,-0.614,1.5342085446317997,0.013,-0.965,1.5587636406069583,-0.993,0.366,-0.29606250072796003,-1.0071126404701263,0.506,-0.25445212921966226,-0.9765949981913429,-0.875,-0.971302371411165,-0.6231075845082102,0.35311381756537874,0.0023642547475184687
0.021,1.019,-0.45,-0.879,-0.879,-0.45,-0.45,0.021,-0.836,-0.836,-0.836,-0.532,-0.45,0.021,-0.879,-0.269,-0.45,1.019,-0.735,-0.45,-0.269,-0.79,-0.735,-0.836,-0.79,-0.45,1.019,-0.879,-0.79,0.021,-0.735,0.021,-0.532,-0.836,-0.45,-0.45,-0.836,-0.879,-0.735,-0.45,-0.735,-0.836,-0.8449145033172262,0.021,-0.45,-0.8318060519573024,-0.532,-0.879,-0.5493622304557403,-0.735,-0.79,0.0,-0.45869366161676794,-0.7501554080862053,1.019,-0.890738985704162,-0.5206773817495008,1.0040800138409463,1.0260032498807603,-0.7891319735095053
-0.693,-0.786,-0.786,0.096,2.335,2.335,-0.635,-0.693,-0.786,1.515,2.335,-0.786,-0.786,0.096,1.515,-0.343,2.335,-0.693,2.335,0.74,0.74,-0.693,-0.786,-0.343,0.096,2.335,-0.693,-0.559,-0.786,1.187,-0.786,1.187,2.335,1.515,-0.635,2.335,-0.635,0.096,1.187,1.515,-0.559,-0.559,1.187,-0.343,-0.786,-0.559,1.515,-0.8019902190827823,2.335,-0.693,0.74,0.728693742859934,-0.5725157101696459,-0.7079633625224446,-0.6794116964769854,-0.5402928483755568,2.3188313669206906,1.5076265150260004
-0.469,-1.211,-0.467,-0.469,-1.211,-1.007,-0.469,-0.286,-1.211,-1.007,0.437,1.336,-1.211,0.437,-0.469,1.336,-1.211,-1.007,-0.467,1.336,1.336,0.804,-0.286,0.64,0.804,-0.159,-0.469,0.437,0.437,-1.007,-1.211,-0.286,-1.211,-0.469,-0.286,-0.286,-1.007,-0.469,-1.211,-1.211,0.64,-0.467,0.64,-0.159,-1.211,0.804,-0.159,0.437,-1.007,-0.159,0.437,-1.007,-0.159,0.437,0.4219710227011129,-0.159,-0.286,-0.469,-0.1706174993219447,-1.007,-1.021516307707406,-0.4896483240247355,-0.9810308892023991,-0.30326572935426144,-0.1586752642298382,1.336,-0.4530236726251871,-0.4349721610446936,-0.467,-0.9521784685659375,-0.13825381739679662,1.3195361752365689,1.3660030866027004,1.3948672845636536,-1.211
0.307,-1.141,-1.218,-0.603,0.307,1.119,-1.199,-0.238,-0.238,-1.199,1.119,1.119,-1.199,-0.238,-0.603,-1.141,-0.242,-1.141,-1.199,-1.218,-0.603,-0.603,-0.603,-1.218,-0.677,-1.199,-1.141,-1.218,-1.218,-0.677,0.713,0.307,-0.238,-1.141,-1.199,-0.242,-1.141,0.713,-1.199,-1.218,-1.218,1.119,-1.141,-1.199,-1.218,1.119,-0.238,-1.218,-1.141,-1.199,-0.242,-1.2280371761122422,-0.603,0.307,-1.1512908791214587,-0.677,-0.6951426428662465,-1.1762720652196708,0.29344038372250403,-1.163539837682497,-1.215657248773502
-1.031,-0.441,-0.441,-0.314,-1.031,-0.441,0.266,-0.441,1.203,-1.177,-1.041,-1.041,-1.041,-1.177,-0.441,-1.031,-1.007,-1.177,-1.007,-0.053,0.114,-1.007,-1.031,-1.007,0.266,-1.041,1.203,1.203,-1.031,-1.007,0.266,-1.007,1.203,1.203,-1.177,-0.053,-0.314,1.203,-1.177,-1.041,-1.177,0.114,-1.041,-1.031,-1.041,-0.314,0.266,-1.031,0.114,-1.177,0.2519898980888481,-1.007,1.203,0.10023712845771442,1.1844961573208912,0.3068150410723784,-1.1869176857740966,1.226130542303232
-0.61,-0.432,-0.946,-0.463,-0.331,-1.038,-1.038,-0.331,-0.61,-0.61,-0.189,-0.946,-0.946,-0.463,-0.331,-1.038,-0.331,-0.331,1.324,-0.61,-0.946,-1.082,-0.463,-0.946,1.364,-1.038,-1.082,-1.082,1.364,-0.946,1.364,-0.463,-0.432,-0.61,-1.082,1.324,-1.038,-0.61,-0.331,1.364,-1.082,1.364,-0.331,-1.082,1.324,-1.038,-0.189,-1.0557445874067972,1.364,-0.20470176184256755,-1.0225602997054422,-0.331,-0.9807017325026209,-0.432,-0.3438067463480017,-0.946,-0.9336500630637168,-0.1628583820558605,-1.082,-0.9586085713784498,-0.463
0.756,-0.281,-1.148,-0.281,0.666,-1.157,-1.148,-1.157,-1.148,0.666,-0.859,0.666,-1.157,-0.859,-0.265,-0.265,-1.148,-0.748,1.214,-0.912,1.214,-0.859,-0.912,-0.748,-1.148,-0.748,-1.157,-0.281,-0.265,-0.265,-0.912,-1.148,-0.281,-0.748,0.666,0.666,-1.148,-0.912,-0.912,-1.157,1.214,-1.157,-1.148,-0.859,-0.748,-0.912,-0.281,0.756,-1.157,-1.157,1.214,-0.265,0.756,-0.748,-0.859,-0.760205224163312,1.2011171857882532,-0.281,-0.912,-0.2904401844056363,-0.8735177945680307,-1.168950921833187,-1.148,-0.8292992771974443
0.961,0.847,0.847,1.227,0.902,0.847,-1.188,0.961,-1.188,0.847,0.902,1.227,0.902,0.465,1.227,-1.188,0.92,0.92,1.227,0.465,-0.732,0.92,0.961,1.227,-0.732,0.92,0.902,-1.188,0.92,0.847,-1.188,0.847,0.92,1.227,-0.191,0.03,1.227,-0.191,0.465,0.847,0.961,0.03,-0.732,-1.188,-1.188,0.902,0.847,-0.732,0.961,-1.188,0.902,0.465,1.227,0.4566529962980075,-1.2001535902206748,0.9501528678677141,0.500171230402976,1.2173305387268596,-1.1708341018134174,-0.732,0.03,0.009137789696136506,-1.1433725263314707
1.578,-0.502,-0.27,-0.27,-0.092,1.578,-0.092,-0.092,-0.27,-1.0,-1.0,-1.0,-0.092,1.105,1.838,-0.092,-0.007,-0.007,1.838,-0.27,1.105,1.578,1.838,-1.0,-0.27,-0.502,1.578,-0.27,-0.27,0.174,1.838,1.838,-1.0,0.174,1.838,1.838,-0.27,1.578,1.838,1.578,0.174,-0.007,1.105,0.741,0.741,-0.092,-0.092,-0.007,1.578,1.838,-0.0216962513698897,-1.0,0.741,0.014007377237025727,-0.502,0.7310458756963811,1.8248944621958503,-0.0996624494316593,0.174,0.15050062898104166
0.302,-0.148,0.302,-0.463,-0.148,1.249,-1.222,0.302,-0.463,-0.722,-0.722,-1.222,-1.222,-1.222,0.987,1.003,-0.968,-0.722,-0.886,1.003,0.987,1.003,-0.886,1.249,-1.222,-0.148,0.987,-0.968,-0.968,-0.463,1.003,1.249,0.987,0.987,-1.222,0.987,-0.968,0.987,-0.886,-0.968,-1.222,-0.463,-0.722,1.003,-0.722,0.302,-0.148,0.2902309737283151,-0.886,-0.463,-0.7305691402714622,-1.222,-0.6913732843389386,-0.4732986153022469,0.987,-1.2343471418649614,-0.968,-0.6633563732553378
-0.921,-0.921,-1.0,-0.921,-1.0,0.472,1.161,-0.921,2.18,-0.94,-1.0,2.18,0.472,-0.94,0.472,2.18,2.18,2.18,0.937,0.937,0.411,0.411,-1.0,0.937,-0.94,2.18,0.937,0.999,-0.94,-0.921,1.161,2.18,-1.0,-0.921,0.472,0.999,-0.94,1.161,0.999,1.161,-0.94,-0.921,2.18,0.472,1.161,0.411,-1.0,1.161,0.937,0.411,2.18,-1.0,0.472,0.0,-0.020412331173254555,-0.019211979322997095,0.9277420418115183,0.45982922829186346,0.9444588447990719,0.4001359167034236,0.4993685510995245,0.012791049003706981,0.02536657811424095,1.161
0.802,-0.213,0.328,-0.092,0.621,1.409,0.083,1.814,1.814,-1.105,0.802,0.621,0.328,0.621,1.814,1.814,0.621,-1.105,0.802,0.328,0.802,-1.105,-0.628,0.083,0.083,0.802,1.409,-0.628,0.802,1.814,-0.213,0.083,0.802,-0.213,-1.105,1.814,-1.105,0.802,-0.092,1.409,0.621,1.409,-1.105,0.802,0.083,0.328,0.621,1.814,1.409,-1.105,-0.092,-1.1205649078251445,1.8009009397828288,0.31333935170364396,-0.10168834664867704,0.3486428533240125,0.6117064556987374,-1.0884594608345013
0.06,-0.267,-0.97,-0.97,1.695,-0.97,-0.267,1.695,1.695,-0.23,-0.97,-0.267,-0.417,-0.639,0.06,-0.997,-0.97,-0.97,-0.639,0.869,-0.997,-0.417,-0.267,-0.997,0.971,1.695,0.06,0.971,0.06,0.869,-0.23,-0.97,-0.267,-0.997,-0.997,-0.417,1.695,0.869,0.06,-0.639,-0.417,0.971,-0.417,0.869,-0.23,-0.97,0.06,-0.23,-0.267,-0.9814706069505292,-0.639,-0.23668176207642766,-0.6558182521465116,1.695,0.869,-0.28113855468010807,1.6828896628108954,0.857051273855918,-0.9218418770780439,0.971,-0.24276729656689813
-0.587,0.502,-0.879,-0.112,-0.587,-0.811,0.931,-0.587,-0.112,-0.321,-0.298,0.931,0.502,0.931,-0.587,-0.587,0.931,0.502,-0.811,0.931,-0.298,-0.561,-0.879,-0.587,-0.561,-0.811,-0.298,-0.321,-0.298,-0.298,0.931,-0.879,-0.561,-0.879,-0.321,-0.587,-0.811,0.931,-0.587,-0.811,-0.561,-0.112,-0.587,-0.879,-0.298,0.931,-0.321,-0.298,-0.811,-0.587,0.502,-0.587,-0.6001595732977321,0.490420672774514,0.5120335342147662,-0.561,-0.321,-0.5801683037773355,-0.337214265136307,0.5577496083550346,-0.5968021014479132,-0.5609801867265445,0.5757949101380809
-0.544,0.859,1.453,0.859,0.859,2.534,0.216,1.453,1.202,-0.544,1.453,0.859,1.095,1.202,2.534,1.095,0.467,1.453,2.534,2.534,0.467,2.534,0.022,0.022,0.859,1.095,2.534,0.859,1.453,0.467,1.202,1.202,1.095,0.859,2.534,0.859,2.534,0.467,0.467,0.216,1.095,1.453,0.859,-0.544,0.859,1.202,1.453,0.022,2.534,-0.544,2.5184094172804743,1.095,0.859,0.0072747067847494466,1.202,0.8483171049226435,0.8815496830063385,-0.5494812382844749,0.9119946572507676,1.453,-0.5024954537479482,0.9526476903064711,0.0,2.5533845811130176
-1.039,-1.341,-1.039,-0.873,0.695,-0.835,0.352,-0.532,-0.835,-0.532,-1.341,-1.039,0.352,-0.835,0.626,-1.341,0.626,-1.341,-0.532,-0.835,-0.532,-1.341,-0.295,0.695,0.352,-1.341,-0.873,-0.532,-0.832,0.626,-1.039,-1.341,0.626,-1.039,-0.873,-1.039,-0.832,0.695,-1.341,-0.835,-1.039,0.626,-0.873,-0.873,0.695,0.626,-0.832,0.695,0.352,-0.532,-0.295,-0.835,0.626,0.352,-0.832,-1.341,0.626,-0.832,0.626,0.352,-0.8415321243229356,-0.835,-0.873,-0.8934876137417668,-1.341,0.695,-1.039,-0.7910939191374129,-1.3530190622679032,-0.532,-0.8482460826624842
0.195,1.39,-0.883,-0.327,1.39,0.195,-0.327,1.83,-1.007,-0.883,-0.883,0.195,1.194,-0.883,0.195,1.39,-0.344,-1.007,-1.007,-0.883,1.83,1.83,-0.398,-0.327,1.83,1.194,-1.007,1.355,-0.883,-0.344,0.195,1.194,1.355,-1.007,1.355,1.83,1.39,-1.007,-0.883,1.355,-0.398,1.39,-0.327,1.83,1.355,-0.344,-1.007,-0.883,1.355,0.195,-0.344,-0.883,-0.3671834953114385,-0.327,-0.889198813224676,-0.8638712271089835,-1.007,0.18274154753373104,1.39,1.83,0.2209353684077325,-0.3366082398614254,-1.0197084348970036,-0.398
-0.724,-0.572,0.66,0.66,-0.337,-0.378,-0.378,-0.774,0.66,-0.378,-0.572,-0.572,0.699,0.853,-0.724,0.66,-0.337,0.699,-0.774,0.699,-1.024,-0.337,0.305,-0.572,0.699,-0.572,0.853,0.853,-0.724,-1.024,0.66,-0.724,0.853,-0.378,-0.572,-1.024,0.853,0.66,0.853,-0.337,-1.024,-1.024,0.853,0.853,0.305,-0.774,-1.024,-0.572,0.853,0.842587347587127,0.8746178181733514,-0.337,-0.774,-0.724,-0.7377908568180188,-0.3486020669548643,0.305,0.29075288658482584,-1.024,0.699,-0.5844032788780978,0.8889177154498771,0.66,-0.32821906680793356,-0.378,-0.5368928642976828,-0.3890835486574725,0.6472318586309983,-0.6942249019766052
2.481,0.935,-0.058,0.842,-0.253,-0.189,0.549,-0.189,-0.253,2.481,2.481,-0.253,-0.253,2.481,-0.058,0.842,-0.189,0.935,-0.058,1.295,0.935,2.481,-0.196,2.481,-0.253,-0.058,0.604,2.481,0.935,2.481,-0.189,-0.058,2.481,-0.253,0.604,-0.253,0.935,1.295,1.295,0.604,2.481,-0.196,2.481,-0.196,1.295,-0.189,-0.058,-0.2092381445029198,-0.07301551410746554,-0.038730400703162735,-0.17375715289809326,-0.19933529360215874,-0.1308693362772553,-0.1726294536437244,-0.07856184654031599,1.282056833727351,2.4762047911759395,2.4988662229463503
1.516,-1.181,-0.924,-1.181,-0.675,0.207,1.516,-0.211,-0.211,-0.924,1.632,-0.425,1.516,-1.181,-0.924,-0.425,0.207,-0.211,-0.669,-0.211,1.516,-1.181,-0.924,0.207,-1.181,1.632,1.632,1.516,1.516,-0.669,-0.425,-1.181,-0.211,-0.675,-0.924,-1.181,1.632,-0.924,-1.181,-0.924,1.632,-1.181,-0.675,-0.675,0.0,0.207,-0.211,-0.23059453120296247,-1.181,0.19099264806262886,0.2553181413719194,-0.924,-0.19184664097156598,1.516,1.632,-0.425,1.6144850016645544,-0.675,-0.9348970448806299,1.4962581372638855,-0.007105312601225911
-1.023,0.169,-0.681,0.717,0.32,0.32,0.054,1.685,0.054,-0.681,0.169,1.685,0.054,0.169,-1.023,0.32,0.717,-1.023,0.717,0.32,1.685,-1.023,-0.53,-1.023,-0.681,0.169,0.169,0.717,-0.292,0.169,0.054,0.437,-0.681,-0.292,0.169,-0.681,-0.53,0.717,0.717,-0.292,-0.292,-1.023,-1.023,0.054,0.32,1.685,0.32,1.685,-0.681,-0.53,1.6713164592761849,0.32,1.7042866911458978,-1.023,0.717,-0.292,-0.3023971541883393,0.7082465089686973,1.7358088935215668,0.054,0.30502995210616574,0.04164943290336751,-1.0385446801493765,-0.5361850735432993,-0.5146828264619349
1.755,1.098,0.584,1.098,1.755,1.755,1.266,1.266,-0.429,0.91,0.91,1.098,-0.429,0.25,1.098,0.91,1.755,1.755,1.098,0.91,0.91,0.91,1.266,-0.429,-0.657,1.098,-0.581,-0.429,1.755,1.098,-0.581,1.098,-0.657,1.098,0.25,0.584,0.91,-0.657,0.91,-0.429,0.25,1.266,1.098,-0.657,-0.581,0.584,0.584,1.266,0.25,0.448,-0.429,-0.581,0.91,0.8939083446393571,-0.4430439538405188,1.098,0.25,-0.657,0.448,0.43262185819291776,-0.5899188991130042,0.46692699531193704,0.23480917337884777,1.266
-0.47,-0.95,-0.47,-0.605,-0.78,-0.913,-0.726,-0.832,0.504,-0.47,-0.31,-0.78,-0.605,-0.47,-0.31,-0.78,-0.913,-0.913,-0.605,-0.726,-0.726,-0.913,-0.726,-0.726,-0.47,-0.7,-0.7,-0.726,-0.95,-0.78,-0.832,-0.47,-0.7,-0.605,-0.95,-0.832,-0.31,-0.832,-0.832,-0.31,-0.31,-0.47,-0.78,-0.95,-0.726,-0.726,-0.47,-0.913,-0.95,-0.95,-0.7,-0.78,-0.726,-0.7386548878682654,-0.913,-0.47,-0.95,-0.832,-0.9670344769264719,-0.9426962241658862,-0.8420195674070217,-0.48174714211522074,0.504,-0.4483248676640787,-0.7,-0.923659183279967
1.316,1.778,-0.103,0.483,1.316,-1.002,-0.65,-1.002,1.316,0.226,1.778,1.316,-0.65,-0.103,-0.65,1.316,-1.002,0.348,-0.65,-0.65,-0.65,1.778,-0.103,-0.103,-0.65,-1.002,0.226,-0.65,1.778,1.778,-0.65,-0.103,1.778,1.316,0.348,0.226,1.316,0.602,-0.65,-0.103,-0.65,-0.65,-0.103,-0.65,-0.65,0.348,1.316,-1.002,-0.65,-1.0139482396830843,-0.9789451602832656,0.483,-0.65,-0.6607336751827368,0.226,0.21444568737891392,-0.103,1.778,-0.9483297409575208,-0.11959553820002912,0.602,-0.6613148993842402,0.2557561357131359,-0.6413578098625975
0.417,-0.998,-0.698,-0.998,-0.72,0.159,-0.145,0.159,0.558,-0.226,-0.998,0.159,0.558,-0.226,0.558,-0.75,-0.145,0.558,-0.75,0.417,-0.145,-0.698,0.417,-0.412,0.417,0.558,0.417,-0.412,-0.226,-0.145,0.558,0.558,-0.998,0.558,-0.226,0.159,-0.75,-0.998,-0.145,0.558,-0.75,-0.226,-0.998,-0.72,-0.998,0.558,-0.698,-0.998,0.558,-0.698,-0.412,0.5446402490692157,-1.007956210353286,0.5870109217363848,0.417,-0.4295081508458897,0.6392593854762049,-0.7099947159034137,-0.145,0.4041731484300895,-0.4006823724248258,-0.72,-0.6875550609634341
-1.05,-1.014,-1.014,-0.733,0.607,0.0,0.0,-1.014,0.111,0.111,-0.296,0.0,0.607,-1.014,1.553,0.569,-0.296,0.0,1.553,-0.296,0.607,0.111,-1.05,-1.05,0.569,-0.733,-1.05,-0.733,-1.014,0.111,1.553,0.569,-1.05,0.111,-0.296,0.702,0.702,0.702,1.553,-1.014,-1.014,-1.05,0.0,1.553,0.111,-0.296,-1.05,0.111,0.0,-0.733,-0.296,0.702,0.111,-1.014,-1.0332796702187048,-0.733,0.10221520552919929,0.607,1.553,0.6898435221528738,-1.05,-0.980872348592123,0.569,-1.0572366188649667
-0.461,-0.206,-1.316,1.28,-0.218,-1.316,-0.521,0.824,1.159,-0.764,1.28,-1.316,-0.764,1.28,-1.316,1.28,-0.461,1.28,0.104,-1.316,-0.218,0.824,-0.764,1.28,-1.316,-0.764,-0.461,0.104,0.824,-1.316,1.28,-0.521,-1.316,-0.206,-0.206,0.104,-1.316,-0.218,-0.461,-0.521,-0.461,-1.316,1.28,-0.461,1.28,-1.316,1.159,-0.461,1.159,1.28,-0.206,1.28,-0.206,0.104,0.824,-0.206,-0.2177583200239391,1.28,0.824,-1.316,-0.521,0.104,1.159,1.1427697007948652
1.239,0.896,-0.698,0.947,1.539,-0.354,-0.356,1.629,-0.698,1.239,-0.68,1.239,0.947,-0.296,1.629,0.896,1.239,1.629,1.629,1.539,-0.68,0.896,1.629,0.896,-0.296,-0.698,-0.354,1.539,-0.354,-0.354,1.629,0.947,1.539,1.539,1.629,1.239,-0.354,0.896,1.239,1.539,1.629,-0.354,1.239,1.539,1.629,-0.356,-0.698,0.896,-0.698,-0.356,1.239,-0.296,-0.354,1.539,-0.31055923210619685,1.629,0.896,0.8796578804923803,-0.3636460092624367,-0.3692002041420267,-0.3236149849954088,-0.698,1.2230241327199924
-1.105,0.899,-0.189,-1.201,0.899,0.004,-1.105,0.004,-1.201,-0.189,0.899,0.337,0.005,-0.899,-0.899,-1.201,0.899,-1.105,0.004,0.337,0.859,-1.105,0.005,-0.899,-0.899,-1.201,-0.189,-1.105,-0.596,0.899,-0.596,0.859,-0.596,0.859,-1.201,-1.105,0.899,0.005,-0.899,0.859,-0.189,-0.899,-0.189,0.005,-1.201,0.005,-1.105,-1.105,0.005,-0.596,0.899,-1.201,-0.008614711246765081,0.8848510062099557,0.9303530988444243,-1.105,0.004,-1.1158016594713385,0.859
1.594,1.594,-0.366,-0.256,1.083,-0.366,-0.767,1.594,1.813,0.002,-0.366,1.594,1.594,1.813,-0.366,-0.366,0.141,1.594,1.813,-0.366,-0.366,-0.767,0.141,-0.256,-0.767,1.813,0.002,0.413,1.813,-0.767,1.813,-0.366,1.813,0.002,-0.366,-0.767,0.141,-0.189,-0.767,-0.366,0.141,-0.366,-0.256,1.083,1.083,0.002,-0.767,-0.256,-0.2709482478096712,-0.366,0.002,-0.23552421307327354,-0.189,-0.2047735661626698,-0.7784994554582463,-0.19818523467677068,0.141,-0.18188342688636527,0.413,0.40279698069543096,0.44370913676301227,-0.7446495727245693,-0.1392695728353056,-0.008392716711412833
-0.425,0.582,0.582,-1.039,-0.64,-1.039,-1.022,0.569,0.569,-1.022,-1.022,0.259,-0.375,-1.022,-1.039,-0.425,0.582,0.562,-0.425,-0.64,-0.425,-1.022,-0.375,-0.425,0.569,-0.949,0.582,-0.425,-0.375,-1.039,-0.375,0.582,-1.022,-0.64,-1.039,0.562,0.562,-0.949,-0.949,-0.425,0.569,0.259,-0.949,0.582,-0.949,0.582,-0.375,-0.949,-0.425,-0.425,0.569,-1.039,-1.039,0.569,-0.375,-1.0562938293095239,0.562,-0.949,-0.64,-1.022,-0.425,0.582,0.5475928990629713,-1.0174241886058815,-1.0358793809891789,0.5595200805401784,0.5665628065346211,0.6062599128260892,0.6381546477379088,0.6610437398907462,-0.656212489909992,0.6902929870635027
-0.91,-0.175,-0.175,-1.462,-1.007,-0.175,0.673,-0.823,0.787,-0.823,-1.462,-1.462,-0.654,-0.823,-0.823,-1.007,-1.462,-0.175,-0.91,-0.654,0.787,-0.91,-1.007,-1.462,-0.823,-1.007,-0.654,0.528,-1.462,-0.91,0.673,-1.462,-1.462,0.787,-0.654,-0.175,-0.175,0.673,-1.462,-1.462,-0.175,0.528,-0.91,-0.91,0.528,-1.007,-0.823,-0.823,-0.654,-0.175,-0.175,-0.175,-1.007,-1.0286119409682888,0.528,0.787,0.7685041634273575,-1.0096227748008275,0.5172440430913364,0.0,-0.01836381572716998,0.8068253109406758,-0.91,-0.9766463337362206,-0.18392460647274209,-0.823,0.5490615222897247,-0.654,0.5869104381989473,0.8370609945538117
-0.779,0.729,1.912,-0.92,1.412,-0.817,0.729,0.729,-1.167,-0.92,1.412,1.912,0.949,1.139,-1.167,-0.92,1.412,-1.167,1.912,1.412,-0.779,-1.167,1.139,-1.167,0.949,1.139,1.912,-0.817,-0.92,-0.92,1.139,1.412,-1.167,1.912,-0.817,-0.817,-0.779,1.912,1.139,-1.167,1.912,-0.92,-0.92,-0.228,-0.92,1.912,1.139,0.949,1.897021506456814,-0.817,0.9282042221593643,0.9662741852604686,-0.8312467351608794,-0.228,1.412,-0.779,-0.7982306231356026,1.1283655146995717,0.729,-0.7788502422010017,1.4024897112444152
-0.885,-1.051,-0.087,0.114,-0.087,1.624,0.114,0.055,-0.087,0.716,0.716,1.469,1.469,1.624,1.624,0.055,1.469,-0.885,0.114,0.055,1.624,-1.051,-0.885,-1.051,-1.051,0.114,-1.051,-0.087,-1.051,-0.885,0.055,0.716,-0.897,-0.087,0.716,-0.897,-0.087,-0.087,1.624,0.534,-0.897,-1.051,0.055,1.469,-0.087,0.716,1.624,0.716,1.624,0.055,0.716,-0.885,0.114,0.055,-0.885,0.534,1.469,1.624,-0.885,-1.051,0.055,-0.087,-0.8966922464818777,0.114,0.5196804144500119,0.04300638389263048
-0.6,-0.856,-1.127,-0.09,-0.09,-0.09,-1.02,-0.6,0.138,0.138,0.138,-1.127,-0.856,-0.856,0.866,-0.6,0.866,-1.02,-1.127,-0.09,-0.2,-1.127,-0.6,-0.6,-1.127,0.138,-1.127,-0.06,0.866,-0.6,0.866,-0.6,-0.646,-1.02,-0.856,-0.646,-1.02,-1.127,-0.856,-0.856,-0.6,-0.856,-0.09,-1.127,-0.09,-1.02,-0.646,-0.09,-1.127,-1.02,0.866,0.138,-0.2,0.866,-0.21102698246677926,-0.1713414774367986,0.8496384351894388,-0.06,-0.646,-0.6657852713551542,0.8874098080068231,-0.07111656468387045,-0.04542005393232394,0.1305256461473897,0.9247403882674533,-0.15831899217682374,-0.0025146912909344565,-1.02
-0.753,-1.249,-0.13,0.93,1.152,0.93,-0.761,-1.249,0.93,-0.571,-0.761,-0.761,-0.761,-0.571,-0.97,-0.97,-0.97,1.152,-0.571,-0.97,-0.571,-0.97,-0.13,-0.327,-1.249,-0.761,-0.571,-0.97,1.152,-0.13,-0.761,0.93,-0.571,-0.97,-0.97,-0.571,1.152,-0.753,-0.571,1.152,-1.249,1.152,1.152,-0.761,-0.327,-1.249,-0.753,-0.753,-0.761,-0.761,-1.249,-0.97,-0.761,-0.571,-0.327,-0.13,-0.761,-0.327,-0.571,-0.761,-0.753,-1.249,-0.97,-0.7643692145704639,-0.327,-0.7774187359685132,-0.7542770630302814,-0.13,-0.14428678023865546,-0.6991373251987926,-0.7528472263685161,-0.34038062544156367
-0.457,-0.811,-0.808,-0.808,-0.811,-0.973,-0.973,-0.808,-0.811,-0.108,-0.108,-0.78,-0.916,0.292,-0.811,-0.916,-0.108,1.164,-0.808,1.164,-0.858,-0.108,1.164,-0.808,-0.973,-0.916,-0.78,-0.808,-0.108,-0.858,0.292,-0.78,-0.808,-0.973,-0.108,-0.457,-0.78,-0.811,-0.858,-0.811,-0.108,-0.858,-0.973,-0.811,-0.78,-0.457,-0.808,-0.916,-0.858,-0.108,-0.811,0.292,-0.78,-0.457,-0.8303167643075395,0.28126042404280166,-0.808,0.31685642964839106,0.3576928260735217,-0.4704422892899631,-0.916,-0.973,-0.9345662415467924,-0.4316068215959339,-0.9845052253013604,-0.9004381867048296
1.129,-0.424,-0.986,-0.424,-0.424,1.862,0.058,1.129,1.862,-0.424,1.129,1.676,1.862,1.129,1.421,0.143,1.862,1.421,1.676,-0.986,-0.986,1.421,1.421,0.058,-0.986,1.676,0.291,1.421,1.421,1.862,0.291,1.421,1.862,0.45,0.143,1.129,1.862,-0.424,-0.424,1.421,1.862,-0.986,1.676,0.143,1.862,0.45,1.129,1.421,-0.424,1.676,-0.986,-1.0024962040606173,1.116647845555951,-0.9498577511263113,0.43599503578820786,0.291,0.4662169761799601,1.144564438159221
1.853,0.484,0.378,-0.827,1.853,-0.316,1.853,-1.176,-0.827,0.086,0.486,-1.176,-0.827,-1.176,0.086,0.086,1.853,1.853,-0.827,0.514,0.486,1.853,0.486,0.484,0.484,0.514,0.514,0.484,0.484,0.486,-1.176,0.378,-0.827,0.486,0.378,0.378,1.853,0.378,-0.316,0.378,-0.827,-0.316,-0.316,-0.827,0.514,0.378,0.484,0.484,0.484,-1.176,-1.176,-1.176,0.378,0.455,-0.827,0.484,0.455,-1.176,1.853,-1.189576795993909,0.378,0.514,-1.1541694972987238,1.8342818276258839,0.486,0.086,0.49796938340580504,0.4711004582927065,0.49675850277374783
-1.216,0.461,-1.148,-1.073,-1.216,-0.724,-1.148,-1.216,-1.216,-1.148,0.718,-1.216,-0.717,-0.724,-1.148,-0.069,-1.216,-0.36,-1.216,-1.148,-1.148,-1.148,-1.073,-1.073,-1.216,-0.069,-1.073,-1.216,0.718,-0.724,0.718,-0.724,-1.148,0.718,-1.216,-1.148,-1.073,-1.216,-1.148,-1.073,-1.216,0.718,-0.376,-0.36,-0.717,-0.376,-0.717,-1.148,-0.36,-1.216,0.718,-0.724,-0.376,-0.375390956181826,-1.1610493919807325,-0.3439358005887536,-1.1143683602023255,0.7023059087869741,-0.737296026630093,-1.0870153779959617,-0.3953212134285002,-0.717,-0.069
-0.441,-0.441,-0.441,0.565,-0.96,0.152,-0.96,-0.59,0.152,0.152,0.407,0.807,0.192,0.192,-0.441,0.152,0.565,0.152,-0.679,0.192,-0.679,0.407,-0.59,-0.96,-0.59,0.152,0.192,0.152,0.192,0.807,-0.96,-0.59,0.807,-0.679,-0.679,0.243,-0.679,0.152,-0.96,0.807,0.565,0.243,0.192,-0.441,0.243,0.243,0.152,0.152,0.565,-0.96,-0.96,-0.59,-0.679,-0.59,-0.441,-0.679,0.807,-0.6964065236472606,-0.59,0.407,0.152,-0.96,-0.6044059385529187,-0.6532837481137584,-0.6285116118800335,0.192,0.3909645768968789,0.4244890269688063,0.4768607916209607,-0.9673256470511249,-0.5618137357567534,0.243,0.2275395203491425
-0.488,-0.113,1.485,0.421,-0.326,-1.221,-1.109,0.929,-1.109,-0.326,-1.221,1.485,-0.275,-0.275,-0.275,-1.221,0.929,-1.109,-0.553,-1.221,-0.488,-0.275,-1.221,-0.553,-1.221,0.929,-1.221,0.929,-1.221,-1.109,-1.109,1.485,-0.488,1.485,-0.488,-1.221,-1.109,1.485,-1.109,-0.488,-1.109,1.485,-0.553,-0.488,-0.326,-0.553,-0.326,-0.566810777583515,-1.109,1.485,-0.488,0.421,-0.275,-0.5285695247822753,-0.4939665964475712,0.929,0.41165437454691167,0.44608715124175913,-1.1205907007678289,-1.221,1.4738070469658058,0.4631449665284596
1.226,-1.125,1.226,-1.125,0.99,1.756,0.368,1.756,1.352,1.352,1.226,-0.695,1.352,1.148,1.226,0.99,-1.125,1.148,1.226,-1.125,-1.125,1.148,-0.885,1.756,1.756,-0.885,1.352,-0.885,0.368,1.756,1.226,1.352,1.352,-0.885,1.226,0.368,0.99,0.774,-0.695,1.756,-0.885,-0.695,-1.125,0.774,0.368,-0.695,1.352,-1.125,-1.125,1.226,-0.695,0.774,1.352,1.2084947965966863,-0.885,0.7583460359195349,-0.7018982817748155,1.3428175046471775,0.368,1.2407194227756482,0.35234056948650966,-0.8986959684843896,0.37179002485456897,-0.6732947169537467,0.99,1.3925009374131516,-0.6449942521358764,-0.6178034764390014,0.9775415480537819
0.379,-0.243,1.55,-0.742,1.55,-0.925,-0.742,-0.326,1.55,0.379,-1.059,-0.326,-0.925,-0.326,-0.925,1.55,-0.326,0.284,-0.243,-0.742,0.379,-0.999,-1.059,0.284,1.55,-1.059,-0.925,-0.742,1.024,0.284,-0.326,1.024,-0.999,0.284,1.024,-1.059,0.284,-0.326,-1.059,-0.999,-0.999,-0.925,-1.059,-0.999,-1.059,-0.243,-0.326,-1.059,-0.925,-0.243,0.284,-0.742,-0.7565310159277451,-0.925,1.55,1.5280712213868277,-0.7168946387366534,-1.059,-0.9334777174047793,-0.999,-0.326,-0.3491269342181796,0.379,-0.29410717537892067,-0.694705704976307,-0.8808378182465223,-0.2626749673608838
-1.175,-0.078,-1.175,1.579,-1.175,-1.034,-1.175,-1.175,-0.782,-0.782,-0.834,-0.078,-1.034,-1.034,-0.675,-1.034,-0.078,1.739,-1.175,1.739,-0.782,1.739,1.579,0.102,-0.675,1.739,1.739,-1.175,1.739,-0.675,0.429,-0.782,-0.782,-0.834,-1.175,-1.034,-1.175,1.739,-1.034,-1.034,-0.078,-0.675,1.579,0.102,1.579,1.739,-1.175,-0.834,-0.675,0.429,1.739,-0.834,-1.175,1.579,0.41826193348824336,-1.1889462901335845,-0.782,-0.8011987368927812,1.562544100834165,0.4690160619445544,1.7292316794589535,-0.078,-0.8433993150006126,-1.034
1.031,-0.912,-0.99,1.031,-0.956,-0.403,-0.912,0.707,-0.912,0.72,0.707,-0.713,0.72,0.707,-0.912,-0.99,1.031,-0.659,-0.912,-0.956,-0.713,-0.659,-0.403,-0.956,0.707,-0.956,0.707,-0.99,-0.912,0.72,0.72,-0.403,-0.912,-0.912,-0.713,-0.99,-0.956,-0.912,-0.912,-0.912,-0.912,-0.912,-0.956,-0.403,0.707,-0.403,0.707,0.707,-0.99,0.72,-0.713,1.031,-0.912,-0.659,-0.659,1.031,0.707,0.72,1.0200659351753292,0.0,-0.99,-0.956,0.700625562799462,0.7399259916198275,1.0490733807890031,0.7909490155917024,1.1062840924334,-0.014579489201077302,0.7068906911491366,1.1373749752342341,0.010042709505521441
0.727,-0.653,-0.985,-0.897,-0.985,0.198,-0.897,-0.897,-0.985,-0.709,-0.709,1.385,-0.709,1.385,-0.653,-0.985,0.232,1.385,-0.709,0.727,0.232,-0.653,-0.163,0.727,0.727,-0.897,-0.985,0.198,0.727,0.198,0.727,-0.723,-0.985,-0.709,0.232,0.198,0.198,1.385,-0.723,-0.723,-0.723,-0.723,-0.709,0.727,0.727,-0.723,0.727,-0.709,0.727,-0.709,0.727,-0.709,-0.985,1.385,-0.723,1.3675962735726437,0.232,-0.7250390545867158,0.21766411262874927,-0.7350992079170208,-0.653,0.7177172070153359,-0.163,-0.6939987300544621,0.25799026521220214,-0.6534815644369402
0.62,-0.902,-0.467,-0.063,0.92,0.57,-0.607,-0.902,-0.467,0.92,-0.467,-0.467,0.57,0.57,-0.063,0.869,0.62,-0.467,0.22,0.427,0.869,0.869,0.427,0.62,-0.902,0.22,0.62,-0.902,-0.063,0.869,-0.607,-0.902,-0.607,0.57,-0.467,0.57,-0.467,0.427,0.427,0.92,-0.902,0.62,0.869,0.22,-0.467,-0.9145814790349323,0.427,-0.8556376476338302,0.4112925520809728,0.8590887762894587,0.8975640946555633,-0.607,-0.6207955519306495,0.610309356609102,-0.4768745224515356
-0.72,0.537,1.79,0.417,0.374,1.79,1.79,1.79,1.371,0.374,0.537,0.374,1.371,-0.257,0.537,1.371,-0.257,-0.72,0.374,-0.257,1.79,-0.788,0.85,1.79,1.371,0.537,-0.72,1.371,0.85,-0.788,0.85,0.374,0.537,1.79,1.79,1.292,-0.72,1.292,-0.257,1.79,0.374,-0.72,1.292,-0.72,0.374,-0.257,0.85,1.371,-0.788,1.371,0.374,0.537,-0.257,1.292,0.537,0.5163257217591274,-0.788,0.374,1.79,0.35684629598831286,1.292,1.2775418403912953,1.371,0.85,1.3610621942331498,0.5553237165056676,1.318305469129817,0.8334378503742392,0.417
-0.758,-1.123,0.311,-0.345,-1.193,0.311,-1.123,-1.123,-1.01,-1.123,-1.123,-1.123,-1.01,-0.609,-1.193,1.741,-1.193,-0.345,-1.193,-0.609,1.741,0.311,-0.345,-0.758,-1.193,-1.01,-0.758,1.741,1.741,-1.193,-1.01,-0.609,0.311,-1.193,0.842,0.311,-0.758,-1.01,-0.609,0.639,-1.193,1.741,-1.193,-0.758,-1.193,-1.193,-0.345,-1.193,-0.758,1.741,0.842,-0.609,-0.609,0.311,-1.193,1.741,-1.01,0.639,-0.345,-0.758,-1.123,-0.3596974594392905,-0.3205818885619772,0.311,-1.01,-0.2784098932934362,0.842,-0.609,-1.1386788012298488,0.8314062420739396,-1.023631774266193,-1.1298540700708277,-0.9740016020912541,1.741,0.29884821808711404
-0.295,0.604,0.936,1.395,-0.892,-0.849,0.936,-0.849,-0.636,0.936,-0.733,-0.636,-0.558,-0.553,1.395,0.936,-0.558,-0.558,1.395,-0.553,-0.295,0.604,-0.849,-0.636,-0.892,-0.636,-0.295,-0.558,-0.733,-0.636,-0.558,-0.295,0.604,-0.733,-0.636,0.604,-0.295,0.936,0.936,-0.558,1.395,-0.892,-0.295,-0.558,-0.558,-0.636,-0.636,0.604,-0.849,-0.553,0.604,-0.295,-0.558,-0.636,-0.6491221246846467,-0.849,-0.3094240605456368,0.5957427289901203,-0.733,-0.8639872731075371,-0.5631489795569662,1.395,-0.5719251312089536,0.936
-0.836,-0.368,-0.836,-1.026,-1.222,-1.026,-0.267,0.168,-0.243,-1.222,-1.026,-0.267,-0.267,-1.026,1.614,0.168,0.28,-1.026,0.168,-1.222,-0.267,-0.368,0.168,-1.222,1.614,-1.026,0.28,0.168,-1.222,1.614,-0.267,0.168,-1.222,-1.222,1.614,-0.836,-0.038,-0.368,0.168,-0.267,0.168,-0.038,1.614,-1.026,0.168,-0.038,-1.026,-0.243,-0.368,-0.243,-0.368,0.28,0.168,-1.222,-1.026,-0.243,-0.267,-1.2397256312570257,-0.38337479399110413,-1.2121080549970666,0.2672740243995989,-0.2800857452209803,-0.836,0.31721979904626924
-0.189,-0.098,0.899,1.035,-0.189,0.899,-0.908,-0.115,-0.908,-0.908,-0.115,-0.841,-0.841,-0.837,-0.115,0.899,0.899,0.899,-0.189,1.035,-0.189,1.035,-0.115,-0.115,-0.189,-0.841,0.899,0.276,1.035,-0.837,1.035,0.899,0.276,-0.841,-0.908,0.899,-0.841,-0.837,-0.908,0.899,0.276,0.8887575945789409,0.9224983060440373,0.0,1.035,0.9694142909833767,-0.189,-0.098,-0.9231927557311177,1.0231948301595548,0.26758831764478136,-0.00966399669147557,-0.2032134725007603,-0.837,-0.841,-0.8535546010288836,1.0663171763417745,-0.8067808558904351
1.731,-0.919,1.731,-0.466,-0.466,0.023,-0.04,0.023,-0.607,-0.919,1.731,2.272,-0.919,-0.919,2.272,-0.499,-0.04,-0.04,-0.04,2.272,-0.04,0.267,-0.607,1.731,0.267,2.272,2.272,-0.607,-0.919,1.731,2.272,0.816,-0.04,-0.499,-0.04,2.272,1.731,0.816,-0.499,-0.04,-0.04,2.272,2.272,2.272,0.023,-0.499,-0.466,1.731,1.731,1.731,0.816,0.791076404471252,2.272,-0.919,0.023,-0.499,1.7192160857248597,-0.04,-0.05096897795700862,1.7678057434484784,0.823880932640904,-0.5131395700355048,-0.002166103038402631,1.8103709018643899,-0.4729350882819311,1.8568825083806335,0.267,-0.466,-0.44481113035015096,-0.3935935044434973,1.8624037988241935
0.706,0.99,0.706,0.99,0.99,0.99,-1.319,-0.722,-1.112,-1.319,-1.145,-0.149,-0.982,-0.048,-1.112,-1.319,-1.145,-1.145,-1.319,0.99,-1.112,-1.319,-0.982,-1.112,-1.319,-0.149,-1.112,-1.319,-0.149,0.99,-1.145,-1.319,0.99,-0.722,-1.145,-1.112,-1.319,-0.982,-0.722,-0.982,-1.145,-0.048,-1.319,-1.145,-1.319,-0.722,-0.048,0.99,0.99,-0.149,-0.982,-0.149,0.99,-1.112,0.706,0.0,0.99,-1.319,-0.982,-0.017509891192609085,-0.722,-1.1292974755545981,-1.3328022864735527,-1.308139368531606,-1.145,-0.9949770431883682,-0.7353233058212288,0.9806620091825703,-0.9725166205583353,-0.149
-1.027,-1.398,-1.398,0.792,-0.888,-0.994,2.056,-0.994,-1.027,-1.027,2.056,-1.398,2.056,0.064,-1.027,-1.398,-1.398,2.056,-0.994,-0.374,-0.411,-0.994,-0.888,-1.027,0.064,-0.994,-1.027,-1.027,0.064,-1.398,-1.398,-0.888,0.562,-0.374,2.056,-0.374,2.056,2.056,-1.398,0.064,-1.398,-0.374,2.056,0.792,-1.398,-1.398,-0.411,2.056,2.040526217504651,-1.398,-1.4175447694581287,-1.3684089395143337,-1.3374361885040025,-0.994,-0.374,-1.027,2.062292403545945,0.792,-0.888,-1.0430853564565359,-0.387779245273129,2.092163980982483
-0.105,-1.316,-0.991,-0.077,-0.991,-0.991,-0.452,-0.077,-0.077,-0.261,-0.991,0.854,-0.437,-0.437,0.854,-0.452,-0.991,-1.316,-0.452,1.555,-0.261,-0.437,-1.316,-0.105,-0.991,-0.991,-0.189,-1.316,-1.316,1.555,-0.437,-0.105,-0.437,-0.991,-0.437,-0.437,-0.437,-0.452,1.555,-0.105,-1.316,-0.991,1.555,-0.452,-1.316,-0.452,-1.316,-0.452,-0.437,1.555,-0.437,1.555,-0.437,-0.991,-0.261,-1.015101420632682,-0.105,1.555,-0.437,-0.11947392424385694,-1.316,-0.2720466320961376,-0.44809496946241156,-0.189,0.854,-0.077,-0.9873971702336286,-0.24226932066292098,-1.3320918789363865,-0.20006226981453018,-0.08414949364712988
-0.937,0.751,0.266,-0.937,0.915,-0.084,0.915,0.266,-0.714,-0.869,-0.937,-0.937,-0.476,0.751,-0.869,0.915,1.697,0.806,1.697,-0.869,1.697,-0.476,1.697,0.806,0.806,-0.869,0.915,1.697,0.266,-0.476,-0.869,1.697,-0.937,-0.937,0.806,0.266,0.806,0.806,-0.714,-0.869,1.697,-0.714,-0.084,0.266,1.697,0.915,-0.937,-0.714,0.915,1.697,-0.476,1.6817233911805007,-0.869,-0.8873577127414697,-0.8552194929692197,0.266,0.24948680304270646,-0.937,-0.084,0.806,1.7036597134239468,-0.4898075870653561,0.7935412538271813,-0.8126647979763761
-0.421,-0.87,0.3,-0.26,-0.87,-0.869,-0.26,-0.559,0.3,-0.26,-0.26,0.354,0.3,-0.559,-0.869,1.185,-0.869,0.3,0.354,1.185,-0.869,-0.421,1.454,0.3,1.454,1.454,-0.421,-0.26,-0.323,0.3,1.185,-0.559,1.185,1.454,-0.421,1.454,-0.869,-0.421,1.185,-0.87,-0.87,1.185,0.3,1.454,0.3,0.28528699736357005,1.454,0.32029540431773706,0.354,0.3384625365252449,-0.87,0.3435470103659162,0.3662720636973562,0.3683107331227669,0.4172129512232791,-0.26
-1.263,0.821,-1.174,-0.097,0.705,-1.081,-1.174,-0.682,0.705,-0.851,-1.174,-1.263,-1.263,0.705,-1.263,-0.784,-0.811,-0.097,0.705,0.705,0.821,-1.081,-0.851,0.705,-0.851,-1.174,-0.682,-0.851,-0.682,-1.263,-0.097,0.705,-1.263,-0.097,-0.851,-0.811,-1.263,-0.784,-0.784,0.705,-0.097,-1.081,-1.263,-1.263,-1.174,-1.174,-0.851,-0.682,-1.174,0.705,-1.081,-0.811,-0.097,-0.811,-0.851,-1.081,-1.263,-0.811,-1.081,-0.097,-0.851,-1.263,-0.097,-0.851,-0.682,0.821,0.705,0.6867564118119671,-1.263,-0.8669698268570142,0.8056216464201077,-0.11172451164848221,-0.811,-0.82768702686002,-1.174,-1.27608028794264,-0.08425053806967527,-0.785533810141526,-0.6867076019231492,-1.1880823040150725,-1.2439011298666955,-0.64550749931787,-1.164360437010669
-0.945,-0.596,-0.596,-0.607,-0.054,-0.945,1.042,-0.759,-0.945,-0.631,1.042,1.829,-0.607,-0.746,-0.054,-0.054,-0.759,1.829,-0.596,-0.596,-0.596,-0.746,0.887,-0.746,1.042,1.042,-0.596,-0.054,1.829,-0.631,1.042,-0.746,1.042,-0.607,-0.746,-0.759,-0.945,-0.596,-0.631,-0.607,-0.945,1.042,1.829,0.887,-0.054,-0.596,-0.607,-0.945,-0.746,-0.607,-0.607,-0.631,-0.746,-0.7691481816088328,1.829,-0.945,-0.607,-0.596,-0.054,-0.6160734328123467,-0.5777745570366386,-0.07067758063714208,-0.5298850819723712,-0.759,-0.6201650353741877,-0.471638070586785,1.042,-0.6097903931847883,-0.5798162483193221,1.0220434700085044,-0.6444159007824702,-0.448981645734174,1.8136122318968235,-0.03757282811481062
0.968,1.233,-0.43,-0.939,-0.43,-0.034,-0.034,-0.858,-0.034,1.233,-0.43,-0.858,-0.657,-0.034,-0.43,1.233,0.1,0.968,-0.324,1.233,-0.595,-0.858,0.968,-0.43,-0.43,-0.43,-0.939,-0.324,-0.657,-0.43,-0.939,-0.858,-0.43,-0.858,-0.034,-0.034,-0.595,-0.034,-0.858,-0.939,0.1,-0.43,-0.034,-0.858,0.1,0.08171220257837981,-0.858,-0.869685528621807,1.233,0.1150914824381409,-0.657,0.1469241150501972,-0.324,0.20284699223456112,-0.595,0.25784914555349414,-0.034,0.30295880491537547,1.218553954821927,-0.8377749439411291,1.2484625659360802
-1.019,0.489,-0.02,-1.019,-0.792,1.736,-1.019,1.39,-1.433,-1.019,-0.748,-1.433,-0.748,1.365,1.39,-0.02,-0.02,-0.02,-1.433,1.365,1.365,-0.748,1.39,0.489,-1.433,1.39,-1.019,1.365,-1.433,0.602,-1.019,1.736,-1.433,0.602,1.365,-0.792,0.489,-1.433,-0.792,1.365,-1.433,-1.433,1.39,-0.748,1.736,-0.02,-0.02,1.365,0.602,1.39,0.602,1.736,1.736,1.365,1.736,-0.02,1.7213938989675686,0.489,0.602,1.365,-0.03318873286423582,-1.433,-0.748,0.47595967915431964,-0.7679846671586897
0.368,-1.027,0.799,-1.027,-0.782,0.368,0.799,-0.78,0.254,-0.78,-0.215,-1.027,0.799,-0.467,-0.782,-0.927,0.254,-0.467,-1.027,0.254,-0.215,-0.215,-0.927,0.799,-0.927,-0.413,0.799,-0.413,-0.927,-0.467,0.254,-1.027,-0.215,-0.413,-0.413,-0.467,-0.927,0.254,-0.413,-0.78,-1.027,-0.467,-0.782,-0.215,-0.927,0.799,-0.413,-0.215,-1.027,-1.0350855328444413,-0.4268038980816507,0.368,0.254,0.799,-0.3979997522381734,-0.3433899314553389,-0.9951604956973336,0.24233998915170887,0.3535827859839025,-0.78,0.789338499296052,-0.7999119040394307,-0.9730173900073172,0.3970837501255429
-1.37,-1.37,0.509,-0.926,-0.926,-1.37,-0.159,-0.77,-0.986,-0.77,-0.926,0.103,0.196,0.509,-1.102,-0.77,0.103,0.103,-0.32,0.103,-1.102,-1.37,-1.37,-1.102,-0.986,-1.37,0.103,-0.926,-0.986,-1.37,-1.102,-0.926,-0.986,0.103,0.509,-0.986,-0.77,-1.37,0.103,-0.926,-0.77,-1.37,0.509,-0.159,0.196,-1.102,-1.102,-1.37,0.509,0.49957803260197065,-0.77,-1.102,-0.7912736049080636,0.5448025637664333,-0.7634581591737098,0.196,0.5713569665420128,-1.1146122869987265,-0.986,-0.159
-0.427,0.116,-0.427,0.434,0.116,-1.068,-0.933,0.116,0.116,-1.068,-1.068,-0.668,-1.068,-1.068,0.116,0.116,1.32,-0.668,1.32,0.116,0.434,-0.933,0.434,-0.521,0.434,1.32,0.434,0.434,-0.668,-1.068,-0.298,-0.521,0.116,-0.298,-0.933,0.434,-0.298,-1.068,-0.644,-1.068,1.32,-0.644,-0.298,-0.933,-0.644,0.116,-0.427,-0.298,-0.668,-0.427,1.32,1.3047742917020992,-0.298,-1.068,0.116,-0.933,-0.31869939741353026,-0.6761254747350799,-0.6468188207668701,-1.0834589213268147,0.09800302836497712,-0.644,-0.6025066646873047,0.1259997271270718,-0.4407068207295574
0.206,-0.923,-0.923,-0.367,-0.939,0.218,-0.367,-0.459,0.218,1.284,0.206,-0.459,0.067,-1.251,-0.459,-1.251,-0.939,1.284,-1.251,-0.573,-0.923,-0.923,0.218,0.206,-1.251,-0.939,0.218,-1.251,0.206,-0.939,1.284,0.206,-1.251,-1.251,-0.459,-0.923,-0.573,0.206,0.218,0.206,-1.251,0.206,-0.939,0.067,-0.573,0.218,0.206,0.1996418802655713,-0.923,-0.9405920300221404,-1.251,0.21883518068210878,-0.459,-1.2624022050436559,0.1918603127184625,0.22065650353044558,-0.8915799328296834,-0.367,1.284,0.26697743964716536,-0.939,0.2929133707137183,-0.879553059135646,1.2686968644067447,-0.9575346942911193,-0.9278209787947248
2.25,2.25,-0.282,1.597,1.597,0.72,2.25,-0.629,0.72,0.97,-0.588,0.02,1.597,0.97,0.02,0.02,-0.629,0.319,-0.588,0.319,1.597,1.597,-0.629,0.319,0.72,0.02,2.25,0.02,1.597,-0.282,2.25,1.195,0.02,0.72,-0.282,-0.629,0.319,1.597,2.25,1.195,0.02,-0.629,1.597,-0.282,1.195,0.02,0.319,-0.282,-0.629,1.597,1.5769636023284652,0.02,-0.2928653080993138,0.319,1.611086062507826,-0.25771279062023567,-0.6414058054834637,1.195,1.6500042168927083,-0.6202725862350155,0.97,2.25,-0.2040417323523238,0.308757399814541
-0.483,-0.883,1.274,-0.883,-0.883,-0.016,-0.583,-1.019,-0.883,-0.396,0.716,-0.396,-0.016,-1.019,-0.396,0.359,-0.483,-1.019,1.274,-1.019,0.716,-0.016,-0.703,-0.016,-1.019,-0.016,-0.703,1.274,0.716,-0.883,-0.703,-0.016,-0.396,-0.396,-0.396,-0.583,-0.396,-0.703,-1.019,0.716,-0.583,1.274,0.359,-1.019,-0.583,0.359,0.3447573655200897,0.716,-0.396,0.39944862615518184,0.4278460197232494,-0.703,-0.5924719335755957,-0.4103078821232351,-0.483,-0.499407312934819,-0.3705978197307733,-0.46826110678483884,-0.4343789995805265,-0.016
-0.002,-0.772,-0.767,-0.52,-0.772,-0.325,0.653,-1.381,1.27,0.653,-0.52,-1.381,-0.002,-0.002,-1.381,-0.772,-1.381,-0.52,0.653,-0.325,-0.467,-0.325,-0.772,-1.381,1.27,-1.381,-0.52,-0.52,-0.467,-0.52,-0.325,-1.381,-0.002,-0.52,0.781,-1.381,-0.767,-0.52,-0.467,-0.52,-0.002,-0.52,1.27,-0.767,-0.467,-1.381,-0.772,1.27,1.27,-0.52,1.251631548872928,-0.5335795761678908,-0.772,-0.7891867893799106,-0.467,-0.7391444198570187,-0.48286308770873343,0.781,-0.5047177951585957,1.306782712117194,1.3281135798246584,-0.325,-0.7151577214758625
1.857,-0.235,1.857,1.857,0.009,1.879,1.879,0.009,2.389,-0.235,0.009,0.009,-0.503,2.389,-0.235,1.857,-0.8,-0.235,1.879,2.389,1.857,0.461,0.009,-0.8,-0.503,-0.8,2.389,1.879,-0.8,1.857,-0.8,2.389,0.3,2.389,0.009,1.857,1.857,1.857,2.389,0.009,-0.8,0.3,2.389,-0.235,2.389,-0.8,2.389,-0.235,1.879,2.389,-0.343,-0.343,-0.8,-0.503,0.461,2.389,0.45119325305888636,0.009,2.376762720748426,2.4246476703871496,-0.0036202552002085452,-0.5182659996200376,-0.235,1.857,2.4646431104010587,-0.25328246853388775
-1.274,-0.507,0.743,0.743,1.43,0.165,-0.09,2.496,1.455,-0.09,0.743,0.743,-0.09,0.743,0.717,2.496,0.717,-1.274,-1.274,0.743,-0.09,-1.274,-0.193,-1.274,-0.09,0.165,0.743,2.496,1.43,-0.193,-1.274,-0.507,1.455,2.496,0.743,2.496,1.43,2.496,2.496,2.496,0.165,-0.09,-0.09,-1.274,-0.193,-0.09,0.165,0.165,-0.193,1.43,-1.274,-0.193,1.43,1.455,0.165,0.165,-0.507,0.165,1.43,0.717,-0.507,-0.193,0.14937043819920964,1.4139046234925365,0.743,0.1775955098920098,1.4768981252210147,0.7305969778098718,0.7505904563771358,-1.274,0.7003429438453165
0.279,-1.426,-0.213,0.912,-0.213,-1.426,-1.078,-0.931,-0.213,-1.078,-0.931,-0.8,-1.078,0.279,-0.931,-1.426,-0.363,-0.8,-1.426,-0.8,-0.8,-0.782,-1.426,-0.931,-0.782,0.912,-0.782,-1.078,-0.363,-1.078,-0.363,0.912,-0.8,0.912,-1.426,-1.426,-1.426,0.912,-1.426,-1.078,-1.426,-0.363,-0.782,-0.363,0.0,-0.009686973719664715,0.912,-0.8,-0.813496914824362,-0.931,-0.7596753298665561,-1.426,-1.078,-0.9438826949907755,-0.782,-0.7955848115228623,0.026550264330346227
0.009,-0.036,-0.503,-0.036,-0.503,0.302,0.009,-0.885,-0.885,-0.503,-0.503,0.302,0.009,-0.135,-0.654,0.009,-0.555,-0.036,-0.503,0.302,-0.503,-0.135,1.622,-0.503,0.302,-0.555,-0.654,1.622,0.302,0.302,-0.503,-0.555,-0.423,-0.555,-0.885,-0.503,-0.135,0.302,-0.555,-0.885,1.622,1.622,-0.036,1.622,-0.423,-0.885,0.302,-0.654,-0.503,-0.6685224845824161,-0.423,1.622,0.009,0.28826253713498656,0.3136490555964735,-0.0015605035266060985,1.6076660945182506,-0.5154675591031604,0.352292115114492,0.403425073604398,-0.555,-0.6280633238671881,-0.5700062801048361
-0.149,-1.189,-1.189,-1.044,-1.189,0.838,-1.054,-1.054,2.126,-0.149,0.838,-0.211,-0.763,-0.211,-0.211,-1.189,-1.044,0.838,2.126,-0.211,-0.149,-0.211,-0.211,-1.044,-1.044,-0.763,-0.763,2.126,1.4,0.073,1.4,1.4,-1.189,-0.149,-1.054,-0.149,0.073,-0.149,1.4,2.126,1.4,1.4,-1.189,-1.044,-1.054,-0.211,2.126,-1.044,1.4,-1.189,2.126,-0.763,-1.189,2.126,-1.054,0.838,-1.189,0.073,-0.211,-0.149,1.4,-1.2084151919961332,0.05924594502183593,-1.175100405660156,-1.054,-0.763,0.10633855750943241,-1.1401324986616554,-0.7755039129072143,-0.7334776096297979,-0.7067410015179906,0.8234141362902819,-0.6633697025227091,-0.1656295338461225,-0.22131069739984424,2.126,0.8642724517874363
1.233,0.836,-0.528,-0.984,-0.984,1.233,-0.984,-0.984,1.157,-0.466,1.445,-0.984,-0.988,-0.988,-0.466,1.157,-0.203,-0.203,-0.984,0.14,-0.988,1.445,-0.984,1.157,0.836,-0.984,0.836,1.157,-0.203,-0.203,-0.203,1.445,-0.528,0.836,1.445,0.836,0.14,1.233,1.445,-0.988,1.445,-0.988,-0.988,1.233,0.836,1.445,-0.203,1.233,-0.988,0.8217690038290085,-0.984,1.2131138282759617,0.14,-1.0004845478961872,-1.001898614215189,0.12707868101618183,0.14914924967229562,0.853894240296256,0.16754783089320427,0.9065895159672471
-0.893,0.023,0.726,1.504,-0.893,0.412,-0.174,-1.061,-0.893,-0.302,-0.893,1.504,-0.174,1.504,1.504,-1.061,0.647,1.867,0.726,1.504,-0.174,1.504,1.867,1.504,1.867,0.023,0.726,0.023,1.504,0.647,-0.893,-1.061,0.023,1.867,-0.174,-0.174,-0.302,1.867,-0.174,-0.893,1.504,0.726,1.504,0.647,-1.061,-0.302,-0.302,0.647,1.504,0.647,1.504,1.867,-1.061,-0.302,0.647,0.023,-0.893,-0.302,-1.061,-0.9065658135854526,-0.174,1.867,1.504,0.412,0.647
-0.625,2.329,-0.224,-0.224,2.329,2.329,-0.36,1.183,-0.625,-0.661,1.183,-0.625,1.183,-0.661,2.329,0.374,-1.078,-0.661,-1.078,0.374,-0.661,-0.625,0.374,-1.078,-1.078,-0.661,-1.078,0.33,-0.224,-1.078,-0.661,2.329,0.374,2.329,-0.075,-0.075,-0.625,-0.075,0.374,0.33,-1.078,-0.224,2.329,2.329,-1.078,2.3130047972914114,0.374,-0.075,0.360876995814556,0.33,2.3730410037357887,1.183,0.41078575589787214,1.169824837626621,0.3142032611299305,0.35556939183297787,-0.08683315150165886,0.3956630812342221,0.44037264516936003,-0.625
-1.056,0.663,0.986,0.663,1.317,-0.644,-0.957,0.986,1.317,0.986,-0.372,1.037,-0.853,0.663,0.986,0.986,-0.957,1.063,-0.957,-1.056,-0.644,-0.853,0.986,1.317,1.317,0.986,-0.853,1.037,-0.957,0.663,-0.957,1.037,-0.853,-0.644,-1.056,-0.853,0.663,0.663,0.663,-0.853,0.986,1.317,1.063,-0.372,-1.056,-1.056,1.037,0.986,1.037,-0.644,1.0212534523193166,0.663,-0.6609336719288302,0.9679741743365101,0.6473778637915758,1.0770776881214557,1.0145239822712482,1.063,1.0394306793846164,1.317,1.2910673961475525,-0.372,-0.3932623487066508,-1.056,-1.0705745194815128
0.672,-0.59,-0.252,0.539,0.672,-0.252,0.668,-0.589,1.056,-0.589,-0.943,0.891,0.539,0.891,0.668,0.672,1.056,-0.943,-0.252,0.668,0.668,0.891,-0.368,-0.589,-0.59,0.668,0.539,-0.252,0.891,0.891,-0.589,-0.589,-0.252,0.668,0.539,0.891,-0.589,0.668,-0.59,0.539,0.539,0.891,-0.943,0.891,0.668,1.056,-0.59,-0.368,-0.943,-0.59,0.891,0.668,0.539,-0.252,-0.6023089073881666,-0.943,0.8797151318539524,-0.589,0.5243849299201258,0.6563314620614089,0.5523569317692221,1.056
1.338,1.338,1.81,-0.914,1.304,-0.782,0.336,0.336,-0.195,1.499,-0.914,1.499,-0.782,1.81,-0.914,-0.914,-0.914,1.499,-0.195,-1.052,-0.618,1.81,1.304,1.304,-0.195,0.336,-0.782,-1.052,1.499,1.81,-0.618,-0.914,1.304,1.304,1.499,-0.782,-1.052,1.81,-1.052,-0.782,-1.052,1.338,-0.195,0.336,1.338,-0.195,-0.782,1.81,-0.195,-0.20826902439668046,1.7983561371576162,1.304,-0.618,1.2883384126848236,1.327664085291283,1.819042232340574,1.3846263234854814,0.336,-0.17748034832712895,-0.6250625887758914,0.31684482747193593
-1.156,0.862,-0.724,0.612,0.991,0.862,-0.724,0.612,0.862,-1.156,-0.842,-0.724,-0.842,-0.842,-1.156,-0.117,0.775,-1.156,-0.724,-0.117,0.862,-0.842,-0.355,0.612,-0.117,-0.355,-0.724,-1.156,-0.724,-0.724,-1.156,0.991,-1.156,0.991,0.862,0.612,0.991,-0.724,-0.724,-0.842,0.862,-0.117,0.612,-1.156,0.775,-0.724,-1.156,-0.117,0.991,0.9723782704486584,-0.1272367325597264,1.0230050974355704,-0.842,-1.156,0.612,-1.170541930866291,1.0647102666469186,-0.07271329926995189,-0.8582372671738157,-0.724,-0.8384374389847413,-0.355,0.862,-0.37122398291966013
-0.744,0.423,0.047,0.423,-1.335,0.9,1.543,-1.335,0.9,0.9,-1.335,-0.808,-1.335,-0.744,0.9,-0.304,-0.808,1.261,-0.304,-0.808,1.543,-0.304,-0.744,1.543,-1.335,-1.335,0.423,-0.304,-0.808,-1.335,0.047,1.543,1.543,1.154,1.261,1.154,-0.808,1.154,-0.808,0.423,-1.335,0.9,1.543,-0.744,0.9,1.261,-1.335,1.154,0.9,0.423,-0.744,-1.3467197158122424,1.543,-0.755907522471835,0.4133244776965439,-0.808,0.047,0.8917085804939205,1.534349249929438,0.9404470272103134,-0.8207068343548937
-0.478,0.079,-0.533,-0.478,0.079,0.079,0.736,-0.533,-0.485,-0.962,0.736,-0.792,0.736,-0.485,-0.962,-0.962,-0.478,0.079,-0.792,-0.533,0.586,-0.792,0.736,-0.533,-0.533,-0.533,-0.962,0.079,-0.478,1.626,-0.533,1.626,-0.962,0.504,0.586,1.626,-0.485,-0.962,-0.533,-0.478,1.626,0.736,1.626,1.626,0.079,0.586,-0.792,0.5753043896643139,-0.8091407230389693,0.736,0.504,-0.533,-0.7559609135541224,0.0623263236570989,-0.7247496652739503
-0.574,-0.346,1.803,-0.574,2.049,1.762,-0.346,2.049,1.762,-0.539,-0.574,1.762,2.049,-0.877,1.762,-0.877,-0.877,2.049,-0.553,-0.877,-0.482,-0.539,1.762,0.692,-0.482,-0.553,-0.539,0.692,2.049,1.762,-0.539,-0.553,-0.539,-0.877,1.803,-0.877,-0.877,1.803,-0.574,-0.346,-0.877,1.803,-0.346,1.762,2.049,1.803,-0.346,-0.482,2.049,2.049,-0.553,-0.539,-0.553,1.762,-0.346,1.7443501928154772,1.7693962122671354,-0.877,-0.35901289450997625,-0.5472034265988063,-0.5103691479739146,-0.46176406119311864,-0.43718515482294784,-0.482,1.8245864053262062,-0.574,-0.5617143051389089
1.955,-0.473,1.955,1.955,-0.009,-0.67,-0.526,0.025,-0.009,0.025,-0.86,-0.026,1.955,1.955,-0.86,-0.848,-0.464,-0.526,-0.86,-0.848,-0.526,-0.464,-0.473,-0.848,1.955,-0.848,0.025,-0.009,-0.86,-0.86,1.955,-0.67,-0.026,-0.009,-0.026,-0.009,-0.67,1.955,1.955,-0.526,-0.848,-0.026,1.955,1.9334323496168975,-0.473,-0.009,-0.48494543538302604,0.025,-0.464,-0.86,-0.026020569377567776,-0.5421458690115615,-0.036743440826007584,0.025112936587100537
-1.193,-0.198,-1.18,-0.027,-0.263,-1.193,-0.867,-1.18,-0.523,-0.523,-0.523,-0.523,-0.867,-1.193,2.332,-0.027,-0.523,-0.263,-0.263,-1.193,-1.193,-0.523,-0.867,-1.18,-0.198,-0.867,-0.523,-0.867,-0.027,0.198,-0.867,-1.193,2.332,-0.263,2.332,-0.263,0.198,-1.18,2.332,-0.027,2.332,-0.263,-0.263,-0.523,-0.198,-0.867,2.332,-0.263,-1.193,-1.18,-0.523,-0.867,-1.18,-1.194946461646427,-0.198,-1.193,-1.2080109409767403,0.0,-0.2063918797423233,-1.1609119542357493,-0.027,-0.008939046504309612,-0.04478065973882418,2.332,-0.5339611061721939,-1.1818603213834038,-0.263
2.108,2.108,1.376,1.013,1.271,-0.539,2.108,-0.595,0.019,-0.595,-0.539,-0.595,0.543,1.271,0.543,-0.539,2.108,2.108,2.108,1.271,-0.595,1.271,-0.539,0.413,1.376,0.019,-0.539,-0.539,0.019,2.108,1.013,1.376,1.013,2.108,1.271,1.271,0.762,1.013,0.543,0.543,-0.539,1.271,1.271,1.013,0.762,-0.595,0.543,0.413,0.762,0.7510995809595638,0.5283521368176564,-0.539,1.376,1.271,0.40076973493126644,0.44521217564612986,0.80000501932408,0.8418976899525749
-0.445,-1.193,1.202,-0.445,-1.193,-0.921,1.202,-0.634,-0.445,-0.445,-0.986,-0.625,1.339,-0.634,0.137,-0.921,-0.557,-0.557,-0.557,-0.625,-1.193,1.202,1.339,1.202,-0.921,1.202,0.137,-0.625,-1.193,-0.986,-0.634,-0.921,1.202,-0.986,-0.921,-1.193,-0.634,-0.986,-0.921,1.339,-1.193,-0.625,-0.557,-1.193,-0.986,-0.634,-1.0048490175434717,-0.557,1.339,1.320325471338893,-0.445,-1.20791399040813,-0.64351192568144,1.3416956426598372,-0.9769010435836346,-0.625,-1.1583805321017644,-0.5699701987162424,-0.921,-0.9594812813073379
-1.165,0.649,0.018,-1.205,0.649,-0.659,-1.005,-1.165,0.72,-0.352,-0.659,-1.205,0.72,-1.205,-1.205,-0.415,0.72,-1.165,-1.205,-0.486,-0.486,-1.205,0.649,-1.005,-1.165,-0.659,-0.352,0.649,-1.205,-0.486,-1.165,-0.352,-1.005,-0.352,-1.205,-1.165,-1.205,-0.486,-0.415,-1.165,-0.352,0.649,0.649,-1.005,-0.486,-0.659,0.018,-0.352,-0.352,0.018,-0.659,0.009071706430155757,-1.165,0.04621044652593839,-0.6725830576034662,-1.205,-0.362863502942037,0.649,-1.222001251416669,-0.3226609305687068,0.07545700208461845,-1.1865606242234668,0.72,-0.415,0.10437849638964838
-0.958,0.969,0.812,-0.958,-0.958,1.285,1.285,1.285,0.812,-0.958,-0.689,0.595,-0.646,0.595,-0.646,0.595,0.785,0.595,-0.958,0.066,0.785,0.812,-0.646,0.785,-0.958,0.066,1.285,0.066,0.969,-0.958,0.812,-0.689,0.595,-0.958,0.785,0.812,0.785,0.969,-0.646,-0.689,0.595,1.285,0.812,-0.689,0.785,-0.958,-0.6982784448707193,-0.9744841599885322,-0.9453505844821616,-0.6276603735747972,0.7742167238690509,0.0,-0.5882292692065358,-0.010920619612055708,0.7898767900947025
-0.783,-0.959,-0.959,0.254,1.037,0.254,-0.327,0.254,-0.783,-0.945,-0.886,1.037,-0.959,0.241,1.037,-0.945,-0.945,-0.327,0.254,-0.783,-0.189,-0.959,-0.783,0.254,-0.959,-0.327,-0.945,-0.189,-0.959,-0.945,0.241,1.037,-0.886,-0.945,1.037,0.241,-0.886,0.254,-0.327,0.203,-0.189,-0.327,0.203,0.203,1.037,-0.959,-0.9732081635940932,-0.945,0.241,-0.9645088288607109,0.19376075483445224,0.2116813015368555,0.254,-0.886,-0.783,0.2312770849814534,-0.7987128392382491
1.308,-0.721,-0.836,-0.372,-0.686,-0.372,1.308,1.308,-0.686,1.247,1.247,1.308,-0.317,0.467,-0.372,1.308,-0.686,-0.686,-0.317,1.308,1.308,-0.686,-0.987,-0.317,-0.836,0.335,0.467,-0.836,-0.987,1.247,-0.721,-0.317,1.247,-0.987,-0.686,-0.317,-0.372,-0.686,-0.721,-0.987,1.308,-0.721,1.308,-0.372,0.335,-0.686,1.247,-0.721,-0.7429998438676474,-0.686,1.247,0.335,-0.836,-0.702326407738256,0.3208248093075337,0.3467532248295392,0.3957648627851821,1.308,0.43606051260014306,1.2338811516080042,-0.7046208299049163,0.47535415799109026
-1.188,-1.16,-0.639,-1.16,-0.533,-1.081,-0.533,-1.081,-1.16,-0.588,-1.188,-1.16,-1.081,0.974,-1.188,-0.533,-0.639,0.974,0.974,1.683,-1.16,-0.392,-0.588,0.974,1.683,2.128,0.974,1.683,1.683,-1.188,2.128,-1.081,-0.639,-1.16,-1.081,2.128,-1.188,-1.16,-0.639,2.128,-1.081,0.974,-1.188,-1.16,-1.081,-1.188,-0.639,-0.588,-1.081,-1.1044389858373154,-0.392,1.683,-0.4032399529673843,-0.5972178459827028,1.6689109333866095,1.7144193044885698,-0.5592943294552775,-0.6482867749940746,-1.188,-0.6322380775078709,-1.16,1.75317361883437,1.8032469231656112,-0.36283459795654754
0.196,-0.518,-0.642,0.588,0.196,0.535,0.196,-1.07,0.588,-1.07,1.103,-0.518,-1.07,-0.642,-1.005,-0.596,-0.596,1.103,-1.07,0.982,0.982,0.588,0.588,-1.005,-0.596,0.982,-0.518,-1.07,-0.642,-1.005,0.196,0.535,-0.642,-1.005,0.982,-1.07,0.588,-0.596,-1.07,0.196,-0.596,0.982,0.535,0.196,0.588,0.535,-0.518,1.103,-0.642,-1.005,0.982,0.535,0.588,0.5680997440077205,-0.642,-0.6592080224857678,0.535,-0.518,0.982,-1.07,-0.6146510962465257,-1.0867249831478059,-1.0480275641560794,-1.005,-0.596,1.103,-1.0057896594608293,-0.6072964707015157,0.5241147768813321
-1.066,1.316,0.518,-1.317,0.518,1.316,-1.016,-1.066,-1.317,-0.315,-1.317,-1.066,-0.603,-0.698,-1.016,-0.603,-1.066,-0.315,-1.066,0.518,1.316,-0.315,-0.698,-0.315,-1.317,-0.809,-1.016,1.316,-1.317,0.518,-0.809,-1.317,-0.315,0.518,-1.016,-0.315,-0.315,-0.698,0.518,-0.069,-1.317,-1.317,-1.066,-0.809,-0.315,-1.016,1.316,1.316,-0.069,-0.315,-1.066,-0.809,-1.016,-0.603,-0.07839729337114386,-1.317,-0.06642889835402296,-0.6126695901150849,-0.8208918097040258,-0.3255708473362216,-0.2612408656489048,-0.2329956429901278,-0.18858929415666306,-1.081279715478937,0.518
-0.873,0.338,-0.763,1.291,-0.795,0.928,-0.763,0.944,0.338,-0.795,-0.763,-0.873,-0.792,0.944,0.944,-0.763,1.669,-0.812,-0.812,-0.812,0.928,-0.873,-0.792,1.669,-0.792,1.669,-0.873,-0.792,0.928,-0.812,0.944,1.669,1.291,-0.812,-0.795,-0.795,-0.873,0.338,0.928,-0.812,1.669,-0.812,1.291,-0.792,-0.795,-0.812,-0.8268840025026903,-0.792,-0.8122401108286851,-0.763,-0.782782520809791,-0.7664666677281983,-0.7374485865809558,-0.8044909262842901,-0.7858989295292018,-0.873,-0.7337516115330684,-0.7741286465263052,-0.8885376188238222,0.928,-0.8458439768581406,1.291
2.24,-0.906,-0.906,-1.2,-1.2,-0.906,-1.0,0.725,2.24,-1.2,-1.0,1.395,-1.2,1.395,-1.2,-0.551,2.24,-0.551,-0.846,-0.846,-0.906,1.395,2.24,0.725,-1.2,-0.846,-0.846,1.383,1.395,-1.2,2.24,1.383,-1.0,-0.846,0.6,0.6,-0.906,1.383,2.24,-1.2,-1.2,-1.0,-1.0,-1.0,-0.551,-0.551,-1.0,-1.2,-1.0,-1.2,1.383,-1.0,2.24,0.6,-0.846,2.24,2.24,-0.846,0.725,-0.8614512239054524,0.7102683072260867,1.395,1.383,1.3792193223027964,-0.819055809069694,2.24,-0.906,2.2224570028660064,-0.9223139412386789,-0.8782694533740223,1.3678246229016673
1.222,-0.632,0.66,0.66,-0.632,-1.057,1.494,1.797,1.494,-1.092,1.222,-1.092,1.029,1.494,-1.092,0.66,0.66,-1.057,0.66,-1.092,-0.632,1.222,-0.328,-1.092,1.494,0.66,-1.057,-0.557,1.494,1.494,1.797,1.494,1.029,-1.092,0.66,1.797,1.494,-0.557,-1.057,1.494,1.797,-0.632,1.029,-1.057,1.029,1.222,-0.557,1.494,1.797,-0.632,-0.6497358760616737,-0.557,-0.570667488684432,0.66,1.029,-0.5293069026427777,1.494,1.479017475563478,-0.5934806125139346,-1.057,1.797,1.5013624583119545,-0.328,1.5284812898406255
-0.138,-0.098,-1.009,0.979,0.859,0.859,-1.009,0.859,-1.009,-0.057,-0.03,0.859,-0.03,-0.098,0.533,-1.009,0.979,1.245,0.859,-1.009,0.671,-0.138,1.245,-0.03,-0.138,1.245,0.671,-0.03,-1.009,-0.03,-0.098,0.979,-1.009,0.859,0.533,-0.098,0.671,0.671,1.245,0.533,-0.098,-0.057,-0.03,1.245,1.245,-0.098,0.859,0.979,-0.057,-0.098,0.979,-0.098,-0.057,-0.07264572249367757,-0.138,-0.03,0.533,0.5226860487554004,-0.1498803427480626,0.859,1.245,-0.03562045006839926
-0.837,-0.613,1.098,-0.041,-0.837,0.75,-1.198,-1.198,-1.238,0.516,-1.238,-1.198,-0.613,0.516,0.318,-1.238,0.318,0.318,-0.041,-0.613,-1.238,-0.613,-0.041,-0.837,-0.613,-0.613,-0.837,-1.198,0.75,-0.041,-1.198,-1.238,0.318,1.098,0.516,0.318,-0.613,-0.613,-1.198,1.098,-1.238,-1.238,0.75,-0.837,-0.8625871669802033,-1.238,-0.8284746107629093,-0.613,0.7349262008214706,-0.6219427177691031,0.0,-0.5984164174987311,-0.011444041906919677,0.318,-1.198,0.516,-1.2475179400052865,-1.2025413498330584
-0.312,-1.122,0.752,-0.995,-0.991,-0.88,-1.122,-1.122,-0.88,-1.122,-1.122,-0.991,-0.991,-0.264,-0.843,-0.995,-0.734,-0.843,-0.88,-0.71,-0.88,-0.88,-0.71,-1.122,-0.71,-0.991,-0.312,-1.122,0.752,-0.995,-0.734,-0.991,-0.88,-0.995,-0.843,-1.122,-0.312,-1.122,-0.991,-1.122,-0.734,-0.995,-0.843,-1.122,-1.122,-0.71,-0.843,-1.122,-0.88,-1.122,-0.88,-0.312,-1.122,-0.8908280398533408,-0.71,-0.264,-0.7209281634479875,-1.1391191340101723,-0.995,-0.843,-0.734,-0.8592203787987623,-0.6907175552991525,-0.6617399032380229,-0.6282504300892566,-0.8123119020220173,-0.7768371166274709,-0.6006951874096853,-0.5550382048305428,-1.0088780780587283,-0.7452615094586703
-0.76,0.987,-1.038,-0.086,-0.76,0.987,1.109,-0.76,-0.668,1.109,-0.76,1.767,1.669,-1.038,-1.038,1.109,-1.038,1.767,-0.76,1.767,-0.668,1.123,1.767,1.669,0.987,1.767,-1.038,-0.56,-0.76,-1.038,-0.56,-1.038,1.669,1.669,0.987,1.669,-0.56,1.767,1.669,1.767,-0.56,1.767,1.669,1.123,-1.038,-0.668,0.987,1.669,1.767,0.987,-0.086,-0.76,1.123,0.9744037302011821,1.757688486447065,1.6605441917477013,1.0089816583252347,-0.09788366117632732,1.7021415566417313,1.0410101104181368,1.0612949252888697,1.0924062504585699,1.1191245256132676,1.1687246341072821
-0.842,-0.967,-0.842,-0.65,-0.967,-0.601,-1.098,0.82,-0.842,-0.842,0.729,0.82,-0.65,-1.098,-0.842,-0.842,0.82,-0.842,-0.967,0.042,0.042,-0.842,-1.098,-0.842,0.82,-0.842,-0.601,-0.842,0.729,0.82,0.042,-0.967,-1.098,-0.967,0.82,-0.07,-0.967,-0.842,-0.601,-0.967,-1.098,-0.65,-1.098,-0.967,-0.967,-0.842,0.689,-0.65,0.689,0.042,-1.098,0.6627995229720858,-1.11068835191402,-0.967,-0.601,0.82,-0.07,-0.6146421393796255,0.7187301471909565,-0.842,-0.07862155178741889,-0.6621019114655432,0.729,-0.04799306355969371,-0.6334563782557081
0.622,-1.029,0.622,-0.939,-1.029,0.622,1.48,-0.939,0.095,-0.641,-1.112,0.622,1.48,-1.112,0.622,-0.635,-0.939,-0.939,0.714,1.48,0.714,0.622,0.622,0.095,-1.112,-0.641,0.622,-0.641,1.48,-0.635,-0.939,1.48,-1.112,-1.112,-1.029,-0.939,-0.641,1.48,-0.635,-1.029,-1.029,-1.112,-1.029,-1.029,1.48,0.622,0.714,-0.635,1.4672315744662972,-1.029,-1.045716353602642,-0.6495869403569503,0.6139371898971954,-0.9961167888827565,-0.939,0.0,0.70414506243259,-1.112,0.6451971216326329,-0.6080539032475379,-0.641
-1.413,-1.413,-0.898,-1.024,1.755,-1.24,-1.413,0.465,1.755,1.755,-0.085,-1.024,-1.24,-1.413,-1.413,0.983,-0.898,-0.898,-0.085,-1.24,-1.413,1.755,-1.24,0.441,-1.24,-1.24,-0.898,0.983,-1.413,-1.024,-1.413,0.465,1.755,0.983,0.465,-1.24,0.405,-1.413,0.983,-0.898,-0.898,-1.413,-1.24,0.465,-1.024,0.983,1.755,1.755,1.755,0.405,-1.024,-0.085,1.755,0.465,-1.024,0.405,-1.24,-1.024,-1.033294317953586,1.755,-0.898,-1.413,-0.9096132190314573,-0.8590721487461026,0.3903970867868354,0.465,0.44789773161902535,-0.8204445688885837,0.983,-0.7837206165726254,-1.0308194124724877,-1.4224695226153425
-0.017,0.752,0.752,-1.168,-0.838,1.151,-0.017,-0.705,-0.838,-1.168,1.616,0.752,-0.017,0.752,-0.838,-0.705,-0.208,0.752,0.752,-1.168,-0.838,-0.147,-0.705,1.616,1.616,-0.208,1.151,-0.147,-1.168,1.151,1.616,-1.168,-0.208,0.752,1.151,-1.168,-0.838,0.752,0.752,0.752,-0.147,-0.208,0.47,-0.838,0.752,-0.705,0.47,-0.705,1.151,-0.017,1.134868276420305,-0.838,0.45587502741932945,0.752,0.7319987574153763,-0.8508049951710587,-0.024063345968411927,-1.168,-0.8108652988336158,0.7705571197177101
-1.082,-0.585,2.185,-0.244,-0.394,-0.394,-0.955,-1.082,-0.822,-0.244,2.185,2.185,2.185,2.185,-1.082,-1.082,1.295,-0.822,-0.585,-1.17,-0.244,-1.17,1.295,-0.585,-0.822,2.185,-0.822,-0.394,-0.955,-0.686,1.295,2.185,-0.394,-1.082,-0.686,-0.244,-0.686,-1.17,-0.955,2.185,-0.244,2.185,1.295,-1.17,-1.17,-1.17,-0.955,2.185,-0.955,2.185,2.185,1.295,2.185,-0.686,-1.17,-0.686,-1.17,-1.1832865676301114,-0.822,2.185,-0.394,1.295,-1.082,1.2795818653503221,2.175302645081465,-0.244,-0.41247466316878806,-1.1508905427512457,-0.6990321963456649,1.3255283279450332,-0.8353758567297125,2.2103761083605082
-0.202,-0.79,-1.094,-0.472,-0.202,-0.149,1.15,1.15,0.969,-0.202,-0.853,-0.202,-0.746,-0.149,0.969,-0.472,-0.746,0.969,-0.79,0.969,-0.472,-0.853,0.969,-0.495,-0.746,0.969,-1.094,-0.149,-0.853,-0.746,1.15,-0.853,-1.094,-0.79,-0.202,-0.149,-0.853,-1.094,-0.495,-0.202,-0.79,0.969,-0.746,-1.094,-0.472,-1.094,-0.202,-0.746,-0.853,-0.149,-0.8630615940567592,-0.48139807040228655,-0.16593443455156912,-0.2155800481329005,-0.1834308902339935,-0.495,-0.79,0.969
0.719,0.607,-0.36,-0.36,0.719,0.607,-0.637,-0.36,-0.854,-0.854,0.607,-0.637,-0.587,0.607,-0.854,-0.66,-1.036,-0.637,0.774,0.719,-0.66,0.607,0.607,-0.36,-0.854,-0.36,0.774,0.774,0.607,0.607,-1.036,0.719,-0.637,-0.66,0.065,-0.637,-0.587,0.774,0.774,0.719,0.607,0.719,-1.036,-0.854,-1.036,-0.36,-0.587,0.607,-1.036,0.065,0.065,0.05146642306203992,-0.66,0.07158796552144894,0.11958309841595213,0.719,-0.854,0.701937753240043,0.13712892967260507,-0.637,-0.587,-0.6559076617458572,-0.6747914971732022,-0.5981556676844787,-0.36,0.774,-0.5821477066737747
0.78,1.222,-0.765,1.222,0.2,0.2,-0.765,-0.81,1.249,1.491,0.78,-1.072,1.249,1.491,-0.81,-0.81,1.249,1.222,0.78,-0.976,1.249,1.491,1.222,-1.072,1.491,1.222,-0.976,-0.81,1.222,-0.976,-1.072,-0.765,1.249,0.78,-0.81,0.78,1.222,0.78,0.461,1.249,1.222,-0.81,-1.072,-1.072,-0.765,-1.072,0.78,1.249,-0.976,0.78,0.7668401733559839,-0.81,-1.072,-1.0835163846326397,-1.0589286321584783,-0.765,-0.976,0.2,1.222,1.249,1.491,0.461,-1.0299197713248571,-1.006372873688728
0.345,-0.348,-0.122,0.676,-0.605,-0.348,0.345,0.676,-0.495,-0.415,-0.506,1.323,-0.495,0.676,-0.495,-0.506,-0.348,0.698,-0.605,0.676,0.698,0.345,-0.605,0.698,-0.495,-0.605,-0.415,1.323,-0.605,1.323,0.676,1.323,-0.495,-0.605,1.323,0.698,-0.495,-0.122,1.323,-0.122,0.698,0.676,1.323,0.676,-0.348,-0.348,0.345,0.345,0.676,0.698,-0.415,0.6829797245232734,0.345,-0.4259551326942122,-0.122,1.323,-0.605,0.33526333335903746,1.3057771216148266,-0.40308736028715897,0.7227727190496978,0.7527756280185672,1.3517000765347758,0.3834179662952611,0.676
-0.233,-0.826,-0.933,-0.53,0.078,0.932,-0.233,0.078,-0.196,-0.53,-0.233,-0.233,0.932,0.932,-0.491,-0.196,-0.826,-0.68,-0.53,0.078,-0.233,-0.196,0.137,-0.491,-0.196,-0.826,-0.491,0.932,-0.933,0.137,-0.933,-0.196,-0.826,-0.826,-0.933,-0.68,0.137,-0.826,0.137,-0.933,-0.196,-0.933,0.078,0.078,-0.933,0.0649414154569328,0.932,-0.491,-0.5059230501480741,-0.68,-0.196,-0.9447689815472055,-0.9284192048380691,-0.233,-0.46942632573598686,-0.8988666350650952,0.10815393246923674,-0.20704063437976014,0.14296322211013485
0.685,0.685,0.51,0.51,2.086,1.664,2.086,1.664,1.36,0.51,0.593,1.36,-0.35,0.141,0.631,0.631,2.086,2.086,0.51,0.51,1.664,0.593,1.36,1.664,1.36,0.593,0.631,1.664,2.086,0.631,2.086,1.36,2.086,0.51,0.593,0.593,1.664,0.593,1.664,0.631,0.593,0.631,-0.35,0.141,0.593,1.664,-0.331,0.593,2.086,0.631,0.51,0.685,-0.331,1.36,0.51,2.086,0.141,2.074503683330851,0.593,0.5768769767124382,-0.35,0.631,-0.36811425391300406,0.12896300616716783,-0.331,0.17550652589529292,0.20464688787786256,0.685
0.612,1.453,-1.091,1.091,0.612,0.114,-0.514,-0.743,0.114,1.453,1.091,0.114,-0.67,-0.67,1.453,1.453,1.091,-1.091,-0.514,0.612,-0.514,-0.381,1.453,1.453,-0.67,-0.743,-1.091,-0.743,-1.091,-0.67,-0.381,-0.67,-0.514,-0.381,-0.67,-0.381,0.612,-0.381,-0.67,0.612,-1.091,-1.091,0.036,0.036,-0.67,-0.67,-0.381,1.091,-0.743,1.0762482009204635,0.114,-0.7561934061958953,0.10094624768018241,0.612,1.453,-0.7265263089591624,1.1173809727788606,-0.514,-0.7268255393297285,-0.3920284887048237,0.036,-0.5253787876871124
1.172,-0.632,-0.561,1.172,1.141,0.437,0.052,-0.998,1.815,-0.998,-0.632,-0.998,0.336,1.815,0.437,1.141,1.815,0.052,1.172,0.052,1.141,-0.998,1.815,0.052,1.815,0.336,0.437,-0.041,0.437,-0.632,0.336,-0.041,-0.998,1.815,-0.561,1.141,1.172,0.336,1.172,1.815,1.815,0.437,-0.561,0.336,1.172,0.052,0.336,1.815,-0.998,1.815,-0.998,0.052,0.336,1.815,-0.041,1.172,0.32067709889092844,-0.561,-0.059402320156151184,1.141,0.3527735350297074,0.037732528647715334,-0.015595487534483995,1.127442414792602,-0.998,1.1593601912256652,-0.5768201640673624
0.95,0.805,0.095,2.111,0.095,-0.707,-0.299,0.95,-0.011,-0.011,0.95,0.095,-0.28,0.805,-0.299,0.805,-1.085,0.95,0.095,0.095,0.805,-0.707,2.111,0.095,2.111,2.111,-1.085,-0.28,-0.28,-0.28,0.805,-0.707,-0.28,-0.707,-0.299,-0.299,2.111,-1.085,-1.085,-0.881,-1.085,-1.085,2.111,-0.881,-0.011,-1.085,0.095,-0.881,0.95,-0.28,-0.011,-0.299,-0.29162783244146584,-0.2723883200971176,2.111,-0.02205629182047767,-1.085,-0.2145387590240614,-0.16616722607696566,-1.0934303376959176,-0.11635615689957512,-0.315535182861159,-1.0415492281330456,-1.01483416436854
-0.98,-0.664,0.295,-0.98,0.831,-0.153,0.831,-0.153,-0.664,-0.664,0.831,-0.98,-0.792,0.295,-0.664,-0.106,-0.664,0.002,0.002,0.515,-0.792,0.002,0.831,-0.642,-0.792,-0.98,0.831,-0.98,0.002,0.515,0.295,0.831,0.515,-0.153,-0.106,-0.792,0.295,-0.642,-0.98,-0.106,-0.792,0.002,0.831,-0.106,-0.664,0.295,-0.664,-0.642,-0.98,-0.792,-0.792,-0.792,-0.664,0.295,-0.98,-0.8054817635731568,0.002,-0.153,-0.106,-0.010680566682580975,0.027669054838088396,-0.6742291738391116,-0.642,0.831,0.8184191732842191,-0.6424546356796769,-0.11499035771608057,-0.6586092389731008
0.181,-1.15,0.971,-0.906,0.181,-0.906,-1.15,-0.142,0.832,2.285,1.786,2.285,2.285,2.58,-1.15,0.832,2.285,2.58,1.786,1.786,-0.906,2.285,-1.15,2.285,2.58,0.971,0.982,0.982,-0.906,0.181,2.58,2.285,-1.15,0.181,0.181,2.58,0.832,1.786,1.786,-1.15,-0.906,-0.906,2.58,0.832,0.982,1.786,-1.15,2.58,2.285,0.971,1.786,2.58,-1.15,2.285,0.971,-0.906,2.285,2.58,2.285,2.58,0.832,2.285,2.58,0.982,1.786,2.285,1.777006812181773,0.832,-0.142,0.971,1.8165712178913362,-0.906,-0.15452710797577482,-0.12076001776536417,-0.08225037118560692,2.2709173834183956
1.162,-0.506,-0.411,1.162,-0.506,1.097,-0.636,1.188,0.092,-0.506,0.025,-0.411,1.188,-0.506,1.188,1.097,-0.636,-0.887,1.097,-0.411,-0.411,1.188,-0.11,-0.11,0.092,0.092,0.092,1.162,1.162,1.162,0.025,1.162,-0.887,-0.887,-0.506,-0.887,1.188,0.025,-0.506,-0.411,-0.636,-0.506,-0.11,1.097,-0.11,1.188,1.162,0.025,1.097,-0.11,-0.636,-0.887,-0.506,-0.411,1.188,-0.8928326899730035,-0.5160231212827013,-0.4245427161053791,0.008487483738089507,-0.646488100081087,-0.4536451396396452,-0.4229958611444382,0.092,-0.579713028456607
-0.891,-0.3,-0.891,0.35,-0.886,0.984,1.699,-0.891,-0.886,-0.855,0.984,-0.855,1.699,-0.159,1.699,-0.891,-0.3,-0.3,-0.855,-0.715,1.289,-0.3,0.35,-0.891,1.699,-0.855,0.984,1.699,-0.891,1.289,-0.855,0.35,-0.886,1.699,1.289,1.699,0.984,-0.855,0.35,-0.3,-0.855,-0.855,1.699,-0.891,-0.891,-0.886,-0.891,-0.3,-0.715,1.699,-0.715,-0.3,-0.3,-0.3,-0.891,1.289,-0.855,-0.891,-0.8620399581741914,-0.715,1.278811133484587,0.35,1.699,0.984,-0.3,-0.9015366440203622,-0.8234481807404924,-0.7260091082047645,0.33742116541911815,-0.6709669223613771,-0.8788308765534937,0.3684127920643238,1.680413589662527,-0.886,0.9696710388726729
-0.062,1.646,-1.119,0.027,-0.328,-0.062,-0.697,1.646,1.227,1.227,0.027,1.646,-0.697,0.126,-1.076,-0.328,-0.697,-0.697,-1.119,-1.119,-0.697,1.646,1.102,-0.328,-1.076,-0.697,-1.076,-1.119,-1.076,-1.119,-0.328,1.102,-1.076,-0.697,-1.119,-1.119,-1.119,0.126,0.027,-1.076,-1.119,-0.697,1.102,1.227,1.102,1.646,1.102,1.227,-0.062,-1.076,-0.697,1.646,-1.076,-0.7124471063777161,-0.328,-0.679961438459763,-1.119,0.126,-0.6428590175988341,1.102,1.227,-0.062,-0.5972202520411692
-0.609,-0.241,-0.241,1.978,0.985,-1.067,-0.609,0.985,0.729,0.985,0.985,0.729,-1.067,0.585,1.978,-1.067,0.729,0.179,0.179,1.978,-0.241,-1.067,-0.24,1.978,-0.24,1.978,-0.24,1.978,0.729,1.978,0.409,-1.067,-0.609,1.978,0.985,0.729,1.978,0.409,-0.24,1.978,-0.24,0.179,0.16144399195404494,-1.067,0.585,0.409,0.17039747871295308,-1.080231939164605,-0.25074234415480084,-0.609,-0.2167007581581724,0.570806747341867
1.406,-0.099,-1.203,-0.593,-0.593,-1.074,1.406,-1.203,0.548,-0.797,-1.074,-0.517,1.406,-1.074,-0.517,1.406,-0.797,0.82,1.406,1.077,1.077,1.406,-1.074,0.548,-1.203,-1.074,-1.074,-1.203,1.077,-1.203,1.406,-1.074,-1.203,1.077,-0.517,1.077,-1.074,0.82,1.406,-0.797,-0.593,1.077,1.406,-1.203,-1.2291948628052534,1.3938043213299254,0.548,1.4338159574717302,-0.593,-1.074,1.077,-1.0864332431446235,0.5425708747177644,0.5839503503444079,0.82
1.789,-0.792,-0.961,-0.227,-0.129,-0.961,-0.961,1.789,1.789,1.789,0.993,0.025,-0.792,0.037,-0.675,-0.961,1.789,-0.961,0.993,-0.227,-0.792,0.037,1.789,-0.792,-0.792,0.993,0.025,-0.792,0.037,0.037,0.037,0.025,0.037,0.037,-0.675,-0.129,-0.792,0.037,0.025,-0.675,-0.227,-0.334,0.037,-0.334,1.789,-0.961,-0.961,0.037,-0.129,1.789,-0.961,0.993,0.025,-0.675,0.008269676059658452,-0.129,0.037,-0.13852201771639647,-0.9689010419007381,-0.227,-0.6895326893254127,-0.9487558068045616,0.03556662374174607,0.02278622756713651
-0.876,-0.062,-0.297,-0.876,0.62,-0.738,-0.849,0.779,-0.297,-0.738,-0.849,-0.876,-0.849,-0.062,0.103,1.122,0.103,-0.062,-0.297,-0.849,0.103,1.122,1.709,-0.738,-0.849,-0.297,1.709,1.122,1.122,1.709,-0.876,1.709,1.709,1.709,1.122,0.103,1.709,0.779,-0.876,-0.8957912514440048,0.62,1.122,-0.738,0.779,-0.7577061413437971,-0.062,0.6100822657949756,1.709,-0.718228537881851,0.103,-0.849,-0.07311128882284404,-0.297,-0.859067542361637,0.768670171775569
-1.089,-1.033,-0.847,0.559,0.889,-0.847,-1.089,-1.033,0.744,-1.089,-1.033,-0.847,-1.089,0.559,0.836,-1.089,0.836,0.744,0.744,-1.089,-1.089,-0.344,-0.847,0.836,-1.089,-1.033,0.559,0.836,-0.417,0.836,0.889,0.332,-1.033,0.836,-1.089,0.332,0.559,0.744,0.559,0.559,-1.089,-0.344,0.559,-1.089,0.836,-1.033,0.332,-1.033,0.889,0.744,-1.033,0.332,-0.847,0.836,0.3175453907451123,-1.089,0.8177422067739557,-1.1041012902651095,-1.0754784451561359,-0.8535668100795057,0.7293760391413024,0.7803199363766911,-0.344
-1.202,-0.959,0.444,-1.202,-0.745,-0.959,-0.164,1.103,-0.745,1.103,0.444,-0.778,-0.745,0.444,-0.164,-0.86,-0.86,-0.86,1.103,-1.202,-0.745,0.459,-0.86,-0.959,-1.202,-0.631,-0.164,-0.164,-0.778,-0.631,-0.959,-1.202,0.444,-0.778,-0.745,-0.745,-0.631,-1.202,1.103,1.103,0.444,-0.86,-0.778,0.444,-0.164,-0.778,-1.202,-0.778,0.444,-0.631,-0.86,-0.745,0.459,-0.8752499305483648,-0.959,-0.164,-0.18314314779133378,0.4483366608706702,1.103,1.076929480986698,-0.778,0.48773239861832074,-0.8292591323257683,-0.9728147078176291,-0.7594385290924882,-0.9328083142561416,-0.7877585964740988
0.174,-1.147,-0.395,2.348,-0.781,1.352,-0.481,1.352,2.348,-0.22,2.348,-0.781,-0.481,-1.147,-0.395,-0.781,2.348,-0.404,2.348,-0.22,-0.395,-0.22,-0.395,1.352,-0.781,-0.22,-0.982,1.352,2.348,2.348,0.174,-1.147,-0.481,-0.781,-0.982,-0.982,-1.147,-1.147,-1.147,-0.395,-0.982,-0.395,-0.781,-0.481,-0.22,-0.49876199427292134,1.352,-0.404,-0.23442831165775574,-0.17589466446685717,1.342259443274723,-0.41245726672839855,-0.13655173275093735,-1.147,-1.1577495630631482,-0.781,-0.395,-0.41232880239655323,0.174,-0.4499403056748273,-0.7931365110861782
0.666,0.877,0.548,-0.377,0.877,-0.631,-0.498,0.844,-0.363,0.844,0.877,0.877,-0.377,-0.498,0.666,-0.377,-0.392,-0.498,0.844,0.877,-0.017,0.548,0.844,-0.498,0.877,-0.498,-0.631,-0.377,0.877,-0.377,-0.017,-0.498,-0.363,0.844,-0.017,0.844,0.548,-0.392,-0.017,0.844,-0.498,0.548,0.666,0.548,-0.017,-0.377,-0.392,-0.377,0.666,-0.40508409651078525,-0.36076958092871786,-0.3944676029773187,0.6498258842794349,-0.498,-0.5100781255490947,-0.3497212198049834,-0.33276569793822014,-0.48900573639371786,0.548,-0.017,0.5353701564744033
-0.613,0.76,-1.118,0.76,-0.448,-1.118,-0.602,-1.118,-0.448,-0.448,-1.118,-0.337,0.76,-0.613,0.76,-0.337,-0.448,-0.448,-0.98,-0.448,-0.98,-0.613,-0.337,-0.98,-0.98,-1.118,0.76,-0.337,0.709,-0.182,-0.613,0.709,-0.182,-0.602,-0.613,-0.98,-0.018,-0.448,-0.613,-0.182,-0.182,-1.118,-0.613,-0.98,0.709,0.76,-0.337,0.709,-0.602,-0.182,-0.1932110602637232,0.7457663827854087,0.7651221696321514,-0.98,-0.9970403221295492,-0.448,-0.4617433279485173,-0.613,-0.3481957761060144,-0.44784373175564374,-0.018,-0.9469685523935244,-0.9225924646391699,-0.6329649559260313
2.002,1.031,-0.745,-0.717,1.031,-0.245,2.002,0.262,-0.989,-0.245,-0.083,-0.745,1.031,0.262,2.002,1.031,2.002,2.002,-0.717,-0.717,-0.717,-0.989,2.002,0.262,-0.745,-0.989,2.002,2.002,-0.989,-0.989,-0.717,2.002,-0.31,1.031,-0.989,-0.745,1.031,-0.717,2.002,-0.245,0.262,-0.245,-0.989,1.031,-0.245,2.002,0.483,-0.31,-0.245,-0.083,-0.745,2.002,-0.7610963580994168,-0.989,-0.254457663561588,-1.0033855973565584,-0.9783204978965233,-0.2137465054077999,1.9847209906811942,1.031,-0.9244300007697153,-0.8932141793104836,-0.8503663066420991,-0.8019304175736346
-0.823,0.913,-1.062,-0.235,0.913,-0.869,1.606,-1.062,1.427,-0.823,-0.368,-0.235,-0.619,-0.823,-0.869,1.427,-1.062,-0.619,-0.235,1.606,-0.823,-0.378,-1.062,-0.235,-1.062,1.427,-0.823,1.606,-0.378,-0.869,-0.235,-1.062,-0.619,-0.823,1.427,1.427,1.606,0.913,-0.235,1.427,-0.869,1.606,-0.619,-0.235,-0.378,1.606,0.913,-0.869,-0.869,-0.823,-0.887146224063679,-0.235,-0.8346631175785271,-0.8309133990167122,0.913,-0.7770641857323586,-0.8268420498414888,-0.368,-0.7969514107872241,-0.7703219947866327,-0.38082630340220164,-0.7349293344011084,-0.2468279995714617,1.606,-0.378
-1.214,-0.326,2.034,0.322,1.327,-1.214,2.034,-0.326,0.037,-0.161,-0.086,-1.214,-0.086,-0.161,-1.214,2.034,2.034,-0.086,0.871,-1.044,-1.044,-0.326,2.034,0.871,-1.214,1.327,-0.161,-1.214,2.034,1.327,0.037,2.034,-1.044,1.327,-1.044,1.327,-1.044,-1.044,0.322,1.327,-0.086,-0.161,0.037,-0.17024236164478432,-0.09892391429611186,-1.044,2.034,0.022703937027633916,-0.11339031847393971,1.327,1.3113942276343227,2.0234076468948516,-1.0580088931183997
-1.149,-0.834,0.648,-0.432,-0.419,-0.834,-1.019,-0.262,-0.227,-1.149,-0.432,-1.019,0.648,-0.432,0.017,-1.149,0.648,-0.262,-0.432,-0.419,-0.432,0.017,-1.149,-0.432,0.648,-0.227,0.035,-0.432,-0.227,0.648,0.017,-1.019,-1.019,-1.019,-0.419,-0.262,0.035,-0.432,-1.149,-0.834,-1.019,0.648,-0.432,-0.432,-1.019,-1.019,-0.262,-0.432,-1.019,-0.262,-0.419,-1.019,0.035,-1.0295176409043676,-0.432,0.023355598449263992,0.648,-1.149,-0.43472732609877135,-0.44389056308655,-0.4158134949416791,-0.9873283050505494
-0.68,-0.596,-0.792,0.583,0.583,0.063,0.583,-0.68,-0.596,-1.106,-0.792,-0.442,0.583,0.107,-1.106,-1.106,-1.106,-0.792,-1.106,-0.792,0.583,0.61,0.61,-0.442,-0.442,0.583,0.61,0.583,0.61,0.61,-0.442,0.107,0.583,0.063,-1.106,0.063,0.583,-1.106,-0.68,-0.346,0.063,-1.106,-0.596,0.61,0.583,-0.792,0.107,0.050764548212607966,0.5963036051133944,0.09606283606449204,0.07765541002344009,-0.442,-0.6079396266297676,0.10059333362629783
-1.025,-0.678,1.39,-0.853,1.39,-1.025,-0.678,-0.442,-1.096,-0.853,-0.853,-0.678,-1.025,-0.745,-1.096,-0.745,-0.853,-0.537,-1.096,-0.442,1.39,-1.025,0.488,-0.127,-0.537,1.39,-0.853,-0.537,-1.025,-0.678,-0.745,-0.537,-0.678,-0.853,-0.127,-0.127,-1.096,-0.853,-1.096,-1.025,-0.537,-1.025,-0.537,-0.678,-0.853,-0.127,-0.745,-0.678,-0.442,-0.537,-0.7562692386521771,-1.096,-0.4575480348735411,-1.111873061085663,0.488,-1.0811318663610154,-0.853,0.4763426339910433,-0.127,-0.8689885985737124,-1.025,0.5138827239300389,-0.5497202419616044,-1.0423385344033909,-0.1411946655818101,-0.8430562418295999,-0.9885588592670338
-0.829,-0.057,-0.601,-0.829,-1.141,-0.829,-0.829,-0.157,-0.897,-0.057,0.959,1.389,-0.829,-1.141,-0.057,-0.057,-0.601,-0.601,0.959,-0.829,0.404,1.389,-0.829,-1.141,-0.897,-1.141,-0.601,1.389,-0.859,1.389,-0.057,-0.601,-0.057,-1.141,-0.829,-1.141,-0.601,-0.157,-0.859,-0.829,-0.859,-1.141,-0.897,-0.859,-0.157,-0.601,-0.859,-0.829,-1.141,1.389,-0.859,-1.141,-0.829,0.959,-0.601,-0.157,-0.17019595360748796,-0.1258743412817619,-1.154264785266185,1.389,-0.8713107852919066,-1.1085216528625803,-0.8385801499896604,0.404,-0.897
0.759,2.192,-0.659,-0.469,1.574,-0.798,0.759,-0.469,2.192,-0.659,-0.963,1.15,1.574,0.759,2.192,2.192,2.192,-0.469,-0.469,2.192,2.192,1.15,1.574,2.192,2.192,0.526,-0.469,-0.963,-0.963,-0.798,1.15,2.192,1.574,2.192,-0.469,1.574,1.15,-0.469,-0.963,-0.469,-0.469,-0.798,2.192,1.574,-0.469,-0.659,-0.798,2.192,1.15,1.135439904259727,-0.963,1.5655841085010953,0.759,-0.6711308364641493,0.7391975618756202,1.5908792466999815,-0.8081223194011995
1.546,2.433,2.433,2.433,1.546,-1.072,1.88,-0.174,-0.174,1.546,-0.993,-0.174,-0.993,0.477,-0.642,-0.493,1.546,-0.642,-0.993,1.88,1.546,-0.174,2.433,-0.993,1.88,-0.174,-0.993,-0.493,1.546,-1.072,-0.673,1.88,1.88,-0.993,1.546,-0.493,-1.072,-0.642,-1.072,-0.642,2.433,2.433,2.433,-1.072,2.433,2.433,-0.673,1.88,2.433,-0.673,-0.493,-0.642,-0.6590001941708816,-0.642266768592197,-0.5030222824412138,0.477,-0.174,-0.673,2.433,-0.993,0.4606472172629205,1.546,-0.6858282910186229,-1.0090776522723417,-1.072,1.88
0.255,1.569,0.778,1.095,1.095,-1.226,1.569,1.569,0.778,0.191,1.095,-0.837,1.569,1.762,-1.226,1.569,1.762,-0.837,1.569,1.762,1.569,1.569,0.778,-1.226,0.191,0.778,-0.837,1.762,-0.018,-1.226,1.569,1.762,0.778,0.778,1.762,-0.837,1.095,0.255,-1.226,1.095,-1.226,-1.226,1.762,-0.439,1.095,1.095,1.095,1.762,-1.226,-0.439,1.095,-0.018,-0.439,-0.837,-1.226,1.0835012101076678,-1.2439415338799673,0.778,-1.203333246341022,-0.032739053924488615,-1.1471137874251758,0.7686512568428236,0.191,0.7885013022135124,0.255
0.441,0.441,-0.138,0.341,0.341,-0.949,1.358,0.943,0.943,-0.138,0.391,-0.833,-0.138,0.391,1.652,0.943,0.341,-0.833,1.358,1.358,-0.686,-0.949,1.358,0.341,0.441,-0.949,-0.686,0.943,0.943,1.652,-0.686,-0.833,-0.833,-0.138,-0.949,-0.686,1.652,1.358,0.943,0.943,0.441,1.652,-0.949,0.441,-0.949,1.652,-0.138,-0.949,-0.9679940746747069,0.341,1.358,1.652,-0.833,1.6374837570782614,1.3449181198322018,0.32412886000253865,0.441,0.391,1.6656027509488684
0.55,1.208,0.55,-0.939,1.208,1.208,-0.939,-1.14,-1.14,-1.14,-1.14,-0.869,-0.245,0.55,0.857,-0.939,-0.869,-1.14,0.857,-0.408,1.208,-0.245,-0.869,-0.245,-0.408,-0.869,0.415,-0.245,-0.245,-0.408,0.857,-0.939,-0.245,-1.14,0.55,-0.408,1.208,-0.939,1.208,-0.408,-1.14,-0.245,-1.14,-1.14,0.0,-1.14,-0.019821506353640887,1.208,-1.1519405649632926,-0.408,0.857,0.8371936449960624,-0.245,0.8790028077003879,0.009279554376505341,0.415,-0.25499662606613965,0.3928404588902366,-0.4191611557174611,-0.2185058282356326,-0.869,0.9253534308528214,0.55,0.5392791430591866
0.167,-0.814,0.368,-1.345,-1.345,-0.117,-0.17,-0.499,-1.345,-1.345,-0.117,0.167,0.373,-0.814,-1.345,-0.117,-0.814,0.348,0.348,-0.17,0.167,-1.345,0.688,-0.17,0.167,0.688,0.688,0.688,-0.17,-0.814,0.348,-0.117,-1.345,-1.345,0.368,-0.499,-0.499,0.368,-1.345,0.368,-0.814,0.167,0.368,-0.117,0.373,0.688,-1.345,-1.345,-0.117,-0.17,0.373,-1.345,-1.3588766565573889,0.688,-1.321647083699171,0.368,0.6768930751597628,-0.814,0.7119083325692344,-0.18311593272164436,-0.155070879569071,-0.1285739171209582
-0.745,1.915,-0.021,-0.66,-0.66,1.915,-0.463,-0.85,-0.66,-0.694,1.915,-0.129,-0.66,-0.85,-0.85,-0.66,-0.66,1.915,-0.745,-0.66,-0.129,0.452,1.915,-0.129,-0.85,-0.694,1.915,-0.694,1.915,-0.745,-0.463,-0.85,1.915,1.915,-0.694,0.967,0.967,1.915,-0.745,-0.85,0.967,-0.129,0.967,-0.463,1.915,1.915,-0.85,0.967,-0.129,-0.66,-0.021,-0.8631855356385687,1.915,-0.03637888491800201,-0.463,-0.745,-0.6764350101880423,-0.8404323301207325,-0.7549078746825438,-0.7319718254012382
-0.615,-1.07,-0.773,2.498,2.498,-0.64,2.498,-0.615,-0.773,-0.679,-0.64,-0.679,-0.534,-0.416,1.679,1.679,-1.07,-0.534,-0.696,-0.773,-0.416,-0.773,1.679,-0.64,-1.07,-0.615,-0.615,-0.679,-0.615,2.498,2.498,-0.679,-0.696,-1.07,1.679,-1.07,1.679,-0.416,-0.416,-1.07,-0.534,-1.07,2.498,-0.696,-0.615,1.679,-0.416,2.498,2.498,-0.679,-0.615,-1.07,-1.0901518556535428,-1.0494895691299115,-0.773,-0.696,-1.0200070459723969,-0.6298602892394245,-0.6909242712024697,2.498,1.679,-0.7097448893274849,1.6672873427993038,-0.5866202836245514
0.905,0.848,-1.184,1.841,-1.184,1.841,0.064,-0.291,0.428,0.178,0.905,0.064,0.905,0.905,-1.184,-0.888,-0.888,1.841,0.848,0.428,-1.184,0.848,-1.184,0.848,-1.184,0.848,-0.888,0.064,0.428,0.178,1.841,-0.888,0.428,1.841,-0.888,0.428,0.815,0.815,-0.888,-0.888,-0.888,0.848,-0.291,0.428,-1.184,0.848,0.428,-0.888,-0.291,1.841,0.178,1.8279402821721313,0.815,0.4183892030458193,1.8546592436201301,0.8056923078984147,-0.30403189141894416,0.8321079024018736
-1.389,1.005,2.039,2.039,2.039,-0.779,1.012,0.007,-0.779,-1.389,-0.906,2.039,2.039,1.005,-0.779,1.005,0.007,-1.389,-0.779,-0.906,-1.389,0.507,2.039,1.012,-1.389,-1.389,0.022,1.012,2.039,0.022,-0.906,-0.797,-1.389,1.012,-0.906,0.007,2.039,0.007,-0.797,-0.797,-0.779,-0.906,-0.797,-1.389,1.012,-0.779,-0.797,-1.389,1.012,-1.389,1.005,0.022,0.0049978916161696856,-1.3983861900881998,0.507,0.007,-0.779,-0.797,1.012,-0.8073470451972281,-1.3667730567956418,2.039,0.9985131592580221,-0.794468010000961,-0.005423040530029454,0.49217066127541165
-0.997,2.103,-0.997,-0.969,-1.029,0.846,0.715,-0.997,2.103,-1.029,-0.997,-1.029,-0.569,2.103,-0.997,-0.569,-0.569,0.846,0.419,0.946,0.846,-1.002,-1.002,-0.569,-0.569,2.103,0.715,-0.997,-0.997,-0.997,-0.569,-0.997,-1.029,-0.969,0.846,0.846,-1.002,2.103,0.846,-0.969,-0.969,-1.002,-1.002,-0.969,-0.569,-1.029,2.103,0.846,-1.029,0.846,0.946,-0.969,-1.002,0.846,-1.029,2.103,-1.029,-0.569,0.846,0.419,0.715,-1.041507910146919,0.946,0.4026238307177827,-0.5786283129447011,0.43897855539092906
-1.009,-0.804,-0.654,0.278,-0.151,0.05,-0.804,-0.839,0.115,-0.654,-0.804,-0.804,-0.796,-0.839,0.115,-0.151,-0.804,-0.839,0.115,-0.796,-0.839,-0.151,-1.009,-1.009,-1.009,0.278,-0.151,-0.804,0.278,0.115,-0.103,-0.796,0.115,-0.839,-0.804,-0.103,0.278,-0.796,0.115,-0.103,0.05,-0.654,0.05,-1.009,0.05,-0.804,0.278,-1.0281634687957641,-0.151,-0.796,0.04207923310184744,-0.8123326900573122,-1.0100966684324624,-0.654,-0.8121448997723535,-0.970791334006303,-0.6648096578043697,-0.103,-0.7768172423766313,0.2680725003258678,-0.11718952535804565
-0.79,-0.854,-0.79,2.383,-0.79,0.594,0.594,-0.991,-0.854,-0.824,-0.991,-0.824,-0.854,0.594,-0.261,2.383,-0.261,-0.894,-0.824,0.135,2.383,2.383,-0.79,-0.991,-0.261,-0.894,-0.854,-0.854,0.594,0.405,-0.894,-0.991,-0.824,-0.824,0.135,2.383,2.383,-0.894,-0.261,-0.991,-0.824,2.383,-0.854,-0.991,-0.79,-0.79,-0.854,0.594,-0.8718581455091486,0.405,-0.991,0.576102965755337,-0.894,-0.79,0.3943285366045942,-0.8269315656959159,-0.9093323377942695,-1.0039121326343883
-0.938,1.619,-0.754,1.619,-0.941,-0.843,-0.754,-0.843,-0.249,-0.941,-0.941,-1.228,0.01,-0.843,-0.938,-1.176,-0.843,-1.176,-0.249,-0.843,-0.754,1.428,1.428,-1.228,-0.938,-0.843,-0.938,1.428,1.428,1.619,-1.176,-0.843,-0.249,1.619,-0.754,0.01,-1.228,1.619,-0.941,-0.843,1.619,1.428,1.619,-1.228,1.619,-1.176,-0.843,-0.249,-0.938,-0.938,-0.754,-1.176,-1.228,-1.228,-1.176,-0.843,0.01,-0.843,-0.843,-0.8583589617069932,-0.754,-0.7725447915507957,-1.228,-0.249,-0.8249383221640298,-0.7392378092203743,-0.794472196255407,-0.26428942102713493,-1.2393071288260156
-1.067,-0.054,0.858,1.25,-1.111,1.118,1.25,-0.979,-0.979,-1.111,-1.111,-0.979,-1.067,-0.979,-1.111,-0.979,-1.067,1.25,-1.067,-0.054,0.858,-0.979,-1.067,-1.067,-0.054,-1.111,1.118,0.858,0.858,1.047,-0.054,-0.054,-1.111,-1.111,1.25,1.118,0.858,-0.52,-1.111,1.047,-1.111,1.047,-1.111,-0.442,1.118,-0.52,0.858,1.25,1.047,-1.111,1.25,-1.1298005813889829,-0.442,-1.118724270137191,-0.054,1.040182226234961,1.2387085782441132,-1.0804875008880794,-1.0369492275555803,-0.9991398780013114,1.2783457998657164,1.118,-1.067,-0.4570854508894291
1.02,-0.785,2.183,1.02,0.402,2.183,-0.785,2.183,2.183,0.402,-0.785,0.312,-0.616,-0.616,-0.616,-0.616,2.183,2.183,-0.719,-0.953,-0.616,-0.953,-0.616,0.402,-0.953,0.312,0.402,-0.953,0.312,0.402,-0.137,0.312,-0.953,2.183,2.183,-0.616,2.183,-0.616,-0.719,1.02,0.312,1.02,2.183,-0.719,-0.785,-0.719,1.02,-0.616,0.402,0.312,-0.953,-0.7307626919033421,-0.9681665432292427,1.0078771455341586,-0.785,0.0,-0.01465668881020372,0.2989298704063603
-1.138,1.767,0.143,-0.195,-0.581,0.575,1.767,-1.138,-1.138,0.575,-0.581,1.767,-0.471,-0.471,0.575,-0.581,-1.138,-0.195,-0.264,-0.471,0.575,-0.581,-0.581,0.396,-0.121,0.575,0.143,0.575,1.767,-0.121,0.575,-0.471,0.396,-0.121,-0.471,-1.138,0.575,-0.195,-0.471,-0.471,-1.138,-0.581,-0.581,1.767,-1.138,-0.195,-0.471,0.396,0.38062996149639,1.767,-0.121,-0.581,-0.48458535178435647,-0.264,-0.21162127538804082,0.575,0.5606717937213058,-0.4367685409533759,-0.5960361796146859
-0.495,0.987,-0.636,0.169,-0.636,-0.237,-0.299,-0.237,-0.495,0.668,-0.237,-0.237,-0.237,0.169,0.987,0.987,0.668,-0.495,-0.425,-0.237,-0.299,0.668,-0.299,-0.688,0.668,0.987,-0.636,0.987,-0.299,-0.425,-0.495,-0.495,0.987,-0.636,-0.688,-0.299,-0.688,0.987,-0.299,-0.469,-0.688,-0.469,-0.237,0.987,-0.495,-0.469,-0.636,-0.495,-0.237,0.169,-0.6476852738011756,-0.425,-0.688,-0.7022641980161574,0.987,-0.469,-0.44078967599010493,0.668,0.6564517085335811,-0.299,0.9756478267497313,-0.5062127731364482,-0.475626212186879
1.837,-1.08,1.352,-0.042,-0.042,-1.08,1.419,1.837,-1.08,-0.143,-0.143,-0.284,0.373,-0.042,-1.08,0.373,-1.075,-0.284,1.352,-0.878,1.837,-1.075,-1.08,-1.08,1.352,-1.075,0.373,-1.08,-0.143,1.419,1.837,-0.878,-0.042,1.419,0.373,-0.042,-1.08,-0.878,-1.08,-1.075,-0.878,1.837,-1.075,-0.143,-0.042,-0.284,-0.878,-0.042,1.352,1.837,1.419,-0.143,-0.284,-1.075,1.419,-0.1599212806266368,-0.878,-0.042,-1.0876497246054802,0.373,-1.0724027535714729,0.3583378822849927,-1.08,-0.05321034553320347,-0.8950868918495098,-1.0909051348367238,-0.8400586750250354,-1.040350033380713,-0.11208891660291972,0.40478631031804446
0.002,0.017,-0.262,1.301,1.301,0.099,-0.928,0.017,0.002,1.033,1.349,-0.544,0.002,-0.928,0.017,-0.262,-0.262,1.349,-0.262,-0.544,-0.262,-0.928,-0.928,0.017,0.017,1.301,1.301,0.621,0.017,1.301,-0.544,1.301,0.002,-0.262,1.349,1.349,-0.544,0.002,1.033,1.301,-0.262,0.002,1.301,0.099,-0.544,0.099,0.099,1.301,0.099,-0.544,1.301,-0.262,-0.544,1.301,0.621,1.2853568631286827,1.307462888110206,0.6077254079919813,0.002,1.3565412427101642,-0.5535144510570446,-0.5248845750966625,0.099,-0.928,0.017,0.6371905208951988,1.349,1.3907800709765081,0.6716932564856836,-0.262,1.033
-1.177,-1.123,-1.123,1.28,-1.072,-1.177,-0.914,-0.914,-1.072,-1.123,-0.739,-0.739,0.354,-1.072,-1.177,-0.739,-0.739,-0.739,-0.739,0.354,-0.914,-0.489,0.67,0.354,-1.072,-1.177,-0.739,0.354,0.354,0.354,1.28,-1.177,0.354,-1.123,0.67,-1.177,-1.072,1.28,-1.123,1.28,-1.072,0.354,-0.489,-0.489,-1.123,-0.489,1.28,-1.123,0.354,0.67,-1.072,0.354,0.415,-0.489,-0.914,0.354,-0.739,-0.7550415205418901,-0.7068371064972737,0.415,0.3404804845520488,0.67,0.6480547396556834,-0.6767479372858818,-0.6360362485155528,-1.072,0.3994622702663472,-1.123,-0.6081393273046168,-0.914,-0.5892909881798287,-1.1332768199128895
1.073,0.778,0.778,1.073,1.729,-0.348,-1.227,-0.543,1.729,-0.53,-1.227,-0.348,-1.227,-0.543,1.729,1.073,-0.543,1.729,1.729,-0.449,1.14,1.729,-1.227,-0.922,-0.922,-0.449,0.778,-1.227,-0.922,1.073,-1.227,-0.348,-1.227,-0.348,-0.922,1.14,1.073,-1.227,-0.543,-0.543,-0.53,1.073,-0.922,-0.348,1.073,1.14,1.14,-0.543,-1.227,-0.53,1.14,-0.543,1.729,-1.240017210075267,-1.1890470080676803,-0.922,0.778,-0.5550142897628508,-0.9340599543544756,-0.5273934373057161,1.7170939069726543,1.1319597946496902,-0.543817137386027
-0.981,-0.484,1.428,0.325,-0.859,-0.859,-0.285,-0.285,1.428,-0.845,0.856,-0.285,-0.981,-0.981,-0.981,-0.845,-0.859,-0.285,-0.845,1.428,-0.859,1.428,-0.845,0.602,0.41,-0.981,1.428,-0.859,-0.859,-0.285,0.325,0.41,-0.484,-0.981,-0.484,-0.845,0.856,-0.981,-0.981,0.856,-0.845,-0.859,0.602,0.5901205724172157,-0.8680732714644132,0.8445358827152061,0.41,-0.839276667584085,-0.285,1.428,-0.8560299090001248,-0.8113337410862229,-0.484,-0.7953744511825385,-0.7471828408046772,-0.7001025238077375,0.8906754114430471,-0.7705781780298149
1.806,-1.104,1.17,-0.468,1.17,-0.191,0.781,1.806,1.17,-0.749,-0.191,1.915,0.781,-0.468,-0.749,-0.191,-0.468,0.781,1.915,1.17,1.915,-1.104,-0.749,1.806,0.781,0.781,-0.468,0.781,-1.104,1.806,0.775,1.17,0.775,1.806,-0.191,-0.721,-1.104,1.915,-0.191,-0.749,-0.191,-1.104,1.915,1.17,-1.104,-0.721,-0.721,1.806,1.915,1.806,-0.749,1.7930026596513025,-0.191,1.17,1.8417154595431453,1.915,1.1597282246888452,-0.20868465487466084,-0.468,-0.17639312807419347
0.846,-0.243,1.645,-0.811,-0.243,1.645,2.141,-0.811,-0.808,-0.811,-0.811,-0.798,-0.243,-0.798,-0.811,-0.798,-0.798,-0.808,1.645,-0.811,2.141,0.846,-0.593,0.243,2.141,-0.593,2.141,0.243,-0.243,-0.808,0.243,1.645,0.846,-0.811,0.342,-0.593,-0.243,0.846,-0.593,0.846,1.645,2.141,-0.593,0.342,-0.808,0.846,0.846,0.342,2.141,0.243,-0.808,2.141,0.342,1.645,-0.808,-0.798,-0.243,-0.8210420844978585,-0.2558426242915721,-0.8080284030046816,0.243,-0.593,-0.8077801409076197,-0.6089466542776533,1.6380247218523312,-0.22500600477181207
1.185,2.158,0.564,1.676,0.101,0.564,2.124,1.431,2.124,2.124,-0.493,1.676,2.124,2.124,1.676,2.124,0.564,2.124,2.124,2.124,2.158,-0.493,1.987,2.158,2.158,2.158,-0.493,2.158,1.987,1.431,1.676,-0.493,2.158,-0.493,1.987,1.987,0.101,1.431,2.158,1.676,2.124,1.185,1.431,1.987,-0.504,2.124,1.185,2.124,2.158,1.676,-0.504,1.987,0.101,-0.493,1.431,1.185,-0.504,1.431,-0.493,1.987,2.158,2.136528676609218,0.101,2.124,2.155458121678151,2.110266814548798,-0.5163375300677523,2.1426759315362625,0.564,1.423512451234907,-0.47920415861574056
-0.444,-0.911,-0.911,-1.13,-0.503,-0.911,-0.911,1.127,-0.444,0.124,-0.503,-1.13,-1.13,-1.13,-1.13,-0.503,0.507,-0.309,-1.13,-0.503,-0.911,-0.911,-0.911,-1.13,-0.911,1.127,-1.13,1.173,0.124,1.127,1.173,-0.444,1.127,0.49,0.124,-0.309,0.124,1.127,-0.444,-0.309,1.173,-0.309,-0.309,-1.13,-0.309,-0.911,0.124,-0.444,0.507,0.124,0.10636633298716822,0.1397989103218348,-1.13,-0.503,-0.45557134369613583,1.127,-0.43026487923073387,-0.309,0.49,-0.911,-0.31806104048848927
-0.944,1.426,-0.944,-0.948,-0.753,-0.182,-0.944,1.426,-0.753,0.531,-0.948,0.995,-0.753,1.426,0.531,-0.861,-0.213,0.995,-0.948,-0.753,-0.753,0.531,-0.948,0.995,-0.753,-0.753,-0.213,1.052,-0.182,0.531,-0.948,0.531,1.052,1.426,-0.944,-0.182,-0.182,-0.861,-0.861,1.426,1.052,1.426,0.995,-0.944,-0.861,-0.753,-0.182,-0.944,-0.213,-0.23059590532327418,-0.1981626056461751,-0.19362923849390995,-0.948,1.426,-0.861,1.052,0.995,-0.9577842524327577,1.4150739612534207,-0.8723567896686293
0.712,-0.68,0.889,-0.88,0.889,-0.88,-0.426,1.465,-0.573,1.465,2.105,2.105,0.889,2.105,2.105,-0.88,0.889,-0.68,-0.426,2.105,0.144,-0.831,1.465,-0.573,-0.831,-0.573,2.105,-0.831,0.712,-0.831,1.465,-0.88,2.105,-0.88,-0.68,0.889,2.105,-0.573,2.105,-0.573,2.105,0.712,-0.68,2.105,-0.68,-0.88,2.105,0.889,0.144,-0.88,-0.68,0.889,1.465,0.144,2.105,1.4480088011889027,1.4682862786917077,-0.426,0.877086985560789,1.4717192754326327,0.9102904905747052,-0.573,1.5276350607420617,0.712,-0.831,2.0919460570748174
-0.519,-0.229,1.51,-0.376,-0.376,-0.519,-1.047,-0.331,-1.047,-1.047,-1.306,1.51,-0.519,-0.331,1.51,1.51,-1.306,0.555,-1.306,0.555,-0.519,-0.376,-0.46,-0.376,-1.306,-0.519,-0.376,-0.229,1.51,-1.047,0.555,-0.46,-1.047,-0.376,0.555,-1.306,1.51,1.51,0.555,-0.376,-1.306,-0.229,-0.331,0.0,-0.017436446307647548,-0.46,1.51,0.01837037135484201,0.0460703361002181,-0.376,0.555,-1.306,0.09313252983417053,0.12406941803782688,0.1487084044765008,0.5445918943728058,0.5858256737920476,0.6460260681862217,-1.047,-0.519,-0.4737323453697756,-1.069810367355951
-0.815,-0.594,0.663,-0.583,-0.617,0.026,-0.532,-0.97,-0.594,-0.015,-0.815,1.047,1.047,-0.015,-0.583,-0.532,-0.532,1.047,-0.015,1.047,-0.815,1.047,0.663,0.663,-0.594,-0.583,-0.617,-0.015,1.047,-0.532,-0.97,-0.594,1.047,-0.97,-0.594,1.047,1.047,0.026,0.663,-0.594,0.663,-0.532,-0.617,-0.97,1.047,-0.015,-0.815,-0.583,-0.015,-0.97,-0.815,-0.617,-0.815,0.663,-0.827073871748559,-0.015,1.047,0.026,0.649508367665009,0.684994822007806,-0.617,-0.532,-0.5511366691546637,-0.583,-0.027712934249677787,0.7041567143217781
2.264,1.446,-1.278,2.264,-1.179,-1.278,1.199,-0.699,-1.179,-0.863,1.199,1.694,-0.863,2.264,1.694,2.264,-0.699,-1.278,-1.278,1.199,1.199,-0.863,-0.424,1.694,-1.179,2.264,1.694,-1.278,-1.278,0.001,-1.179,1.446,-0.699,-1.278,-1.179,0.001,1.446,0.001,1.199,1.446,-1.278,-1.179,2.264,1.694,-0.863,2.264,-0.699,-1.278,-1.278,1.694,1.446,2.264,0.001,-1.2948268898566917,-1.179,-1.2440745316160613,2.2522820001798562,1.199,-0.699,2.27642927462326,-1.1877232911309161,-0.013003881627073104
0.109,-0.983,0.259,-0.658,0.109,-0.816,0.259,-0.971,0.259,-1.17,-1.17,0.134,-0.971,0.134,-1.17,0.109,-0.983,0.994,-0.983,0.259,0.259,0.134,0.109,0.134,0.259,-0.971,0.109,0.109,-0.658,-1.17,-0.971,-0.816,-0.983,-1.17,-0.971,0.109,0.994,-0.971,-0.552,-0.658,-1.17,-0.983,-0.816,0.109,0.259,0.109,0.109,-1.17,0.109,-0.816,-1.17,-0.552,-0.971,0.259,-0.816,-0.552,-0.816,-0.658,-0.6772468659983142,0.994,-1.17,-0.6195114724158661,0.259,-0.983,-0.816,-1.1862367759555,-0.5733189228899215,0.9816116452811392,-0.544334484201737,-0.5151416573137557,0.109
0.256,-0.758,-1.207,1.255,-1.339,-1.339,-0.138,-1.207,-1.339,-0.693,-1.339,-0.758,-0.693,-0.572,-1.339,-1.339,0.643,0.643,-1.339,0.354,0.354,1.255,0.643,-1.339,-0.138,1.255,-1.339,-1.207,0.256,-0.693,-0.693,-1.339,0.643,-1.339,-1.207,-0.693,-1.339,-0.693,-0.693,0.643,-0.138,-0.693,0.643,-0.758,-0.572,-1.207,-0.693,1.255,-1.207,0.643,1.241710821382644,-1.339,-0.758,-1.3565048375177489,0.256,-0.7711209025267669,-0.572,-0.5885390977413714,-0.5584779225772931,-0.7043075212132156,0.6370795547683687,-1.334090859129638,-0.6817129060229864
0.957,0.742,-0.67,-0.945,0.307,-0.777,-0.67,-1.012,1.076,1.076,-1.23,-0.831,-1.012,0.307,-0.777,-0.831,-1.012,0.307,-0.831,1.076,-0.67,-1.23,-1.23,0.742,0.742,0.742,-1.23,0.957,-0.831,1.076,-1.23,-0.945,0.307,-0.777,0.957,1.076,0.957,-0.945,-1.012,-1.23,-0.777,-0.777,-0.67,-1.012,-1.012,0.307,0.307,1.076,-1.23,-1.012,-0.831,0.742,1.076,-1.23,-0.945,0.7255612755499766,-0.67,-0.9599009972007989,-1.023427746632419,-1.2474371315046802,-0.929407512651377,-0.9904832489173747,0.7558781871996588,-0.8412590036120812,-0.777,-0.9660584096448872,-0.7954034696811034,-0.9045609771753299
-0.577,-0.204,-0.577,-0.577,-0.825,-1.207,1.156,-0.678,1.156,-0.678,-0.927,-0.927,-0.053,-0.678,-0.825,-0.053,-0.927,-0.577,1.156,-0.053,-0.466,-0.053,-0.392,-0.577,-0.204,-0.204,-0.825,1.156,-0.466,-0.825,-0.927,-0.053,-0.577,-0.577,-1.207,-0.678,-0.927,-1.207,-0.577,-0.577,-0.466,-0.825,-1.207,-0.927,-0.466,-0.577,-1.207,1.156,-0.466,-0.927,-0.392,-0.577,-1.207,-0.678,-0.5910330012920219,-0.825,-0.6956305397341359,-0.8423137317103627,-1.2211600921549404,-0.053,-0.9375231897888743,-0.204,-0.4753768871150316,-0.9025367476397022,-0.40944740630225657,-0.8501792255932035
0.866,-0.627,-0.297,-0.929,-0.297,-0.297,0.866,0.009,0.009,0.009,-0.939,-0.929,0.032,-0.939,-0.297,-0.612,0.866,0.009,-0.929,-0.862,0.032,-0.862,0.009,0.009,-0.939,-0.385,-0.385,-0.862,-0.385,-0.627,-0.612,-0.939,-0.627,-0.862,-0.385,-0.939,-0.929,-0.297,-0.612,-0.939,0.032,0.009,-0.939,0.866,-0.627,0.866,-0.627,-0.627,-0.929,0.866,-0.385,-0.385,-0.4040256985184877,-0.929,0.032,-0.939,-0.297,-0.3558708836898191,-0.9420211558324794,-0.862,0.009,0.866,-0.9514180608275586,-0.8941991429795331,-0.8718530782791643,-0.8276970524004233,0.8529230571421851,0.022075972305328276,-0.627
-0.69,-0.69,0.924,0.924,-0.69,0.743,-0.754,0.738,0.956,0.738,0.956,-0.331,-0.005,-0.69,0.956,-0.754,0.924,-0.754,0.743,-0.005,0.924,-0.69,0.956,-0.138,-0.005,-0.005,-0.688,0.738,0.743,0.738,0.743,0.924,-0.005,0.956,-0.688,0.743,-0.331,0.738,0.956,-0.69,-0.331,0.956,-0.138,-0.688,0.940290808987131,-0.6980875320036417,-0.754,-0.7700116913428257,-0.34312320812203034,0.738,0.924,0.979141697803309,-0.1490285488921078,-0.6453231433489224,-0.30879955061236797,0.725592815484573,-0.730277234310298,1.003218689875495,1.0188942315537033
1.32,1.32,0.147,1.56,1.56,0.147,0.715,-0.704,1.32,0.147,-0.265,-0.704,0.164,-0.418,-0.418,0.715,1.56,-0.265,-0.265,1.56,0.147,0.147,-0.265,-0.586,0.164,0.715,1.32,0.692,0.715,1.32,-0.704,0.715,0.715,0.715,1.56,1.56,-0.586,1.56,1.32,0.715,0.692,-0.265,0.715,0.147,0.692,0.147,0.164,0.715,0.147,0.692,-0.586,-0.418,-0.704,-0.7246516922369377,0.715,0.6962719966158202,0.6805907539441659,-0.595177850719949,0.7245302304350447,1.32,-0.265,-0.6793699074859916,0.1329640094952681
-0.913,0.838,1.254,-0.913,0.434,0.434,-0.098,-0.098,-0.944,-0.913,0.838,0.838,-0.567,-0.913,-0.944,0.838,-0.753,0.434,0.838,-0.098,-0.098,0.838,0.198,-0.913,1.254,1.254,0.434,0.98,-0.753,0.434,0.434,-0.567,1.254,-0.944,0.434,-0.753,-0.913,0.198,0.838,0.434,0.98,0.98,0.838,-0.944,0.838,0.434,1.254,0.198,0.198,0.98,0.838,-0.098,0.198,-0.944,0.9619022077292096,0.18552211680392963,-0.753,0.434,-0.9558758122927311,-0.913,-0.9314313158071895,0.41809083609271314,0.4576025230318399
1.804,0.84,-1.223,0.577,0.84,1.554,0.494,-0.033,-1.223,0.494,2.099,-0.033,1.804,1.554,2.099,1.554,0.494,-0.505,1.554,2.099,1.554,-0.033,2.099,-0.505,-1.223,2.099,1.804,-1.223,0.577,-0.033,2.099,0.531,2.099,1.804,-0.505,0.577,1.804,-0.505,-1.223,1.554,-1.223,-1.223,0.494,0.577,1.804,0.494,-1.223,1.554,2.099,-0.033,0.531,2.0901757310312443,2.112292717096791,-0.505,0.577,0.494,-1.2333709676155893,0.5638314553951834,2.144785984227826,1.5430865206429356,2.165996645091498,1.804,0.48214349765635456,0.5215786196764983,-1.1817157316507931
1.298,2.268,2.268,-0.209,0.531,1.153,1.298,0.73,-0.019,0.406,1.298,-0.019,-0.651,1.298,2.268,2.268,2.268,-0.209,-0.74,1.153,-0.651,0.73,-0.209,2.268,0.73,-0.209,2.268,-0.019,2.268,-0.209,-0.74,-0.209,-0.74,2.268,0.73,-0.209,0.73,2.268,2.268,-0.74,0.406,-0.74,0.73,-0.209,1.153,-0.019,0.73,-0.019,-0.209,0.73,0.7129892020470242,2.268,1.153,1.298,1.1471623302625218,0.531,1.2866759329529815,0.406,2.2542608740561105,0.39940146403391374,0.4335276514876861,2.283444102545854,-0.74
1.563,0.171,-0.525,-0.901,0.705,0.281,0.357,0.705,-0.525,0.357,-0.146,1.563,-0.525,0.357,-0.146,-0.525,1.563,-0.525,-0.846,0.705,0.171,-0.901,-0.525,0.357,1.563,-0.814,1.563,-0.146,-0.525,0.705,-0.525,0.357,-0.901,0.281,-0.525,0.171,0.171,0.705,-0.146,-0.901,-0.814,-0.146,0.357,-0.901,-0.846,-0.814,0.357,-0.146,0.357,0.171,-0.814,-0.846,0.171,-0.146,0.281,0.705,-0.15471289856369352,-0.846,-0.1269796383727493,0.6952218004259134,0.698984078430933,0.7577686169108835,-0.08898980002721077,-0.814,-0.525,0.8014658980802495,1.563,0.357,-0.5413577290672618,-0.04426488033588809,1.549661487875515,-0.8300467934810879,-0.7939985017378586
-0.038,0.233,-0.976,0.037,-0.038,0.037,0.791,-0.749,-0.127,-0.976,-0.28,0.233,-0.976,-0.976,-0.206,0.037,0.791,0.233,-0.127,0.233,-0.28,-0.749,0.233,0.037,-1.128,0.037,-0.206,-0.749,-0.749,-1.128,0.233,-0.127,-1.128,-1.128,0.233,-0.28,-0.206,-0.976,0.233,-1.128,-0.038,-0.976,-1.128,0.037,-0.976,-0.038,-0.053791840431463386,-1.128,-0.03535638450205615,0.037,-0.0015113236843151733,0.028983778812087697,-0.9904306675067279,0.02548686540744094,-0.749,0.06359485748962232,0.10838407418540458,-0.7650197706528146,-0.206
-0.654,-0.994,-0.554,-0.833,1.131,-0.554,-0.468,-0.679,1.131,1.131,2.201,1.016,1.016,-0.468,-0.468,-0.994,1.131,-0.833,-0.679,-0.833,0.1,-0.994,-0.833,-0.654,-0.833,2.201,0.1,2.201,1.016,2.201,2.201,-0.654,0.1,-0.833,2.201,1.016,2.201,-0.994,1.131,1.016,-0.994,-0.554,1.016,1.016,-0.468,2.201,1.016,-0.833,2.201,1.131,-0.468,-0.47891886348537616,-0.4289053893230083,-0.554,-0.994,0.1,-0.8431177667257309,-0.654,-1.0057701807755333,-0.981260247688859,2.188644554561228,-0.9431302402590778
-0.208,0.42,-1.092,-0.5,0.262,-0.208,-0.201,-0.201,-1.092,-0.208,0.42,-0.208,-0.5,1.415,-0.208,1.25,0.262,0.42,-0.33,-1.092,0.262,-0.201,0.42,0.42,-0.5,-0.201,0.262,1.415,0.42,1.415,-0.208,-0.5,-1.092,0.42,0.42,0.42,-1.092,1.25,1.25,-0.5,1.415,-1.092,-0.208,-0.5,1.415,-0.33,-0.5,1.415,0.262,0.24242542552469826,0.42,0.4100744975817026,0.2764995859983277,0.45528527186558737,0.325910417779653,-0.5,1.4019092372042035,0.4851635224096757,-0.5142654862234917,-0.201,-0.208
0.451,1.466,-0.99,0.819,0.819,0.819,-0.364,0.819,1.228,0.819,0.767,1.228,-0.99,-0.99,1.228,1.466,-0.637,1.228,1.228,1.466,-0.637,0.819,0.451,-0.485,1.466,-0.637,-0.364,0.767,-0.485,-0.485,1.228,0.819,0.451,1.466,-0.364,-0.637,1.466,1.466,0.819,0.451,-0.99,1.466,-0.99,-0.637,-0.364,0.767,0.451,1.466,0.819,-0.485,0.43707419312256446,1.228,0.8030003715802121,0.7553784280938853,-0.37524228238559937,1.4568896626478787,0.0
-0.941,1.633,-0.761,-0.659,1.633,-0.761,-0.659,1.427,1.322,-0.941,-0.761,1.322,1.427,-0.761,-0.57,-0.11,-0.718,1.322,1.322,1.633,1.633,-0.941,-0.941,1.633,-0.718,1.427,-0.11,1.427,1.427,-0.57,-0.659,1.322,0.369,1.322,-0.718,1.633,-0.761,1.322,0.369,-0.11,1.427,-0.941,-0.57,-0.941,-0.5808579761439332,1.322,-0.5589089897040801,-0.9536185022865378,1.633,-0.659,1.6243616601867799,-0.677316247275857,1.3136599060241971,-0.894513206264246,-0.718,-0.7303525948394016,1.673731243037717,-0.11
-0.817,-0.424,0.997,-0.765,-0.424,-0.817,0.997,-0.963,-0.372,0.997,0.997,-0.424,-0.182,-0.963,-0.424,-0.817,0.997,1.396,0.997,-0.765,-0.963,0.997,-0.182,-0.363,1.396,-0.765,0.997,-0.424,-0.963,-0.363,-0.372,-0.182,1.329,-0.363,1.396,1.329,1.329,-0.817,1.396,-0.424,-0.424,-0.424,0.997,-0.817,1.329,-0.963,1.396,-0.182,-0.363,-0.1924787141940043,-0.424,1.3797639826254622,0.997,-0.372,0.9786515461349131,-0.969094460955992,-0.43698622631180606,-0.413042762605922,1.425204813295783,-0.3878694451096987,1.317659738550687
-0.732,0.177,-0.607,-0.507,-0.641,-0.822,-0.507,-0.507,-0.641,-0.507,-0.822,-0.507,-0.641,-0.641,2.001,1.111,0.177,-0.507,-0.822,0.177,-0.641,0.177,-0.607,-0.822,2.001,-0.607,0.177,0.177,2.001,-0.607,-0.159,-0.641,2.001,1.111,-0.822,2.001,-0.822,2.001,-0.822,-0.732,-0.732,-0.159,1.111,-0.822,-0.732,-0.159,-0.822,-0.641,-0.607,-0.159,-0.641,-0.822,0.177,-0.8324098040444646,-0.732,-0.822,-0.8087192730356976,-0.507,-0.6554572453597657,-0.627451098690853,-0.7619316302192514,-0.17436481872935142,0.16321986778094147
-1.405,-0.189,-0.203,-1.405,-1.405,-0.203,1.06,0.821,-0.189,1.06,1.06,1.362,-0.203,1.362,-0.189,-0.963,-0.203,-0.169,-1.098,-1.405,-0.78,-0.203,-0.203,-1.098,-0.963,-0.78,-1.098,-0.169,-0.203,-0.169,-1.098,-1.405,-1.098,-0.203,-1.405,-0.963,-0.963,-1.405,1.06,-0.78,-0.78,-0.169,1.362,1.362,-0.963,0.821,-0.963,-0.78,-0.78,-0.8001354565258793,-1.405,1.06,-0.203,-1.4184272552036459,0.821,1.0402472673921106,-0.21940789912799094,1.362,1.3430097990999847,-0.19879697678066324,-0.963,1.38640831934488,-0.14968245632536897
-0.421,-0.723,1.606,-0.319,-0.39,1.606,-0.649,1.475,-0.319,-0.723,-0.319,0.202,-1.394,-0.421,-0.649,-0.723,-0.723,-0.421,-1.394,-1.394,1.475,-1.394,-0.723,0.202,-0.421,-0.319,-0.781,-0.781,-1.394,-0.723,-0.319,-0.39,-0.39,1.475,-0.781,-0.421,-0.781,1.475,-1.394,1.475,-0.723,0.202,1.606,0.202,-1.394,1.475,1.475,-0.649,-1.394,1.606,-0.319,-0.781,-1.4084364421182158,-0.33402208611304796,-0.39,-1.3776095878565402,1.475,-0.7911977208229852,1.5912125598606428,0.202,1.4610790835962202,-0.40181360725762727,-0.268186999744511,1.6313699441441816
2.143,-0.161,0.439,-1.165,0.308,-1.165,0.105,-1.165,0.105,1.151,1.151,1.151,2.143,2.143,0.105,0.308,1.216,0.105,-0.161,1.151,0.308,1.151,2.143,1.216,1.216,1.216,-0.161,1.097,0.308,0.308,-1.165,1.151,-0.161,-1.165,-0.161,0.105,1.097,1.0,1.216,2.143,1.0,2.143,1.0,2.143,2.143,-1.165,0.308,1.0,0.9874206033985794,1.097,0.28891292251422396,1.151,0.33336581420247,2.1301201839619375,2.1710814673756955,1.0834037238172178,0.439,1.1419088456118736,0.3870657113565105
0.128,-0.498,-1.137,-1.154,-1.154,1.017,-0.498,-0.624,-0.624,-1.154,-0.229,-0.624,-1.154,-1.148,0.128,-1.154,-1.148,-1.148,-1.154,-1.137,-0.381,1.017,-1.137,-1.154,-0.229,-1.137,1.017,0.128,-0.381,0.128,-0.624,-0.498,-1.137,-1.148,-1.148,0.128,-1.154,-1.148,-1.154,-0.624,-0.229,-0.381,-0.624,0.128,-1.137,-1.148,-0.3932818804340515,-1.1611747245913493,1.017,0.11792565771782323,-0.229,-1.154,-1.128310097926309,1.004411153432123,-0.23789506227361773,0.12081418833761434,0.14875376186073705,-1.1672952036974389,-0.34792402220941554
-0.834,1.197,1.118,1.197,1.197,-0.834,1.197,1.197,-0.67,-0.834,-0.67,0.829,-1.068,1.118,-0.67,-0.736,0.829,1.197,1.197,0.829,-0.709,-1.068,1.197,-1.068,0.098,0.098,-0.67,0.098,0.829,0.829,-0.736,-0.709,-1.068,1.118,-0.834,-1.068,0.829,0.461,-0.736,0.829,-1.068,-0.736,-0.709,0.098,-0.736,0.461,1.197,1.1776976627597433,-0.834,0.829,-0.67,-0.7389308195503077,1.2121429892918163,-0.8489922823946852,0.4491106163402677,1.118,-0.6867076195757854,-0.6814918106878696,-0.7162995354032178
-1.211,-1.211,1.275,1.007,0.701,-0.839,-0.992,-0.992,0.701,-0.839,-0.839,0.73,-0.676,-0.992,-0.701,-0.766,-0.839,-0.766,1.275,0.701,-0.766,-0.766,-0.676,0.73,1.007,0.73,-1.211,-0.766,-0.676,-1.211,-0.992,-1.211,1.275,1.007,1.275,-1.211,-0.701,0.73,0.73,1.275,0.73,-0.992,-0.676,-0.676,-0.992,0.701,-0.992,-0.839,1.007,0.73,0.6859108381964026,0.9841228984334416,-1.211,-0.849005461675252,-0.8208138054422617,-0.701,1.015914251960691,0.7374458201208947,-0.766,-0.676,1.0476367036362213,1.275
0.538,0.538,1.722,-0.151,-0.752,1.722,0.538,-0.151,1.633,-0.413,1.633,-0.786,1.722,-0.752,0.538,0.825,1.633,0.443,0.825,0.538,0.927,1.633,0.927,0.443,-0.151,1.722,0.443,-0.786,1.722,1.722,-0.151,0.538,-0.786,1.633,0.825,1.722,0.825,0.443,0.538,-0.752,0.927,1.633,0.927,0.443,0.443,0.443,0.443,0.825,0.8094523051548785,-0.752,1.633,0.927,0.43322984794516733,1.6178200158300338,0.9134330622816818,0.46999387661672326,-0.413,1.651361196542771,0.526225608928612,0.538,1.722,1.70608885293736
-0.858,0.113,-0.112,-1.352,0.602,-0.316,0.113,-0.112,-1.352,0.352,0.113,0.797,0.797,-0.858,0.797,0.113,1.395,0.602,0.352,1.395,0.113,-0.346,-0.858,0.602,-0.346,-1.352,-1.352,0.352,0.602,0.113,-1.352,-0.346,-0.858,-0.112,-0.858,-1.352,0.113,0.352,0.113,1.395,-1.352,-0.346,-0.858,0.602,0.797,0.352,1.395,0.113,-1.352,0.33491992868033993,-0.858,0.602,-0.346,0.797,0.10441786348738807,-0.8702721761179043,-0.112,-1.363471637835291,-0.35694756421973944,0.5833750635362707,0.3672066505273863,-0.8392771514614535,0.14662603032357271
-0.823,0.718,0.422,1.924,0.718,0.422,-0.686,0.044,-0.114,0.044,-0.112,-0.86,0.422,-0.86,-0.68,-0.112,0.044,-0.68,1.924,-0.86,1.924,-0.86,1.924,0.718,-0.112,-0.823,1.924,-0.86,1.924,1.924,0.422,-0.686,-0.114,-0.823,1.924,0.718,1.924,-0.686,-0.86,-0.68,1.924,1.924,-0.68,-0.86,-0.112,-0.13356712704431073,-0.114,-0.08870903709322338,-0.127088456031468,-0.6968316499614843,0.718,0.422,-0.10077997924155681,-0.6836348377981241,-0.6291338265792261,-0.686,-0.8765057268376083
-0.959,1.387,-0.959,-0.686,-0.415,-0.686,1.312,-0.459,0.229,-0.686,1.312,1.387,-0.459,1.387,1.312,1.312,-0.415,-0.959,-0.686,-0.686,-0.686,-0.959,1.387,-0.686,0.229,-0.459,-0.459,0.486,1.312,1.387,0.229,0.229,-0.537,0.229,-0.686,1.312,1.312,1.312,-0.537,-0.686,1.387,-0.959,-0.415,0.229,1.387,-0.4325735874477244,0.2112906606519101,-0.459,1.312,-0.3997443347946839,0.23516665460039732,0.486,-0.4702633419349727,0.26379028843323216,0.30497780602341557,-0.537,1.3758191868298686
-1.43,-0.594,-1.011,0.233,-1.43,-0.594,1.808,-1.011,-0.981,0.136,-0.594,1.808,-0.594,0.233,0.369,0.136,1.808,-1.43,-1.43,-0.594,0.369,0.369,1.808,-1.43,-0.981,-1.43,-0.594,0.369,-0.981,0.136,0.136,-1.011,-0.594,0.369,-1.011,-1.43,-0.084,0.136,-1.011,-0.594,-0.594,-1.43,-1.43,-0.981,-0.981,-0.981,-1.43,-1.011,0.233,0.136,0.12129334220342855,0.369,0.3547899399515691,-0.084,-0.981,-1.43,-1.0172602063500455,-0.9937325371596227,0.39374924939036254,0.16129477518166183
0.336,0.336,-0.189,-0.655,-0.773,-0.83,-0.817,0.336,-0.817,0.812,-0.773,-0.344,0.336,0.336,-0.779,-0.655,-0.817,-0.817,-0.189,0.66,0.812,-0.189,0.66,-0.779,-0.655,-0.83,-0.344,0.336,-0.344,-0.773,-0.779,-0.817,-0.83,-0.83,-0.189,-0.344,-0.344,-0.773,-0.779,0.66,-0.779,-0.817,-0.817,-0.189,-0.344,0.336,-0.817,0.66,-0.779,-0.83,-0.8315577105548805,-0.773,0.6430155559095305,-0.189,-0.8454588430008126,0.812,0.336
1.075,-1.324,1.861,1.861,-0.736,-0.736,-0.527,0.533,-0.736,-0.527,1.075,0.258,1.075,-1.324,-0.167,1.075,-1.324,0.258,-1.324,-0.511,1.075,1.075,0.258,1.075,0.533,-1.324,-0.511,0.533,-0.871,-0.527,1.861,1.075,1.861,1.861,-0.871,1.861,-0.511,-0.167,-0.871,-0.871,-0.511,-0.871,-0.736,-0.167,-0.167,0.258,-1.324,0.533,0.533,1.861,-0.527,-0.5550600872822161,0.533,-0.871,-0.736,1.8459598349625506,0.258,-0.511,1.075,-0.167,-1.324,0.2474793449798069,-0.8831605288801165,0.521942397546362,1.8966011628095565
-0.474,-0.121,-0.629,-0.286,-0.629,-0.938,-0.629,0.865,-0.286,-0.121,-0.286,-0.816,-0.286,-0.629,-0.286,-0.286,-0.156,-0.121,0.971,-0.629,0.749,-0.816,-0.286,-0.286,-0.629,-0.938,0.749,-0.474,-0.629,0.749,-0.474,-0.156,-0.286,-0.121,-0.121,-0.938,0.971,-0.121,-0.286,0.971,0.865,-0.629,-0.286,-0.816,0.865,0.971,-0.286,-0.938,-0.156,-0.286,-0.156,-0.629,-0.816,-0.286,-0.121,-0.141535282455777,-0.938,0.865,-0.2936551177595383,-0.474,0.8518598235185927,-0.8320057939902213,-0.4928696508562821,-0.156,-0.9478794900260036,-0.6383942756196428,0.749
1.006,-0.74,-1.142,-1.142,-0.77,0.933,-0.74,1.006,-0.632,-0.74,1.948,0.933,0.933,-0.856,0.805,0.933,-0.8,-0.632,-0.632,-0.8,0.805,1.006,0.805,-0.8,-1.142,-1.142,-0.77,0.805,0.805,-0.856,0.805,-0.856,-1.142,-0.77,1.948,1.948,-0.74,-0.856,-0.856,1.948,1.948,1.948,-1.142,-1.142,0.805,0.805,-1.142,1.948,1.948,-0.74,0.933,-0.77,0.9187478073591998,-0.632,-0.7825191253630135,-0.8,-1.142,1.006,-0.74,-1.1606168751119872,-1.1253917277611023,1.948,0.9706259706502541,1.9231656315919854,1.000342351552054,1.0378269570441456
-1.009,-1.195,-0.031,-1.211,-1.195,-1.211,-0.031,1.507,1.507,-0.957,1.507,-0.262,-1.009,-1.195,-1.009,-0.957,-1.195,-0.031,1.299,1.299,-1.195,-1.211,-0.262,-1.211,-0.262,-1.211,-0.262,-0.957,-0.957,-1.009,-1.009,1.507,-0.254,-1.195,-1.195,1.507,-0.957,-1.211,-1.211,1.507,-0.09,1.299,-1.211,1.507,-0.262,-0.254,-0.262,1.299,1.507,-0.957,-0.957,-0.9706371714767086,-1.009,-0.031,-1.0295215173979395,-1.0019389778699763,1.507,-1.211,-1.2288630548316135,1.4946217632057022,-0.9290735921164808,-0.04472683310863912,-0.254,1.5401330282189112,-0.262,1.569677196763695,-0.02338869094455841,-1.1748845915277246,-0.8771649808771854,1.5845969665052662,1.6363608028931351
1.022,0.903,2.162,-0.676,-0.676,0.95,0.903,-0.908,-0.908,-0.908,1.022,0.903,-0.676,0.903,-0.81,2.162,-0.908,0.903,0.903,-0.81,-0.81,2.162,-0.908,1.022,-0.81,2.162,-0.384,0.428,0.95,1.022,0.511,-0.384,-0.384,-0.384,0.903,-0.908,0.95,-0.908,0.95,-0.81,2.162,0.95,1.022,1.022,1.022,0.903,-0.384,-0.908,2.162,-0.908,-0.81,0.903,0.428,0.8874129614645148,2.162,0.4130839096100793,-0.384,-0.413067683876022,-0.676,2.146814619089766,0.9185672649561157,-0.9218060853631288
0.235,-1.05,-0.742,-1.05,1.37,-0.72,0.235,-0.72,-1.05,-0.742,-0.92,-0.742,0.9,-1.112,0.948,0.948,1.37,0.235,0.948,0.948,-0.742,-0.72,0.948,-0.634,-0.742,-1.112,0.948,-1.112,0.235,0.9,1.37,-0.634,-1.05,1.37,-1.05,0.9,-0.742,0.235,0.235,0.948,-1.05,-1.112,-0.92,0.235,-1.112,-0.92,-1.05,-0.92,-1.05,0.9,-1.05,-1.112,1.37,-0.92,0.235,0.2175086914343227,-1.112,0.24667322581933954,-1.1226088485461772,1.37,-0.72,-0.742,-1.0984558449122193,-0.634,-0.6461343378964276,0.2837560226212927,-1.05,-1.0662485996710767,-0.7333696027870308,0.3291496471305232
-0.272,-0.99,1.174,-0.272,0.24,-1.223,1.174,0.756,0.187,0.756,-0.99,-1.03,0.24,0.187,-1.223,0.24,0.756,0.756,0.24,0.24,0.428,-1.223,-1.03,-1.223,0.447,-1.223,0.756,0.756,-0.99,0.447,-0.99,0.24,-1.03,1.174,0.24,-0.99,1.174,1.174,-1.223,-0.272,0.187,0.756,0.24,0.24,-1.223,1.174,-0.99,-1.223,-1.03,0.24,-0.99,-1.223,0.447,-0.99,0.4277662200231447,0.187,-1.0012788433163893,-1.232055292829617,0.756,0.4728873044079045,0.428,0.24,-1.211440729036975,-1.03
-0.7,-0.65,-0.731,-1.195,-0.701,-1.195,-1.195,0.332,1.564,-0.7,1.564,-0.701,-0.7,-0.701,-0.731,-0.701,-1.195,-0.731,0.173,-1.195,1.564,-0.7,0.173,-0.65,-1.195,-0.416,-0.701,0.855,0.173,-1.195,-0.701,-1.195,-0.65,-0.416,1.564,-0.731,-0.731,0.332,-0.731,0.173,-0.7,0.332,0.173,1.564,-1.195,-0.731,-0.65,0.173,-0.701,0.855,-0.416,-0.7,0.15701176244244322,-1.195,-0.712302448687855,0.332,-1.2052785963575816,-0.731,-0.4250966745331915,0.8463270184572655,-0.3951613454532658,1.564,-0.3421598557633925,1.5489134316849091,-0.65,-1.1639563237343014,0.1844229732871235
-0.268,-0.62,2.051,1.422,-0.268,-0.502,-0.669,0.015,-0.948,-0.268,-0.268,1.422,1.422,1.65,1.65,-0.502,0.015,-0.418,1.422,-0.948,-0.669,2.051,-0.502,-0.268,2.051,-0.268,1.422,-0.502,1.422,-0.948,-0.948,-0.669,-0.948,2.051,-0.669,2.051,1.65,1.422,-0.62,1.65,2.051,0.015,1.65,-0.268,2.051,2.051,1.422,-0.502,-0.418,-0.669,0.015,1.65,-0.62,0.015,2.051,-0.669,-0.62,-0.62,1.422,-0.62,-0.418,2.051,1.413232770161018,1.65,-0.268,1.442331919563828,-0.948,-0.28744997699099234,-0.627946032513617,-0.502,2.041235369626702,-0.669,-0.4269828689865236,-0.5193166506162987,-0.38483954646735896
0.289,-1.051,0.716,0.716,0.031,-0.106,-0.099,-0.106,-0.106,-0.01,0.533,0.031,1.186,0.533,0.031,1.124,1.186,-0.099,-1.051,0.533,0.031,0.716,-1.051,1.186,1.124,-0.099,-0.106,0.031,0.289,1.186,-1.051,0.289,-0.01,-0.01,0.289,-1.051,0.031,-1.051,-1.051,0.289,-0.106,-0.106,-1.051,0.289,-0.106,1.124,0.533,0.031,-0.099,0.031,1.186,-0.01,0.031,0.533,0.716,1.124,0.289,-1.051,1.11445619108598,1.1732975684006435,1.1369985816844925,0.5195120900401197,0.5726847389196432,-0.106,0.016080810934436526,0.6022270440764357,1.2259672050529107,1.2521430968759162,1.1752285830619529
-0.767,0.861,1.555,0.108,-0.767,0.108,-0.877,-0.798,0.87,-0.767,0.861,-0.228,1.555,-0.877,-0.385,-0.142,-0.385,-0.385,-0.877,-0.798,-0.385,1.555,-0.877,-0.228,0.108,-0.767,-0.877,0.861,0.861,0.108,-0.767,-0.798,1.555,-0.385,-0.798,-0.877,0.87,-0.798,-0.228,0.87,0.87,-0.767,-0.877,-0.877,-0.767,-0.767,-0.877,1.555,0.108,-0.385,-0.798,1.555,-0.142,1.540258783620994,-0.767,-0.40211484942368403,-0.8146269924368306,-0.3501122854101164,-0.15788042256257476,-0.30839241248335664,-0.7765007663590487,0.87,0.861,-0.7776676179418737,-0.7426833982189194,1.561359862337062,-0.228,-0.7053162304314107,-0.27231521631177996,0.8568384919808765,-0.23311258184658828,-0.23991646641218256
0.024,0.972,-0.604,0.562,-0.604,0.972,-1.335,1.042,0.024,-0.812,0.562,1.277,-1.004,1.277,-1.335,-1.335,0.45,1.042,0.972,1.277,1.042,1.042,-0.812,-0.604,1.042,-1.335,0.972,1.277,1.042,0.562,-1.004,-1.004,-0.812,0.972,0.972,-1.335,-1.335,-1.335,0.562,-0.604,-1.335,-1.335,-0.812,0.562,0.562,-1.335,0.024,0.562,-1.004,0.024,-0.812,1.042,-0.812,-1.335,0.024,0.45,1.277,-1.351706384666399,0.972,-0.604,1.2663919730984208,-0.8308010904396128,1.305958172517525,0.4363711055994789,0.562,0.5522221348151961,-0.7894214126292645,0.47590514878520196,0.9564692903502434,-0.76935468712372,0.5818412436003549,0.011342252315105925,0.5066267730216146
-1.155,-0.607,-1.155,0.088,0.022,0.088,-0.607,0.929,-0.143,-0.143,-1.155,-0.44,-1.155,0.929,-0.44,-0.892,-1.155,-0.607,0.088,-0.44,-0.44,-0.143,0.929,0.088,0.088,-0.44,-0.44,0.088,-0.294,-0.892,-0.44,0.088,-0.892,-0.143,0.088,0.022,0.088,0.443,0.022,-0.143,-0.44,-0.892,-0.892,-0.892,-0.44,0.929,0.9118078467484976,-0.607,-0.6280304768961692,-0.143,0.088,-0.1550827998128437,-0.9052376076159757,0.022,0.9630549763543809,0.009059369761944009,-0.11939726426642437,-0.8751591639862765,0.04469167037933997
0.155,0.118,1.462,-1.074,-1.074,0.155,-0.704,0.62,1.462,0.062,0.931,-0.148,-0.704,0.691,-1.074,0.62,1.462,1.462,0.118,0.118,0.155,0.691,-1.074,0.155,0.931,1.462,0.155,0.118,0.931,-1.074,0.62,0.062,0.931,0.62,0.931,0.155,0.931,0.931,-1.074,-0.704,0.691,1.462,0.62,-1.074,0.931,-0.704,0.155,1.462,0.62,0.155,-1.074,0.062,-0.704,0.118,-0.148,0.691,-1.0832874743571141,0.050439634111134224,0.14004303535877863,-0.15740278359683843,0.62,1.462
0.797,1.215,-1.366,-0.683,0.797,-1.059,-1.366,0.797,1.694,2.171,2.171,-1.366,-1.059,1.694,-0.291,2.171,1.215,1.694,1.215,1.694,0.795,2.171,1.215,-1.059,0.795,-0.291,-1.366,-0.291,-1.059,1.215,1.694,-0.291,-1.366,-0.291,-0.78,-1.366,1.215,2.171,0.797,-0.683,-0.683,-0.291,2.171,1.215,2.171,-0.683,2.171,-0.78,-0.78,-1.366,-0.78,1.215,-1.059,-0.683,-0.78,0.795,-0.78,1.694,-0.291,-1.366,1.215,0.797,-0.291,2.171,-0.683,0.795,0.7755557064472692,0.797,0.7771616103040887,-1.366,0.8204578565871855,-1.059,2.171,-1.3780767328107697,1.215
0.005,-1.088,0.483,-0.388,-1.03,0.483,-1.03,0.005,-0.388,-0.388,-1.03,-1.088,-0.388,1.825,1.825,-1.088,-1.079,1.825,-1.03,0.005,0.005,0.483,0.483,1.825,-1.03,-1.088,1.825,0.005,-1.088,1.825,-1.079,1.825,-1.088,-0.83,-1.079,1.825,-0.83,-1.03,-0.83,1.825,-1.079,-1.079,0.005,0.483,-0.166,0.483,-1.03,-1.079,-0.388,-0.166,-0.17490129413673153,-1.03,-1.088,0.483,-1.0431480879988189,1.825,-0.388,-0.388,-0.83,-0.9964825292538136,1.8096535473805697,-0.4029355777224215,0.005,0.47030302895979603,-0.0063849280354366005
-0.357,-0.474,-0.357,-0.474,0.277,0.277,1.904,-0.474,-0.357,1.904,-0.901,-0.901,-0.615,-0.474,-0.357,-0.615,-0.357,-0.068,-0.357,-0.077,1.904,-0.474,-0.615,-0.357,-0.077,-1.251,-0.901,-0.901,0.277,-0.357,-1.251,-1.251,-0.901,0.277,-0.068,-0.357,-1.251,-1.251,-1.251,-0.901,1.904,-0.077,1.904,-0.077,-0.077,-0.615,-1.251,-0.615,1.904,-1.251,-0.615,-0.901,1.904,0.0,-1.251,-1.2631453935275574,-0.9146894390557583,-0.01606180028721244,1.8916592261152692,-0.068,0.014233326482056715,0.04691860810959306,-0.8644700836216348,-1.22656998204072,-0.077,-0.8245597827017156,0.08027314752421721
0.753,1.221,-0.916,-0.719,-1.166,0.753,1.221,-0.621,1.021,-0.683,-0.683,0.753,-1.166,0.753,1.021,-0.84,1.221,1.021,-0.916,-0.719,0.753,0.753,-0.683,-0.84,-0.362,-0.719,-0.362,-0.84,0.753,-0.916,-1.166,0.753,1.021,0.753,-0.916,-0.621,1.221,-1.166,1.221,-0.719,1.221,-1.166,0.753,-0.84,1.021,-0.84,1.221,1.0070753720575465,-0.362,-0.621,1.0414176081907094,-0.683,-0.719,1.2053857490781275,-1.166,-0.856398778924912,-0.7380285625506973,-0.37527766972428667,1.251291630211129,-1.17853628949622,-0.702146040620924,-0.6840199150718261,-0.916,-0.6956524707867603
-1.115,0.588,-1.046,0.588,-0.217,-1.115,-0.217,-1.115,0.588,0.588,-0.748,-0.748,-1.046,-1.046,-1.115,0.38,1.515,-1.115,0.588,0.475,-1.115,0.475,-1.046,0.232,-1.046,0.38,0.232,1.515,-1.115,-0.748,-1.046,-1.115,-0.217,-0.748,0.326,-1.115,0.38,1.515,0.326,0.38,1.515,-1.046,0.326,0.3036250125222325,0.3197631615621526,0.3436951619795655,0.475,0.588,-1.046,-1.115,1.515,0.46411792282830183,0.5712945307216215,-1.0591374992237677,0.232,0.38
1.095,0.246,0.246,1.148,1.148,-1.098,0.965,-1.168,0.246,0.428,-1.168,1.148,0.965,-1.168,0.428,1.095,-1.098,1.095,0.246,-1.168,0.246,0.43,1.095,0.965,-0.769,-1.098,1.095,1.148,-1.098,1.095,0.965,0.428,0.246,-0.769,-0.866,-1.168,0.965,0.428,1.095,-0.769,1.148,-1.098,1.095,0.43,-0.866,-1.168,0.428,-1.168,-0.866,1.148,-0.866,0.965,0.246,1.148,1.129755375695166,-0.8811240744231085,-1.098,0.43,0.9540743457864117,1.095,-1.111573696087095,-0.769,1.1737302211599496,0.428,0.23664207175290203,-1.077072649764096
-0.208,-0.401,-0.864,-0.778,-0.208,1.469,-1.016,-0.401,-0.778,1.174,-1.032,-0.778,1.174,-1.032,-1.032,-0.864,-1.032,-0.961,1.174,-0.961,1.469,-0.961,1.182,1.182,-1.016,-0.961,1.182,1.182,-1.016,-0.961,-0.208,1.469,1.182,1.182,-0.961,-0.208,-1.032,-0.778,-0.401,-0.961,-1.016,-0.208,-0.778,-0.208,-0.401,-0.778,1.469,-0.864,-0.961,-0.401,1.174,-1.032,-0.864,-1.016,-0.864,1.469,-0.208,1.458253310549066,-0.23006431801001354,1.4809381428540151,-1.016,-0.19739690733273527,1.5213085195782452,-0.401,-0.16906267324185234,1.174,-0.11171687136497484,1.182,1.1560229286377885,-0.0712063510146383,-1.032,-0.05948310999984874,1.1750500925256713,1.181911275464102
1.565,1.078,1.317,1.338,1.317,0.025,0.025,-0.38,1.338,-0.38,-0.795,0.025,0.025,1.317,1.565,0.025,-0.447,1.317,-0.795,-0.795,1.538,0.025,1.565,1.078,1.317,1.317,1.078,1.538,1.317,1.317,1.317,1.538,1.538,1.338,1.338,1.338,1.078,1.538,1.317,1.317,1.078,-0.38,1.565,-0.38,-0.447,-0.447,0.025,-0.795,0.025,0.007107306230840677,1.317,1.538,1.5276805856355338,-0.810201012942762,-0.38,1.3058676265487394,1.565,1.078,0.029683576724183428,-0.7643869165089523,-0.39448525064935125,1.5775826138415765,1.6102802786192514,0.061099125755081946,0.08231999586026398,1.551354035605364,1.3427863253426144,1.366984778058139
-0.042,-0.083,-0.791,0.27,1.121,-0.117,0.273,0.273,0.27,-0.678,-1.181,-0.791,-0.083,-1.181,-0.042,-1.181,-0.117,-1.181,1.121,1.121,-1.181,0.27,-0.678,-0.083,-0.791,-1.181,1.197,-1.181,-0.042,-0.117,-0.042,0.273,-0.117,-0.791,1.121,-1.181,-0.117,1.197,0.27,0.27,-1.181,1.197,0.27,-0.678,1.121,-0.791,1.197,-0.042,-0.05868218631371723,-1.181,-0.083,-0.117,-1.1967616253899818,0.273,0.27,1.18067508657671,-0.791,1.121,-0.678,-0.037568524027239175,1.106657083413371,-0.8028016021068725,0.0010115134242782448
-1.198,-0.937,-0.783,-1.484,-1.484,-0.203,-0.783,-0.203,1.605,-0.203,-1.484,1.605,-0.937,-1.198,1.061,1.605,-0.203,-1.198,-1.484,-0.471,-1.484,-0.773,-0.937,-1.484,1.605,-1.198,-0.773,-0.937,-0.783,1.502,-0.471,-0.203,-0.203,1.061,-0.783,1.605,-0.773,1.605,1.502,1.605,-1.198,-1.484,-1.484,-1.198,-1.484,1.502,1.061,-0.773,-0.937,-1.198,1.502,1.061,1.502,1.0476856680670985,-1.484,-0.471,1.605,1.0803544620157133,-1.4974791682180093,-0.48415506056937424,1.493266543651293,1.125713309569753,-0.937,1.595315540675301,1.6304747620738445,-0.9496856165739677
-0.94,0.642,-1.039,-1.039,1.433,-0.94,1.433,0.642,-1.039,0.633,0.633,1.433,-0.94,1.082,0.633,0.633,1.082,-1.037,-0.768,0.633,-1.037,-0.469,-1.037,0.642,0.633,0.633,-0.94,-0.768,1.082,-0.469,-0.94,-1.039,1.433,1.082,1.082,-1.039,-0.768,-0.768,-1.037,-0.469,-1.039,-0.94,0.642,1.082,1.433,-0.469,-0.768,-1.039,-0.94,-0.768,-0.94,-1.037,1.433,0.642,-0.949856481396257,-0.469,-0.9204117746083841,1.082,-0.7817935147491986,-1.039,0.0,-1.0516144152408784,0.633,1.0705036244195818
1.24,-0.921,-1.345,1.612,-1.345,-1.345,1.002,1.626,1.612,-1.195,1.626,-0.946,0.46,1.626,-1.195,1.626,-0.921,1.626,-0.921,-1.345,0.06,-0.921,-0.946,1.626,-1.345,1.612,-1.345,1.24,-1.195,-0.921,-1.345,-1.195,1.002,-1.345,1.626,1.24,-0.921,1.626,-0.946,-1.195,-0.921,-0.921,1.24,1.002,-1.345,-1.345,0.06,-1.345,1.612,-0.946,-1.195,-1.195,-1.345,1.002,0.06,0.04027592569450868,0.46,1.626,0.06636368414315448,0.10143313194517545,1.612,0.13618426469978054,0.16876153817339626,1.002,1.6133877293615533,0.9920365414905963,-0.921,0.20558508546868184,-1.195,0.24766668105188444,-0.9352771929604206,1.598406309424015,1.6303203537474649,1.24,-0.946,0.45074037282904234
1.607,-0.094,-0.573,1.826,-0.82,1.607,1.022,1.022,0.571,0.182,1.022,1.607,1.022,1.607,1.826,1.826,-0.094,-0.732,-0.732,1.607,1.826,0.182,1.022,-0.7,-0.82,-0.732,-0.573,1.826,-0.573,1.607,0.571,0.571,1.022,-0.094,1.826,0.182,0.571,-0.7,1.022,-0.82,-0.82,-0.573,-0.7,1.022,-0.094,-0.573,-0.7,1.826,0.571,-0.573,-0.573,0.571,1.022,-0.7,1.826,1.0053148235713534,1.8096112717872948,-0.7123691215572955,1.855281098650882,-0.82,-0.8366721757865551,1.607,0.182
-0.25,-0.91,-0.91,0.798,-0.25,0.875,-0.017,-0.769,0.375,-0.769,0.875,0.375,-0.91,-0.017,0.798,-0.769,-0.769,-0.017,-0.91,-0.017,-0.25,1.082,-0.91,-0.769,-0.91,0.798,1.082,0.798,-1.005,-0.769,-0.769,-0.769,0.798,-0.017,0.798,-1.005,-0.91,-0.769,1.082,-1.005,-0.769,-1.005,0.375,0.798,-1.005,-1.005,1.082,0.375,0.443,1.082,0.875,-1.005,-0.25,-0.769,-0.7817533089734652,0.798,1.0619725152027009,-0.7550878096797243,1.0914723990842703,-0.7326825831887883,-0.26188201143180834,-0.017,0.375,-1.016994959167891,0.8638036492349827
-1.103,-0.019,-0.17,-0.019,-0.901,1.717,-0.17,-0.641,-1.284,-0.901,-1.284,0.032,-0.641,-0.901,-0.641,-0.612,-0.235,-0.641,-0.17,-0.17,-0.17,-0.235,-1.103,0.032,-0.17,-1.103,-0.17,-0.641,-0.641,-0.612,-1.284,-1.284,-0.612,-0.019,-0.901,-0.019,-0.235,-1.284,1.717,-0.612,1.717,-1.284,-1.284,-1.103,-0.019,-0.641,1.717,-1.284,-0.17,-0.17,-0.641,1.717,-1.103,-0.901,-0.901,-1.103,0.032,-0.901,-0.019,-1.284,-0.03210860038074429,-1.103,1.717,-0.17,1.7045270533105732,0.020177986097839114,-0.18620696335777165,-0.641,-0.9114515843543572,0.0012511523441810328
-1.174,-1.174,-0.652,1.112,-0.652,-0.285,-0.968,-1.174,-0.285,-1.174,-1.174,-0.733,-0.733,1.66,1.66,-0.652,-1.174,-0.968,-0.968,-0.733,0.531,-0.652,-0.733,-0.376,1.66,-0.968,1.66,1.112,-0.162,-1.174,1.66,-0.162,-0.733,-0.733,1.112,1.112,1.112,-0.968,-0.285,-0.968,-0.733,0.531,-1.174,1.66,1.112,-0.376,-1.174,0.531,-0.968,1.112,-0.285,-1.174,-0.2982708032059423,1.66,-0.162,-0.733,-0.376,-0.2625487129190747,1.0997049673728032,-0.17287322692365079,-0.7464210268280804,0.531,-0.652
-0.65,1.214,1.214,-0.665,-0.427,-0.973,-0.973,-0.717,-0.427,0.177,1.214,-0.224,1.214,0.876,1.214,-0.973,0.226,0.177,-0.65,0.177,0.876,-0.665,-0.717,0.177,0.177,-0.973,-0.427,1.214,-0.665,-0.973,-0.973,-0.717,-0.224,1.214,-0.224,0.876,1.214,-0.65,0.876,-0.65,0.177,-0.427,0.876,0.226,1.214,-0.427,0.177,0.226,-0.973,-0.717,0.876,-0.7360535884584327,0.16481204912933625,0.21452355174341625,0.23193720374058413,-0.427,-0.98686206623342,1.214,0.2788803293287866,0.2061553748950467
-0.039,-0.152,0.35,-0.778,-0.16,-0.249,-0.249,-0.565,2.035,2.035,-0.778,-0.403,-0.565,2.035,-0.565,-0.039,0.35,-0.403,-0.039,-0.249,-0.039,0.326,-0.152,2.035,-0.249,-0.16,-0.249,-0.249,-0.565,-0.778,-0.039,-0.039,2.035,-0.152,-0.565,-0.403,-0.152,-0.778,2.035,0.326,-0.565,-0.152,2.035,2.035,-0.565,-0.16,-0.565,2.035,-0.152,0.35,-0.168450391190261,2.035,-0.16,2.0155694805403668,0.3333992619202945,-0.17073866902153245,0.37473861714265244,-0.14080213075957856,-0.565,0.40167680834331093,0.326,0.4177341585533052,2.0664533436135866,-0.778,-0.5737740260682801
1.822,1.451,-1.016,-0.926,1.675,-1.145,1.461,1.675,-1.116,-0.938,-1.016,-1.116,0.941,-1.145,-0.938,-0.938,1.675,1.675,-0.926,1.451,-1.145,1.451,-1.016,-1.016,-1.116,1.822,-0.926,1.822,1.451,1.675,-1.116,-0.926,1.461,-1.145,1.461,1.451,-1.116,-1.016,-1.116,1.822,-1.145,1.675,1.451,-1.145,1.675,-0.938,-1.016,-1.016,-1.145,-1.116,-0.926,-0.938,0.941,1.461,1.461,1.461,-0.926,-1.145,1.822,1.4482309310427528,-1.1565321418298398,1.4623747081057368,-1.1235426173633076,1.4816851611414792,-1.116,-1.0801607584376587,-0.938,-0.9387577970880149,-1.045676569914191,-1.016
-0.358,-0.711,-0.519,0.599,-0.358,-1.077,-1.077,-0.006,-0.198,-1.077,-0.519,-0.928,-0.928,-1.077,0.678,-0.711,-0.358,0.678,0.599,-0.928,-0.928,0.96,0.96,-0.358,0.96,0.599,-0.928,-0.519,-0.519,-0.928,0.678,-0.358,0.678,-1.077,0.599,-0.358,-0.519,0.599,-0.711,0.599,-1.077,-0.519,0.599,-0.711,-0.711,-0.711,-1.077,-0.711,-0.358,-0.928,-0.9495643362402054,0.599,-0.711,-0.9197546725624942,-0.3733290620008656,0.5811294715338413,-1.077,-0.7244389609841776,-0.006,0.678,0.6103482804121341,-0.519
0.428,-0.059,0.363,1.109,0.738,0.363,-0.975,1.109,1.109,-0.975,1.109,-0.713,0.738,0.923,-0.059,0.738,0.363,-0.713,0.923,0.738,0.363,1.109,-0.059,0.738,-0.975,0.905,1.109,0.363,0.738,1.109,0.363,0.923,0.738,0.738,0.738,-0.975,-0.713,0.738,-0.713,-0.713,1.109,-0.059,0.905,-0.059,-0.975,1.109,-0.457,1.109,0.923,-0.457,-0.975,-0.059,0.905,-0.07403772977734883,0.8939593572570351,-0.975,0.738,-0.984897710591856,-0.9470755050435086,-0.9263449724328168,0.923,0.7269211172366927,-0.055809498344396934,0.428,-0.009350111508248743,-0.457
0.738,-1.315,1.281,-1.315,0.738,-0.252,-0.476,-0.476,-1.063,1.311,1.311,0.151,-0.252,0.738,-0.476,1.111,-0.476,0.738,-1.063,1.281,-1.063,1.311,-1.063,-1.315,-0.407,-0.476,-1.063,-1.315,-1.315,1.311,1.281,-0.476,-1.063,0.151,0.738,1.281,-0.252,-1.315,1.111,-1.063,-1.315,1.111,-1.063,-0.407,-0.476,-0.252,0.738,0.7161006069326729,1.281,1.311,0.151,-1.0778442731581508,0.7395696662379811,-0.26388719720033504,-1.029814846963926
1.364,-0.04,-1.177,-1.177,1.364,-1.202,1.364,-1.202,-0.363,1.633,-0.681,-0.892,-0.892,-0.363,1.633,-1.202,-1.202,-1.202,1.364,-0.892,-0.04,-1.177,0.87,-0.04,-0.681,-0.363,-0.363,-0.363,-0.363,0.87,0.87,-0.892,-1.177,-1.177,0.87,1.633,-0.892,1.364,-0.119,1.364,1.364,-1.177,-0.04,1.633,-0.04,1.633,-1.177,1.364,-0.04,-0.892,1.633,-1.202,-0.119,1.633,-0.13542163427690843,-0.10771378759246468,-1.202,-1.2143940717482542,-0.681,-1.185131102232885,1.6232192724202963,-0.04,-0.08511820362104952,-0.363,-0.38203812565748463,-0.05860351368067584,-0.039264317857046926,1.364,1.3471909226827863
-0.723,0.385,2.102,1.934,-0.169,0.272,-0.537,-0.723,2.102,0.625,0.272,1.934,-0.971,-0.723,1.934,-0.169,-0.169,2.102,-0.723,-0.971,0.385,1.934,-0.723,-0.537,-0.723,2.102,0.625,-0.537,2.102,0.625,-0.723,2.102,-0.723,-0.507,0.385,0.625,-0.971,0.272,-0.971,-0.507,1.934,0.385,-0.971,0.625,-0.507,-0.723,-0.971,-0.507,2.102,0.625,-0.5257018005588244,0.272,-0.723,0.2574965112948637,-0.971,-0.7317182911106171,0.6115269453848285,2.0954271638732935,-0.9823761276751425,0.385,-0.537,-0.6916441720519422,0.37007811917029404
0.802,-0.73,-0.009,-0.438,0.865,1.135,0.865,1.135,-0.685,-0.806,-0.685,0.802,0.802,-0.946,-0.946,-0.946,-0.009,-0.685,-0.806,-0.73,-0.438,-0.806,1.135,-0.806,-0.946,1.135,-0.685,0.802,-0.009,-0.73,-0.009,0.802,0.802,1.096,-0.946,-0.946,1.096,-0.806,0.802,1.135,1.135,0.802,-0.009,-0.806,-0.438,-0.73,0.802,-0.457916502993993,-0.8189051673278067,-0.946,0.865,0.7913822172853272,1.135,-0.02087212604911927,1.096,-0.9672665436039909,-0.40602092180445887,0.011310685179653395,-0.7707435592712085,0.8516247308077864,-0.929285351166827,-0.7282984714817284
0.522,2.553,-0.398,2.099,-0.398,-0.934,-0.61,-0.934,2.553,2.099,-1.227,2.099,2.099,0.522,0.522,-0.054,0.522,-0.398,-1.227,2.553,2.553,-0.903,2.553,-0.903,2.553,-1.227,2.553,-0.903,-0.61,0.136,2.553,0.136,-1.227,-1.227,-1.227,-0.054,-0.934,-0.903,-0.61,2.099,0.136,0.522,2.099,-0.054,-0.934,0.136,2.099,-0.054,-0.934,2.553,2.085014930180331,0.522,-0.0685089730828658,-0.398,-0.4130826874663794,0.5078824303191878,-0.35095928031632834,-0.3077130414287909
-0.936,-0.79,-0.594,1.154,-0.9,0.392,-0.594,0.392,-0.9,-0.79,-0.239,-0.936,-0.138,-0.239,-0.79,-0.936,-0.9,0.392,-0.239,1.154,1.154,-0.239,0.392,-0.79,-0.9,0.327,1.014,-0.936,-0.936,-0.936,-0.239,-0.9,-0.9,0.392,-0.594,1.014,0.327,0.392,1.154,-0.9,0.392,-0.239,0.392,0.392,0.392,-0.594,1.154,-0.9,-0.239,-0.594,-0.936,-0.79,-0.79,-0.239,1.014,0.999745777610372,1.0104687490262583,0.327,-0.936,-0.9497366347814261,-0.9,1.154,-0.138,-0.9156963336716084,-0.9136658333315488,-0.1496275260046996,-0.594,1.0588456162596134
1.575,1.575,1.575,-0.443,-1.03,-1.102,-1.156,-0.937,-1.215,-1.03,-0.937,-1.156,-1.215,-1.03,-0.19,0.843,-0.937,0.843,0.843,-0.443,-1.215,-0.19,-1.03,-1.156,1.575,0.843,-1.156,-1.102,-1.03,-1.102,-0.19,-1.156,-1.215,1.575,-1.215,-1.156,-1.102,-1.102,1.575,-0.19,1.575,-1.102,-0.19,-1.03,0.906,1.575,-0.443,0.906,0.906,-1.102,-1.215,-0.937,-0.937,-1.03,-0.19,-1.03,-1.102,-1.0443154999044797,-0.937,1.575,-1.1123438045650544,-0.443,-1.0776912956851585
1.791,-1.075,1.656,2.139,-0.731,-0.96,-1.075,1.791,2.139,-0.052,-1.075,-0.052,1.791,-1.075,2.139,-0.385,-1.075,-0.96,-0.96,1.0,1.0,-0.087,1.656,-0.385,2.139,-0.96,-0.385,1.656,1.0,1.656,-1.075,1.791,-0.087,-0.96,-0.96,-1.075,-0.052,1.656,1.791,1.656,-0.731,1.656,-0.731,1.791,1.791,1.791,-0.96,1.791,-0.731,2.139,-0.731,-0.087,2.139,1.0,-0.087,-1.075,-0.96,-0.0994410740745851,2.139,1.0,-0.05958199012864947,-1.0889192824237484,-0.052,-0.385,0.989597413060034,1.791
-0.952,-0.832,-0.952,1.824,1.824,1.824,-0.885,-0.885,-0.885,-0.885,-0.832,-0.666,0.474,-0.666,-0.885,0.474,1.123,-0.885,-0.826,-0.885,-0.952,-0.832,-0.832,1.824,-0.826,-0.826,-0.666,0.474,-0.666,-0.832,1.123,-0.885,-0.826,-0.952,1.123,1.123,0.474,-0.952,0.645,-0.832,1.123,-0.328,-0.832,1.824,-0.952,0.474,-0.826,-0.885,0.645,0.645,-0.952,1.824,-0.826,-0.885,0.645,-0.666,-0.826,-0.8357279790931911,-0.952,-0.6770831935723475,-0.6152672175593354,0.6300986104972832,-0.832,-0.8966696258162704,1.824,-0.799989960897175,-0.7644266054934421,1.8073709595394791
-0.312,-0.07,-0.312,1.958,-0.312,-0.07,1.958,-0.07,-0.512,-0.312,-0.63,-0.752,-0.752,-0.383,-0.512,-0.752,0.552,-0.72,-0.383,1.401,-0.383,1.958,-0.312,-0.72,-0.63,-0.72,1.958,-0.752,-0.312,1.958,-0.383,-0.72,-0.752,-0.07,-0.383,-0.512,-0.752,-0.312,1.401,-0.63,1.401,1.401,-0.312,1.401,-0.72,-0.07,-0.312,-0.752,-0.63,1.958,-0.0863238751151966,1.401,-0.7334561276543957,-0.6412342994671585,0.552,-0.3258043368500136,-0.512,-0.383,-0.7620788878237424
0.618,0.426,1.163,1.163,-1.227,-0.509,1.038,1.038,-0.896,-1.227,0.249,-0.634,-1.227,-0.805,0.249,1.163,-1.227,1.163,-0.509,0.618,-0.896,1.163,0.618,-0.896,-0.805,0.618,1.038,-1.227,1.038,-0.634,0.618,0.426,-0.896,0.426,-0.805,-1.227,-1.227,0.426,0.618,-1.227,-0.805,1.038,0.618,0.249,1.038,0.618,-1.227,1.163,0.426,-0.634,-1.227,-0.805,1.038,-0.634,1.163,-0.509,-0.896,-1.227,-0.5167749452183228,0.618,-0.9058244638115929,1.1475470031662347,-0.4757524419206029,-0.42954263160028366,-0.40781349563794356
1.104,1.104,-0.583,-0.583,-0.983,1.456,1.456,-0.448,-1.205,-1.205,0.007,-0.983,1.456,1.456,0.007,-1.205,-0.444,-0.448,-0.983,1.486,1.456,0.007,-0.983,-0.583,-1.205,-0.444,1.486,1.104,1.486,1.456,1.456,-0.983,-0.444,-0.983,-0.448,-1.205,-1.205,1.456,-0.448,-0.413,-0.448,-0.448,0.007,0.007,1.456,-0.983,-0.413,-0.413,-1.205,0.007,-0.983,-0.448,-1.205,1.486,1.4669047932445964,-0.9953076337888858,1.5097341912188948,-0.583,1.5452497654695045,1.104,-0.598299673984241,-0.9714885239339919,-1.215811349076212,1.456,-0.45751950500375715
2.29,0.735,0.735,2.29,2.29,-0.051,-0.879,-0.688,-0.915,-0.792,-0.915,0.465,2.29,-0.879,-0.646,-0.688,-0.688,-0.051,2.29,0.735,-0.646,0.735,-0.646,-0.792,0.465,2.29,-0.879,-0.688,-0.257,-0.792,-0.915,0.465,-0.646,-0.646,-0.646,-0.051,0.735,0.735,-0.646,-0.792,0.465,-0.915,2.29,2.29,2.29,-0.915,-0.879,-0.051,-0.688,-0.6984925371663987,-0.06352334847110225,0.735,-0.792,0.465,0.4534121357138964,-0.8064243060264192,-0.7968968998394179,-0.879,2.29,-0.02105670329458341,-0.006725324668835624,-0.7709817170145621
-0.411,0.441,-0.959,1.117,-0.411,-0.176,-0.176,0.682,-0.083,-0.083,0.682,-0.959,0.441,-0.354,-0.959,-0.959,-0.411,-0.083,-0.083,-0.176,-0.354,-0.083,-0.739,-0.586,-0.176,-0.739,-0.739,-0.176,-0.959,0.441,1.117,1.117,1.117,1.117,-0.739,1.117,-0.354,-0.959,0.682,0.682,-0.176,0.682,-0.411,-0.354,-0.354,-0.739,1.117,-0.959,-0.586,-0.354,0.682,-0.083,-0.739,-0.959,-0.586,-0.176,0.682,-0.5965275928572289,-0.5396943929925611,0.441,-0.083,-0.354,-0.512863989385643,-0.3687548108537361,1.117,-0.3296810775032184,-0.9683129993987022
-1.369,-0.913,0.048,0.397,0.397,0.356,-0.879,0.356,-0.172,-1.005,0.048,-1.005,-1.005,-0.913,-0.913,-0.913,-0.172,-0.879,-1.369,0.356,0.356,-0.415,-0.879,-0.879,-0.913,-1.369,-1.005,-0.406,-0.415,-1.369,0.048,0.356,-0.415,-0.172,-0.879,-1.369,0.048,-1.369,0.048,0.048,-0.406,-1.369,-0.172,-0.879,-0.406,-1.005,-1.369,-0.913,-0.913,-1.005,0.048,-0.9232230809302241,0.397,-0.879,-0.172,-0.415,-1.369,-0.8885538106515964,0.38454909901272166,-0.406,-0.8416538955463498,-0.4218638404389998,0.0345166404630611,-1.3800972827657094,-0.7855142126805895,0.07116138092662434
-0.834,-0.309,0.143,-0.675,1.676,1.619,-0.309,-0.475,-0.615,1.676,-0.675,0.143,-0.569,-0.675,-0.475,1.225,-0.675,-0.309,0.143,1.619,1.619,1.619,-0.615,-0.475,0.143,1.676,-0.834,-0.309,1.619,-0.615,0.143,-0.309,1.619,-0.615,1.676,1.676,-0.475,1.619,1.676,-0.675,1.225,-0.475,-0.569,1.225,-0.569,1.619,-0.834,-0.475,0.143,1.225,-0.475,1.619,1.2127988923065458,-0.834,1.6066822539091663,1.676,1.233609050394251,-0.569,0.143,-0.4847433542677717,-0.309,1.254417758802029,-0.8435300548193693
0.299,0.299,-0.704,-0.776,0.299,-0.776,0.299,-0.973,-0.545,-0.545,0.381,0.299,0.299,-0.965,-0.973,-0.037,0.704,-0.965,-0.973,-0.704,-0.973,-0.965,0.299,-0.965,-0.037,0.299,-0.037,0.704,-0.217,-0.545,-0.704,-0.973,-0.545,-0.217,-0.776,0.704,-0.965,0.381,0.381,-0.776,-0.776,0.704,-0.776,-0.704,0.299,-0.973,-0.217,0.299,-0.973,-0.776,-0.9929521499186643,-0.965,0.2862917179513842,0.3203262532538093,-0.217,-0.037,0.381,0.3651442510694363,-0.704,-0.9405374176105389,-0.545,-0.22828100182870956,-0.9742895575211058
0.132,-0.837,-0.107,0.881,0.404,1.965,-0.107,0.152,-0.837,-0.107,0.881,1.965,1.965,0.881,1.965,-0.837,-0.107,0.929,0.404,-1.039,-0.832,-1.039,0.152,-1.039,-0.832,0.929,0.929,-0.837,-0.832,0.132,-0.832,0.404,0.152,0.404,0.152,1.965,-1.039,-1.039,0.152,0.929,-0.832,-1.039,0.929,-0.837,0.881,0.929,0.132,-0.832,-0.8526587402223916,-1.039,0.404,0.881,-0.8116765452432292,0.152,1.965,-1.0522505292818074,0.8652798234498813,-0.7626627229732853,-0.7499371419272087,0.8859752589752553,0.1381640173119196,0.9127884958524877,0.9164738011168801,-1.011742420233751,-0.837,0.9439376474813834,-0.107,-0.1233649400426694,0.39348136375880705
-0.181,-0.217,-0.917,-0.53,-0.217,1.51,-0.27,1.238,-0.53,-0.917,-0.27,-0.687,1.51,-0.917,1.238,-0.583,-0.53,-0.917,-0.687,-0.53,-0.917,-0.917,1.51,-0.917,-0.53,1.238,1.238,-0.53,-0.27,-0.27,-0.859,-0.687,1.51,-0.181,-0.917,1.238,-0.917,-0.917,1.51,-0.217,-0.859,-0.27,-0.53,-0.859,1.51,-0.53,-0.181,-0.687,-0.583,-0.217,1.238,-0.859,-0.27,-0.583,-0.917,1.51,-0.687,-0.2817465731939834,-0.53,-0.8736940995829189,-0.9238397742304977,1.238,-0.8421324715629606,-0.878173656903264,-0.8567813102452831,-0.7961032272975971,-0.699542519144988,-0.5985223578215509,-0.181,-0.217
-0.783,1.475,-1.062,-1.113,-0.783,-1.113,1.164,-1.113,-0.495,1.475,1.475,-1.062,-0.495,1.475,-0.495,-1.113,-1.113,1.256,-0.495,1.256,1.164,-0.855,-1.062,-0.783,-0.688,-1.062,-0.783,-1.113,-0.855,-0.688,1.256,-0.783,-0.744,-0.855,-0.495,-0.855,-0.495,-0.855,1.475,-1.062,1.475,1.256,-0.744,-1.113,-0.855,-1.062,-0.744,-0.495,-0.495,-0.855,-1.062,-0.495,-1.113,-0.783,-0.744,1.164,1.475,-0.755678211221389,-0.855,-0.783,-0.688,-0.7942125358871586,-1.062,-0.8716775357254494,-0.495,-0.844093642772129,-1.0752402177669003,-0.5053860821680105,1.256,1.1527248103812624
-0.088,0.036,-0.96,-0.088,-0.989,-0.776,0.036,-1.117,0.665,-0.752,-1.117,0.665,0.264,-0.989,0.65,0.665,-0.776,-0.752,-0.752,0.264,-0.088,0.665,0.65,-0.989,-0.752,-1.117,-0.96,0.665,0.665,-1.117,0.264,0.65,-1.117,-0.776,0.264,0.036,-0.989,0.65,-0.776,-0.96,-0.96,0.264,0.264,-1.117,-0.989,0.264,-0.776,-0.96,-1.117,-0.752,0.264,0.036,-0.989,-1.0185761617928821,-0.776,-0.9859418835173347,-0.9572823049010933,-1.117,0.2540095859631093,-0.7648963156803867,-1.1341831999611056,0.27983759432425337,0.65,-0.96,-0.7259145207498987,0.023292256473415533,-0.9700175870524208
-0.787,0.468,0.725,0.725,0.316,1.129,-0.723,-0.787,0.951,0.725,-0.836,0.402,0.316,0.402,0.951,-0.73,0.951,-0.836,1.129,0.402,0.402,1.129,-0.73,0.951,-0.723,-0.723,0.402,1.129,-0.723,0.725,0.316,0.725,0.402,-0.787,0.725,0.725,-0.836,0.316,1.129,0.725,-0.73,0.316,-0.73,-0.723,0.725,-0.836,0.951,-0.8518194938154857,0.725,-0.787,-0.7937469498999623,-0.723,0.468,1.129,0.402,-0.7637968042508728
-0.974,-0.395,1.069,-0.738,-0.865,-0.106,1.14,0.065,-0.974,-0.395,1.069,1.069,-0.106,1.14,-0.865,1.025,-0.395,-0.395,-0.395,-0.395,1.069,1.025,0.065,0.065,-0.738,-0.738,-0.395,0.001,1.069,0.001,1.025,-0.395,0.065,-0.974,1.025,-0.106,1.14,1.069,-0.738,-0.974,-0.865,0.065,-0.395,-0.106,-0.738,-0.974,0.001,0.065,-0.865,-0.865,-0.865,0.001,-0.865,0.001,-0.88150292002221,-0.738,-0.395,-0.106,-0.1276576982872895,0.065,-0.40521519841162146,-0.7537864208275508,-0.974,1.14,-0.8521804137342442,-0.08050370909284357,0.04836116348593348,1.126134028722021
0.871,-1.198,0.871,-1.198,-0.388,0.871,-0.82,0.145,-0.82,-1.198,-1.198,-1.026,0.871,-0.888,-1.026,0.871,0.145,0.145,-0.888,-0.82,0.145,-1.198,-1.198,0.871,-0.343,-1.198,-0.388,-0.888,0.871,-1.198,0.145,0.871,0.871,-0.398,0.145,0.611,0.611,-1.198,-1.198,-0.82,-0.888,-1.026,-0.82,-1.026,0.611,0.145,-0.888,-1.198,-0.343,0.145,0.611,-0.888,-0.343,-0.3569521527124948,-0.82,0.871,-0.9028368384996721,-0.8348214696130895,-0.398,0.597567394751367,-1.198,-0.3145439732230459,0.6204497625393068,-1.2139511803931344,0.8559183848700289
-0.205,-0.907,0.826,-0.907,-1.08,-1.007,-0.907,-1.08,-0.205,-1.08,0.778,-0.389,0.778,-0.205,-0.907,-0.601,0.826,0.436,-1.08,0.778,-0.907,-0.601,0.436,0.826,-0.389,0.826,0.826,-0.389,-0.601,0.826,0.826,-0.601,-1.08,-1.007,-1.007,0.436,0.778,-1.007,-0.601,-0.601,-0.389,-0.205,-0.907,-0.601,0.736,0.778,-0.907,-1.08,0.826,0.736,-0.205,-1.007,-1.08,0.436,-0.389,-0.4034446932898199,-0.601,-1.007,0.736,-0.6119754923077915,0.7224718338976763,-0.205,-0.5730780689721037,0.4263295306920416
-1.23,1.089,-0.71,1.089,-1.23,1.109,1.109,0.541,-1.23,0.167,1.173,-0.784,1.109,0.167,-0.821,-0.71,1.089,-0.79,1.089,-0.784,1.173,0.541,-0.79,-0.79,0.541,0.541,-1.23,1.089,-1.23,1.173,-0.784,-0.79,-1.23,0.541,-1.23,0.167,-0.784,0.541,-0.79,1.109,-0.71,-0.71,-0.79,1.173,1.109,-0.79,0.167,1.109,-0.821,1.109,-0.821,1.173,0.541,1.109,0.167,-0.71,-0.784,-0.798934393186838,-1.23,-1.247816859979654,1.0960725125655497,1.089,-0.79,-0.8130501921961135,0.5288332888093288,1.079030269805535,0.15791196486434497,-0.7891646822493908,-0.7662564040855733,1.1214295725086154,1.097518251567896
0.016,0.105,-0.958,-1.172,0.407,-1.172,-1.172,-0.774,0.407,-0.774,0.239,0.701,-0.774,0.239,0.482,-1.172,0.701,1.135,-0.958,-1.172,-1.172,-1.172,0.407,0.407,0.016,0.701,-0.958,0.407,0.016,1.135,0.105,-0.958,-0.958,0.105,1.135,1.135,0.016,0.239,0.407,-0.774,-0.774,-1.172,0.105,0.105,-0.774,0.239,0.482,0.470048768227073,1.135,-0.958,0.239,-0.970852286459838,0.701,0.6874255232566561,0.22177146778880852,0.105,0.016,0.407,1.1229331555132644,0.3907661094920215
-0.457,-0.658,-0.453,-0.453,-1.266,-0.727,0.861,-1.321,-0.883,-1.266,-1.266,-0.453,-0.883,-1.321,-0.453,-1.321,-0.651,-0.457,-1.055,0.861,0.861,-1.266,-1.321,-1.266,-0.651,-0.727,-1.055,-1.055,-1.321,-1.266,-0.658,0.861,-0.651,-0.453,-0.727,-1.055,-1.321,0.861,0.861,-1.321,-1.321,-1.266,-1.321,-0.457,-0.453,-0.651,-0.651,-1.321,-1.266,-0.883,-1.266,-1.055,-0.651,-0.6728901106397426,-1.266,0.861,-1.321,-0.658,-1.277284757023473,-0.883,-0.9003189575295893,-1.2375298791278537,-0.453,-0.6686943729207754,-0.457,-1.055,-0.727,-0.6364340402473317
-0.864,0.551,-0.517,0.29,-0.109,-0.574,-0.109,0.29,-0.517,-0.517,0.29,-0.629,0.29,-0.379,-0.574,-0.574,0.29,0.29,-0.864,0.551,0.29,0.551,-0.717,-0.574,-0.864,-0.717,-0.574,-0.629,-0.717,-0.517,-0.517,-0.629,-0.517,0.551,-0.109,-0.574,0.428,-0.517,-0.574,0.29,-0.864,-0.717,-0.864,-0.379,-0.717,-0.517,0.428,-0.574,-0.3916150664859727,-0.864,0.29,-0.3610171627149883,-0.528641316398747,0.41696200390513316,-0.629,-0.6472993177287916,-0.6184772698407095,0.27939702878098144
-0.35,-0.332,1.415,1.415,1.981,-0.934,0.417,0.417,0.417,-0.084,1.981,0.981,-0.084,-0.934,0.417,0.981,1.415,-0.084,-0.35,0.417,-0.332,-0.934,0.981,1.981,-0.084,1.415,-0.332,0.417,0.417,1.415,-0.934,0.069,1.981,1.981,0.417,0.417,0.417,-0.084,0.981,1.415,0.417,0.069,-0.084,1.981,0.417,1.415,-0.263,0.417,1.981,1.968750109246511,0.981,0.970404629879143,-0.084,-0.263,0.40541232532936056,-0.35,1.415,-0.09383662070180707,1.399117679324196,1.435670784940585,-0.3634523494284438,-0.3269692497201141,0.4404245689250936
-0.289,0.214,-0.287,0.438,0.214,-0.287,-0.414,-0.289,0.799,-0.089,0.264,-0.287,-0.414,0.438,0.214,-0.414,-0.289,0.264,0.214,-0.414,-0.414,-0.289,-0.287,-0.089,0.438,0.799,0.264,0.799,-0.089,-0.289,-0.089,-0.289,-0.089,-0.614,-0.414,-0.287,0.799,0.799,-0.089,-0.614,-0.289,0.264,-0.289,0.214,-0.287,-0.614,0.1952050303423588,0.264,0.0,-0.2989324160088991,-0.414,-0.089,-0.6290522085740647,-0.2610674013794137,-0.02064225879307948,0.004814039803792369,-0.10040561919663045
-0.525,0.512,1.98,1.598,1.598,1.148,-0.525,1.598,1.182,-0.927,1.148,1.148,-0.525,-0.525,-0.927,-0.341,1.148,-0.522,1.598,-0.892,-0.522,1.598,1.182,-0.341,1.182,-0.927,-0.522,1.598,-0.892,1.98,-0.341,1.98,-0.927,1.598,-0.525,1.182,-0.892,1.98,1.148,-0.927,1.182,-0.892,-0.892,-0.522,-0.525,1.182,1.598,-0.525,-0.927,-0.525,0.512,-0.522,1.148,0.493890097467163,-0.341,-0.52786866601009,-0.9412298509927327,1.98,-0.892,1.598,0.5447681165561873,-0.352454430701936,-0.3100182329023952,-0.9010943532554091,1.9654281832201188,-0.29121737715839796,-0.2579458742084778
1.273,1.402,-1.193,0.879,0.846,-0.847,-0.847,-0.537,-1.193,-0.847,0.846,1.273,-1.118,0.057,0.846,-1.193,1.273,-1.118,1.402,-0.537,-1.193,0.879,0.879,-1.118,1.402,-0.847,-1.193,1.402,-0.537,-1.118,-1.118,0.057,-0.847,0.057,-1.193,1.402,-1.193,-1.193,0.879,-0.847,-1.118,-0.492,0.879,1.273,0.057,-1.118,0.846,1.402,1.273,-1.118,1.273,-0.847,0.846,0.879,-0.492,-0.537,-0.847,0.846,0.879,-1.118,1.402,1.3875227016996243,-0.492,0.057,-1.133479704947813,0.8631883815466438,-1.093212142050058,-0.5047651908843227,0.04399969868509249,1.41993393837898,-1.193,1.4528847117189045,-0.537,0.07150628387851782,0.9033629143078039
-1.17,-0.577,-1.17,-0.02,-0.719,-0.391,-0.366,-0.719,0.119,-0.02,-0.577,-1.17,-0.391,0.119,-0.577,-0.719,-0.585,-1.17,1.364,0.119,-0.577,-0.71,1.364,-0.02,1.364,1.364,-0.577,-0.71,-0.577,-0.585,-1.17,-1.17,-0.577,-0.577,-1.17,-0.71,-0.719,-0.366,-0.71,-0.719,-0.71,0.119,-1.17,-1.17,0.119,-0.585,-1.17,-1.17,-1.17,-0.391,1.364,-0.71,-0.585,-0.391,-1.17,1.356012101363919,-0.719,-0.594307576648095,-1.183213053220928,-0.366,-0.02,-0.5721167870635565,-0.37692035629267,-0.577,-1.123924921575735,1.3927354487231898,-0.5934177463927645
2.271,2.271,0.264,2.271,2.271,-0.186,0.264,-0.921,-0.186,-0.921,0.727,-0.921,0.451,0.264,0.727,0.264,0.451,-0.186,0.085,-0.584,2.271,-0.186,-0.584,2.271,2.271,-0.345,-0.186,0.451,-0.584,0.085,-0.345,-0.584,-0.186,-0.345,0.451,0.443,-0.921,2.271,0.264,2.271,0.451,2.254248904555696,-0.584,-0.5986366967709988,-0.186,-0.345,0.443,2.282336043453923,-0.1968093937499822,0.44298283683255124,0.264,0.43141544298905454,2.3289947685982715,-0.921,0.24914956740727487,-0.5629469176467766
-0.448,-0.956,1.128,-0.448,-0.783,0.896,-0.956,-1.139,-1.139,-0.956,1.128,-0.639,-0.557,0.896,-0.547,1.128,-1.139,0.36,-0.783,-0.783,-0.547,1.128,1.128,-0.448,-0.783,-1.139,-1.139,1.128,-0.956,0.36,-0.557,-0.557,0.896,1.128,-0.783,0.896,-1.139,-0.448,0.896,-0.557,-0.639,0.896,-0.448,-0.557,0.36,-0.783,-0.7983723655689727,0.896,-0.7378276970305038,1.128,-0.639,-1.139,-0.7059695250891951,0.8806417242430337,-1.1547016825791139,-0.5697044180102669,0.3495580906617007,-0.956,0.37779796142383165
1.221,1.221,-0.533,-1.108,0.997,2.072,0.997,-0.104,-0.104,-1.108,2.072,-1.108,-1.108,-0.038,-0.104,-1.108,-1.108,-1.108,-0.533,-0.104,-0.668,2.072,2.072,-0.038,2.072,-0.038,-0.533,-0.104,2.072,-0.533,2.072,0.997,1.221,-1.108,0.997,2.072,1.221,-0.76,-0.533,-0.76,-0.668,-0.533,0.481,-0.76,-0.668,-1.108,2.072,-0.104,2.072,0.481,0.997,-0.76,-0.038,-0.052988764301156455,1.221,-0.023355353943499066,0.031282924308143445,0.46847299433785716,-0.7740892512161843,2.072,1.2089635627127961,-0.741878899282879,0.9810036892036645
-0.041,2.034,-0.041,0.232,-0.996,2.034,-0.041,2.034,-0.645,0.232,-0.996,-0.645,-0.071,0.533,-0.996,0.232,-1.013,-0.071,-0.041,-0.041,-0.071,0.232,0.232,0.28,-0.041,-0.645,-1.013,0.232,-0.996,-0.041,-0.071,-0.759,-0.645,-1.013,-0.645,-0.041,-1.013,2.034,-0.041,-0.071,2.034,-0.071,-0.996,-1.013,2.034,0.232,-0.071,-0.041,-1.013,-1.013,-0.041,0.28,2.034,-0.071,-0.759,-0.041,-0.759,-0.041,2.034,0.533,-1.013,-0.996,-0.645,-0.041,-0.05223512715647583,0.5213137583189794,-0.6559871078138503,-0.018380667892057806,-0.759,0.020008059734654828,-1.0063192207130718,0.5633875106408363,0.232,0.5886852443173219,-0.6192819366620899,-1.0290651024016566,0.28
-0.3,-0.917,-0.145,-0.917,-0.037,-1.052,-1.052,1.3,-0.3,-0.687,-0.145,-0.3,-0.917,-0.899,-0.687,-0.145,-0.037,-0.687,-0.037,-1.052,1.093,-0.917,-0.533,1.093,-0.899,-0.687,-0.3,-0.899,1.3,-1.052,-0.917,1.3,-0.687,-1.052,-0.037,-0.917,-0.037,-1.052,1.3,-0.3,-0.533,-0.917,-0.145,-0.3,-0.899,-1.052,-1.052,-0.037,-0.917,-0.533,-0.5445069831765996,-0.4998262448845194,-1.052,1.3,-0.687,1.28443318350861,-0.145,-0.037,-0.16335248755201606,1.3055636461609907,1.3409208768329977,1.3795830487343945,-0.4515712762131527,1.093,-0.054519245454643,-0.011138303524934504,0.019451121182566408,-0.11874854962931237
-0.358,-0.793,0.961,-1.228,-1.101,1.408,-0.793,-1.294,-1.228,-0.793,-1.228,-1.294,-1.294,-0.358,-1.228,-0.358,-1.101,-1.294,1.408,-0.958,-0.793,-1.294,-1.101,1.408,-0.958,-1.228,-1.228,-1.101,-1.228,1.408,-0.358,-0.958,-1.101,-1.294,-1.228,-0.958,0.49,-1.228,-1.228,-1.228,-1.294,0.961,-0.793,-0.66,0.961,-0.358,-1.294,-1.101,-0.958,-1.101,-1.294,-0.66,-0.793,-0.793,0.49,-0.8075149917743306,-1.294,-1.101,0.47846268278681553,-1.3045734774011453,1.408,-1.1138274100475567,0.49457324351532594,-1.228,-0.7732287861348852,-0.7233498079935756,0.961
1.823,0.716,0.639,0.639,0.015,-0.047,1.167,0.015,1.406,-0.903,0.288,-0.047,-0.047,-0.903,-0.047,1.406,0.639,1.167,1.167,1.406,1.167,0.288,-0.903,-0.884,-0.047,0.639,1.823,-0.884,-0.903,0.716,0.716,0.639,1.167,-0.903,1.406,1.823,1.823,0.639,1.167,1.406,0.716,1.167,1.823,0.639,-0.884,-0.884,0.716,-0.884,1.167,0.015,0.716,1.167,1.823,0.639,0.015,-0.903,1.406,0.00030308369882258573,0.716,0.060850234500478814,0.103024237935747,0.13104517248090855,0.7084092814070442,-0.884,1.8094168665848838,-0.8983472150316084,-0.910119479780248
0.718,-0.565,1.335,0.511,-0.214,0.718,0.643,-0.963,-0.565,0.643,0.643,-0.591,-0.433,0.643,-0.963,0.718,-0.963,1.335,0.718,0.718,0.248,-0.591,0.248,-0.963,0.511,0.718,-0.565,1.335,-0.433,-0.963,0.718,0.643,0.643,-0.591,-0.565,-0.565,-0.591,0.718,0.643,-0.565,0.511,0.718,-0.214,0.718,0.511,0.49671270783598465,0.248,-0.22554721708849965,0.23054908777383534,-0.591,0.7046246052468934,0.7310317032463762,0.7595080587966974
-0.696,1.47,-0.912,-0.912,1.47,-0.983,-0.846,-0.912,-0.39,-0.983,-0.983,-0.39,-0.696,-0.846,1.47,0.722,-0.696,-0.839,0.722,-0.39,-0.696,-0.696,-0.839,-0.846,-0.839,-0.846,-0.846,-0.185,-0.39,-0.185,-0.912,-0.912,-0.912,-0.846,-0.696,-0.185,-0.185,0.722,-0.912,-0.696,-0.839,-0.696,-0.983,-0.846,-0.846,-0.912,0.722,-0.39,-0.839,1.47,1.452059839131371,0.0,-0.846,-0.912,1.483280455954979,-0.8527138357281605,-0.40423106420042293,-0.36396150246726133,1.5160229690576958
-1.23,-0.1,-1.012,-1.23,0.331,-1.23,-0.049,-0.69,-1.012,-0.049,-0.69,-0.862,0.401,0.331,-1.23,-0.792,-1.23,-0.049,-0.862,-1.23,0.331,-0.792,-0.049,0.401,0.331,-1.012,-0.049,0.331,-0.049,-1.23,-0.862,-0.049,-0.792,-1.012,-0.792,0.401,0.562,-1.012,-0.049,-0.69,-1.23,-0.792,0.401,-1.23,-0.69,-1.012,-1.2390810891361068,-0.7017506758809189,-1.024150342338062,-1.2086011593636006,0.331,-1.16509421144781,-0.049,0.3118004531796327,0.562,-0.792
0.343,-1.138,-1.138,-0.953,-0.481,-1.017,-0.867,1.053,1.053,-1.138,-0.479,-0.953,0.343,-0.479,-1.138,-0.494,-0.953,-1.138,-1.017,-1.017,-0.672,-0.494,1.053,-0.867,-0.867,-0.953,-0.494,-1.017,-1.138,-0.953,-0.867,-0.494,-0.494,-0.672,-1.017,-1.017,-0.481,-0.867,-0.672,0.343,-0.8800700372057736,-0.479,-0.48805461651189075,-0.953,-0.4498051258197271,-0.686912203037505,0.3316242512456761,-0.481,-0.494796992557945,-0.4618860811440763,-0.42737522870432293,1.053,-0.8528420475797261,-1.138,-0.4240056186384636
-0.643,-0.143,0.431,-0.555,-0.854,-1.028,0.431,-0.643,-1.003,-0.555,0.752,-1.029,-1.028,-1.028,-0.643,-0.854,-0.555,-1.003,-1.003,-1.028,-0.854,-1.028,-0.643,0.297,-0.854,-1.003,-1.029,-1.028,-1.003,-0.643,0.431,-1.003,-0.555,-0.854,-1.029,-0.854,0.297,0.752,-1.003,-1.029,-1.028,-0.555,0.297,-0.555,0.297,0.431,-1.028,-1.028,-0.854,-0.643,-1.003,-0.6602150303940549,-1.0368132575983655,-0.629958268589195,0.431,0.41301835545846804,-0.555,-0.143,-1.029,-1.0008408990590991,-0.5984762813327481,-0.5683110815673686,0.297
-0.861,-0.07,-0.07,-1.31,1.299,-0.871,-1.31,0.096,1.253,-0.861,-0.871,-0.861,-0.925,0.746,1.299,-0.07,-1.31,0.096,0.297,-1.31,-1.31,1.299,-0.925,-0.925,0.096,-0.925,0.297,-0.871,1.299,-0.861,0.746,-0.925,-1.31,-0.07,-0.925,1.253,-0.925,1.253,1.253,-1.31,1.253,-0.07,0.746,0.096,0.746,-0.871,-1.31,0.096,1.299,1.299,1.299,-0.871,0.746,-0.8846730487977532,1.253,-0.925,0.297,-0.861,-1.31,0.28285519920607544,0.096,0.7331739966955785,-0.07,0.33920540965689056,-0.08780149437147594,-1.3199585737981203,-0.8721720626470535,-0.8017635235045859,0.7755636088445182
-0.529,1.474,-0.855,0.048,-1.159,-0.855,1.474,-0.888,0.048,0.048,-0.677,-0.529,1.474,-0.888,-0.673,0.048,-0.855,-0.677,-0.673,0.048,-0.529,-0.673,-0.855,0.041,0.041,0.048,-0.855,-0.888,1.474,-0.529,1.474,0.041,-1.159,0.048,-0.194,1.474,1.474,-1.159,-0.529,-0.529,-1.159,-0.529,-1.159,-0.529,-0.529,1.474,0.048,-0.855,-0.194,0.041,0.048,-0.20769530234244202,1.474,0.031535361897102515,-0.855,-0.529,0.08477282305239839,-1.159,1.460680737330961,-0.17385140377296382,1.490528672754195,0.12839668424189818
0.066,0.066,0.39,0.066,0.236,-0.903,-1.035,-0.41,-0.748,-0.41,-0.815,-0.556,-0.903,0.39,-0.556,0.634,0.39,0.066,-0.748,0.39,-0.815,0.066,-0.556,-0.903,0.634,-0.41,-1.035,-0.815,0.634,0.236,-0.748,0.39,-0.748,-1.035,-0.748,0.39,-0.556,0.634,0.634,-0.903,-0.903,-0.815,0.39,-1.035,0.634,-1.035,-1.035,-0.41,0.634,0.39,-0.41,-0.815,-0.8294580870029724,0.6250262978418372,-0.748,0.066,-0.556,0.04568545365336022,-0.4213774604991001,-1.035,-0.903,-0.7668726942112908,0.3793469170481477,0.236,0.44078812103945425,-0.7416845881875214
0.722,-1.269,-1.269,0.716,-0.261,0.295,0.716,-0.902,-0.902,-0.902,-1.269,0.451,0.716,-0.902,1.667,-0.261,0.451,-0.902,0.722,1.667,0.716,0.716,-0.902,-0.902,-0.902,-0.902,-0.199,-0.199,-0.261,0.722,-0.332,-0.902,-0.902,-0.902,1.667,-0.902,-0.332,-1.269,-0.199,-0.199,1.667,-0.199,-0.332,0.295,0.722,-1.269,-1.269,-0.261,0.451,1.667,-0.261,0.716,-0.332,1.667,-0.261,0.716,-1.269,-1.2822328075467613,-0.261,-0.332,1.667,-0.3466822545178363,0.7043370459726133,-0.3003403031253018,1.6516871685191152,0.451,0.43602926686543864,0.295
-1.034,0.481,-0.408,-1.034,-0.408,1.351,-1.146,1.243,-1.034,-0.349,-0.349,-0.376,-1.034,-1.146,0.877,-0.376,0.877,1.243,-0.289,1.351,-0.349,0.877,-0.349,1.351,-1.146,-1.146,1.351,-0.408,0.877,1.351,0.481,-1.146,0.481,1.243,-1.034,-0.349,-0.408,-0.376,1.243,-1.146,-1.034,0.481,-1.146,-0.289,-1.146,-0.349,0.877,-1.034,1.243,-1.146,-1.0498546518880363,0.481,-0.3604818092725995,-0.408,-0.289,-0.376,1.2336716650197188,1.2577662265969003,1.351,-0.42178747970112435
0.931,1.762,-1.227,0.931,2.075,2.075,-0.64,-1.227,0.112,-1.063,-1.227,1.762,-1.063,-1.227,-1.063,-0.601,1.762,-0.64,-1.227,0.81,2.075,-1.063,1.762,0.81,-0.601,2.075,-0.601,0.931,1.762,0.608,-1.227,0.81,-0.601,1.762,-1.227,1.762,-0.64,2.075,-1.063,2.075,2.075,0.931,-1.227,-1.227,-1.227,2.075,0.112,1.762,1.762,2.075,-1.227,1.762,0.931,0.9140998407564377,-0.601,2.075,-1.2340902888720844,1.7485264514369216,-0.6166146763093676,1.784811355596829,0.9494833807906558
-0.776,0.477,-1.286,-0.264,0.978,-1.286,-1.286,-0.205,-0.776,-1.286,-0.205,-0.776,0.477,1.405,-0.573,0.477,-0.424,-0.776,1.405,-0.205,-0.424,-0.905,0.477,-0.905,-0.905,-0.905,-0.905,1.405,-1.286,-0.905,-1.286,1.405,-0.573,0.477,0.477,0.477,1.405,-0.905,-0.205,1.405,-1.286,-1.286,0.978,1.405,0.978,-0.776,-0.205,0.477,-0.776,-0.905,-1.286,0.47011766758289797,0.5146216425803845,-0.7894144104344596,-0.9126670172383179,0.978,-0.264,-0.573,0.963341924507074,0.5511244864134345,-0.7467006119322219,-1.2946352326452353,-0.5863489210413163
1.229,1.332,0.068,-1.066,0.799,0.799,-1.157,0.799,1.332,1.563,-0.772,1.563,1.563,-1.157,1.563,-0.772,1.332,-1.157,-0.772,1.354,1.354,-1.157,-0.741,1.354,1.332,0.068,1.229,-1.066,1.332,1.563,-1.066,-1.066,-1.157,-1.157,-0.741,0.068,-1.066,-1.066,-0.741,1.354,-0.772,0.799,-1.157,1.563,-0.772,1.332,0.799,1.354,1.563,-0.741,1.229,0.799,-0.772,1.5532186125557443,-0.7883132657996669,1.6012869665839005,-0.727749073437634,-1.066,0.7861442021342613,1.332,1.3389911049023682,1.6402125745756824,-1.0827564915703487
-0.655,-0.95,-0.581,-0.869,-0.655,-0.581,-1.11,-0.55,0.415,-0.733,-1.11,-1.11,-0.581,-0.95,-0.733,-0.733,-0.869,-0.655,-0.655,-0.581,-0.655,-0.581,-0.733,-0.499,-0.733,-1.11,-0.55,-1.11,-0.55,-0.95,-0.95,-1.11,-0.581,-0.328,-0.655,-0.733,-0.499,-1.11,-0.733,-0.733,-0.869,-0.581,-0.55,-0.869,-0.95,-0.95,-1.11,0.415,-0.328,-0.499,-0.581,-0.34697964165349554,0.4077153277022791,-0.733,-0.3004466328550839,-1.11,-0.655,0.43592064465734787,-0.5137170353499669,0.46499486729854483,-0.55,-0.95,-1.1184079558011015,-1.0853768550459908,-0.47552050915812427
0.01,1.323,1.323,1.323,-0.899,-0.912,-1.023,-0.493,-0.493,1.65,-0.758,1.65,-1.023,-0.758,-1.023,-0.912,-1.023,-0.899,-0.912,-0.912,-0.899,-0.899,0.01,0.01,-0.597,-0.899,1.323,-0.597,1.323,-0.597,-0.065,-1.023,-1.023,-0.899,1.323,-0.899,1.65,1.65,-0.493,1.65,-0.493,-0.758,-0.899,1.323,-0.899,-0.493,-0.9143568213077473,0.01,-0.5066191375244187,-0.8613783177464567,-0.8417556526488368,-0.45727678747077083,-0.597,-0.065,-0.8140441098857064,-0.0749406361463969,-0.4006037352230317,-0.006040610284003213,-0.3653309312174167,-0.7766008464074059,-0.3436337625218786
0.362,1.348,-0.659,-0.479,-0.401,1.163,-1.108,1.348,-1.108,-0.374,-0.129,-0.659,1.163,1.163,-1.108,1.163,-1.108,-0.129,0.362,-0.479,0.362,-0.479,-0.374,-0.479,-0.374,-0.374,1.348,-0.285,1.163,1.163,-0.659,1.163,-0.479,-0.659,-1.108,-0.129,-0.401,-0.659,-0.479,-0.49623741023208784,-0.401,-0.659,1.348,-0.6713593134815209,1.163,-0.129,-0.14571721694647494,-0.41920099839958896,-0.1067003873598348,-0.07139824921253515,-0.285,1.332229989630489,0.362,-0.37107083119231044,1.1489592786309328,1.3726182022280649
-0.378,-0.205,-0.961,-0.961,-1.237,-0.378,0.117,1.185,-1.237,-1.237,1.185,-1.237,0.837,0.501,0.837,-0.205,-1.237,1.185,-1.337,0.837,0.501,-0.961,-1.337,0.771,0.501,0.837,0.117,-0.961,1.185,-0.378,-1.237,-0.205,-1.337,0.771,-1.337,-0.205,-0.378,-1.337,-1.237,-1.337,0.501,-1.237,-1.337,-0.961,-1.237,-1.337,-1.337,-0.205,1.185,0.117,1.1704854808693645,0.771,-1.337,1.2069284231662554,-0.21755803391594972,-1.3516296454995724,1.2378137839377674,0.837,-0.17829401519858135,0.8169328884963287
2.152,0.986,-0.153,-0.153,-1.064,0.905,-0.153,-0.153,0.905,-1.064,-0.86,-0.43,2.152,2.152,-0.86,0.791,-1.064,-0.86,-0.192,1.194,-0.153,-0.153,-0.192,-0.153,-1.064,-0.153,-0.153,-0.192,0.986,2.152,-1.064,0.905,0.791,2.152,-0.192,2.152,-0.86,-0.153,-0.43,0.905,0.905,2.152,-0.192,-0.86,0.905,1.194,-0.153,0.905,0.986,-0.43,0.791,1.194,1.194,2.152,-0.192,-0.86,-0.153,-0.8769016270219409,-0.20725477426686179,-0.8460696733954777,-1.064,0.986,-0.16317293760729928
-0.489,-0.699,0.285,0.02,0.285,-1.05,-1.038,0.02,0.02,-0.857,-1.05,-1.038,-1.038,-1.038,0.692,-0.546,-1.05,-0.857,-1.05,-0.699,-1.05,-1.05,-1.01,-1.01,-1.038,0.02,-0.699,-1.038,0.02,0.692,-1.01,-1.01,-1.01,-1.05,-0.489,-0.699,-0.546,-0.857,-1.05,-1.01,-0.699,-0.489,0.285,-0.857,0.02,-0.489,-0.699,-0.7146736599087904,-0.489,-0.5076028105447689,0.285,0.692,0.27299469871669946,-1.01,0.02,-1.038,-0.546,-0.664451158884901,-1.05,-1.0561482445807282,-1.0677301812166997,0.3299365148550094,-1.0147517807974311
-1.109,-0.161,-0.207,-0.536,-0.161,-0.914,-0.536,-0.161,-1.109,-0.536,-0.032,1.727,-1.001,-0.032,-0.914,-1.109,-1.109,-0.749,-0.749,-0.032,-0.749,-1.001,-0.032,-0.032,-1.109,1.727,-0.207,-1.001,-0.914,1.727,-1.001,1.727,-0.765,-1.109,-1.001,-0.032,-0.749,-0.749,-0.161,-0.536,-0.765,1.727,-0.914,-1.001,1.727,-0.536,-1.109,-0.765,-0.536,-0.536,-1.001,-0.207,-0.914,-0.914,-1.109,-0.032,-0.207,1.727,-0.914,1.727,-0.207,1.70870256394047,1.72211878413832,-0.2224517728555451,-0.765,-0.914,-0.7778604566039407,-0.7257865992582584,-0.161,-0.17770699995945363,-0.1531964072857217,-0.536,-1.109,-0.9310527846729899,-1.001,-0.5603894196545979,-0.114797982989291,-0.8980880902324991,1.7608995776567307
-0.799,-0.609,-0.967,1.053,-0.799,-0.609,1.347,-0.799,-0.967,-0.609,1.053,-0.967,-0.757,-0.609,1.347,-0.799,-0.609,-0.799,-0.527,-0.967,-0.903,-0.799,-0.903,-0.799,1.053,-0.527,0.504,1.053,-0.903,1.347,-0.903,-0.609,-0.967,-0.757,-0.967,0.242,-0.903,-0.527,-0.903,0.242,-0.527,-0.757,-0.609,1.347,-0.527,-0.757,-0.903,-0.757,-0.967,1.347,1.3350625050559728,-0.527,-0.7699787214119868,-0.609,0.504,-0.799,-0.749625521763138,-0.9778384538585693,-0.5422156860692704,-0.6196648194091076,-0.4984814310252099
-0.999,-1.061,-0.214,-0.999,-0.86,-0.02,-1.061,-0.999,1.389,0.262,-0.712,-0.86,-0.832,-0.999,-0.832,-0.832,1.389,-0.862,-0.86,-0.999,-0.832,1.389,-1.061,-1.061,-0.862,1.389,1.389,-0.86,1.389,-0.712,1.389,-0.862,-0.862,-0.02,-0.862,-0.832,-0.712,1.389,0.262,-0.712,-0.862,-0.86,-0.862,-1.061,-0.999,-0.02,-0.862,-0.712,-0.86,-0.832,-0.8730662978517562,-0.8719761164341189,1.389,-0.214,-0.22876971970982454,-0.02,-0.20067844393169565
-0.698,-0.246,-0.92,0.239,0.819,0.351,1.281,-0.698,1.281,0.819,0.239,-0.92,-0.246,0.633,-0.698,-0.246,-0.246,0.819,-0.698,0.674,-0.246,1.281,-0.246,-0.698,0.351,0.819,-0.246,-0.246,0.674,-0.92,0.819,0.819,-0.609,0.674,0.819,-0.92,-0.698,0.819,-0.92,-0.246,1.281,-0.609,0.819,0.633,-0.246,-0.92,0.633,-0.698,-0.92,-0.609,0.819,-0.92,1.281,-0.698,0.351,-0.621586423625434,-0.246,0.674,1.2719941690245955,0.33621431460454526,1.3156443748451643,-0.2586588721446863
-0.176,-0.757,-0.99,-0.322,1.472,1.472,2.735,-0.643,0.992,1.472,-0.99,2.735,-0.643,-0.322,-0.643,0.992,-0.322,-0.757,-0.757,-0.99,-0.391,2.735,-0.176,-0.757,-0.391,-0.757,-0.643,2.735,-0.322,1.472,2.735,-0.757,-0.99,0.481,-0.322,0.992,2.735,0.992,-0.176,2.735,2.735,-0.322,-0.99,2.735,-0.176,2.735,-0.99,-0.643,1.472,0.992,-0.757,-0.99,-0.176,0.481,1.459440258301682,2.735,-0.322,1.5123997721852562,-0.391,-1.0028543542727628,-0.33429458236468057,-0.18881650279694748,0.46856868977645916,0.48711783387498525
-0.175,-1.221,-0.792,0.765,-1.122,-0.536,-0.997,-1.122,-0.997,-0.997,-1.122,-1.031,-0.175,-0.384,-0.175,-1.122,-0.175,-0.581,-1.122,-1.221,-0.792,-1.221,-1.221,-0.536,-1.031,-0.792,-1.122,-1.122,-0.536,-1.122,-1.221,-0.997,-0.581,-0.792,0.765,-0.384,-0.997,-0.792,-1.031,-1.122,-0.384,-1.031,-0.997,0.765,-1.122,0.765,-1.031,-0.997,-0.792,-1.221,-0.175,-1.221,0.765,-0.536,-1.122,-0.792,-1.031,-0.997,-1.1392496006340695,-0.384,-1.043394714477232,-0.4042979551204735,-0.5512027399361954,-0.581,-0.5171044862060984,-0.4939714417015154,-0.4653709201721071,-0.5992811253761902,-0.44263902735915145,-0.4167620519443409,-0.8053102536643362
-0.514,-0.796,-0.986,-0.466,-0.065,-0.828,-0.514,-0.796,0.228,-0.466,-0.986,-0.828,-0.828,-0.195,-0.195,-0.065,-0.514,-0.466,-0.514,-0.195,0.907,-0.195,0.228,0.907,-0.195,0.49,-0.195,-0.065,-0.514,-0.986,0.228,-0.065,-0.514,-0.986,-0.514,-0.195,-0.796,-0.796,-0.466,-0.195,0.49,-0.195,-0.986,-0.514,-0.796,0.49,0.47537940092357095,-0.195,-0.514,0.907,0.8914061681717081,-0.986,0.9049459869947206,-0.828,0.5082019257950392,-0.5253386914877219,0.5539774981529709,-0.20401444145672087,-0.466,0.5892078784938242,0.228,0.6505988547288543,0.956088390751404
1.381,-0.379,0.142,-0.464,-0.464,1.327,0.679,1.327,-0.379,-0.849,1.381,1.808,1.808,1.176,-0.379,-0.379,1.176,0.142,1.176,1.176,0.142,1.381,-0.464,-0.379,1.239,1.327,1.176,1.808,1.381,-0.379,-0.849,0.142,1.176,1.176,1.239,-0.464,0.142,1.239,-0.849,1.176,1.808,-0.464,1.239,-0.464,1.239,-0.849,-0.464,-0.379,-0.464,0.679,-0.47142816868932097,1.381,1.176,0.666208270777475,1.1597613054214935,-0.45092262851697684,1.327,-0.41020607133062453,0.7064385743132529,-0.3886103770052085,1.3136360172200794,0.7465185487923147
1.152,-0.929,1.152,1.456,-0.216,-1.287,-0.181,-0.344,0.684,1.152,0.417,0.684,-0.216,-0.216,-0.216,-0.929,-0.929,0.417,-0.74,0.417,-1.287,0.684,1.456,-0.181,1.152,-1.287,-1.287,-0.74,-1.287,1.456,-0.181,0.417,-1.287,-0.929,-0.216,0.684,-0.74,0.417,-0.74,-0.929,1.456,-0.216,-1.287,1.456,-0.74,-0.181,-0.216,-0.7552430555970258,0.684,-0.7413450590413109,1.456,-0.344,1.4340553307611508,-0.23154927182728025,1.152,1.1389944398460563,-0.7017771554671984,0.417,-1.287,1.1781536803537154
-0.851,-0.851,-0.445,-0.806,-0.821,-0.766,-0.445,-0.517,2.164,0.595,2.164,-0.517,2.164,2.164,2.164,-0.806,-0.851,-0.517,-0.851,0.415,2.164,1.295,-0.766,-0.806,-0.806,-0.517,1.295,-0.517,0.595,2.164,-0.851,-0.766,1.295,2.164,-0.445,-0.806,1.295,-0.445,-0.766,-0.517,-0.445,-0.821,-0.821,-0.517,-0.821,-0.806,0.595,-0.806,1.295,-0.445,1.2790710313728528,-0.517,-0.851,-0.806,-0.45230636430282695,-0.766,2.164,-0.7771288166401092,-0.821,-0.8144556938826701,-0.7663569083900128,-0.4212274269088498
-0.003,-0.706,0.135,0.703,-0.003,0.135,-0.706,-0.953,-0.335,1.985,0.769,0.769,-0.179,-0.335,0.703,1.985,-0.335,1.985,-0.618,-0.706,0.703,-0.953,1.985,0.135,0.135,0.135,-0.003,-0.618,-0.003,0.135,0.135,0.769,-0.953,0.703,-0.003,-0.618,-0.706,0.135,-0.706,-0.618,0.135,-0.706,-0.618,-0.953,-0.003,-0.706,-0.618,1.985,-0.335,0.135,-0.706,0.135,-0.179,-0.335,0.135,0.703,-0.953,-0.618,-0.335,-0.003,-0.706,-0.012720791603678356,-0.179,-0.19483411085449526,-0.14218606141025586,0.03765086421334753,1.985,1.9605784475827868,1.9925491081049957,0.135,-0.34580825327084236,0.1212699376005865
0.077,-0.744,-0.744,0.077,-1.086,0.801,-1.086,0.801,1.231,-0.744,-1.255,1.391,-1.086,-0.744,-1.255,-1.255,-1.086,1.391,0.801,-0.744,-0.744,-1.255,-0.123,-0.744,-1.086,-0.998,1.391,-1.255,-1.255,1.391,-0.998,-1.086,0.801,0.801,0.801,-1.086,0.077,-1.255,0.077,-0.744,0.077,1.231,1.391,-0.998,0.324,1.231,-1.255,-0.998,-0.998,-1.086,-1.086,1.231,0.324,-0.123,1.231,0.077,0.324,0.06389825385920302,1.391,-0.123,-1.255,0.10848109053979092,-0.1293858248939424,0.801,0.3126364874100381,0.3628667887673617,1.3780858156135294,0.13999902197014077
-0.314,-0.612,1.74,-0.919,-0.314,-0.314,-0.919,1.74,-0.919,-0.314,-0.919,1.74,1.74,-0.872,-0.872,1.141,-1.07,-0.919,-1.07,0.509,0.363,1.141,-0.872,0.363,-1.07,1.74,0.363,1.141,-1.07,0.445,1.74,-0.314,-0.872,0.363,1.141,-1.07,0.363,-0.314,0.363,-0.612,-0.612,-1.07,-1.07,1.74,1.141,-0.919,1.141,-0.314,-1.07,1.74,-1.083116398580234,-0.872,0.509,0.445,1.141,0.4299197250656444,-1.0375105670123597,-0.612,0.363,0.47414337361118036
0.704,-0.409,-0.75,0.52,-0.75,0.704,1.282,-0.409,1.211,-0.227,1.211,0.704,1.211,0.036,-0.75,-0.227,-0.227,-0.311,-0.227,1.282,-0.75,0.52,1.211,1.211,0.036,-0.227,0.704,0.704,-0.783,-0.783,0.704,0.704,1.211,-0.227,-0.783,0.036,1.282,0.52,0.036,0.52,0.704,0.036,-0.75,-0.783,-0.75,0.704,0.704,0.6922571678843064,1.282,-0.75,0.52,-0.783,-0.227,0.5044243080882849,-0.7622278700790961,0.5263846778291131,-0.311,-0.24557959351052208,0.7514539753867482,1.211,0.036,-0.3302218368975456,-0.23662812899396185
0.365,-0.239,0.898,-0.239,-1.198,-1.198,0.898,0.545,-1.072,-0.239,-0.821,0.365,-0.239,-0.016,-0.239,-0.239,0.17,0.898,-1.072,-0.03,0.898,-0.821,-1.198,0.545,-1.072,-0.03,-0.821,-0.016,-0.03,-0.016,-1.198,-0.016,-0.03,0.545,-1.072,-0.821,0.17,-1.198,0.545,0.898,-0.821,0.898,-1.072,-1.198,0.545,-0.239,-1.072,0.17,0.545,0.14857870695219882,-1.198,0.20656254668308677,0.898,-0.24850305680143792,-0.821,0.529518787322152,-0.016,0.2321346414957999,-0.8321736011062535,0.888813293798001,-0.19961576470039002
0.0,0.017,-0.544,0.017,0.143,0.0,0.728,-0.397,0.822,0.728,-0.288,1.055,1.055,0.0,-0.685,0.0,-0.397,0.822,0.017,0.728,1.055,0.0,-0.544,-0.397,-0.685,0.143,1.055,-0.397,0.728,0.728,0.728,0.822,-0.544,-0.544,-0.288,-0.544,-0.544,-0.397,-0.544,0.822,1.055,0.143,-0.288,-0.288,-0.685,1.055,0.822,-0.6910593915426798,1.0382943883495572,0.0,-0.6432767934739042,-0.544,-0.397,0.017,0.728,-0.5610418180331751,0.143
-1.1,-1.1,0.133,-0.372,0.133,-1.1,-1.1,-0.884,-0.884,0.609,0.133,0.133,0.609,-1.1,0.445,-0.372,-0.884,0.133,-1.1,-0.316,-0.884,-0.884,0.445,0.133,-0.372,-0.372,-0.372,-0.305,0.828,-1.1,0.445,0.445,-0.305,0.445,0.609,0.609,0.445,-0.316,-0.316,0.133,0.133,0.828,-1.1,0.445,0.4323063632141712,-0.316,-0.372,-0.33540126306077145,-0.305,-0.884,-0.8958845469518166,0.0,-1.1155091486083573,0.48673084947764794,-0.3033147238579418
-0.94,-0.94,-0.023,0.196,-1.105,-0.023,-0.023,-1.07,-1.07,-0.593,-0.562,1.371,-0.562,-0.593,-0.562,-0.94,-0.493,-1.105,0.493,-1.07,1.371,0.196,-1.105,-0.94,-0.562,1.371,-1.105,-0.562,-0.562,-0.593,-0.023,-0.023,-0.493,-1.105,-1.07,-0.023,-0.94,-1.07,-0.493,-1.105,1.371,-1.105,-0.562,-0.593,1.371,-0.023,-1.07,0.493,-0.493,1.371,-0.593,-0.6156711150499196,-0.037173519301991025,1.3560521236434764,0.196,-0.5929795707347983,-1.0876743566028055,-1.0503280827785517,-0.5686301716086494,-0.94,-0.5065682187337649,1.3825629863390885,0.17793936613246963,1.402623237448128
-0.519,-0.156,0.052,0.683,0.683,-0.519,-0.156,-0.953,-0.132,0.293,-0.86,-0.519,0.683,-0.519,-0.132,-0.953,-0.953,-0.864,-0.953,-0.132,-0.86,-0.519,0.293,0.293,-0.953,0.052,-0.864,0.683,0.683,-0.183,-0.86,0.052,-0.132,-0.519,-0.864,0.293,-0.183,-0.183,-0.953,-0.864,-0.183,-0.156,-0.953,-0.132,0.683,-0.864,0.052,-0.953,-0.519,-0.156,-0.5363385485543409,-0.4932465893178704,0.6700947004047804,0.038228296632301303,-0.45206407562483314,-0.4137987078875369,-0.132,-0.86,-0.9661758426832865,-0.183
-0.678,-0.678,0.279,-1.01,-0.96,-1.01,-1.01,1.411,0.685,-0.678,1.019,1.711,-0.678,1.711,-0.706,-0.801,-0.96,0.685,-0.801,-0.706,1.711,-0.678,0.279,-1.01,-0.96,-0.96,-0.801,1.019,-0.96,1.411,-1.01,1.411,1.019,-0.678,-0.801,-0.801,-0.801,-0.706,0.685,-0.706,1.711,1.711,1.711,0.685,1.411,1.711,1.019,0.6730600793136277,1.4016981520351257,1.694720938058488,-1.01,1.7128057103702672,1.744539086955122,-0.801,-0.817486678659662,1.7706896191226955,-0.678,-0.706,1.8059995087205019,-0.7630192306433059,-0.7405552460515836
-0.049,-0.702,1.191,-1.242,-0.049,-0.253,-0.253,-1.242,-0.253,2.238,-1.041,-0.253,-0.459,2.238,-0.702,-1.242,0.347,-1.242,2.238,-0.253,-0.459,-1.041,0.362,-1.041,0.362,-1.041,0.362,0.362,1.191,0.362,0.362,-0.253,2.238,-1.242,1.191,-1.242,-0.049,-0.049,2.238,0.362,1.191,-1.041,-0.253,0.347,-0.253,-0.253,-0.253,1.191,-0.702,2.238,0.362,-1.242,-1.041,2.2253648420353187,0.347,0.34802117792291903,-1.2551215305458645,-1.2253758610958858,1.1813983686472949,1.1950399695932339,0.3336027346886241
1.352,-0.494,-1.101,2.619,-0.819,-0.856,-0.819,1.093,0.754,-1.101,1.352,-1.101,1.352,1.093,-0.494,-0.487,-0.856,0.754,0.754,2.619,2.619,1.093,-1.101,2.619,-0.856,0.158,-1.101,-0.494,-1.101,2.619,-0.856,-0.487,-1.101,2.619,-0.819,-1.101,2.619,2.619,1.093,1.352,0.158,1.093,1.093,2.619,0.754,0.754,1.093,2.619,0.158,1.093,-0.856,-0.819,-1.101,0.754,-0.8689702074956858,2.605639923266843,-1.1141380039300908,1.0797712307106442,1.352
0.409,-1.236,0.409,-1.056,-1.056,-0.403,2.08,-0.052,-0.851,0.409,-1.236,0.409,2.08,-0.991,-1.056,-1.056,-0.052,2.08,-0.991,2.08,-0.403,-0.052,0.511,-0.052,-0.052,-0.403,0.409,0.409,-0.851,2.08,-1.236,-0.403,-0.553,-1.236,-0.052,-1.056,-1.236,-0.991,-0.403,2.08,-1.056,-1.236,-0.991,-0.991,0.511,-0.553,-0.851,0.511,0.409,0.39113767793008664,-0.403,-1.056,-0.991,2.08,-1.011593646249504,-0.553,-0.9665846866983896,0.44389627609238663,-0.052,2.065675655373337,0.46607905121850396,0.5011654252056513,-1.236,-1.2469135639311297
-0.356,-1.111,-0.78,-1.014,-0.358,-0.78,0.812,-0.358,-0.64,-0.78,-0.356,-1.111,0.148,-0.64,0.148,-1.111,-1.111,-1.014,-0.358,0.812,0.812,-0.358,0.148,0.148,-1.014,-0.352,-0.64,0.148,-1.014,-1.111,-0.358,-1.014,-1.014,-1.111,0.095,0.812,-1.111,-0.64,0.095,-0.78,0.095,-0.64,-0.358,0.08518448959061312,-1.014,-0.6519163976816114,0.12021401537471489,0.16358897377959547,-1.0302730826845963,0.21387878503542004,-0.356,-0.352,-0.3717069819787241,-0.3622712546898788,-1.111
-1.084,-0.436,-0.452,-1.084,-0.452,-1.084,-1.084,-0.12,-0.217,-0.452,-0.12,0.391,2.15,2.15,-0.217,1.992,2.15,1.992,-1.084,1.992,0.684,-0.452,0.047,1.992,0.684,0.391,0.684,0.684,0.391,-1.084,0.684,-0.436,2.15,0.684,2.15,0.047,2.15,1.992,2.15,-0.12,1.992,-0.12,-1.084,1.992,-1.084,1.992,-0.452,2.15,-0.436,-0.12,0.391,-0.217,-1.084,-0.1319604252410877,-0.4625104109397535,2.13671614953617,-1.097597157708413,-0.4287735567287454,0.3782431858419228,-1.0553335203709673
-0.846,0.166,-0.846,-0.787,0.166,-0.585,0.939,-0.01,0.166,-0.809,-0.846,-0.585,0.166,-0.846,-0.787,-0.846,-0.445,-0.01,-0.585,-0.01,-0.585,-0.884,-0.585,-0.809,-0.884,-0.445,-0.884,-0.884,-0.884,-0.517,-0.585,0.166,-0.585,-0.884,0.166,-0.787,-0.884,0.166,-0.517,-0.884,-0.809,0.939,-0.884,0.939,-0.884,-0.517,0.939,-0.585,0.166,-0.809,-0.8269588661870985,0.15264901195423994,-0.01,-0.445,-0.022541694327973802,-0.5955123626883998,-0.7959952585732251,-0.846,0.004087635130820831,0.03883579017187758,0.9233030837841582,-0.787,0.963805078573551,0.06857979603996153
-1.21,0.517,-1.071,-0.357,0.201,0.517,0.038,-1.071,-0.014,-1.21,1.115,-1.21,0.038,-1.21,-1.21,-0.014,0.517,0.749,0.517,-1.071,-0.539,-0.539,-0.539,0.749,-0.539,-1.071,0.201,-0.014,-0.357,0.749,-1.21,0.517,0.749,-1.071,-0.539,-1.071,0.517,-0.357,-0.014,-0.357,1.115,1.115,1.115,-0.357,-1.21,-1.071,-0.357,-0.014,1.115,-0.3780159443463581,0.038,0.517,-0.02809931074738555,0.749,0.02340671678959508,0.0058659538754620676,0.7347718696422993,0.5015631813025742,1.1064733553724242,0.5463303196573337,-0.539,-0.5554788321592269,0.7796612797998029,-1.21,1.150152267532358,0.055755067409654385,0.8074446484138094,-1.0808848647229303,-1.2215804617829762,-1.044306133194893,1.2120946000162915,0.10366210181297159,0.8472891462579847
2.1,0.499,2.1,1.643,1.643,0.499,2.1,2.1,-0.508,0.499,2.1,0.499,-0.508,0.499,0.852,-0.508,1.643,1.643,2.111,1.643,0.583,2.1,0.583,0.499,0.125,1.643,0.499,2.111,2.111,2.111,0.125,1.643,0.499,0.499,1.643,2.1,2.1,0.499,0.499,0.852,0.499,0.499,-0.508,1.643,-0.416,2.1,0.499,2.1,2.1,-0.508,1.643,0.583,-0.5228922275008484,2.111,2.1,-0.5113943021598136,-0.416,2.099339748152649,2.134783521527554,2.173095715171382,0.5697585729075824,2.0862948658372846,2.1009905502478006,2.223093760257319,-0.4224000195589406
-0.271,1.971,-0.075,1.09,-0.271,-0.502,0.924,-0.777,-0.405,-0.405,0.924,-0.777,-0.728,1.971,-0.075,0.505,0.924,-0.502,-0.728,0.505,-0.777,0.505,-0.271,-0.271,-0.502,0.505,1.971,0.924,-0.271,1.09,-0.405,-0.271,-0.728,-0.728,1.971,-0.405,0.505,0.924,-0.075,-0.405,0.505,-0.502,1.09,0.924,-0.075,1.971,-0.075,-0.405,-0.271,0.924,0.9036673085404124,-0.4162671618393453,-0.37410405481668074,1.09,-0.28562247983673306,-0.728,1.971,0.505,-0.075,-0.7437529391334614,-0.502,-0.31913266287529535,1.957610971184952,1.07845717681354
-1.386,1.725,1.725,0.322,-0.741,0.322,0.322,1.725,-0.364,1.725,0.322,-0.364,0.322,-0.364,1.498,-0.364,-1.386,0.782,1.725,1.725,1.498,0.782,-1.386,-1.386,1.725,-0.582,0.419,0.886,-0.364,1.498,-0.364,0.322,-0.741,-0.364,1.725,-1.386,1.498,-0.741,-1.386,-0.364,0.419,1.725,0.886,1.498,-1.386,-0.582,0.322,-0.741,0.322,-1.386,-0.364,1.498,-1.386,0.419,0.886,0.322,0.3099347617174917,0.872485203508024,-0.3731853964788535,-0.741,-0.582,-0.35159938645183814,-0.323326849933272,-0.753025686433349,0.782,0.9208954005783679,-0.2793662217182899,1.725,-0.7362670407985229,0.345678928229725,-1.3941172129156754,1.7097626664746683
0.836,-0.512,-0.941,0.749,0.749,0.749,0.49,-0.622,0.775,-0.475,-0.475,0.573,-0.475,0.573,-0.512,0.573,-0.33,0.573,0.49,-0.622,-0.941,-0.622,0.49,-0.941,0.573,-0.941,0.573,0.775,0.573,0.49,-0.512,0.749,-0.33,-0.512,0.573,-0.33,0.573,0.49,-0.622,0.836,-0.475,-0.33,0.49,-0.34415852082239956,0.836,0.775,0.573,-0.512,0.749,0.73320435804505,0.7646633313949339,-0.622,-0.3116154525278081,0.8235609625404456,-0.941,-0.5250759595957636,-0.4859996777899221,-0.4894276247162974,-0.4457505939967252,0.8658802248338515
-0.787,-0.224,-0.436,-0.977,1.097,-0.977,0.728,-0.768,-0.436,-0.386,1.915,0.728,1.097,-0.665,1.097,1.915,-0.768,1.097,1.097,-0.787,-0.436,-0.386,-0.386,-0.787,-0.768,1.915,-0.977,-0.665,-0.977,-0.665,-0.977,1.097,1.915,1.915,0.728,-0.224,-0.436,1.097,-0.436,1.097,-0.787,-0.787,-0.224,1.097,-0.768,-0.386,1.915,-0.386,-0.40563128280045346,-0.224,1.097,-0.3720143882776758,0.728,-0.23131667344196516,-0.17896744550812155,-0.977,-0.665,-0.34027703967591666,1.087350127073695,-0.3069810361739818,-0.2810104790002794,-0.9847733193326715
1.284,-0.138,-0.138,-0.461,-0.461,1.284,-0.186,1.73,-0.57,-0.461,-0.57,1.73,-0.138,0.015,-0.57,0.926,-0.186,-0.988,0.926,0.926,-0.57,1.284,-0.186,0.015,-0.57,-0.988,-0.57,1.73,-0.988,0.717,1.284,-0.138,-0.57,0.926,-0.988,0.926,0.717,1.73,-0.186,1.73,-0.138,0.015,0.926,-0.461,1.284,-0.988,1.73,-0.988,-0.461,1.73,0.015,-0.47542985689255307,0.005593527864182929,0.0466270859865468,1.7129589714229285,-0.138,0.06882955835985825,0.1159575924216826,-0.57,-0.15123383098439358,-0.186,-0.4397217168318734,0.1652052304915116,0.926
2.014,0.294,0.188,0.7,-0.097,2.014,-0.989,-0.526,-0.775,-0.097,-0.526,0.294,-0.989,-0.989,-0.365,-0.097,2.014,0.3,-0.775,0.294,0.7,0.7,-0.989,0.7,-0.365,-0.365,2.014,-0.775,0.294,-0.365,-0.989,-0.989,0.7,0.188,0.7,0.294,0.294,0.3,2.014,0.7,-0.097,0.188,0.294,-0.097,0.2791195971559046,0.17704737425210573,-0.526,-0.775,-0.7929687592822794,-0.365,-0.10993672100195814,-0.37306038720530776,2.014,1.9990583483322055,-0.7503351120340783,2.033261512033472,-0.3382942392213914
-0.8,-0.968,-1.151,-0.76,-0.691,-1.051,-0.968,-0.825,-1.051,-1.151,-0.968,-0.825,-0.968,-1.151,-0.964,-1.151,-0.964,-0.691,-0.825,1.159,-0.8,-0.825,-0.76,-0.403,1.159,-0.8,-0.403,-0.964,-0.76,1.159,-0.403,-0.403,-0.825,-1.051,-0.964,-1.051,-1.051,-0.8,-0.964,-0.964,-1.151,-0.968,1.159,-0.964,-0.76,-1.151,-0.403,-0.964,-0.968,-1.151,-0.76,-0.9799575726314579,-0.8,-0.4129929234872566,-0.8135554214642878,-0.825,-0.7767292378534468,-0.9317947968317712,-0.9843503499216225,-0.7402493756848667,-1.1633730463821574,-0.36346195298471823,-0.9021061179275204
1.847,0.825,1.847,-0.754,1.847,0.547,1.313,-0.838,1.313,0.825,0.825,-0.838,-0.48,-0.754,-0.48,1.313,2.029,-0.838,-0.48,-0.589,1.313,-0.589,-0.522,0.825,-0.838,2.029,-0.838,1.847,-0.522,1.313,0.547,0.547,-0.48,-0.48,-0.589,-0.838,1.847,-0.48,-0.754,1.847,1.313,-0.522,-0.522,1.847,-0.522,-0.48,0.547,0.547,2.029,2.029,-0.754,-0.589,-0.522,1.313,2.029,-0.838,-0.838,1.847,2.029,0.547,2.0125930519792288,-0.589,2.054373646544853,2.0668651628978894,-0.48,1.837557926359725,-0.49543938104407115,-0.6022386203820739,-0.8470791131800581,2.0898895449047825,0.5299609877974846,2.1250038009928516
-0.283,-0.42,0.299,-0.123,-0.998,-0.548,-0.123,-0.42,-0.877,1.531,1.531,-0.896,-0.42,-0.998,1.067,-0.896,-0.123,-0.548,1.531,-0.998,-0.877,-0.123,1.531,-0.548,-0.42,1.067,-0.283,-0.548,0.299,0.299,-0.998,0.299,1.531,-0.123,-0.123,-0.877,-0.877,1.531,-0.896,-0.548,1.531,1.067,-0.548,-0.877,-0.896,0.299,-0.283,-0.877,-0.123,-0.42,-0.42,-0.998,1.531,-0.123,-0.283,-0.998,0.299,-1.0085129213765855,-0.9685695603645833,-0.3010120759584558,-0.877,-0.9313190012388293,1.5163177405797788,-0.896,-0.8913970726886074,-0.24242248859309182,-0.8991334251495643,-0.8515019205124432
0.289,-0.897,-1.299,1.273,0.474,0.289,-1.133,-0.897,0.289,-1.299,-0.599,-1.133,-0.388,1.273,-0.897,-1.022,-0.897,-0.897,-1.299,-0.897,1.273,-1.299,-1.022,-1.299,-1.299,-1.022,-1.299,-0.897,1.273,-1.299,-1.133,-1.022,-1.299,-0.599,0.574,0.474,-0.897,-1.299,-1.133,0.289,1.273,-1.299,-1.022,-1.133,-1.133,-0.599,0.474,-0.897,-1.022,1.273,-0.9131801453406008,-1.034830621473072,-1.133,-1.299,-1.3212177625640185,-0.599,1.2606535071164144,-0.9949086974243462,0.289,0.4571534394967592,-0.8602429265750103,-1.2695652636797448,0.5031304069685426
-0.458,-1.019,0.68,-0.458,-0.996,-1.019,-0.996,-0.996,2.377,-1.053,-0.996,-0.562,-0.458,2.377,-0.996,-0.562,-0.996,-1.165,0.68,-0.458,-1.053,-1.053,-1.165,2.377,-1.053,-0.458,-1.165,0.68,0.68,-0.996,-0.235,-1.019,-1.053,-0.996,2.377,-1.165,2.377,-1.019,-1.019,2.377,0.68,-1.165,-0.458,0.504,-0.235,-1.053,2.377,-1.165,-1.165,-1.165,-1.053,-0.996,-1.165,-1.0124988349066122,-0.235,-1.019,-1.1780432344280254,0.68,2.377,-0.9753607059256568,-1.064044742626803,-0.9412796709787725
0.583,0.524,0.583,0.583,0.015,-0.459,0.701,1.364,-0.214,0.812,0.701,-0.459,0.146,0.701,0.015,0.524,0.583,0.812,0.015,-0.368,0.583,1.364,1.364,0.701,0.812,0.583,0.812,0.583,0.524,-0.459,-0.368,0.583,0.583,0.583,-0.368,0.146,0.812,1.364,0.583,-0.368,0.812,0.701,0.701,-0.459,0.524,0.701,0.6901342491406985,0.015,-0.0038044907926637096,0.583,-0.214,0.146,1.364,0.7378419462182599,-0.368,0.812,0.7731083940969825,0.5724710207610855,0.8002518704566581,-0.47222204219953007,0.13682586528246404,0.7994647406414146,0.8289529068548549,-0.45108294197973686,0.1880116140232951
-0.116,1.606,-1.015,1.034,-0.544,-1.01,-1.015,-1.01,-0.219,-0.765,-0.116,1.034,-1.015,1.606,-0.219,-1.01,1.606,-1.01,-0.219,-1.01,-0.413,-1.01,-1.015,-0.765,-0.116,-0.219,-0.765,-0.765,-0.544,1.14,-0.219,-0.544,1.14,-0.544,-1.01,1.606,-1.01,1.034,1.606,1.14,1.14,-0.219,-1.01,-0.413,-0.544,-1.015,-0.765,1.14,-0.7773734561685335,-0.5604058178546077,1.034,-0.219,-0.116,-0.5325845455999796,1.606,-0.7299444189197462,1.125915828817869
1.613,-0.395,0.441,1.27,-0.434,-0.434,0.017,1.613,1.613,-0.483,0.017,0.991,1.27,-0.483,0.017,1.613,-0.395,-0.845,-0.395,0.017,1.613,-0.845,0.017,-0.483,0.991,-0.845,-0.395,0.991,0.017,1.27,1.27,-0.483,0.017,-0.434,1.613,0.017,-0.395,-0.483,0.017,0.382,0.382,-0.434,1.27,0.017,0.017,0.441,1.613,-0.845,-0.483,1.613,0.017,-0.845,1.27,-0.845,-0.483,-0.395,-0.483,0.991,0.382,-0.4970352220702415,-0.434,-0.395,-0.41109809211581416,1.27,0.017,0.37454737046140085,0.9809423901432721,0.39778167830007,0.42550299238022493,-0.845,1.258325468186097,0.441,-0.461869693417891,1.613
0.38,-0.014,0.66,0.38,-1.226,-0.43,-0.495,-0.43,0.38,-0.605,-0.014,0.38,-1.226,-0.43,-0.978,-0.368,-1.226,0.38,-0.978,0.66,-0.605,-0.115,-0.978,-1.226,-1.226,-0.014,-0.978,-0.115,-0.115,-0.43,-0.978,-1.226,-0.115,-0.978,-0.605,0.66,-0.43,-0.495,-1.226,-0.495,-0.495,0.38,-0.115,0.66,-0.43,-0.115,-0.495,-0.368,-0.43,0.66,-0.4457425726945888,-0.978,-1.226,-0.38067937699536236,-0.34850269533535966,0.38,-1.2412207402188933,-0.115,0.642611466402727,-0.323520852880095,0.689607907119928,-1.198760131960511,-0.5089271182882874,0.7173620525146627,0.3640156453029157,0.393375638378791
-0.263,0.944,-1.389,-0.656,0.379,0.535,0.379,-1.389,0.379,0.944,0.535,-1.389,0.944,-0.263,-0.849,0.944,-0.656,-0.656,-0.849,-0.849,-0.263,-0.849,-0.395,0.379,0.379,-1.389,0.535,-0.263,-0.395,-0.835,-0.835,-0.849,-0.395,0.944,-0.835,0.379,-0.656,-0.395,-0.849,-1.389,-1.389,-0.395,-1.389,-1.389,-0.656,0.379,0.944,-1.4052206314019855,-0.835,0.9304698379386379,-0.263,0.3689628352024321,0.4122466609988912,-0.849,-0.27543322792206515,0.45599105334967965,0.535,-0.8522206143265838,0.5190926907315122,0.5464196212298598,0.0,0.49962005827361194,0.9895159881479149
0.431,0.286,-0.042,-0.176,0.389,-1.107,-1.107,0.286,0.389,0.205,-0.042,0.389,0.431,-0.176,0.431,0.859,-0.731,0.286,0.431,0.859,0.978,-0.731,0.389,-0.176,0.859,-1.107,-0.731,0.431,0.205,0.978,0.389,0.859,-1.107,-1.107,0.205,0.431,0.205,0.859,-0.042,-0.731,-1.107,0.205,-1.107,0.286,0.286,0.286,-0.731,0.978,0.978,-0.042,-0.731,-1.107,0.431,0.389,-0.7398198468558941,0.205,0.42060315761327743,0.978,-0.176,0.3717453720744299,0.4163838460994147,0.43481037854139876,0.286,0.859,0.19321251566851066
-0.727,-0.245,-0.512,-0.512,1.535,-0.727,-0.778,1.535,-0.051,-0.245,-0.778,-0.33,-0.815,-0.512,-0.33,-0.778,-0.33,-0.778,-0.502,1.535,-0.727,-0.727,-0.051,-0.778,-0.502,-0.33,0.796,-0.245,-0.778,-0.815,1.535,-0.815,-0.815,-0.051,0.796,-0.815,-0.512,1.535,-0.815,-0.512,-0.245,1.535,1.535,-0.502,-0.512,-0.727,1.5205558295632633,-0.7396535688088006,-0.815,-0.5281061600226405,-0.051,-0.5153921088893422,-0.4998197587631631,0.796,-0.33,0.7848062449074592,-0.4718408628158863,-0.245,-0.778
-0.885,-0.885,2.067,2.067,0.428,2.067,-0.885,2.067,0.428,2.067,-0.383,0.115,-0.383,-0.918,1.193,-0.383,-0.918,-0.918,-0.511,-0.383,-0.702,-0.272,1.193,0.428,-0.511,-0.511,-0.885,0.428,-0.702,-0.272,0.115,-0.272,-0.702,0.428,1.193,-0.918,-0.918,-0.702,-0.272,0.115,-0.272,-0.702,2.067,2.067,0.428,-0.918,-0.885,1.193,1.193,-0.702,-0.918,1.193,-0.885,-0.272,-0.383,2.067,0.115,2.05447944653846,-0.511,2.107150770960981,-0.28317723271143025,2.148338732645803,0.10169813750521792,-0.8951349554443053,1.1816339860394858,0.428,-0.2621329134814776
-0.016,0.942,-0.228,0.774,1.388,-0.228,0.774,1.388,1.854,0.942,1.388,0.555,-0.785,-0.016,1.854,-0.684,1.854,0.555,-0.016,-0.684,-0.684,0.555,1.388,-0.785,1.854,-0.228,-0.483,-0.228,-0.785,0.555,-0.785,0.774,1.388,0.555,-0.785,0.555,1.388,-0.684,0.774,0.942,-0.684,0.774,0.942,-0.483,-0.483,1.854,0.774,1.854,1.388,-0.483,-0.228,1.854,-0.684,0.942,1.854,1.388,-0.684,-0.016,1.838011196227897,-0.483,0.555,1.893571396592606,-0.785,0.5431174889391357,0.930428427931973,-0.49953441336941906,0.9828738953400877
-1.201,0.167,-0.628,0.167,0.02,0.167,0.167,-0.915,1.264,-1.201,-1.201,-1.201,-0.915,-0.641,0.718,-0.503,-0.503,1.264,1.264,-0.628,0.02,-1.201,-0.666,0.167,-0.641,-0.628,0.02,0.02,-1.201,0.167,-0.628,-0.628,-1.201,-0.503,-0.666,-0.628,-1.201,-0.666,0.167,0.718,-0.915,0.718,1.264,1.264,-0.915,-0.915,-0.915,0.167,-0.628,-0.641,-0.6467040416623749,-0.6163456177753903,0.02,0.718,1.264,-0.5765667656753403,-0.915,-0.503,-1.201,-0.5295284604257086,-0.6558880184731825,-1.2164475060524753,-0.666
-1.048,-0.853,1.208,-0.839,-0.006,-1.048,-1.116,1.697,-0.839,-0.976,-0.853,-0.976,-1.048,1.697,1.697,-0.839,-0.449,-1.116,-1.048,-0.976,-0.839,-1.048,-1.116,-1.116,1.697,-0.449,-0.449,-0.449,-1.116,-0.449,-1.116,1.697,-0.976,1.697,0.572,-0.839,-0.853,-1.116,-0.449,-1.116,1.208,1.208,-1.116,1.208,1.208,-0.976,-0.449,-0.853,1.697,1.208,1.208,1.208,-0.449,-0.006,-0.4625913534372541,1.697,-0.976,0.572,1.6801051114161227,-0.9911246095215966,1.7173810946153498,-0.014825313040372044,-0.9506358779582889,-0.41702703883049796,1.208,-0.853,1.1965706052346998,-1.116,-0.8662135630315024
-1.352,-1.352,-0.307,-0.148,-0.729,-0.826,-0.303,-0.148,0.807,-0.303,-0.307,0.807,-0.307,0.265,-0.826,-0.303,0.807,0.265,-0.148,-0.729,-0.148,0.092,0.807,-0.307,1.138,1.138,-0.307,-0.148,-0.729,0.092,0.265,-0.307,-0.307,-0.148,-0.826,-0.826,-1.352,-1.352,-1.352,-0.307,0.092,-0.729,0.265,0.807,-1.352,-0.729,-1.352,-0.303,1.138,-1.352,0.265,-0.729,-0.148,0.092,-0.7415677459438621,-1.352,0.265,-0.303,-1.3630419487980732,-1.318292088123984,1.138,0.25087312776015985,0.807,-0.1636434981121844,-1.269586088649972,-0.826,-0.3166943094195674,-0.6866839140433735,-0.10479507391391589,0.7945422368838184,-1.2463036790704718,0.08199470030614159
-0.536,-0.536,-1.292,2.497,2.497,0.938,2.497,0.938,-1.28,-1.292,1.059,-1.28,-0.074,-1.292,-0.966,1.059,-0.655,-1.292,0.938,-0.966,-1.28,-1.292,-1.292,1.059,-1.28,0.461,-0.074,2.497,-0.966,2.497,-1.292,-0.074,-1.292,-1.292,2.497,-0.536,-0.966,-1.28,2.497,-1.292,-0.655,-0.966,-0.966,-1.28,-1.28,2.497,2.497,-1.28,0.938,-0.074,1.059,-1.292,0.461,-1.302898114074154,-0.08179838171106131,0.4497167028328515,-0.655,2.497,-0.966,-0.536,-1.279332959043526,-0.6695249045540544
-0.697,-0.547,-1.101,1.515,-0.951,-0.793,1.006,-0.547,-1.101,-1.101,1.006,0.113,1.515,-1.101,0.889,-0.951,-0.697,-0.778,-1.101,0.113,-0.793,-0.547,1.515,-0.547,1.006,-0.778,0.889,-0.951,1.006,1.515,-1.101,-0.778,-0.547,-0.547,1.515,-0.793,-0.547,-0.793,-0.778,-0.697,1.515,0.889,-0.697,-0.951,-0.547,1.006,0.889,0.113,0.113,0.113,0.113,-1.101,0.113,0.113,0.09542122762529458,-0.697,-0.951,0.889,0.1473111377118513,-0.547,1.515,-0.9635767609663962,-0.5612808481560279,-1.101,-0.7124188790962898,-0.778,1.503201744188307,-0.6594232212888543,-0.7925719633585167,-0.6436417279974269,-1.1148135659042113
1.388,-1.006,1.373,-0.475,-0.866,1.388,-0.866,-1.371,1.388,0.099,-1.197,-0.475,1.388,-0.803,-1.371,-0.803,0.099,-0.866,-0.803,1.373,-1.197,-0.866,-1.371,-0.866,-1.371,-0.866,-1.371,-1.371,-1.197,-1.371,-1.197,-1.006,-0.369,-1.197,-0.803,-1.006,-0.369,-1.371,-1.006,-1.197,1.388,1.388,-0.803,-1.006,-0.475,1.373,-1.371,0.099,1.388,-0.369,-0.3875382955247023,-1.371,-0.475,1.375279491215588,-0.803,1.4070893954569292,-0.8173610231067662,-0.37369733376988234,-0.34417684735923704,1.4487914224399674,-0.31342475748316767,1.373,-1.197
-0.401,-0.838,0.876,0.753,-0.537,-0.012,2.159,-0.838,-0.537,0.753,0.876,-0.537,2.159,-0.838,0.462,2.159,-0.537,-0.809,-0.838,0.876,0.753,-0.809,-0.809,-0.012,2.159,-0.838,-0.401,0.876,2.159,-0.012,0.876,2.159,0.876,-0.838,0.438,0.876,-0.809,-0.838,0.753,-0.401,0.876,0.462,-0.838,0.438,-0.537,2.159,0.753,0.42227993433971767,2.1428796396787035,0.876,0.8582642019519469,0.4675103889766644,-0.012,0.4523105452217218
-0.004,0.093,-0.92,-0.92,0.093,-0.251,-0.889,-0.465,-0.13,-0.889,-0.004,-0.92,0.093,-0.706,0.093,0.093,-0.13,1.086,-0.251,-0.92,0.093,0.637,-0.465,0.093,-0.706,0.093,1.086,0.637,0.637,-0.004,-0.251,-0.889,0.637,-0.92,-0.706,-0.004,0.637,1.086,-0.13,0.637,0.637,-0.706,-0.251,-0.465,-0.251,-0.889,-0.706,-0.465,-0.92,-0.7199233874103139,-0.13,-0.4782734750251766,-0.45584673858448826,0.093,-0.9034887714164709,1.086,-0.26411173242388464,-0.9345365910088493,-0.004
-1.152,-1.171,0.067,1.473,0.862,1.473,0.833,0.833,-1.152,1.145,1.473,1.145,-0.052,-0.655,1.145,0.554,-0.655,-1.171,0.554,-1.152,0.554,0.067,1.473,0.833,0.833,-1.171,-0.052,-0.655,-1.152,0.833,1.473,-1.152,-0.052,-1.171,0.067,0.067,0.554,0.554,0.554,-1.171,1.473,-1.152,-1.152,-1.171,0.862,1.473,-0.655,0.067,0.067,0.862,0.047517414826642485,-1.152,1.145,1.473,0.08405948046971153,0.554,0.852321746709057,0.15311869448060736,1.130214527191573,1.1779500408911416,0.5439646041184223,0.8897685758427598,1.4658502476532758,-1.1631107383044264,1.4852676819578319
-0.605,-0.082,-1.121,0.097,-1.121,-0.603,-1.121,0.282,-1.121,-0.082,-0.605,-0.082,-0.605,-0.603,-1.121,1.453,-0.603,0.097,-0.45,-1.121,0.097,-0.398,-0.082,-0.45,-0.082,-0.398,-1.121,-0.45,-1.121,1.453,-1.121,-0.45,-0.605,-0.082,-0.605,1.453,-0.45,1.453,-0.422,0.282,-0.605,1.453,-0.422,-0.4447667237787288,-0.082,-1.121,-1.1460390169400683,0.282,0.26284519237723714,-1.1162243202705728,-0.09832120357463461,-0.603,-0.398,-0.41008106026603525,-0.06108208318214416,-0.39142122620095043
-1.172,-0.355,-1.172,-0.218,-1.113,-0.711,-0.217,1.01,-1.172,-1.172,1.01,-1.172,0.228,-0.218,-0.355,-1.113,-0.347,-0.217,-0.711,-1.113,1.01,-1.113,-1.113,-0.218,-1.172,-0.355,-0.347,-0.355,-0.711,1.01,-1.113,0.228,-0.218,0.228,1.01,-1.172,-0.711,0.959,1.01,-0.347,-1.113,0.959,-0.711,1.01,-0.355,-1.113,0.228,0.9991707394466919,1.0528457345326132,0.959,0.9415566830853299,-0.218,-0.217,1.0916620199008344,-0.711,-0.347,-0.23081949007079802,1.1221191186677757
-0.846,-1.032,1.002,-0.488,1.002,-0.277,2.503,-0.816,-0.277,-0.846,2.503,-0.277,2.503,2.503,0.171,-0.846,1.002,-0.149,2.503,2.503,-0.277,1.002,-1.032,-0.816,0.171,-1.032,-0.846,-0.277,-1.032,-0.177,2.503,-0.846,-0.488,-0.277,2.503,-0.846,-1.032,-0.488,-0.846,-0.277,-0.846,-0.149,-0.816,-1.032,-0.177,1.002,-0.488,-0.149,2.503,2.503,2.503,-0.488,-0.5017920533423273,-1.032,-1.053860442341747,-0.44906743147365485,-0.177,-0.846,-0.8592116006097591,-0.277,-0.4053082046803497,-1.019410711122219,-0.29156076249910523,-0.19369766715452355,0.171,-0.9687017753515286
1.743,1.743,-0.481,-0.672,-0.515,1.743,-0.057,-0.481,-0.915,1.743,-0.541,-0.915,1.743,-0.456,1.743,0.032,-0.541,2.261,2.261,-0.915,-0.057,2.261,-0.515,-0.481,-0.672,-0.915,-0.456,2.261,0.032,1.743,2.261,-0.915,2.261,-0.672,-0.057,-0.515,2.261,-0.915,1.743,2.261,2.2379979497396105,-0.057,-0.07718493823342454,-0.05680851423906804,-0.456,-0.541,-0.515,-0.5366895289881007,0.032,-0.4658984463722651,1.724887317544869,0.021261866150707822,-0.4403369081574833,0.06695864242426681,-0.02174889035158933,-0.5571079962400709
0.565,0.404,-0.677,-0.967,0.404,0.54,-0.967,-1.142,-1.142,0.565,-0.581,-0.677,0.565,-0.959,-0.677,-0.581,1.185,-1.142,1.76,1.185,-0.677,1.76,-0.959,-0.967,-1.142,-0.967,1.76,0.565,-0.677,0.565,-1.142,-1.142,1.76,1.76,0.565,1.76,-0.581,-0.967,1.185,0.404,0.404,1.76,-0.959,1.76,1.76,0.54,-0.581,0.565,0.565,-1.142,-0.959,0.565,0.404,-1.142,-0.581,0.565,-1.151935265189887,-0.5921945786650724,-1.1001308757565365,1.76,1.7474925620046928,-0.959,-0.967,-0.5451605589563615,1.779006748502404
-1.295,1.045,-0.777,0.045,-0.47,-1.295,-0.777,0.966,1.354,1.045,0.045,-0.249,1.354,-1.295,-1.295,-0.777,1.045,1.354,-0.479,-0.777,-0.249,0.966,1.045,-1.295,-0.249,0.966,-0.249,1.354,-0.249,-0.777,-1.295,0.045,-1.295,-0.47,0.966,-0.249,-0.137,-0.479,-0.137,0.966,-0.137,1.354,0.045,-1.295,1.045,-1.295,1.045,-0.137,1.033430215823141,-0.14994008117612595,-0.777,-0.47,0.045,-0.11727550869614708,-0.07309299694026347,-0.049897723230245355,1.0715779524919073,-0.01369393539739394,0.00742037450293968,-0.4885904520094311,0.06377794553258874,-0.479,0.966
-0.695,1.868,-0.311,-0.311,0.053,-1.161,0.08,-1.161,-0.641,-1.065,-0.311,-1.161,-0.311,-0.311,1.868,0.053,-0.857,-0.641,-0.695,-1.065,-0.311,-0.311,-0.311,1.868,-0.311,-0.857,-1.065,-0.857,1.868,0.053,1.868,-1.161,-0.311,-0.311,-1.161,-0.695,-1.161,0.08,0.08,-1.161,0.08,0.053,-1.065,-0.695,1.868,-0.641,-0.857,1.868,-0.311,-1.065,1.868,-0.857,-1.161,-0.311,0.053,-0.695,0.08,1.861228682790214,-1.1764631177939076,0.0,-0.7088782470131307,-1.1267047090226454,-0.014726861075193446,-0.31984326688735704
1.453,0.263,0.263,0.871,1.259,-0.082,-0.841,0.263,-0.186,1.259,1.595,-0.841,0.871,0.263,1.595,-0.082,0.147,1.259,-0.186,1.595,-0.186,0.263,-0.082,0.871,0.263,-0.186,1.595,-0.082,1.595,0.147,1.453,0.871,-0.082,0.596,-0.186,-0.841,-0.082,0.596,-0.082,1.259,0.263,1.453,0.871,-0.841,-0.082,0.263,-0.082,0.596,1.259,1.245608588124018,0.263,0.23966968142905165,0.147,-0.841,0.28031743980291585,0.871,1.595,0.8553913590841408,0.8741740766820562,-0.8538175265777757,1.5832038644547115,0.30979329513528725,-0.186,-0.829264830282755,1.638538721564843,-0.8075750443608947,0.3518165436761626
-1.094,-1.094,-0.867,-0.226,-0.562,0.139,0.139,-1.094,0.269,1.056,-0.562,0.023,-0.867,0.139,-1.095,-1.094,-1.095,0.269,-0.226,-1.094,0.139,0.139,-0.867,-1.034,-0.226,-0.867,-1.095,-1.034,-0.562,1.056,-1.034,-1.094,-0.867,1.056,-0.226,-1.094,-1.095,-1.034,-0.226,-0.562,-1.034,-1.094,1.056,0.023,-1.095,-1.094,-1.034,-1.095,1.056,-1.034,-1.095,-1.034,-1.094,-1.095,-0.867,0.269,-0.8808559930178352,-0.562,1.056,0.25976801249186904,0.30738329871844267,0.023,-1.034,-1.047338131266736,0.3519625721334722,0.011734725020364566,0.39105476457675437,-1.094,-0.5749315958694485,0.04303676112864105,0.139,-1.095
0.878,-0.639,-0.82,-0.82,1.733,1.733,-0.598,-0.82,-0.528,1.733,1.172,1.733,1.733,1.733,0.878,1.733,-0.639,-0.82,-0.528,-0.528,-0.749,0.878,-0.749,-0.528,-0.82,0.878,0.878,0.878,0.995,-0.639,-0.749,-0.33,-0.598,1.733,0.995,1.733,-0.82,1.172,0.995,0.995,0.878,0.878,-0.598,-0.749,-0.82,0.878,-0.7580250638965094,-0.639,-0.528,-0.6572913938174596,-0.723102366261297,0.995,-0.598,-0.33,0.8712321572700809,0.9801965217529525,-0.5383723313286287,-0.6256999175096807,-0.6947801674364991,-0.8296862146419511,-0.5139468494361576
0.225,-0.614,-0.886,-0.733,0.225,0.201,-0.614,-0.733,0.225,-0.886,1.626,-0.614,-0.736,-0.886,-0.807,0.94,0.225,-0.589,-0.736,-0.733,-0.614,0.94,1.626,1.626,1.626,-0.614,-0.614,0.94,-0.886,-0.733,-0.589,1.626,-0.807,1.626,0.94,-0.733,-0.886,-0.589,-0.614,0.225,0.225,-0.614,-0.807,0.201,-0.736,-0.807,-0.733,-0.886,1.626,0.225,-0.614,-0.6256848349640876,-0.7468094524763225,0.201,0.21382346994478763,0.24002996565041324,-0.5866778239002539,-0.807
-0.934,0.47,-1.503,1.256,0.127,-0.062,-1.503,1.256,-1.503,-0.835,-0.853,-1.503,0.47,-0.062,-0.934,-0.925,-0.925,0.47,1.256,-1.503,0.127,-0.853,1.256,-1.503,-0.579,-1.503,-0.934,-0.925,0.127,-0.579,0.127,-0.579,-1.503,-0.925,-0.062,-0.579,1.256,1.256,1.256,-0.934,-0.934,-1.503,-0.579,-0.853,-0.835,1.256,-0.934,-0.579,-0.835,-0.835,-0.925,-0.853,-1.503,-0.835,-0.579,0.127,-0.835,0.127,-0.835,-0.835,-0.853,-0.579,-0.062,1.256,-0.8668576950784328,-0.591204232056896,-0.5634520811699237,-0.835,-0.934,1.237876969292166,-0.9509262523636222,-0.5486585278056239,-0.9215221143872478,-0.925,-0.07655476570313843,0.127
-0.493,-0.39,1.654,0.657,-1.136,1.654,1.247,-1.147,-1.147,-0.493,1.24,1.654,-1.147,-0.39,-0.39,1.654,-1.136,1.24,-0.39,-1.147,1.24,-1.405,1.247,0.657,-1.405,1.24,-1.405,-1.405,-1.405,-1.147,-1.405,0.021,1.24,-1.147,-1.405,0.021,-1.147,-0.39,-0.493,1.654,0.657,1.247,-0.493,-1.136,-1.136,-1.405,1.654,-0.493,-1.147,-1.147,-1.136,-1.405,-1.405,-1.136,-0.39,1.247,1.2220383466436775,0.021,1.24,-1.136,-0.39,1.2282834215609946,1.2566406035001383,-0.399927930826075,1.2545466083057295,-0.3583568403778979,-1.147,1.2889693963957438,-1.1530947346351461,0.004370183161752646,-0.3085797443561239,-0.493,0.04632559458597462,-1.1239898394970629,-0.26698458129867203
2.6,1.211,0.158,2.6,-1.034,2.6,0.535,-0.793,0.231,-0.844,2.6,-0.61,-0.844,2.6,2.6,-1.034,-0.793,1.211,0.839,-0.793,2.6,-1.034,0.839,-0.61,2.6,0.839,0.231,-0.844,0.535,1.211,0.839,-1.034,-0.844,0.839,-0.844,2.6,0.839,2.6,0.535,-1.034,0.535,0.158,0.839,0.535,2.6,0.535,0.231,-0.61,-0.793,-0.844,0.535,2.6,2.582343160868951,-0.6268831801207575,-0.8087619393125827,2.631417428758674,-1.034,-0.577318029161033,0.839,0.231,2.6593495988483506,0.5243304493755574,-0.7664434492765992,0.8267397441531815,0.158,0.14542218238931923
-0.584,-0.584,-0.753,0.689,-0.574,1.18,-0.574,1.18,1.533,0.772,-0.38,1.533,-0.753,1.533,-0.38,0.689,0.162,1.533,0.162,0.162,-0.753,1.18,0.162,0.689,1.533,-0.753,-0.38,0.162,0.606,-0.753,0.772,0.689,0.162,-0.574,1.18,-0.753,0.606,-0.574,-0.584,0.606,-0.753,0.689,-0.574,-0.753,-0.753,0.162,1.18,1.165172360900474,-0.574,1.533,-0.5892216523640225,-0.753,-0.7688964330996726,-0.38,0.772,-0.4025730467582316,0.606,0.689,0.14763256607751116,-0.7288650818514142,-0.36030676861551986,1.209259974218888,-0.584,-0.5354047094137252
2.017,0.969,-0.819,2.017,0.969,-0.715,1.179,2.017,-0.819,2.017,1.179,-0.671,-0.715,0.969,2.017,-0.776,-0.819,0.411,-0.715,0.675,0.675,-1.087,-1.087,-0.715,0.675,-0.776,-1.087,-0.776,1.179,-0.776,-1.087,-1.087,-1.087,0.969,1.179,2.017,-0.671,-0.715,-0.776,0.675,-0.819,-0.671,-0.819,-1.087,2.017,1.179,-0.671,0.411,2.002468372486845,0.675,1.1628147063601408,-0.6799125775192336,-0.819,-0.8386719812128072,0.6643034875612518,1.1922645437826571,-0.6433145136033668,-0.715,-1.101967312117936
0.362,-0.467,-0.661,-0.661,-0.042,-0.589,-0.945,-0.042,-0.7,0.362,-0.7,-0.945,-0.661,-0.628,-0.7,1.644,-0.589,0.362,-0.467,-0.628,1.644,-0.042,-0.467,-0.661,-0.589,-0.7,-0.945,-0.467,-0.467,-0.945,0.362,-0.467,-0.467,0.439,0.362,1.644,-0.661,0.362,-0.945,-0.7,1.644,1.644,1.644,-0.7,-0.042,-0.628,-0.945,-0.6393270917382228,-0.661,1.644,-0.9553229199142146,0.439,-0.467,1.6259267726606146,0.362,1.6627662796262717,-0.47886722388803493,0.3461039806837362,-0.7,1.6945171805057542,-0.589,-0.5953267592776755
-0.314,-1.236,-0.763,-0.314,-0.509,-1.253,-1.236,-1.236,1.596,-0.871,-0.509,-1.253,1.975,-0.509,-1.236,-1.253,1.975,-0.509,-0.763,-0.49,1.596,-0.314,1.596,-0.49,-0.509,1.975,-1.253,-0.871,-1.253,0.033,1.975,-1.253,1.975,-1.236,-0.763,1.596,-0.871,-1.236,-0.509,-0.509,-0.509,1.596,1.596,-1.253,-0.763,-0.509,-0.871,0.033,1.596,1.975,0.033,-1.253,-0.763,-0.763,-0.314,-1.236,1.596,-0.509,1.975,1.9563333102313647,-0.5211613565062692,-1.236,-0.871,0.033,1.596,0.01771010662646861,-0.8843302702875955,-0.49,-0.763,-0.5044879961663422,0.058601788105503455
-0.845,-0.507,-1.133,-0.167,-0.845,0.836,-1.133,-0.708,-0.845,-1.133,0.836,-0.708,-1.133,-0.167,0.429,-0.507,-1.133,-0.167,-0.607,0.836,0.429,1.62,-1.133,-1.133,-0.712,-0.167,1.62,1.62,1.62,1.62,-0.167,-0.712,-0.607,1.62,1.62,-1.133,-0.607,-0.167,-0.167,-1.133,-0.607,-0.708,-0.167,1.62,0.836,-0.708,-0.845,-0.712,-1.133,-0.712,0.836,1.62,-1.133,1.62,-0.708,0.429,0.836,0.40968880456505535,1.62,1.6026479915859642,0.8229285163879224,-0.7231100576292879,-0.7085074231699893,-1.133,-0.712,-0.6723075233596496,-0.845,-0.7279026385013647,0.4372144207798233,-0.8551414470313109,-0.8208124566983717,-0.7791104334773019,0.8595545817120015
-0.957,-0.477,-0.957,-0.605,-0.454,0.879,-0.428,0.879,-0.216,0.879,-0.428,-0.955,-0.477,2.036,2.036,-0.955,-0.955,2.036,0.879,-0.957,-0.605,2.036,-0.454,-0.428,-0.428,-0.955,-0.428,-0.428,-0.216,2.036,2.036,-0.957,-0.957,-0.216,2.036,-0.216,-0.477,-0.955,-0.957,-0.216,-0.955,-0.477,0.879,-0.428,-0.477,-0.955,-0.477,-0.605,-0.216,0.0,-0.454,-0.955,0.879,-0.4700913236341133,-0.428,-0.9686594897488408,-0.941439954152252,-0.44303140337189917,-0.9153242234217932,-0.8698048380625628,-0.477,-0.957,-0.2250920098593926
-0.932,0.078,-0.293,-0.932,1.155,1.152,-0.932,0.091,-0.293,-0.293,1.152,-0.932,-0.029,-0.844,1.155,1.155,1.155,-0.029,0.078,-0.844,1.155,0.091,1.155,-0.932,1.152,1.155,-0.844,0.111,0.091,-0.844,0.091,-0.029,1.152,1.155,1.152,0.111,0.078,0.078,-0.932,1.155,-0.029,0.078,-0.932,0.091,0.616,0.091,-0.029,1.152,1.136132110274591,-0.293,-0.932,0.091,1.155,-0.844,0.616,-0.30737282028096957,1.1877135859751362,0.078,-0.9435506610553027,1.236390303114394,-0.9066649882451
-0.942,0.453,1.265,-0.888,0.453,0.453,-0.7,-1.096,-0.888,-0.888,1.265,0.453,-0.942,-0.942,1.265,-0.579,-0.942,-1.096,-0.673,-0.579,-0.888,1.307,0.647,0.647,-0.942,0.453,-1.096,1.307,0.647,1.265,0.453,-0.942,0.453,0.647,-0.579,-0.7,1.307,-0.942,-0.942,-0.579,1.265,0.647,1.265,0.647,-1.096,-1.096,1.265,-0.7,-0.673,0.647,-0.673,-0.7,-0.6869984594636668,1.265,0.647,-0.942,-0.579,0.453,-0.6386010767242024,-0.6009216736811521,-0.7111742425717146,0.4388822223071484,-0.5877994278427473,-1.096,0.49426304859740566,1.307,-0.6932503959595964,-0.888
1.484,-1.028,-0.899,-0.298,-0.481,0.759,-0.481,0.759,0.843,-0.899,-0.481,-1.028,0.7,-0.298,-1.028,0.7,1.484,-0.862,1.484,0.843,-0.684,-1.028,-0.862,-0.862,-0.862,-0.481,-1.028,0.7,-0.684,0.7,0.7,-0.684,-0.899,-0.481,-0.862,-0.899,1.484,0.759,-0.298,-0.684,-0.899,-0.862,0.759,0.843,1.484,-1.028,-0.862,-0.684,0.759,0.843,-0.298,1.484,0.759,-0.899,-0.862,-0.8721519822000887,-1.028,-0.9134997155183536,-1.0484693043529234,-1.0009662082611985,1.4720259118966759,1.5194609180754155,-0.8334540869167698,0.7
-0.706,1.436,-1.065,-0.865,-1.191,-1.065,1.654,1.436,-1.191,1.654,1.654,1.654,1.654,-1.191,1.002,0.404,-1.065,-1.191,1.436,1.002,-0.753,-0.706,1.002,-1.191,-0.865,1.002,-0.706,1.654,-0.865,0.404,-0.046,-0.865,1.002,1.654,1.436,-1.065,-0.865,-0.865,-0.706,-1.191,-0.046,-0.046,-0.753,-0.753,0.404,-1.065,1.436,-1.191,1.654,1.654,-1.065,1.436,1.654,-0.865,-0.753,-0.7655956246738724,-0.046,1.6406541656041496,-1.065,1.4256709754443153,-1.191,0.404,1.002,-0.8779185311373512,-1.1993255150902982
0.306,-0.777,1.717,1.277,-0.364,-0.364,0.961,0.144,-0.883,1.742,-0.883,1.277,-0.883,-0.777,1.742,-0.777,1.277,1.277,1.717,-0.777,-0.364,0.961,0.144,0.961,0.961,-0.883,-0.364,-0.777,1.277,0.306,1.277,-0.364,0.961,1.742,1.742,1.742,1.277,-0.364,1.717,0.961,0.306,0.626,-0.364,1.277,-0.777,0.144,-0.364,0.306,-0.790268481474812,-0.883,0.961,0.9515565492449789,0.626,-0.8981503382227108,1.0041681060556784,-0.7701030443743735,-0.7461393082247021,1.277,0.6112851128129905,0.6345549073444624
-0.822,-0.822,0.503,1.302,0.151,-0.822,0.151,-0.071,1.787,1.157,1.302,1.375,1.302,1.787,1.302,1.07,1.07,1.302,1.07,1.302,1.787,1.787,-1.001,-1.001,-1.001,1.157,-1.001,1.302,-0.822,-1.001,-1.001,1.375,1.07,0.503,-1.001,1.157,1.157,1.787,1.302,1.375,1.787,-0.822,0.151,-0.071,0.503,-0.822,0.151,1.07,1.07,-0.822,-1.001,1.07,-1.001,-1.001,-1.018651720372081,0.503,-0.9883706815232256,-0.931306586097246,1.302,1.07,1.157,0.4885526956324638,-0.071,-0.8880850277595903,0.151,1.375,1.1492960039092046,0.49827713297345966,1.1892261708951886,-0.822,0.13900349730301148
-1.262,0.125,-1.262,0.152,0.152,0.595,0.002,-0.821,-0.733,0.793,0.002,0.595,-0.821,-1.262,0.002,0.152,0.284,0.002,-1.262,-1.262,-1.262,0.595,0.595,-0.102,0.002,-0.733,0.125,-0.733,0.002,-0.733,0.284,0.595,0.002,-0.733,-0.733,0.793,0.595,-0.102,0.595,-0.821,0.002,-1.262,0.595,-1.262,0.152,0.284,0.793,0.14474483798155746,0.002,0.27241852557060203,-0.009309403252793596,-0.733,0.013833919471010762,-1.274897833997238,-0.7471811249353453
-0.765,-0.86,-1.381,-1.381,0.723,-1.25,-0.058,-1.381,0.792,0.123,-0.765,-0.765,-1.25,-0.86,-1.381,-1.25,-0.765,-0.765,-1.381,-1.381,-1.381,-0.058,-0.86,-1.381,-1.381,0.723,0.723,-0.765,-0.697,0.723,-0.86,-0.775,-1.25,-1.25,-0.775,0.123,-0.058,0.123,-1.381,-1.25,-0.765,-1.25,-1.25,-0.697,-1.381,-1.25,-0.775,-0.697,-0.775,0.123,-0.058,0.723,0.10529926682491744,-0.0737456891324447,0.1491972425742988,0.1481627590333047,-0.785725199345381,-0.86,0.7111461990857202,-0.8752786491413863,-1.25,0.7733777777451356,-1.381
-0.693,-0.406,-0.492,0.18,1.57,1.866,0.18,0.18,0.895,-0.492,1.866,1.866,-0.406,0.461,0.895,0.895,1.866,0.18,1.866,-0.406,1.866,1.866,1.866,1.57,0.895,-0.223,1.57,1.866,-0.452,1.866,1.57,1.57,0.18,-0.406,1.866,-0.223,0.18,1.866,-0.452,0.18,-0.406,-0.693,1.57,-0.452,1.866,-0.693,0.461,1.8479878268757848,1.881309390996599,1.57,-0.4599070874065943,1.5570652303846373,0.895,-0.4171371358264819,-0.40052728764052514,-0.492,0.8868804958595207,0.4511452822007941,1.629705362833149,1.9263665836843626,0.18,-0.406
0.394,1.792,0.394,-0.832,0.353,0.14,-0.832,0.394,-1.066,0.14,0.939,1.144,1.792,1.144,-1.066,-1.066,1.144,-0.937,1.792,1.792,1.792,0.353,0.939,1.144,0.14,-1.066,0.14,0.353,0.353,-0.832,-0.832,-0.498,-1.066,-0.937,0.939,0.353,-0.498,0.394,-1.066,-0.832,-0.832,-0.498,1.144,-0.498,0.394,0.394,-0.937,-0.498,0.394,-0.937,-1.066,0.14,0.394,1.792,1.7761636029159236,1.8149148890520836,0.939,0.38372161752807404,1.8564856456646592,-1.066,-0.937,0.42847593860814237,-0.498,0.12956096348084115,-0.9523353091703043,1.144
-0.653,-0.653,-0.852,-0.653,-1.164,1.452,-0.852,1.452,0.027,0.486,-0.653,0.488,-0.653,0.486,-1.164,0.027,-0.852,-0.343,-0.852,-1.164,-0.343,-0.343,-0.852,-1.164,0.227,0.027,1.452,0.526,1.452,1.452,-1.164,-0.653,0.027,-1.164,0.227,-0.852,-0.852,-1.164,-0.852,-0.8705016592767812,0.526,-1.1774184867710193,0.5097920348337744,-0.653,0.5464220873501555,-1.1261982316922678,0.488,0.5861644987292283,-0.8165375366621818,0.027,0.6259786093063151,0.6686257509530927,0.7023199494320073
-0.618,-0.701,-0.701,-0.618,-0.736,-0.985,0.676,0.661,-0.618,1.263,-0.736,-0.618,1.943,1.943,-0.701,1.263,0.676,-0.618,-0.618,1.263,-1.017,-1.017,-0.736,-0.701,-0.618,-0.985,-0.28,-1.017,0.676,1.943,-0.985,1.943,1.943,-1.017,-0.28,-1.017,0.676,0.676,-0.618,1.263,1.943,0.676,-0.28,-0.28,-0.701,-1.017,-0.736,1.943,0.676,-0.985,0.661,0.661,-0.28,0.661,-1.017,-0.736,0.648478997226855,1.263,0.676,1.2480691901893972,-0.28,-1.027076987204269,-1.001529190403153,-0.7504828462511537,1.943,-0.985,-0.2917532349737508,-0.7144663901859044
1.439,0.458,1.248,-1.027,-0.139,-0.139,1.248,1.248,-0.06,0.759,-0.139,-1.027,1.439,-0.382,1.439,-0.915,-0.915,1.439,-0.139,1.053,1.053,-0.915,1.439,-0.915,0.458,0.458,0.458,1.053,-0.139,-1.027,0.458,-0.139,-1.027,-0.06,0.458,-0.06,-0.139,1.053,0.458,-0.139,1.248,-1.027,-1.027,-0.139,0.759,1.439,0.458,1.248,1.2305029794216389,0.759,0.458,0.4271654392807855,-0.382,1.439,-0.915,1.426843886025507,0.4627358715613661,-0.06,0.4704828631792442,-1.027,0.5111146450424354,-0.9290202561684401,-0.139,-1.0399170097441355
-0.487,-0.851,-0.433,-0.487,-0.487,-1.191,-0.219,-0.202,0.903,-0.487,0.388,-0.487,-1.191,-0.202,-1.191,0.903,-1.191,-0.219,-0.851,-0.433,0.339,0.388,-0.433,-0.219,-0.851,-1.191,0.388,-0.487,-0.202,-0.433,0.388,0.903,0.339,0.388,-0.851,0.388,0.388,0.388,-0.851,-0.228,-1.191,-1.191,-0.219,-0.851,-0.487,-0.228,-0.851,0.388,-0.219,-0.8626008817454314,-0.23583012138911044,-0.433,-0.20615621414643345,-0.24631774202848825,-1.191,0.3718577929248508,-0.2078093571553617,-0.4430705665558024,0.903,0.8850111027427741,-0.15386297442625213,-0.4171036829041426
-0.873,1.427,1.427,1.939,-1.036,-0.482,-0.287,1.939,1.939,1.939,-1.036,-0.348,-0.348,-0.482,-0.482,1.427,-0.287,-0.348,-0.287,-0.287,-0.006,1.427,-0.287,-0.873,-0.873,-1.036,0.805,1.939,-0.348,-0.873,-1.036,0.805,-0.873,0.805,0.766,-0.482,-0.482,-0.873,1.427,0.805,0.805,1.939,-1.036,-0.482,0.805,1.939,-1.036,-0.873,-0.006,0.766,1.939,-0.482,0.805,-0.348,1.427,-0.287,-0.873
0.559,-0.769,-0.397,-0.449,-0.894,-0.939,1.084,-0.449,0.559,-0.449,-0.397,-0.939,1.084,-0.397,-0.939,-0.894,-0.939,1.084,-0.377,0.559,-0.397,0.559,0.559,-0.939,-0.894,-0.397,-0.575,-0.894,-0.769,-0.769,-0.939,-0.449,0.559,-0.894,-0.449,-0.453,1.084,0.559,-0.453,1.084,-0.575,-0.397,-0.769,0.559,-0.575,-0.939,-0.939,-0.449,-0.769,1.084,-0.397,-0.397,-0.939,-0.769,-0.449,-0.9520634909769977,-0.4666957249219149,0.559,-0.8990627683643315,-0.575,0.5449720687335192,-0.453,1.084,-0.46478797996401966,-0.42955632858750487,-0.4347292403374373
-0.95,-0.356,-0.797,-0.95,1.828,-0.356,1.828,-1.083,-0.714,1.828,-0.797,-0.95,-0.704,-0.356,0.758,-0.988,-0.019,-0.714,-1.083,-0.988,-1.083,-0.797,-0.704,-0.714,-1.083,-0.988,0.758,-0.356,1.828,-0.714,-0.019,1.828,0.758,-1.083,0.758,-0.714,1.828,0.758,-0.714,-0.988,-0.988,-0.797,-0.019,-0.356,-0.704,-0.95,1.828,-0.704,1.828,-0.356,0.758,0.758,-0.95,-0.704,-0.7227554793155112,-0.714,-0.019,-0.6876540441750286,-0.356,0.7443842936824913,-0.797,1.828,1.8126773516180967,-0.812112147224259,-1.083,-0.3672399908104385,0.777260732357707,-0.988,-0.7440436130487916,1.835121448614733,-0.03147219794205122
-0.949,-0.949,1.568,-1.013,-1.013,-1.013,-0.748,-1.028,1.568,0.018,-0.748,-1.013,-1.028,-1.028,-0.09,-1.125,1.568,-1.125,-1.125,-0.893,0.018,-0.893,-0.893,1.568,-0.389,1.568,0.018,-1.013,-0.949,-0.949,1.568,-1.013,-1.028,-0.893,-0.893,-1.125,-1.028,0.018,-0.893,-1.028,-0.748,-0.893,-0.893,-1.125,0.018,-0.748,-0.748,-1.125,-1.028,1.568,-1.013,-1.0314284011851225,-0.949,-0.09,-0.10553761373115772,-0.389,-0.40738572922653554,0.018,-0.9667998296316148,0.010779877242265357,-1.0060129207753254,1.552972181205991
-0.302,-0.899,0.786,-0.805,-0.805,0.417,-1.266,0.567,-1.266,1.592,-0.899,-0.302,0.786,-1.266,0.786,1.044,-0.217,0.567,-1.266,1.592,0.786,-1.266,-1.266,-1.266,1.044,-0.302,-1.266,-0.805,-1.266,-0.302,1.044,-0.805,0.567,-0.899,-0.899,-0.217,-0.302,-0.899,1.592,-0.302,1.044,0.786,-1.266,-1.266,-1.266,1.592,-0.899,1.592,0.567,-0.217,-0.805,1.044,-0.8195065629475278,-0.899,-1.266,-0.302,-0.9139671039724651,0.786,0.567,1.592,0.7694853342421449,-0.3173901950977801
-1.109,-0.896,-1.217,-1.001,1.639,-1.217,-0.91,-1.109,-0.161,-0.896,-1.109,-0.91,-0.832,-1.001,1.639,-0.896,-1.109,-0.91,-1.001,-0.161,-1.217,-1.001,1.189,1.639,1.639,-0.91,1.639,-1.109,1.189,-1.217,-0.832,-1.001,1.189,-0.832,-0.161,1.639,-1.217,-0.896,-1.001,1.189,-0.832,-0.161,-1.217,-0.832,-1.217,-1.001,-0.896,1.639,-1.109,-0.161,0.428,-0.91,1.189,-1.109,-1.1254226707633546,-0.161,-1.217,1.1731854966718744,-1.1036404789014171,0.428,-0.896,-1.0672615738073878,1.639,0.41442265160886743,-0.832,-1.2327216968337225,-0.9080146491076827,1.6233345134191604,-0.8483522353308665,-1.1951587133361687,-1.019571013420465,-1.001,1.2010069353516055,-0.91,-0.8294574782759726
-1.094,1.24,0.182,-1.094,-0.824,1.147,-0.782,-0.782,1.147,-0.782,1.24,-0.083,1.24,0.921,0.182,-1.094,1.401,-0.782,-1.094,0.182,1.147,-0.824,-0.824,-0.083,1.401,0.921,1.401,0.921,0.921,0.921,1.147,-0.083,0.763,1.401,0.182,0.763,-0.824,-0.083,-0.782,-1.094,1.147,0.763,1.24,1.147,0.763,-1.094,1.147,0.763,1.147,-0.782,0.763,-1.094,1.147,-0.782,1.133542240803539,1.24,1.2209103882125347,-0.824,0.763,-0.7953629887900459,-1.1025126708338682,-0.083,0.7515936382993665,-0.7649203673107093,0.921,0.182,-0.7194353621087313,0.9020931110207722
-0.277,-0.336,-0.404,1.742,0.874,1.866,1.742,1.866,-0.277,-0.404,-0.336,0.841,-0.704,1.742,1.866,-0.977,-0.336,-0.277,1.866,-0.277,0.024,1.866,0.874,-0.704,-0.704,-0.977,1.866,1.742,-0.704,1.742,-0.977,-0.704,-0.404,-0.277,-0.336,-0.404,0.841,-0.404,0.874,1.742,1.742,0.024,0.874,-0.404,0.024,-0.704,-0.977,0.874,-0.404,-0.336,-0.277,-0.2959919793099562,1.742,0.841,1.7242060656508773,-0.704,0.831147251071114,-0.4219681685767432,-0.3862401288289706,0.874,0.024,1.7632428554844257,-0.977,-0.23992171453718186,1.866
0.095,-0.001,0.73,-0.001,0.576,2.166,1.669,-1.09,1.669,0.73,2.166,0.095,0.576,-1.09,0.73,0.576,-0.152,-0.001,1.669,-0.152,-0.152,0.576,-1.09,0.73,1.669,-0.46,2.166,0.576,-1.09,-1.09,2.166,0.095,-0.46,-0.152,0.73,-0.674,-0.674,2.166,1.669,0.576,2.166,2.166,1.669,-0.152,-0.001,-0.674,2.166,0.73,-0.46,-1.09,-0.152,-0.674,-0.6863008820469243,-0.6623137949311053,0.576,0.5619100651580263,-0.16007999005712686,0.5934321938931625,0.7188695263432474,-0.121986065155484,0.7640446839324424,0.095,0.07998524433251397
-0.407,-0.974,1.158,0.381,-0.407,1.153,-1.161,-0.407,-1.161,1.158,-0.974,-0.044,1.158,-0.407,-1.161,-0.79,-0.79,0.381,1.158,1.153,-1.161,-0.79,-0.163,-1.161,1.177,1.177,-0.044,1.177,1.153,-1.161,-0.163,-0.044,1.158,0.381,-0.974,-0.974,-0.163,-0.974,-1.161,1.153,-0.79,-0.407,-0.974,0.381,-0.79,-0.407,1.153,-0.407,-1.161,0.381,1.158,-0.974,0.381,-0.974,-0.407,-0.044,0.381,-0.163,0.366697880072461,1.177,-0.1750600708584474,-0.9877455549107,-1.161,-0.056944536340176294,-0.79,-0.8096911069174189,-0.9500062640794475
-0.449,2.036,1.182,-0.449,-0.449,2.036,-0.449,2.036,0.684,-1.249,-1.249,0.684,-1.249,0.684,2.036,-0.449,0.684,0.448,0.684,-0.083,-0.902,1.182,2.036,-0.902,2.036,-0.902,1.288,-0.435,-0.902,-1.249,1.288,2.036,2.036,2.036,2.036,-0.449,-0.449,0.684,-1.249,1.182,0.684,-0.449,1.288,-0.902,1.182,1.182,-0.449,0.684,-0.435,0.684,-1.249,1.182,-0.435,0.684,-1.260781690349972,1.288,1.1712443602340052,0.448,-0.449,1.2726518007408703,-0.083,1.228187824701201,0.6730874757605383
-0.829,1.725,-0.618,-0.332,-0.502,2.266,-0.332,0.318,-0.829,2.266,-0.332,-0.502,-0.332,2.266,-0.262,2.266,-0.829,-0.618,-0.502,-0.502,-0.829,-0.502,-0.618,-0.262,2.266,-0.829,-0.422,0.318,2.266,-0.332,-0.618,2.266,0.318,2.266,-0.829,-0.332,1.725,-0.332,1.725,1.725,-0.085,-0.262,-0.618,-0.332,1.725,-0.618,-0.502,-0.829,-0.618,-0.618,-0.618,0.318,-0.332,-0.502,-0.618,1.725,-0.085,1.7145811297486575,-0.422,-0.829,-0.6298521231928546,-0.5164339341499878,-0.3465188406809094,-0.8399524457250294,-0.4858958522529386,-0.8018061359500026,-0.262,-0.7752657047150139,-0.2707131401078128,-0.22913465355531415
-0.945,-0.755,-0.459,-0.459,-0.413,-0.565,0.175,1.261,-0.413,-0.755,0.175,1.261,2.338,-0.459,1.261,-0.459,0.884,2.338,0.884,2.338,2.338,2.338,1.261,0.175,2.338,1.261,-0.459,0.884,0.175,-0.945,-0.565,-0.945,2.338,-0.459,-0.459,-0.945,-0.565,2.338,0.884,-0.755,-0.945,0.175,0.884,0.175,0.0,-0.945,2.338,1.261,1.2457334235254713,0.175,-0.007229310046058499,-0.565,2.3305310168144953,0.04896163266727464,0.884,-0.413,0.869529912044084,0.09428591953763062,-0.459,2.378726166262126,0.9214586673961841,2.4204271976971596,0.9715777525118554,2.4512290591446932
0.854,-0.45,0.398,-0.45,-0.586,-0.665,-0.665,-0.055,-0.055,1.534,-0.182,0.854,-0.182,-0.055,-0.45,-0.586,1.534,0.457,-0.665,0.457,-0.182,1.534,-0.665,-0.182,-0.45,0.854,-0.376,-0.182,-0.45,-0.45,-0.586,1.534,0.398,-0.665,0.457,-0.665,-0.055,-0.45,-0.055,0.854,-0.665,-0.182,-0.6764626139242376,-0.055,-0.6565062021170731,-0.586,0.854,-0.06817688623577636,-0.19495733238201898,-0.6297213994094369,0.8385642475700098,0.457,-0.04749413097653966,-0.45,1.534,-0.0016616736055041458
-0.303,1.652,-1.179,-1.179,-1.179,-1.179,0.659,-1.277,-0.123,0.165,0.659,-1.277,0.165,-0.303,-1.179,-0.123,-0.303,0.165,-1.277,1.716,1.652,1.716,0.165,-0.123,-1.277,-1.277,-0.303,0.466,1.652,-0.303,-1.179,1.652,1.716,0.659,1.652,1.652,-1.179,-1.277,0.466,1.716,-0.582,1.716,-1.277,1.652,-1.277,-1.179,-0.582,-1.277,-0.582,0.165,-1.179,-0.582,-0.6093771986454188,-1.179,1.716,0.659,-0.5679353677680355,-0.303,1.7032709755716877,0.466,-1.1890988767844142,-1.277,0.165,0.15363484748898518,0.6493975584825719,-1.2915898349305561,-0.123,-0.5369040301087966,1.7695280136462241
-0.843,-0.433,-0.182,-0.182,0.871,0.024,0.714,-0.843,0.871,0.024,-0.182,0.871,-0.188,-0.182,-0.769,0.024,-0.843,-0.182,-0.843,-0.188,-0.5,0.871,-0.843,-0.433,-0.5,-0.769,0.024,0.024,-0.843,-0.769,0.871,-0.769,-0.769,0.871,0.871,-0.188,-0.769,-0.769,-0.496,-0.496,-0.182,0.024,-0.5,-0.433,-0.188,0.714,-0.188,-0.496,-0.188,-0.843,-0.8574194908790774,0.024,-0.433,0.010577963089432728,0.714,0.05666699332934702,-0.44935809126656684,-0.769,-0.20046371163441107,-0.4357028997761631,-0.182,-0.5035412530020522
-0.61,-0.61,-0.236,0.225,-0.917,0.493,-0.917,1.048,0.225,-0.236,-0.917,1.479,-1.045,1.204,-0.61,1.204,-0.553,-1.045,0.493,0.225,-0.61,0.493,1.204,-1.045,1.479,-0.61,-0.236,1.479,-1.045,0.493,1.479,-0.236,-0.236,0.225,1.048,0.225,-0.553,0.225,1.204,-1.045,1.479,-0.917,-1.045,-0.917,0.225,-0.553,-1.045,1.204,-1.045,-0.553,-1.045,-0.61,1.479,1.204,1.184518532381713,-0.236,-0.6263351006688138,1.235010433109128,1.4660918446293594,1.4906594746442656,0.493,-0.917,-0.24481150933629936,-0.553,1.2638713992641815,1.5421392351468872
0.219,-0.745,-0.751,0.219,-0.745,-1.053,-1.025,0.347,0.33,1.84,-0.745,0.219,1.84,-0.203,1.84,-1.053,-1.107,-1.025,-1.107,-0.745,-0.751,-0.203,-0.745,-1.025,-1.025,-1.053,-0.751,-1.025,-1.025,-0.745,1.84,0.347,-1.107,-1.053,1.84,-0.203,-1.107,1.84,0.33,0.347,-1.107,0.219,-1.025,-0.745,1.84,-1.107,-1.053,0.347,-0.203,-1.107,-1.107,0.219,-1.053,0.219,-0.751,-0.745,-0.745,-0.203,-0.751,0.219,-0.21826615335230046,-0.745,-0.7622316761001988,-1.107,-1.053,1.84,-0.172699622305386,-0.7641832711846712,-1.025,-0.7225090603407394,0.347
-1.032,0.985,-0.65,0.743,1.132,-0.773,-0.65,-0.65,-1.032,1.132,1.132,-0.773,0.985,1.132,1.132,1.132,-0.773,1.045,0.743,0.585,0.978,-1.032,-0.773,-1.032,0.978,1.132,0.743,0.978,1.045,0.985,0.978,-1.032,1.132,1.045,0.985,-0.773,0.455,0.978,0.743,-1.032,0.743,-0.773,0.985,-1.032,1.045,-1.032,0.585,-1.032,0.743,1.045,0.5703161866193068,1.0275823818294398,0.985,1.132,-0.773,-1.0476471679702672,-1.0106765243612834,-0.96753731345425,-0.9232917942712268,-0.8975295151246092,-0.8676421316666031,-0.7867967520331076,1.0614667968632494
1.116,-1.289,-1.034,-1.034,-1.034,-1.289,-0.886,-1.034,-0.886,1.116,-1.289,-1.093,-1.289,-1.289,1.339,1.339,1.061,1.339,1.061,-1.093,-1.093,1.116,-1.034,-1.093,1.061,1.116,1.116,-0.886,-0.194,-0.194,1.061,1.061,1.061,-1.034,1.013,-1.093,-1.034,1.339,1.339,1.116,-1.289,1.339,1.013,-1.289,1.116,-1.034,-1.289,0.0,-1.093,1.013,-0.194,-1.050689254468001,1.0025012256324508,-1.1046085718712804,1.339,-0.21084763771104115,1.116,1.3310958124595051,-0.886,1.3542877201507366,-1.0563855482492972,1.061,1.3917280483505192,1.1069422794319566,-1.304501745896359
0.906,0.638,-1.11,-1.11,1.424,0.063,1.424,0.749,-0.243,-0.545,-0.243,0.906,0.749,-0.243,0.906,1.424,0.749,0.063,0.749,1.424,-1.11,-0.525,-0.149,-0.243,0.063,-0.149,0.063,-1.11,-0.149,0.906,-0.243,0.749,0.638,1.424,-1.11,1.424,0.638,-0.545,0.749,0.638,-0.525,-1.11,-0.243,0.749,-0.545,-0.525,-0.149,-0.243,-0.16272239387945575,1.424,-0.13148233255859926,-0.11720137381990639,0.638,0.063,-0.24997976489427123,0.048293846809759386
1.543,1.763,-0.469,1.307,1.307,1.488,1.488,1.543,1.307,-0.508,0.01,-0.469,-0.508,1.543,-0.336,-0.311,-0.336,-0.508,-0.478,-0.508,-0.508,-0.508,-0.478,1.763,1.543,0.01,1.763,-0.469,1.763,-0.478,0.01,0.01,-0.478,0.01,1.543,-0.478,1.307,-0.478,1.488,1.763,1.543,-0.508,-0.336,1.307,-0.5205337128776467,1.29308931711087,1.747875371043593,1.8067938486291588,1.3226151319786472,0.01,-0.478,1.5279269584006103,-0.35222917717286534,-0.469,-0.006913635068095355,-0.4972857564239042
-0.866,-0.269,-0.334,-0.334,-0.334,-0.768,0.177,-1.214,2.004,-1.214,-0.95,-0.95,-0.95,2.004,-0.269,-1.214,-0.866,0.177,-0.768,-0.269,-0.768,-0.334,-0.768,-1.214,-0.813,-0.813,-0.866,-0.813,0.177,-0.334,-0.334,-0.95,0.177,2.004,-0.813,-0.866,-0.95,-0.866,-1.214,2.004,0.177,-1.214,-0.95,0.0,-0.866,-0.95,-0.334,-1.214,-0.768,-0.813,-0.8762039486661242,-0.9571358402655779,-0.008772560754845235,2.004,-0.9223639900994559,-0.8326481573949771,-0.8273553283665291,1.9898047286675111,-0.269,-0.3499936002569859
-0.19,-0.807,-0.816,0.427,-1.141,1.272,-0.323,1.272,-1.141,-0.19,-0.816,-0.816,-0.105,1.255,0.427,-0.105,1.255,-0.19,-0.816,0.427,-1.141,-0.323,1.272,-0.807,-0.807,-0.105,0.427,0.427,-0.807,1.255,-0.105,-0.19,-0.19,-0.105,-1.141,-1.141,0.427,1.272,0.427,1.272,-1.141,0.403,-0.807,1.272,-0.19,-0.807,-0.820102095536155,-0.8015567521972955,-0.105,-0.323,-0.3398593892767917,0.427,1.272,1.255,0.41207578848388127,1.2578182378479434,1.2859880639040004,-0.816,-0.29909732748906165,1.3310653880882952,-0.27584585717791754,-0.8326056440727438,1.3524728872991656
0.497,1.407,-0.663,-0.09,-0.722,-0.663,1.407,1.407,-0.663,-0.663,-0.663,1.0,-0.722,-0.081,-0.466,-0.09,-0.081,-0.081,-1.181,-0.466,-0.663,1.0,1.0,-0.849,-0.466,-0.081,-0.722,-1.181,-1.181,-0.663,1.407,-0.663,0.497,1.0,-0.849,-0.663,-1.181,1.407,-1.181,-0.849,-0.081,1.407,-1.181,-0.466,-1.181,1.407,0.497,-0.09,-0.081,-0.849,-0.466,-0.466,-0.47944676648691986,-1.181,-0.4415078336825479,-1.2012320239482726,-0.722,-0.663,-0.081,-0.6778587364093137,-0.09,1.407,-0.6569472970007253
-1.475,-0.691,-0.483,1.633,0.831,-1.475,1.633,-0.691,-0.506,-0.483,-1.475,1.633,-0.969,-1.475,-0.506,-0.506,0.821,-0.969,0.831,-1.475,0.935,-0.691,0.935,-1.475,-0.969,-1.475,0.821,-0.691,0.821,1.633,-0.264,0.831,-1.475,-0.483,-1.475,-1.475,-0.969,0.821,-0.691,-0.483,-0.691,1.633,-1.475,-0.969,-0.483,0.821,-0.483,-1.475,-1.491183448525599,0.935,0.821,0.8102248674312345,0.831,-1.4491254811474261,1.633,-0.691,-0.7053725227851614,0.9169397693050788,0.8407598191831394,-0.969
0.798,1.0,-0.079,-0.079,-0.925,0.854,1.0,1.0,0.854,-0.146,-0.925,-0.492,1.0,-1.069,-0.925,0.854,-0.079,1.0,-1.069,-0.079,1.0,-1.069,-0.079,1.0,0.784,-1.069,0.798,1.0,-0.146,0.854,-0.079,-0.079,-1.069,-1.069,0.854,0.854,-0.492,0.854,0.854,0.798,0.854,-0.146,1.0,0.784,1.0,0.784,0.854,0.784,0.798,0.7879356495114324,-0.079,-1.069,-0.492,0.0,-0.018356637033851406,-1.0819335256587228,-0.146,-0.5097666336192789,-0.0916337395471885,1.0,0.9869113290523788,-0.470991292942731,-0.15709540792833288,-0.12566788854104863,-0.09791830825535285,0.8143313427863238,-0.925,-0.4070421542510395
1.751,0.499,0.499,-0.374,-0.93,1.344,1.784,0.499,1.751,-0.93,1.128,0.499,1.128,1.784,0.741,-0.93,2.046,1.784,1.344,0.741,-0.93,1.128,0.499,0.499,-0.892,0.499,-0.93,-0.93,-0.93,2.046,0.741,-0.93,1.751,1.751,-0.93,1.751,-0.892,1.751,1.344,2.046,1.784,-0.892,1.751,-0.374,1.751,0.499,1.344,1.344,2.046,2.046,2.046,-0.892,-0.93,2.046,1.751,-0.892,0.741,-0.374,1.784,0.499,1.784,2.046,1.128,2.0318379256822183,0.499,-0.892,-0.9112263280595432,-0.374,2.07361907635665,0.741,-0.93,0.7222000011549928,1.7724634566433735,-0.8519852524091961,1.7985175004995866,2.0970021141094843,-0.9417833123346455,-0.8117427838651251,-0.38630453044454155
1.927,-0.72,-0.881,1.845,1.704,1.704,1.845,1.927,1.927,-0.44,-0.72,-0.72,1.927,-0.493,-0.409,-0.409,-0.786,1.845,1.927,0.659,1.845,-0.786,-0.493,0.659,1.927,-0.881,1.704,1.845,-0.786,0.659,-0.44,-0.786,-0.786,-0.881,-0.44,1.927,-0.493,1.704,-0.881,-0.72,-0.786,0.659,-0.881,-0.493,1.704,-0.493,1.845,-0.72,1.927,0.659,-0.44,-0.786,-0.72,-0.493,-0.45490792535023955,-0.508080594583436,-0.7333091850046028,-0.8029949801335781,-0.7557753983108889,1.704,-0.881,1.927,-0.409,0.659,-0.7167618584111267,0.6470240397762257
-1.246,1.628,1.546,-0.852,1.628,1.546,-0.852,1.049,1.632,-1.032,-1.032,-0.876,-1.246,-0.238,1.632,-1.246,1.632,1.546,-1.246,-0.852,-1.102,-1.246,1.632,1.546,1.546,-1.246,-1.102,-0.238,1.632,1.546,-1.102,-0.876,-1.032,-0.876,1.049,1.632,1.049,1.546,-1.032,-0.238,-0.852,-1.102,1.632,-1.102,1.628,-0.238,1.628,-0.852,1.628,1.546,-1.246,-1.246,-1.032,1.628,-0.876,1.6199725776989333,1.546,-1.102,-1.246,1.632,-0.852,-1.2630650129040446,1.5370615989477179,1.6211091297986293,-0.238,-1.1162141012396611,-1.0784102607344597,1.049,-0.8660349102918402,1.5626238362324707
0.764,1.866,-1.024,-0.685,-1.024,-0.437,1.483,-1.024,1.483,-0.66,-0.801,1.866,1.866,-0.66,0.819,-0.437,-0.801,-0.801,-0.437,-0.835,-0.66,-0.801,-0.801,0.764,-0.66,-0.685,-0.801,-0.835,1.483,0.819,-0.835,1.866,1.483,-0.685,-0.801,-0.835,1.866,-0.835,-0.66,-0.801,-1.024,-0.66,-0.66,1.483,-0.835,-0.801,-0.437,-1.024,1.483,1.866,-0.437,-1.024,0.764,0.7467272893819308,1.866,0.819,-0.835,-0.801,-0.8225974114613208,1.483,-0.8009996877444522,0.772556423909557,1.853462708536807,-0.8461648465934904,-0.685,-0.80885264787274
-0.772,-0.225,0.027,-0.176,-0.001,-0.001,0.027,-1.093,-0.225,-0.772,-0.772,-0.225,-1.093,-0.225,-0.225,-0.001,-0.772,-0.001,-0.225,0.027,0.027,1.581,-0.772,-0.225,-0.176,1.581,-1.093,0.621,-0.225,1.581,-0.772,-0.001,-0.225,-1.093,-0.772,1.581,-0.225,-0.176,0.166,1.581,0.166,-0.772,1.581,-0.429,-0.429,-0.772,-0.001,-0.013876078558620525,0.166,0.15660164001855845,-0.429,1.581,0.19451534050403071,-1.093,0.027,-0.225,0.24818521649319528
-0.618,1.393,1.393,-0.98,0.189,-1.232,-0.98,-0.916,-0.916,-0.687,-0.861,1.393,0.189,-0.916,-1.232,-1.232,-1.232,-1.232,-1.232,0.424,-0.687,-0.861,-0.29,-0.618,-0.98,0.424,-0.29,-0.916,-0.98,-0.687,0.424,-0.29,0.424,-0.687,0.189,0.189,-1.232,0.189,-0.29,-1.232,0.424,1.393,1.393,-0.916,-0.98,0.424,-0.618,-0.861,0.189,-1.232,1.393,-0.98,-0.9932864046866556,-0.916,-0.618,-0.861,-0.687,-0.9357158141506632,-0.8832896957672314,-1.2429244273531224,-1.2092486280882055
-0.112,1.383,-0.686,-0.112,-1.194,1.383,0.585,1.029,0.585,-0.112,-0.686,0.621,1.383,-0.447,-0.686,0.585,0.621,-0.686,-1.194,1.383,-1.194,-1.194,-1.194,-0.112,-1.194,-0.686,-1.194,-0.686,1.383,-0.686,-0.516,-0.447,1.029,-0.447,-0.686,-1.194,1.029,-0.447,-0.686,-0.447,0.621,-1.194,-1.194,0.966,-0.447,-0.516,1.383,1.383,-1.194,0.966,-1.194,1.029,1.383,0.585,-0.112,-0.516,-1.194,-0.686,1.029,-0.5338902575593173,0.966,-1.2032684532316409,-1.203190809018856,0.585,-0.4873674555032451,0.955161746507332,-0.11964817353515482,-0.6951680493428947,1.383
0.144,-0.696,-0.475,-1.079,-0.907,-0.517,1.954,-0.901,-0.901,-0.901,-1.079,-0.475,-1.079,-0.901,-0.517,1.954,1.954,-0.696,-0.901,-0.901,-0.907,-1.079,-0.907,-0.907,1.44,-0.907,-1.079,-0.475,-0.696,1.44,1.954,-1.079,-0.901,1.44,-0.475,-0.696,-0.907,-0.907,0.144,1.44,-0.901,-0.475,-0.517,-0.901,-0.901,-0.901,1.44,-0.907,1.954,-0.475,-0.901,-0.517,-0.517,-1.079,-0.475,-0.907,1.44,1.44,-1.079,-0.475,1.44,1.4239181558402834,1.4461302681892378,-1.0920025577730286,-0.696,-0.7148141177215316,-0.901,-0.517,-0.901,-0.48960875302730056,-0.9147732103274712
-0.802,0.393,-0.931,0.082,0.393,1.551,-0.494,1.034,-0.494,-0.872,1.034,-0.872,-0.931,-0.613,-0.494,-0.494,-0.931,-0.613,-0.613,1.496,1.496,-0.872,1.496,-0.802,1.496,-0.494,0.393,1.551,-0.802,1.551,-0.613,-0.494,-0.613,0.393,1.496,-0.494,1.496,-0.872,1.551,1.034,0.393,1.034,0.393,-0.494,-0.494,0.082,1.034,-0.931,-0.872,-0.802,1.034,-0.613,-0.802,1.496,-0.931,-0.9461815265347486,1.4876391589024582,-0.6178544614125768,1.0202642578406762,1.551,1.0513840853432423,-0.9169468793102525
-0.352,0.077,1.674,-0.762,0.235,1.092,0.171,0.235,1.092,-0.762,1.092,1.092,-0.352,1.092,0.235,1.092,0.541,1.674,0.235,1.092,0.541,1.092,0.541,-0.446,1.674,1.674,-0.063,-0.446,-0.063,0.077,-0.063,-0.762,0.077,0.541,0.171,0.235,-0.762,0.541,-0.446,1.674,-0.762,0.235,1.674,0.235,0.171,1.092,0.171,1.0747528110846525,-0.762,0.235,0.15874431172307857,-0.446,-0.4655458301692253,0.541,-0.352,-0.063,-0.08235786786640818,0.22367735525429328,0.2485378571792263,-0.7691468934719978
0.644,1.098,-1.203,-1.128,-1.128,1.098,-0.545,-1.128,-0.545,-0.545,-0.545,0.644,-1.128,-0.545,-1.203,-1.128,-0.86,0.644,1.708,0.187,0.297,-0.545,-1.203,0.644,-0.86,1.098,-0.545,-1.128,0.644,-1.203,1.708,1.708,-0.86,1.708,0.187,-0.031,-1.203,1.708,-1.128,0.644,-0.545,-1.203,1.708,-0.86,0.297,0.297,-1.203,-1.128,0.644,1.708,-0.031,0.2896575045860299,0.6242177289918995,1.69815625387427,1.7194689801986411,1.098,0.32682985494589156,-0.545,-0.0441210914694576,0.187,-1.1423714859234566
-1.154,-1.031,0.193,0.415,-1.154,-0.78,0.193,-0.577,-0.598,-0.598,-0.577,0.451,0.193,-0.78,-0.577,0.193,-1.031,-0.78,-1.154,-1.154,-1.154,-1.154,-1.154,-0.577,0.451,-0.598,-1.031,-1.154,-1.031,0.193,-1.031,-1.031,0.435,0.435,-1.154,0.451,-1.031,-1.031,-0.78,0.193,-0.577,0.0,0.193,0.415,0.17680190260516085,-1.154,-0.5919438911630771,0.2141659264959771,-1.031,0.2512887924834066,-0.5646858971039391,0.302073310187196,-0.78
-0.016,-0.016,-0.783,0.592,-0.016,-0.016,0.592,0.644,0.592,-0.995,0.592,-0.016,-0.995,-0.995,-0.016,0.717,-0.361,-0.016,0.717,-0.995,-0.783,-0.783,-0.016,0.644,-0.833,0.115,-0.833,0.644,0.115,0.644,-0.833,0.592,0.592,0.644,0.592,0.644,-0.361,0.592,-0.783,0.644,0.62725673790599,-0.016,-0.361,0.6533505186310216,-0.833,-0.8552564906577574,0.115,0.717,-0.027805731802342862,0.0,-0.37207085509033005
-0.471,1.174,-0.788,1.749,-0.233,-0.377,1.174,1.174,-0.377,1.194,-1.29,1.749,1.194,-1.29,1.362,1.749,-1.29,-0.233,0.076,-0.233,-1.29,-0.788,0.076,-1.29,-1.29,-0.788,-1.29,1.749,-0.233,-0.233,1.362,-0.788,-1.29,-1.29,-0.471,0.076,1.749,-0.377,1.749,-0.471,-1.29,1.362,1.194,-0.233,1.362,-0.377,1.194,-0.233,1.194,-0.788,1.749,1.174,-0.471,-1.29,-0.377,1.749,-0.788,1.732648380460902,0.076,1.7702888791721252,1.194,1.174,-1.2994418467405855,1.8045820869767437,-0.233,-0.2538091721765284,-0.801052814829816,1.1585217299831863
-1.169,-0.531,0.062,0.062,1.217,-0.908,-0.908,-0.908,1.217,-0.531,-0.531,-1.169,-0.692,-1.169,0.118,-0.908,0.062,-0.531,-0.572,-0.908,0.118,0.491,-0.908,-1.169,-1.169,0.491,-0.531,0.062,-0.908,0.491,-0.531,-0.572,0.118,-1.169,-0.908,-0.908,-0.692,-0.531,-1.169,1.217,-0.531,-0.908,0.062,-0.692,-0.531,0.491,-1.169,0.4758400852128664,-1.1842741809823938,-0.5440795002171767,0.062,-0.5070437759744417,0.0,-0.692,-0.010880689237748466,0.118,-0.4789192838498047
1.183,-0.653,-0.676,-0.727,-0.799,-0.799,-0.997,-0.584,-0.727,0.218,-0.653,-0.727,-0.799,-0.917,-0.799,-0.862,-0.799,0.218,0.218,1.183,1.183,-0.799,-0.584,-0.917,-0.653,-0.676,1.183,-0.997,-0.997,-0.727,-0.799,-0.799,-0.799,-0.917,-0.727,-0.862,-0.862,-0.997,-0.584,-0.997,-0.917,-0.997,-0.799,-0.862,-0.653,0.218,-0.584,-0.917,-0.799,-0.997,-0.799,-0.997,-0.584,-0.799,-0.727,-0.997,0.218,-0.584,0.218,0.19225168120359265,-0.584,-0.997,0.2228499121725521,-0.676,-0.653,-0.6887487810844458,1.183,-0.917,-1.0124913769563817,1.1703065404822712,-0.9327853624938627,-0.9073753505102602
-0.917,-0.917,1.692,-1.055,1.577,1.074,1.692,1.074,1.692,-0.917,1.224,-0.58,1.224,0.606,-1.055,1.692,-1.055,-1.055,1.074,1.224,-0.58,1.577,1.692,-0.58,-0.917,1.224,1.074,1.692,-0.917,-1.055,0.245,0.245,-0.917,-0.917,-0.917,1.692,1.577,0.606,-0.917,0.606,0.606,-0.27,-0.917,0.606,1.577,1.224,1.577,-0.917,1.224,-0.27,-0.58,0.245,-0.917,1.692,-1.055,1.577,-1.0676373151538285,0.606,1.6724006297900196,-0.5918188408722265,0.589590852045262,0.23540448960489574,1.074
0.685,-1.437,-1.437,-0.206,-1.229,2.232,-0.213,-0.206,-0.378,0.251,0.911,-1.061,-0.213,2.232,-0.206,-1.437,-1.061,2.232,0.685,-1.229,-1.437,2.232,-1.437,-1.229,-0.206,-1.437,-0.213,-1.229,2.232,-0.206,-1.061,0.685,-0.206,-1.229,2.232,-1.437,0.685,2.232,-0.206,0.251,-1.437,-1.061,-1.437,-0.206,2.232,-0.206,0.911,-0.378,-0.378,-1.229,-1.061,-0.378,-0.3919178456813378,-0.213,2.232,-1.229,-1.061,0.685,-1.437,-0.206,-0.21880216373581374,-0.22172921033458134
-0.461,-0.841,-0.303,0.422,-0.461,-0.696,-0.696,1.331,-0.939,-0.303,-0.461,-0.303,-0.841,-0.939,-0.841,1.808,1.808,0.422,-0.211,-0.939,-0.211,1.808,1.331,-0.696,0.768,0.422,1.331,-0.303,-0.939,-0.461,0.768,-0.461,1.808,-0.939,-0.696,-0.696,-0.841,-0.696,0.768,-0.461,0.768,-0.939,1.331,1.331,-0.841,0.768,-0.696,-0.939,-0.461,1.808,-0.461,-0.461,-0.696,0.768,1.331,-0.303,-0.939,0.768,1.331,-0.841,0.7574711883736435,1.808,0.807605509347238,-0.31425294566620104,1.7918973653706372
-0.106,0.444,-0.106,0.386,-0.602,-0.602,-0.783,-0.602,-0.142,-0.142,0.444,-0.106,0.826,-0.084,-0.783,0.012,-0.699,-0.602,-0.142,0.444,0.012,-0.142,-0.142,0.012,-0.699,-0.602,-0.106,-0.783,0.826,-0.084,-0.142,-0.084,-0.106,-0.699,-0.699,0.386,-0.783,0.386,-0.106,0.012,-0.699,-0.084,-0.602,-0.142,-0.106,0.826,-0.106,0.826,-0.783,-0.142,-0.106,-0.7963154843599253,0.444,0.826,-0.699,-0.1178591150497256,0.386,0.3661270898394105,-0.7150357438653675,0.42965397485485013,0.3784311251761375,0.012,-0.008096837945011443,-0.08421598508355707,-0.084
-0.198,-0.686,-0.701,-0.112,-1.043,-0.686,-0.408,-0.833,0.734,-0.833,-0.112,-0.701,-0.701,-0.112,-0.316,-0.774,-0.112,-1.043,-0.774,-0.701,0.734,-0.198,0.734,-1.043,-0.833,-0.774,-0.701,-0.408,-1.043,-0.408,-1.043,-0.112,-1.043,-0.701,-0.833,-0.833,0.734,-0.408,0.734,-0.408,-1.043,-0.774,-0.686,0.734,-0.833,-0.774,-0.8490402402174438,-0.198,-0.8529441484680372,-0.316,-0.408,-0.8304151802759516,-0.33073829433886237,-1.043,-1.060547846505335,-0.41731749047545996,-0.20737870564420366,-0.701,-0.38333432456063626
0.477,-0.871,-0.871,-0.575,-0.674,0.901,2.027,0.477,-0.539,-0.575,-0.575,-0.832,0.901,0.901,2.027,2.027,-0.575,-0.832,0.068,-0.871,0.477,2.027,-0.674,-0.871,0.901,0.477,2.027,2.027,2.049,2.049,0.477,2.049,2.049,-0.832,-0.674,-0.871,-0.871,0.068,2.049,-0.539,0.901,2.027,2.027,0.068,-0.832,-0.539,2.027,-0.575,2.027,-0.575,2.049,0.068,-0.871,-0.674,-0.832,-0.539,2.049,-0.575,-0.8475745262239976,-0.6864626328926976,0.068,-0.583316889400964,-0.871,-0.8833555568361138,2.027,0.477,-0.810308672753623
1.837,2.085,-0.522,2.085,0.241,-0.064,-0.064,-1.245,0.241,-0.5,-0.474,-1.245,-1.245,-0.522,0.241,1.837,-1.245,-0.522,2.085,0.045,0.241,2.085,2.085,-0.5,-0.064,-1.245,2.085,0.045,0.241,-0.474,0.045,2.085,-0.522,2.085,1.837,-1.245,0.241,0.117,2.085,-0.5,-0.522,-1.245,0.117,0.241,0.045,-0.474,0.241,0.045,1.837,0.241,-1.245,-1.245,0.045,2.085,0.241,0.045,1.837,-0.474,2.085,0.241,-0.064,-0.474,0.117,-1.245,0.241,0.10506074192547106,-0.5,-0.07443040795574578,-1.2603612500464938,-0.5135458863178023,1.837,0.045
-0.86,-0.465,-0.86,-0.86,-0.06,-0.86,0.606,1.252,-1.096,-0.86,1.291,0.606,-1.096,-0.06,-0.729,1.252,-0.86,-1.096,1.291,0.606,-0.465,-0.653,1.252,-0.465,-1.096,-0.411,1.291,-0.653,0.606,-0.06,1.291,1.291,-0.729,-1.096,1.252,0.606,-0.465,-1.096,-0.411,1.291,-0.86,1.291,0.606,-0.06,-0.465,-0.06,1.252,-0.465,1.291,-1.096,-0.729,-0.465,-1.096,-0.06,-1.1070428539215307,1.252,0.606,0.5858214726918983,-0.411,0.6221292069447081,-0.4234556958766131,-0.40561269240118475,-1.0568932249549383,0.6668648349582917,-0.36200198234829906,0.6781390632671849,-0.86,1.291
-1.297,0.856,0.344,-0.99,0.856,0.038,0.872,-1.297,0.038,-0.99,-1.297,-0.922,-1.297,-0.99,-0.922,-0.7,-0.99,-0.99,0.038,0.856,-0.7,0.872,0.038,0.038,0.856,-0.7,-1.297,-0.99,0.344,-0.99,0.038,-0.582,-0.582,-0.922,-1.297,0.856,0.531,0.344,-1.297,-0.582,-1.297,-0.922,-0.582,0.872,0.856,-0.7,0.531,0.856,-0.582,0.8410716657650554,0.8866537086216114,0.5140809965001185,0.344,0.5482545133187626,-0.7,0.038,0.872,-0.7164778163081332,0.33288175306246054,-0.6808211209851678
0.773,-1.295,-0.713,-0.886,1.461,-1.295,-0.713,0.394,-0.697,1.461,-0.886,1.899,0.773,-0.886,-0.697,1.899,-0.886,0.773,-1.295,-1.295,1.899,-0.352,0.773,0.773,1.899,-1.295,1.899,1.461,-0.697,0.773,0.773,0.394,-0.697,0.151,0.773,-0.352,1.899,0.151,0.773,-0.713,0.394,0.394,1.461,1.899,1.461,-1.295,-1.295,-1.295,-0.713,1.461,0.394,1.461,1.899,0.394,-1.295,0.773,0.7515315486471242,1.8890588407916291,0.151,0.37938592551995265,-0.352,-0.713,1.4500431385492816,1.4939029260231156,-0.886,-0.36714367675900156,0.7882228349935176,1.9333094877267174
1.264,0.419,-0.992,-0.858,-0.443,-0.992,-1.105,-0.992,-0.858,1.264,1.264,-1.105,-1.105,1.264,-1.169,-1.124,0.737,-0.992,-0.443,-1.105,0.074,-0.992,-1.105,-1.124,0.074,-1.169,-0.992,0.737,-1.169,-0.992,-1.124,-1.124,-1.105,-0.858,-0.992,-0.858,1.264,-0.858,-0.858,-1.124,-1.124,1.264,-1.169,-1.124,1.264,1.264,1.264,-1.169,1.264,-1.169,-1.124,-1.169,-0.858,-0.858,1.264,-0.8745646612049447,-1.124,-0.8593793494018743,-1.105,0.419,0.40616861429273116,-0.443,-1.131556448090311,-1.118752763749581,-0.992,1.2545293125589798,-1.0048076031263835,0.074,-0.45055339607923406,-0.8175915873591059,-0.9703735509597873,-0.7988099326122428,-0.7655778005537611
-0.992,-0.453,-1.028,-0.379,-1.139,-1.028,-1.139,0.564,-0.681,-0.681,0.564,-1.139,-0.453,-1.028,-0.681,-0.379,-0.992,-1.139,-1.028,-0.992,-0.453,-1.028,-0.379,-0.681,-0.992,0.057,-0.69,0.057,0.057,-0.992,-0.69,-0.437,-1.139,0.564,-0.69,-0.992,-1.139,-0.437,-0.992,-1.139,-0.453,-0.681,-0.379,0.564,-0.39934698234471916,-0.69,-1.139,-0.7096153863343915,-0.6959691697526375,-1.028,-0.992,-1.0096448333819716,-1.038182928400025,0.057,-0.4640762492392808,-1.0214513006254258,-0.97782090997248,-0.9798203129686089,-0.360914358173722
-1.039,-1.039,-1.071,0.217,1.379,-0.995,-0.995,-1.071,0.826,0.302,0.217,1.654,-1.039,0.826,0.477,1.654,0.302,-1.071,-1.039,0.302,-1.039,-1.071,0.302,0.302,-1.039,0.217,1.654,1.379,1.654,1.654,-0.995,1.379,0.217,-1.071,-0.459,1.379,-1.071,0.217,0.217,0.217,-1.071,-1.071,-0.995,0.217,0.217,0.217,0.302,1.379,-0.459,-0.995,1.654,1.379,0.826,0.302,-0.995,1.6396887027281657,0.217,1.6707888522659977,0.2876125383656562,0.477,0.20162914046483882,-0.459,-1.071,-1.0944880334853195,0.22846103534971066
1.013,1.013,-0.184,-0.735,-0.421,1.013,0.392,0.404,0.392,-0.421,0.392,-0.184,0.727,0.392,1.161,-0.184,-0.259,-0.421,0.727,-0.259,-0.259,-0.735,0.392,-0.421,-0.184,0.392,1.161,-0.259,-0.735,-0.735,-0.421,-0.259,-0.421,0.392,1.013,1.013,0.392,0.392,-0.184,0.404,1.161,-0.421,-0.259,1.161,0.404,0.3869913464054182,-0.184,0.392,0.37015346651323666,1.161,-0.421,-0.735,0.40473621148012107,0.4392834163467967,0.0,0.4158461015856378,-0.259,1.148384717919863,0.49167418022936876,0.727,0.709944880505744,0.7619869185845018,-0.2711107070366513,0.8070022258546533,1.1981571045630968
1.112,0.27,1.14,-0.362,-0.823,0.27,-0.366,1.112,1.724,-0.366,-0.366,1.34,-0.823,1.112,1.112,-0.823,-0.362,-0.362,1.724,0.27,1.14,1.486,1.724,-0.016,-0.016,1.112,1.34,-0.823,-0.016,1.14,-0.366,-0.823,1.34,-0.823,-0.362,-0.366,1.486,1.486,-0.366,1.112,1.34,1.724,0.27,-0.362,-0.823,-0.8375461058145139,-0.8068352026626138,-0.366,-0.7497157480463393,-0.7226941007748358,1.112,-0.016,1.0974060471640343,-0.6929721385979172,-0.03346395882722997,1.724,0.007528547060516717
1.278,-0.239,1.278,-0.239,0.436,0.461,1.798,0.669,0.441,-0.425,0.441,0.436,1.798,-0.036,1.278,0.461,0.461,0.461,0.461,1.278,1.798,-0.425,0.461,0.436,-0.036,-0.57,1.798,-0.57,0.441,0.461,0.461,0.441,0.436,-0.239,0.441,0.461,0.669,0.436,0.669,-0.57,-0.239,0.461,1.798,0.461,-0.57,-0.036,0.441,1.278,0.669,0.436,-0.57,-0.5842205113039525,0.425180639578815,-0.5506639130123828,0.47499218297805157,-0.5034726314704799,1.268298952363778,-0.239,-0.425,0.461
-0.926,1.049,-1.271,1.084,-1.271,-0.672,-0.926,-1.271,-0.081,-0.081,0.832,-0.672,-1.271,1.084,-0.562,0.832,-0.926,-0.562,-0.926,-0.672,-0.926,-0.457,-1.271,0.832,1.049,0.256,-0.672,-1.271,1.084,-1.271,-0.672,0.832,-0.457,-0.672,0.256,0.256,0.256,-0.081,-0.562,-1.271,-0.562,1.049,1.049,-1.271,0.832,0.8169935038207432,-1.271,-1.2858705861869149,-0.672,0.256,-0.081,1.049,-0.562,-0.5745037598301954,-0.926,0.86929778104406,-1.2580061531362539,1.0367767853812733,-0.09714240583353752,0.8999808826846195,-0.9366967184552806,-0.457
0.123,0.123,0.123,-0.777,0.2,1.184,0.123,-0.777,0.841,1.057,0.2,1.184,0.2,0.841,0.2,1.057,1.184,2.07,-0.777,0.49,0.2,1.184,0.2,2.07,1.184,1.057,1.184,0.2,0.2,-0.199,2.07,-0.199,0.49,0.841,2.07,0.841,0.841,2.07,1.184,-0.777,1.057,0.49,2.07,0.4699775820826381,2.050359898708448,1.184,-0.199,1.0490329049426526,0.0,0.4753891608022808,-0.777,0.123,0.2,0.5114570844076982,1.1729241131098422,1.2004231142936685
-0.41,-1.062,-0.516,1.199,-1.062,-0.043,0.314,-0.043,-1.062,0.314,0.314,-0.516,0.791,-0.266,-1.062,-0.043,-1.037,0.43,0.791,-0.043,-1.062,-0.41,-0.516,-1.062,-0.516,-1.062,0.43,1.199,-0.516,1.199,0.791,1.199,-1.037,1.199,1.199,0.314,-1.062,-1.062,-0.266,-1.037,0.791,1.199,0.314,-1.037,-1.062,0.43,0.43,0.314,1.199,-0.043,-0.41,0.791,-1.062,1.199,1.177170926750051,-0.266,1.21037294238236,-0.4282908774282647,1.2736728449226373,-1.037,0.7813547435506896,-0.27343497297876973,0.8345129595895875
-0.857,-0.245,-1.053,-1.053,0.074,1.548,0.074,-1.022,-0.857,1.49,-1.053,-0.636,-0.857,-0.636,0.274,0.255,-1.022,1.49,-0.636,0.274,-0.245,-0.636,-0.245,-1.053,-0.857,1.548,0.074,0.274,-1.022,0.255,-1.022,0.274,1.49,1.49,-0.857,0.255,1.49,-0.636,-0.245,-1.053,1.548,-0.636,0.255,-1.022,0.274,0.274,1.49,1.548,-1.022,0.074,-1.053,0.274,0.255,1.5382766379399764,1.49,1.5551425628783635,1.5722093587464288,0.060319694635970984,0.23761264048923306,1.6080928450796217,0.27633441768468675,-0.636,0.11284574645870424,-0.857,0.26145339161573383,0.3124395445081867,-0.8768775999457218,-0.8439672840784818
-0.867,0.113,0.113,-0.204,-0.564,-0.824,-0.824,-0.339,-0.867,-0.867,-0.776,-0.501,-0.564,-0.867,-0.378,-0.339,-0.378,-0.204,-0.776,-0.776,-0.824,0.076,-0.204,-0.339,0.113,-0.824,-0.378,-0.378,0.113,-0.204,-0.776,0.076,-0.501,-0.776,-0.824,0.113,-0.378,-0.824,-0.564,0.076,-0.776,-0.378,-0.501,-0.339,-0.204,-0.378,-0.564,-0.501,0.113,-0.5170831582175985,-0.5786572949054068,-0.46485813018771605,-0.339,-0.824,-0.5576639227610235,-0.867,0.1026983528265652,-0.35133950143766085,0.076,-0.378,0.1459555773880822,-0.38796332229507424,-0.35024230276739066
-0.741,0.538,-0.741,-0.705,-0.837,-1.188,0.391,-1.188,-1.188,0.538,-1.188,0.905,-1.188,0.391,0.538,0.905,-0.993,-0.741,0.76,-1.188,-0.993,-0.705,-0.849,0.76,0.538,0.538,-0.993,-0.993,-1.188,0.905,0.76,0.905,0.76,-0.993,-0.849,-1.188,-0.849,-0.837,0.538,0.76,0.905,0.538,0.76,-0.993,-0.849,-0.837,-0.837,-0.837,-1.188,-0.705,-0.993,-0.705,-0.741,0.905,-1.188,0.8958239683771301,0.538,-0.7549245139187873,-0.837,-0.7150473535024675,-1.0067002443732358,0.5210525895079766,0.5455701708563366,-0.849,-0.7245965819618769
0.034,1.756,0.034,-0.79,-0.265,0.035,-0.79,-0.265,1.294,-0.164,0.034,-0.79,1.422,0.035,-1.003,-0.164,-0.265,-0.164,1.102,1.422,0.034,0.035,1.756,1.102,1.756,-1.003,-1.003,1.422,1.102,1.102,1.294,1.422,-0.164,-0.265,1.756,1.756,1.422,1.756,1.102,1.756,1.294,0.035,1.294,-1.003,-0.79,0.035,1.294,-1.003,1.294,-1.003,0.035,1.294,-0.164,-0.79,0.034,1.422,0.035,0.013686753533122941,-1.003,0.06294545342280196,0.016209414613875688,1.102,1.080178948148977,-1.016755226730254,-0.265,-0.8023230293468916,-0.28138586287670475,1.1136567962905648,1.294,1.756,0.06406040795559405
-0.476,0.887,-1.017,-0.476,1.186,0.887,-0.299,0.343,0.887,-0.476,-0.299,1.186,0.694,0.694,0.343,-0.634,-0.299,-0.476,-0.299,-0.299,0.694,0.343,0.343,0.343,-1.017,-0.647,-0.647,-0.299,-0.193,-1.017,0.694,-0.299,0.343,-0.647,1.186,-0.193,-0.476,-1.017,-0.634,0.343,-0.647,-0.476,1.186,0.694,0.343,0.694,-0.299,-0.647,-0.634,-1.017,-0.634,-1.017,-0.299,-0.193,0.343,-0.299,-0.193,-0.476,-0.20842504437804985,0.33263742911326016,0.3537571828710424,-0.1814624745602511,0.38672250467450286,-0.647,1.186,-0.6683217289256722,0.4235516118680311,0.46090247948471846,-0.4852813709324727,-1.017,-0.31109337699657336,0.694,-1.0335146558256345,0.670071546812335,-0.15901876756647174
-1.03,1.025,-1.03,0.686,-0.52,-0.135,1.321,1.025,0.686,-0.135,-1.028,0.509,1.321,-1.03,-1.03,0.509,0.686,-1.028,-1.03,-0.99,-0.52,-1.028,0.393,1.025,0.509,-1.028,0.686,0.393,-0.99,-0.99,-1.028,-1.028,1.321,-0.135,0.393,-1.03,0.686,-0.99,1.321,0.686,-0.52,0.393,1.025,-0.99,-0.135,-0.1581432511767505,-0.11815512756946608,-1.03,1.321,1.0121199222923722,-1.028,0.686,-0.52,-0.06354528765911022,0.509,-1.048169675695592,-1.0040550713901206,1.0590445759975307
-0.975,-0.084,0.375,2.435,2.435,-0.926,1.731,-0.975,1.264,1.264,1.264,-0.975,-0.926,1.264,-0.387,-0.53,-0.084,1.731,1.731,2.435,1.264,-0.926,-0.926,-0.53,-0.975,-0.975,1.731,-0.926,0.375,2.435,1.264,2.435,-0.975,-0.387,-0.599,-0.53,2.435,1.731,-0.084,0.375,2.435,1.731,-0.084,2.435,-0.599,-0.084,-0.599,1.731,-0.926,-0.084,-0.53,1.264,1.2423418864743618,-0.9381905653354424,-0.387,-0.6118994623729638,-0.09521701659312208,1.2768458675326457,-0.975,-0.05655440416308418
-0.331,-0.689,1.012,2.299,0.159,-0.97,-0.689,-0.97,0.159,-0.368,0.249,-0.368,0.159,2.299,1.012,-0.218,0.159,1.268,-0.689,0.159,-0.689,1.268,-0.97,0.249,-0.218,1.268,-0.97,-0.218,1.012,0.159,2.299,2.299,-0.331,2.299,2.299,1.268,0.159,1.268,0.249,2.299,-0.218,0.249,2.299,0.249,1.268,2.299,-0.97,2.299,1.012,-0.218,-0.218,-0.368,0.159,-0.97,-0.3778163846374574,-0.689,0.249,-0.9832560659717755,0.23533128648512533,-0.3180940486473421,1.268,0.146500009415553,-0.331,-0.2701080854986446,0.29540465233385504,2.299,-0.9683841521313951,-0.34128848890035807,2.2852407094517555
0.425,-0.545,-1.077,0.786,-0.938,0.425,-0.545,-0.938,0.208,-0.478,0.425,-1.077,0.425,-0.478,-1.077,-1.415,-1.415,-0.938,-0.545,0.425,0.786,1.71,-1.415,1.71,-1.415,-0.938,1.71,1.71,-1.415,1.71,-0.938,1.71,-1.077,-1.415,0.425,-0.102,-1.415,-1.415,-0.545,1.71,0.208,1.71,1.71,0.786,0.786,0.425,-0.478,0.786,-0.545,0.786,-0.938,-0.938,0.208,0.786,1.71,-1.415,-0.478,-1.4367440378207135,-0.938,0.208,0.425,-0.9501720351950218,1.71,-0.545,0.786,-1.4100352027137406,-0.102,-1.385392132583588,1.696538413360471,0.1957743285460494,-0.4874326289998854
0.733,0.977,-0.182,-0.437,0.7,-0.3,-1.201,-1.201,-1.201,-0.856,-1.201,-0.182,0.733,-1.201,0.977,-0.437,-1.193,-0.182,-0.3,-0.856,-0.182,-1.201,-0.437,1.746,-0.437,0.7,-1.201,-0.856,-0.856,0.733,-1.201,-0.3,-1.201,-0.3,1.746,0.7,-1.193,0.977,-1.193,-1.193,0.977,-1.201,-1.193,0.733,0.7,1.746,-0.182,0.7,0.733,1.746,-1.193,-0.437,-1.193,1.746,0.977,-1.193,-1.201,0.977,0.7,-0.182,-0.19843360196152962,-0.3,0.733,-1.193,-0.31801962463826855,0.6900185825146039,1.746,-0.17302446791933096,-1.209545177915872,1.7302101078426717
1.266,-1.116,1.492,-0.911,-0.816,-0.951,-0.476,1.492,-1.116,-0.836,-0.476,1.266,-0.816,1.492,1.666,-0.476,-0.836,-1.116,1.666,-0.911,-0.911,-0.476,-0.816,-0.836,-0.911,1.492,-0.911,1.666,1.666,-0.951,-0.816,-1.116,1.266,-1.116,0.284,1.492,0.284,1.492,-0.951,-1.116,-1.116,-0.911,-0.951,1.492,-0.836,1.492,-0.951,1.666,1.266,-0.476,-0.836,-0.494491767673944,1.266,-0.816,0.284,-1.116,-1.1336597011816636,1.492,-0.8460795810969926,-0.8256071304450919,-0.7887161256135253,-0.44748210805087224,-1.0810112743434777,-0.8033770371689076
-0.877,-0.811,0.594,-0.768,-0.917,0.594,-0.811,-0.609,-0.908,2.333,-0.908,-0.768,-0.609,1.563,-0.811,0.464,1.563,-0.609,-0.917,2.333,0.464,-0.917,-0.877,2.333,2.333,-0.908,-0.768,1.563,2.333,-0.908,2.333,1.563,0.594,-0.908,-0.768,2.333,-0.908,-0.908,-0.877,0.464,-0.877,-0.768,1.563,-0.877,-0.609,0.594,0.594,-0.768,-0.877,-0.917,-0.609,-0.877,0.464,-0.811,-0.908,-0.9238405095128882,-0.877,-0.8952753167668192,-0.917,1.563,-0.8894749131788682,-0.9326462059155881,2.333,-0.609,1.5509106748296906,0.449230829939059
0.477,0.477,1.768,0.805,1.768,-0.384,-0.455,-0.672,1.722,1.768,1.768,0.477,0.805,-0.455,0.805,0.606,1.722,1.768,0.805,-0.384,0.477,0.606,-0.672,-0.633,-0.633,-0.384,0.495,0.606,1.722,0.495,0.495,-0.384,1.722,1.722,0.495,-0.384,-0.633,0.495,1.768,-0.672,0.495,0.606,0.5843764350067548,-0.633,0.627969633908051,0.6422933105095753,-0.6475824180269923,-0.455,-0.607453680070875,0.477,-0.384,0.47846316500468383,-0.4701869575564568,0.5304052108902484,0.805,1.768,0.4675057951046041,0.6769573260670328,0.7911772221564055,0.5525330743005311
-0.846,-0.572,-0.486,1.414,-0.059,1.414,1.414,1.414,-0.572,-0.572,-0.572,-0.727,1.414,-0.572,-0.486,1.414,-0.732,-0.732,1.414,-0.608,-0.572,-0.608,-0.732,-0.059,-0.846,1.414,-0.572,-0.846,-0.486,-0.486,-0.486,-0.732,-0.572,-0.732,-0.059,-0.846,-0.572,-0.846,-0.392,-0.608,-0.727,-0.71,-0.392,-0.846,-0.727,-0.71,-0.732,1.414,-0.608,-0.727,-0.6204661219656564,-0.486,-0.4954853076166043,-0.71,-0.7428281808605145,-0.4591711682726778,1.414,-0.7112132457408857,-0.732,-0.846,-0.392,-0.572,-0.7508644876595726,-0.059
-0.974,-1.097,0.944,-0.418,0.889,-0.127,0.342,0.088,0.088,0.944,-0.127,-0.974,-0.839,0.342,-0.329,-0.418,0.088,-0.839,0.944,-0.839,-0.127,-0.974,-0.974,0.889,-0.127,-0.127,0.944,-0.839,0.889,-0.329,0.342,-0.974,-0.974,0.088,-0.329,-1.097,0.944,-0.329,-1.097,-1.097,0.342,0.944,-0.839,0.889,0.342,-1.097,0.088,-1.097,-1.097,-1.097,-0.127,-0.127,-0.127,-0.974,0.944,-0.839,-0.974,-0.127,0.944,-0.329,-0.418,0.889,-0.8516346627852232,-1.097,0.342,0.8748358977574698,0.9164708939878186,-0.8278031068382626,-0.8212961522534231,-0.7878771023914791,-0.9864479249161802,-0.9544514438336883,-0.7727272543522993,0.088,-0.4240992308255214,-0.7290522386346918
0.828,-0.724,0.336,1.372,-1.133,-0.724,-0.724,-0.581,-0.724,1.858,-0.581,1.372,1.372,1.858,0.943,-0.907,1.372,1.372,-0.724,-1.133,-0.581,-1.133,-1.133,0.828,-1.133,0.336,0.989,1.858,0.828,-0.724,-0.907,0.336,0.336,0.989,0.989,0.989,-0.907,1.858,1.372,-0.581,-0.907,1.858,-0.581,0.943,0.828,0.336,1.372,-0.581,0.943,0.828,-1.133,-0.724,0.989,-0.907,1.858,-0.581,0.989,0.943,0.9736514930280278,1.0048278254212244,-0.724,-1.133,-0.7355829988388813,0.828,0.8145316274791595,-1.1503410939135037,1.372,0.846541239536282,-0.9202973904578722,1.0373875587576327
-1.157,-0.645,2.348,-0.846,0.371,2.348,-0.695,-1.149,-0.846,2.348,-1.149,-1.157,-1.157,2.348,-1.157,1.16,2.348,-0.645,0.371,-0.645,-0.645,-0.645,-1.149,-0.846,0.371,-0.645,-0.645,-0.695,-0.645,2.348,2.348,2.348,2.348,-0.695,-1.149,-1.157,1.16,-1.149,-1.157,-0.846,2.348,-0.804,2.348,-1.157,-1.149,-0.804,1.16,-1.149,0.422,-0.804,-0.804,-0.804,1.16,-0.645,0.371,-0.695,-0.846,0.422,-0.6588191365770363,0.35668058876188685,-0.6208530998508764,2.348,0.4057030746942976,2.330978692572544,0.400333775310272,-0.5886010501272033,-0.7077533512787288,2.375880581212226,0.4508035959432286,-0.860204142368753,-1.157
0.902,-0.91,0.583,0.902,0.902,2.061,0.902,0.727,0.902,-0.88,-0.88,2.061,0.902,-0.85,-0.85,-0.88,0.95,-0.911,-0.91,0.583,-0.911,-0.88,-0.911,2.061,-0.911,0.583,2.061,0.95,-0.85,-0.91,0.583,0.902,0.902,2.061,0.727,-0.91,0.583,0.95,0.902,2.061,0.95,0.902,-0.91,-0.91,2.061,2.061,-0.213,-0.88,0.583,0.95,-0.88,-0.911,-0.85,0.727,-0.8950205735883703,-0.91,0.583,-0.8600789970527226,-0.8593997549321034,0.7129394207067321,-0.8217860050572634,0.902,-0.8061394497366665,-0.9245320300890273
-0.522,0.516,-1.099,-1.099,-0.522,-0.712,-0.712,-1.099,-0.522,-0.522,-0.712,-0.712,0.245,-0.615,-1.099,-0.805,-0.615,-0.712,-0.858,-1.099,-0.522,-0.805,-0.712,-0.615,-0.633,-0.805,-0.858,-0.712,-0.522,-0.858,0.516,-0.633,-0.805,0.245,-1.099,0.245,-0.522,-0.633,-0.858,-0.522,0.872,0.872,0.516,-0.858,-0.633,-0.712,-0.7235888206009154,-0.6870767128772639,-1.099,-0.805,0.872,-0.615,0.516,0.245,-0.8668719481633445,-0.6379450003524452,-1.1106024188239907,0.8590526061508571,0.23244685217955202,-0.6254929711573476
-0.186,-0.625,-0.887,-0.186,1.044,-1.125,0.63,0.63,1.044,-0.604,0.884,-0.887,-0.186,1.044,-0.962,-0.604,-0.604,0.63,0.63,1.044,-0.547,-1.125,0.884,-0.604,-1.125,1.044,-0.887,1.044,-1.125,-1.125,-0.625,-0.604,-0.547,-0.962,-0.604,0.884,-0.962,-0.547,1.044,-0.887,-1.125,0.63,-0.962,1.044,1.044,-0.604,-0.962,-0.604,-1.125,-0.625,0.884,0.63,-0.887,-0.625,-0.962,0.63,-0.8972819048828339,0.6035018619333685,-0.604,-0.8534461378331534,-0.6424769540350384,-0.186,-1.125,-0.547,-0.9733856958398158,-0.8079071194974589,-0.779682030923177,-1.1358517833494675
2.087,2.087,0.435,2.087,0.435,-0.844,1.224,-1.095,-0.88,-0.88,-0.931,1.224,-0.844,-0.395,-0.395,0.64,2.087,-0.88,-1.095,-0.931,-0.395,-1.095,1.224,-0.395,-1.095,2.087,2.087,0.64,-0.88,-0.844,1.224,-0.395,-0.88,1.224,-0.844,-0.395,2.087,-0.395,-0.931,-0.395,0.64,-0.395,-1.095,-1.095,-0.844,0.435,0.64,0.0,-0.395,-0.01312209715253393,-0.8558514135606382,2.087,-0.0032010046298802212,1.224,-0.8098747341137689,-0.7837881337877652,0.6258126042008498,1.2171594481390855,-0.931,1.2416185302370306,2.0685996711963717
0.054,1.838,1.838,0.938,-0.091,-0.604,0.938,-0.041,1.838,0.938,-0.604,0.054,-0.091,0.938,-0.669,-0.091,0.054,-0.514,1.838,0.938,-0.514,1.838,-0.091,-0.091,-0.854,1.838,0.054,1.609,-0.041,-0.604,1.609,-0.854,-0.854,-0.669,1.838,1.609,1.609,1.609,-0.091,-0.854,-0.091,-0.041,-0.514,-0.091,-0.604,-0.091,-0.669,-0.10514045270303658,0.938,-0.514,-0.041,-0.08224260377330671,-0.854,-0.5311851493416857,1.838,1.8177680522516892,-0.05538433338564652,-0.05583560259911104,-0.6096596649258463,-0.5844255121030716,-0.5282572392747364,-0.4995833675029392
1.164,0.022,1.564,1.659,1.659,1.659,2.258,0.519,2.258,0.519,1.164,0.022,-0.622,1.564,2.258,1.164,0.424,1.659,1.659,2.258,1.164,1.564,-0.562,1.659,0.662,1.659,0.519,0.662,2.258,1.659,1.564,0.662,0.519,0.424,0.022,2.258,-0.622,1.659,0.662,-0.562,2.258,1.164,1.164,0.022,2.258,1.659,-0.562,0.022,-0.622,0.022,2.258,2.258,-0.622,1.659,1.659,1.564,0.022,0.424,1.164,2.258,-0.562,1.659,-0.5765685633493183,1.1524882010270436,1.1674285339661221,0.662,0.519,-0.5439328302002252,1.6440443971226173,1.1989794505418099,2.244312739864901,-0.523314037787154,1.564,0.5079791381254583,2.2835664181238022
-1.101,-1.063,-0.476,-0.476,-0.29,-1.063,1.27,-1.063,-0.993,-1.101,1.037,1.27,-0.993,-1.101,-1.063,-0.728,-0.29,-1.063,0.998,-1.063,1.27,-0.993,0.621,0.998,-1.101,-0.993,-0.993,-0.728,-1.101,-0.728,-1.101,-0.29,-1.063,0.621,0.998,-1.101,0.998,0.621,-0.993,-0.29,1.037,0.998,-1.063,-0.993,-1.101,-0.993,-0.993,-0.728,-0.29,-0.743908641028725,-0.6992870053383887,1.037,-1.063,-1.101,-1.003032297169921,0.998,-0.654823152293471,-0.9457445594731748,-1.0731547855813623,-0.476,0.9864268886514663,-1.110692960678581,-1.0363835180526662,-0.4945794985048301
-1.214,2.671,-0.467,-0.031,1.81,2.671,-0.43,2.671,-1.214,1.81,2.671,2.671,0.118,0.118,0.118,2.671,-0.941,-0.467,0.033,1.81,1.81,0.183,-1.214,-1.214,0.118,-1.214,-0.941,-0.031,2.671,0.183,-0.467,-1.214,2.671,1.81,-0.031,2.671,0.033,-0.031,0.118,0.033,-0.031,1.81,-0.43,-0.941,0.118,-0.43,-0.031,-1.214,-0.43,-0.941,0.183,1.81,0.183,-0.467,-0.941,-0.43,-0.467,-1.214,-0.031,-0.43,-0.45092092659770244,-0.467,1.81,2.671,1.7937970145874205,0.033,0.015658357836628327,-0.941,-1.2251701204627903,-0.9511093170018489,-1.1828493200294001,-0.4742281012754451,0.118,0.05895886755918432,2.6614335060036636,1.8381741835332404
-0.897,-0.287,1.66,-1.316,-1.318,-0.897,-0.287,-0.897,0.453,0.073,-1.123,-0.287,1.66,-1.318,0.073,-1.316,0.073,-1.123,-0.897,-0.486,-1.316,-0.896,1.66,-1.123,-1.318,-1.316,-1.318,0.073,-1.318,-1.316,-0.896,-1.316,-1.318,-0.896,-1.318,1.66,-0.896,-1.318,-1.318,-1.123,-0.486,-1.318,-0.897,-0.287,-0.896,-1.316,-1.123,-0.287,-1.123,-1.318,0.073,0.073,-1.316,-1.318,0.073,-1.123,-1.316,-0.896,1.66,-0.9084989910486498,-0.486,0.073,-0.4990096907352696,0.05443713743066737,0.453,-1.123,1.646794555093502,-0.46569336189877025,1.682612593469191,1.6998476467919799,-1.1418779191930444,0.4388710112522929,-1.1175597807081434,1.7270127726058382,-0.287
1.976,-0.711,1.976,-1.075,1.524,-0.711,-0.58,-1.222,-0.496,-1.222,-0.58,1.976,-1.222,-1.222,-0.58,-0.496,-1.222,-0.085,-0.711,1.524,-1.222,-1.075,1.524,1.524,-1.075,-1.075,-1.222,-1.222,0.456,-0.58,1.976,-0.711,-1.075,1.524,0.429,1.524,-1.222,-0.711,-0.711,-0.496,1.524,-0.496,1.524,-1.075,1.524,-0.58,-1.075,-1.222,-0.711,-1.075,-0.711,1.976,1.524,1.5137917001329588,-0.085,-1.0931295229125757,1.5486005016665891,1.9595116060899251,1.582797100102663,0.456,-1.0635446116098919,-0.09110444987059656,-1.0346900734765532,0.4482388479294417,-0.58
1.536,0.686,1.536,-0.266,1.536,-0.266,0.439,0.686,0.439,-0.266,1.536,0.439,0.018,-0.512,0.018,0.018,-0.266,-0.033,-0.512,0.047,0.686,-0.375,-0.375,-0.369,-0.033,0.439,0.686,-0.266,0.439,0.439,1.536,-0.266,-0.369,0.047,-0.033,1.536,0.018,0.439,-0.033,0.047,0.006649765604179549,-0.04818833429327924,-0.266,0.686,-0.010682019184644091,-0.512,-0.5264643797670384,0.04114312100540661,0.012909723393428158,-0.369,1.536,0.08955630978855338
-0.92,0.66,-0.708,-0.92,-0.929,-0.9,-0.9,-0.708,-0.929,-0.92,0.66,-0.92,-0.92,-0.708,-1.108,-1.108,-1.023,-1.108,-0.9,-0.929,-1.108,-0.92,-0.929,-1.108,-0.929,0.66,-0.9,-1.108,-1.023,-1.023,-0.708,-1.023,0.439,-0.708,-1.108,-0.708,-0.9,0.66,0.66,-1.023,0.418,0.66,-1.023,-0.9,-1.023,-0.9197332083764175,-0.708,-1.0369822742483052,0.66,0.6429423319826167,-0.92,0.439,-0.8882817437522649,0.6936430644888674,-0.933869909626993,-0.7208399260406875,-0.929
1.541,1.646,-0.633,0.582,-1.056,1.553,0.582,-0.728,0.398,1.426,1.646,1.553,1.646,1.541,1.646,1.646,-0.728,1.553,1.646,1.553,1.541,1.553,1.553,1.541,1.541,1.553,1.426,1.426,-0.633,1.426,1.541,0.582,-1.056,1.553,1.646,-1.056,-0.633,-1.056,1.426,0.398,1.553,-0.137,1.426,-1.056,-0.137,0.398,-0.633,1.541,1.541,1.426,0.582,1.553,1.553,-0.728,-0.633,-0.137,-0.137,1.646,1.541,-0.137,1.553,1.5297526529456227,-0.633,1.55273570847142,-1.056,-0.15195973040646635,1.646,1.6272593772882653,1.6072075154838608,1.426,1.6343480965508455
0.244,1.709,-0.929,-0.929,1.709,-0.929,-1.116,-0.929,-1.116,0.244,1.709,0.244,-0.131,1.366,-0.131,1.366,1.366,-0.569,-0.731,1.709,-0.131,-0.731,-0.569,-0.731,-0.131,-0.131,1.366,-0.606,-0.612,-1.116,-0.929,1.709,-1.116,-0.606,-0.731,-0.131,-0.569,-0.131,-0.612,1.366,-0.929,-1.116,-0.131,0.244,-0.731,-0.612,-0.131,-0.569,1.366,-0.606,-0.147017004323964,-0.5801609844807156,-0.11976802984947918,1.3558639570111606,-0.5269277273434114,-0.6215950315569128,-0.6211153106283934,-0.731,-0.7478902941602299,-0.4601517890696148,-1.116,-0.07128528340283029,0.244
-0.556,-0.543,-0.543,0.737,-0.3,-0.843,-0.543,-0.843,-0.3,-0.3,1.691,-0.543,1.691,1.691,0.988,-0.843,0.988,1.691,0.737,-0.556,-0.788,-0.556,0.988,-0.41,-0.843,-0.177,1.691,-0.543,-0.3,1.691,-0.3,0.988,-0.41,-0.788,-0.177,-0.177,-0.788,-0.843,-0.3,-0.556,-0.543,-0.788,-0.5551713199580828,-0.8567106947461627,-0.177,1.691,-0.5205791120913259,-0.41,-0.43076142961607994,0.988,-0.8200224932945437,-0.8005176691154791,-0.39595350773717675,-0.7763377967373402,0.9775547257106062,-0.18803666760692733,1.6823442355093776
0.217,-0.612,-0.495,0.217,0.663,1.88,0.217,-0.612,-0.726,1.88,0.501,1.608,-0.495,0.501,1.608,-0.815,1.88,1.608,-0.726,0.501,1.608,1.608,-0.495,-0.726,-0.495,0.06,1.88,1.88,0.217,-0.612,-0.815,-0.726,1.88,0.06,1.88,0.217,1.88,-0.495,-0.815,-0.495,0.501,1.88,-0.815,-0.815,0.663,-0.726,1.88,0.06,0.501,0.217,0.19556059165322887,-0.612,1.608,0.4871231407454763,-0.815,0.5267092904042107,0.05112283226694189,0.663,0.5512526786250266,-0.726,0.6470605924372753
0.675,0.675,-1.047,1.006,-0.832,1.006,-0.828,0.853,0.675,-0.832,-0.828,0.675,1.175,1.175,-0.832,0.675,1.175,1.175,1.175,1.13,-0.291,0.462,-0.291,0.853,0.853,0.853,0.853,1.13,1.175,1.13,-1.047,-0.828,-1.047,0.853,-0.832,0.853,-0.291,-0.291,-0.291,-0.828,0.462,1.006,1.006,-0.832,-1.047,0.675,-1.047,1.006,-1.047,-1.047,0.462,1.13,-1.047,-1.047,-0.291,-0.3114574414343899,-0.828,-0.832,0.675,1.13,1.175,-0.2468900622958738,-0.8359042610045611,1.1573551223940528,-0.8410591158084038,0.853
-1.184,-0.504,-1.184,1.698,-0.085,-0.349,0.443,1.698,-0.752,-1.184,-0.373,-0.406,-0.504,-0.752,1.698,-0.504,-0.504,-1.184,-0.373,1.698,1.698,-1.184,-0.752,-0.752,-0.752,1.698,-0.373,0.42,-0.085,-0.085,-0.752,-0.504,-0.085,-0.373,-0.373,1.698,0.42,-0.085,1.698,-0.406,1.698,0.42,-0.504,-0.349,-0.3687618587947095,-0.3458352170195171,1.683469413482196,-0.31937579694874735,-0.406,0.4071817310225673,0.43066672540501133,-0.752,-0.085,-0.373,-0.09869053365611931
0.222,-1.243,-0.974,-1.243,-1.243,-1.243,2.198,0.495,2.198,0.222,0.97,-0.974,0.627,0.222,2.198,-0.974,-0.974,2.198,-1.243,-1.243,1.198,0.495,-0.974,1.198,2.198,0.118,-0.643,2.198,-0.643,2.198,-0.974,0.222,0.495,0.627,-1.243,2.198,-0.643,1.198,0.97,0.627,-0.974,0.97,2.198,0.118,-1.243,1.198,-1.243,-0.643,2.198,2.198,-0.974,0.118,0.495,1.198,2.198,2.185291472931631,0.118,0.222,-1.243,1.1843519861875955,-1.260533061245343,0.627,-0.974,0.495,0.10419717819966132,0.12729962327426142,-0.643,-1.2191674792975191,0.1615804791834461,-0.6602132399484554,0.20594828885133537,0.97
1.813,-0.441,-0.705,1.246,-0.884,-0.777,1.813,1.813,1.813,-0.705,-0.777,-0.781,-0.777,1.246,1.246,0.354,-0.777,-0.441,1.246,-0.602,-0.602,-0.64,-0.884,-0.781,-0.777,-0.64,-0.781,1.246,-0.441,1.246,-0.884,-0.781,-0.781,-0.884,1.813,-0.884,1.246,1.813,1.246,-0.781,1.813,-0.441,-0.602,-0.705,1.246,-0.884,-0.884,1.246,0.354,1.813,-0.884,1.246,-0.781,-0.705,-0.602,-0.8967176360557315,-0.441,-0.6143486573785761,1.813,-0.7903362650030936,1.7931323502992464,1.2348364961338543,1.8263385931624674
-1.02,-0.188,-0.121,-0.319,-0.188,-0.188,-0.188,-1.391,-0.529,-0.567,-0.319,-1.391,-0.673,-0.319,-1.391,-0.673,-1.391,-1.391,-1.391,-0.121,-0.319,-0.121,1.718,-1.02,-1.391,-0.319,-0.121,1.718,0.234,0.234,-1.391,-0.121,-1.391,-0.567,-1.02,-0.567,-0.121,-1.391,-0.319,1.718,0.234,-0.121,-0.188,1.718,-0.188,-1.391,-1.02,-1.391,-0.529,-1.02,-0.673,-1.02,-0.121,-0.529,0.234,-0.1348986351271999,-0.5441781638369869,-0.12340697719939023
1.279,-0.47,1.279,-0.901,-0.901,-0.65,-0.539,0.002,-0.468,-0.47,-0.468,0.002,0.616,0.734,1.279,0.002,-0.47,1.279,0.734,-0.691,-0.65,0.734,0.002,-0.65,0.616,-0.901,-0.47,1.279,-0.691,0.734,-0.468,-0.539,0.616,-0.901,0.616,-0.468,-0.65,-0.901,-0.691,-0.539,-0.47,-0.65,-0.468,-0.47,0.734,-0.659001670772032,-0.6212943395655156,-0.539,1.279,-0.4834973571527166,0.002,-0.5474912837357231,-0.015026856869334677,-0.901
-0.312,-0.903,-0.903,0.198,0.171,-0.903,0.171,0.198,-0.903,-0.903,0.165,-0.312,-0.776,1.14,-0.312,0.171,-0.312,-0.776,-0.312,-0.776,0.736,-0.776,-0.37,-0.37,-0.903,1.14,0.165,-0.312,-0.776,0.198,-0.903,-0.903,0.165,-0.903,-0.776,-0.37,-0.59,-0.312,-0.59,1.14,-0.37,1.14,-0.903,-0.59,-0.776,-0.312,-0.9083733788877327,1.14,-0.31978261177478157,0.736,-0.6064477721163433,-0.28214096384301063,-0.791210991369952,0.165,-0.23100660839628373,0.198,0.7262165873908567,0.171,-0.18122486914469513,-0.5858089599374773
-0.954,0.056,0.155,-1.397,-0.742,-0.626,-1.397,0.056,-0.954,-0.954,-0.673,-0.742,-0.742,-0.225,-0.225,-1.397,-1.397,-1.397,0.056,-0.954,-0.742,-1.397,-1.397,-1.397,-0.249,-0.954,-0.626,-1.397,-0.742,-0.249,-0.626,0.155,-0.225,0.155,-0.742,-0.626,-0.954,-1.397,-1.397,-0.742,0.155,-0.225,-1.397,-0.225,-0.673,-1.397,-0.742,-1.4110011857862745,-0.954,-0.626,-0.9718510335884438,0.0,-0.673,-0.7544922928192123,-0.6375891787768272,-0.9437005275566757,-0.619826778212518,-1.3788369327066905,-0.225
1.136,1.136,1.136,1.136,-0.916,-0.24,-0.701,-0.24,0.45,1.253,1.253,-0.916,0.199,-0.324,1.253,1.039,1.253,-0.916,-0.701,-0.916,1.253,0.804,1.253,1.253,0.45,1.136,-0.916,1.253,0.199,-0.24,1.136,0.804,0.804,1.039,-0.324,-0.916,0.45,1.136,1.136,0.804,0.199,1.136,-0.916,1.039,0.199,-0.324,-0.916,-0.3335958383935661,-0.9285589393111688,-0.2938921260218481,-0.24,1.136,0.804,1.1226547260855995,1.039,0.7945014059868886,0.8226938898956816
0.714,1.181,0.776,-0.378,-0.312,-0.378,-1.012,-0.601,-0.476,-0.476,-0.035,1.005,-0.312,-0.601,-0.601,0.714,1.181,-1.012,-0.035,0.776,-1.012,0.776,-0.378,-1.012,-0.476,-0.035,-0.312,1.181,1.005,-0.378,-1.012,-0.035,-0.476,1.181,-0.601,1.005,-0.035,-0.476,-0.035,0.714,-0.035,-1.012,-0.035,-0.312,-0.378,-0.312,-0.378,-1.012,-0.312,0.776,-1.0289286170628225,-0.3245489824359679,-0.601,-0.476,-0.035,-0.4931490800876299,1.005,-0.9827164488627848,0.990061195720086,-0.6108217669609248,-0.9515617353677107,0.714,1.181,1.1568377404562107,0.7026847520079254
0.791,-0.024,0.809,-0.243,-0.034,-0.652,-0.356,-0.545,-0.381,-0.381,-0.243,-0.356,0.809,-0.243,-0.034,0.791,-0.545,-0.243,-0.356,-0.356,-0.381,-0.652,0.791,0.791,-0.243,0.791,-0.381,0.598,-0.356,0.791,0.791,-0.545,-0.652,-0.381,-0.381,-0.034,-0.381,-0.381,-0.243,-0.034,0.809,0.809,0.598,0.5804332478316924,-0.034,-0.243,-0.024,-0.04712110951638362,-0.381,-0.3995029498807612,-0.356,0.791,-0.36883902419500286,0.7748360486232188,-0.34314783189906595,-0.33506729811213054,0.6142378528815252
-0.708,1.383,-0.323,0.524,1.402,0.524,1.402,1.383,-1.135,0.524,0.524,-1.135,0.524,-0.897,-0.897,0.524,1.402,-0.708,1.383,-0.897,1.383,1.495,-0.845,-0.323,1.402,-0.708,-0.323,1.495,-1.135,0.232,-0.323,1.495,-0.323,-1.135,0.232,-1.135,1.383,1.383,-0.845,1.495,1.495,1.383,-1.135,-0.897,-0.845,0.232,-0.845,-1.135,1.495,-0.323,1.402,0.232,1.402,-0.708,-0.725248184020714,1.383,-1.135,-0.845,-0.897,-0.7058385715025237,1.402,0.232,1.495,1.4732501691228728,-0.9097408417487148
-0.92,0.563,0.372,-0.937,-0.92,1.445,-0.018,-0.92,-1.041,-0.937,0.372,-1.041,-0.018,-0.92,-0.018,-0.937,1.445,-1.041,-0.937,1.445,0.372,-0.925,-0.925,1.445,1.445,-1.041,-0.92,-0.653,-0.937,-1.041,-0.653,-0.653,-0.368,-1.041,-0.937,-0.925,-0.925,-0.368,-0.018,-0.925,0.563,0.372,0.5532291557511303,-0.031102896964181805,-0.92,0.013489063517222077,0.5655942773412618,-0.9307728034922538,1.445,-0.9394021910755516,0.3609267987974487,0.03940358871978101,-0.9088563533791661,0.3936143313310599,0.4433287952672431,-0.9221245041815676,0.08633211110410353
-0.076,-1.048,-0.161,0.807,-1.05,-1.05,-0.842,-1.05,-1.095,-1.048,0.807,-0.161,-0.252,-0.252,0.164,-1.095,-1.05,-1.048,-0.077,-1.05,-1.095,-1.048,-1.095,-0.842,-1.095,-0.842,-1.05,-0.252,0.807,0.807,-0.077,-1.05,0.807,0.807,0.807,-0.842,-1.095,-0.077,-1.048,-0.077,-0.252,0.164,0.807,0.807,-1.095,-0.077,0.164,-0.842,-0.161,-1.095,-1.113125892495055,-0.8549328329069902,0.807,-0.1733417225832733,-0.076,-0.252,-0.1425434300959032,-1.048,-0.7995409115437923,-1.05,0.7982550545271014,-1.0641022526682782,0.8317530947887295
0.304,-0.853,-0.709,0.304,1.917,-0.853,-0.018,1.123,-0.018,0.494,1.123,0.502,1.123,1.123,0.494,0.304,-0.413,1.917,1.917,-0.873,-0.873,-0.709,0.304,-0.018,-0.709,0.494,-0.873,-0.853,-0.873,-0.853,0.304,0.304,-0.873,-0.709,0.304,1.917,0.304,1.123,-0.853,1.123,-0.709,0.502,0.494,-0.873,-0.8828995814011115,-0.8577626505195212,1.917,-0.018,-0.8103360661482177,-0.03119302897366097,0.48551122790919327,-0.8674863830239347,0.020243841580241118,1.1138457248519935,-0.7240412981348806,0.304,-0.6888636808758939,0.4888897407390908,1.9054997070879975,0.2890386554377866
0.589,-0.524,1.606,-1.237,1.606,0.093,-1.263,-1.263,-1.237,-0.524,-1.263,-0.748,-0.748,-0.105,0.589,0.093,0.093,1.606,-1.237,-1.263,-1.237,0.589,2.113,-0.748,2.113,-1.237,2.113,2.113,-0.105,2.113,1.606,-0.105,-1.263,1.606,-0.524,-1.237,-1.237,-0.159,-1.263,2.113,1.606,-0.105,0.093,2.113,-1.237,-0.105,-1.263,-0.748,2.113,0.093,-1.237,0.589,-1.2528896284221003,0.08407816811305077,-1.2082604198924958,-0.524,-0.748,-0.7605615657854126,-0.7259109319189961,-0.5322788355771475,-0.105,1.606,0.12064864948955284,-0.6773311218364086,2.1025239518006518,1.5886500419401413,0.574345161631709,-0.499766471451227,0.6253734624122308
-1.296,0.6,-1.296,1.123,-1.296,-0.643,-0.953,-1.296,0.871,0.6,-0.953,-0.953,0.871,0.896,1.108,0.871,-0.953,-0.953,0.896,1.123,1.123,1.357,-1.296,0.896,0.6,1.123,-1.296,1.357,-0.643,0.896,0.6,0.871,0.871,1.108,1.357,0.871,-0.643,-1.296,-1.296,-0.953,1.108,0.871,0.6,1.108,0.6,-1.296,0.871,-1.296,1.357,0.6,1.357,-1.296,-0.643,-1.313094200566004,1.3454637565632162,1.108,-0.6520147738143008,1.090183110977197,-0.953,0.871,0.896,1.1233558729684463,0.8550369767561221,0.0,-0.019384930105190504,1.147487069473606,-0.632260264355517
-0.431,0.717,-0.977,0.113,0.113,0.113,-1.071,1.351,-1.071,-0.431,-1.071,-0.431,-0.671,-1.071,-0.977,-0.431,-0.977,1.351,1.351,0.113,1.175,-1.071,-0.977,-1.071,1.351,0.113,-0.671,0.113,0.309,-1.071,1.351,-0.431,-1.071,0.309,0.113,0.309,1.175,0.309,-1.071,-1.071,-0.977,1.175,0.309,-0.671,-0.431,-1.071,-0.599,-0.977,-0.431,0.717,-0.599,0.113,-0.977,1.175,1.351,-0.671,0.717,-0.599,1.175,0.309,1.160448253774826,0.113,0.1033288941228617,1.351,0.7074556508903752,-0.6134322868077368,0.7299283274335411,1.1771678913255685,-1.071,0.3001615324356955,-0.5721375066324105,1.1972468206482916,1.2546389599683228,1.2848468561187831
1.479,1.334,0.504,-0.234,1.334,1.479,0.108,-0.463,0.856,-0.743,-0.234,0.856,0.108,-0.966,0.856,-0.966,1.334,0.41,1.479,-0.743,-0.463,-0.743,0.108,-0.966,0.108,-0.234,0.108,-0.966,0.108,0.108,1.479,-0.966,-0.966,-0.234,0.856,0.856,-0.966,-0.966,-0.966,1.334,0.108,-0.966,0.108,0.856,-0.234,0.108,1.479,0.41,0.09589469220996105,-0.463,-0.743,0.3940238819698767,-0.24813936503371134,0.856,-0.20745497718726993,0.504,0.8447248821489475,-0.4827499337126266,-0.44527007717708517,0.4098489145003105,1.4657455040665472
-0.931,0.348,1.193,-0.931,1.391,-0.931,-1.338,0.145,0.348,-1.338,1.336,1.391,-1.338,-1.338,0.145,-0.39,1.193,1.391,-0.566,1.193,-0.931,-0.566,-1.338,-0.26,-0.26,-0.39,1.193,-1.338,-1.338,1.336,1.391,1.336,-1.338,-1.338,0.145,-1.338,0.348,0.348,1.391,-1.338,-0.566,1.336,1.336,-0.26,-0.931,0.145,1.391,0.145,-0.566,0.348,-0.39,0.348,-0.931,-0.26,-0.4017537048050867,0.145,1.391,-1.338,0.13059969922631956,1.336,-0.3473450436536935,-1.3509828247054658,-0.9444679975564818,-1.3130952040040171,-1.289612460315363
0.321,2.282,-0.882,-1.239,-0.899,-0.899,-0.882,-0.951,-0.718,-0.314,-0.899,-1.239,0.321,-0.882,-0.882,2.282,2.282,-0.882,1.036,0.321,-0.882,-0.314,2.282,-0.951,-0.314,-0.718,-0.899,-0.951,-0.718,-0.951,2.282,-1.239,-0.882,2.282,-1.239,-1.239,-0.718,-0.301,2.282,0.321,-0.314,-0.951,-1.239,-0.314,-1.239,-0.951,1.036,2.282,-0.314,-0.899,1.036,2.282,-0.718,-0.7314108481695714,1.036,-0.7027858936390982,-0.301,-0.31451846120697713,-0.3056355473265574,-0.951,-0.263676910265696,-0.6446812916772064,-0.899,-1.239,-1.2566390659013293,-0.961928145873737,-0.314,-0.3301538568907848,-0.9128218957303158
0.027,1.659,-0.753,-1.155,-1.088,-1.155,-1.088,0.809,-0.786,1.154,1.659,-0.753,-0.009,-1.155,-0.786,-0.996,0.027,1.659,-1.155,-0.009,-0.996,-1.155,-1.088,1.154,-0.786,0.809,0.027,-0.996,-0.753,-1.088,0.809,-0.996,1.154,1.154,-1.088,1.154,1.154,1.154,-0.996,0.027,-0.009,-0.753,-0.009,-1.155,1.659,1.659,-1.155,-0.996,0.027,0.809,-0.786,-0.8074635053559343,0.012513938525440077,0.7931631836435374,1.659,-0.7594560226187654,1.154,0.06517628129186522,-1.155,-0.009,-0.020671929699134516,-1.1632767710811163,-1.088
-0.17,-0.527,0.409,-1.273,-1.273,-0.698,0.409,-0.698,-1.273,-0.698,-0.17,-0.826,0.409,-0.826,-0.698,0.409,1.428,-1.063,-0.698,-0.527,-0.527,-1.164,0.409,-0.527,-1.164,-0.046,-0.17,-1.063,1.428,1.428,-1.164,-0.826,1.428,-1.063,1.428,-1.063,-1.164,-0.698,-1.273,-1.273,-1.273,0.409,-1.164,-1.063,-1.063,-0.17,-1.164,-1.273,-1.273,-1.286690688802031,-0.527,-0.5406595862861586,-0.046,-1.063,-0.5086128286960196,-1.0746882602493573,0.409,1.428,0.39398046432509887,1.4130853132252095,-0.058076655376565534,-0.465439040952082,-1.164,-1.1863583656093044,-0.17
-0.407,1.068,-0.399,-1.018,1.068,1.068,-0.01,1.633,-0.692,-0.6,1.633,1.633,0.583,0.583,-0.407,1.633,-1.018,-0.692,-0.01,1.068,-0.6,1.633,0.583,-0.407,-0.01,-1.018,1.633,-0.6,0.091,1.068,-0.01,1.068,-0.692,1.633,0.583,1.068,1.633,-0.407,-0.6,-1.018,-0.01,-0.399,-0.407,-0.6,-0.01,0.091,-0.399,0.091,1.068,-1.018,-0.01,-0.692,-0.01,-0.407,-1.018,-0.6,-1.018,-0.399,-0.6212731253538268,-1.036467123795489,-0.9882147002881316,0.091,-0.01,1.068,-0.9643461444240402,-0.692,0.583,1.0581837272671315,-0.926997898390445,-0.5659880969205553,0.07906479755247474,-0.407
-0.23,-0.462,0.985,0.0,-0.263,0.985,-0.462,0.99,0.0,-0.956,-0.263,-0.263,-0.956,1.49,-0.23,0.985,-0.956,0.985,-0.462,1.49,-0.263,-0.263,-0.263,0.985,0.0,-0.263,-0.263,1.49,0.985,-0.956,-0.271,0.0,0.985,0.985,1.49,1.49,-0.414,0.0,0.985,-0.271,-0.956,-0.956,-0.263,-0.956,0.99,-0.956,1.49,-0.956,-0.956,1.49,1.4671097906290491,-0.271,-0.956,1.509726336901407,-0.23,-0.2439978538751321,0.0,1.5584451170040654,-0.28299142510729236,-0.414,-0.2372327723236544,-0.013322452078629705,-0.462,-0.2116606294588356,0.99
0.555,1.624,-1.273,1.624,0.926,0.561,0.555,-1.057,-1.132,-1.057,0.926,-1.273,-1.057,0.794,-1.273,0.561,-1.132,-1.057,1.624,-1.057,0.555,-0.089,1.463,0.794,1.463,-1.273,0.561,-1.057,-1.057,-1.132,1.463,-1.273,0.794,-1.132,-1.057,0.561,1.624,-1.057,0.555,-0.089,-1.132,0.561,0.561,-0.089,-1.273,-1.057,-1.273,0.794,-1.273,-1.273,-0.089,1.463,1.463,-0.089,-1.057,-0.089,-1.068668578965392,1.463,0.794,-1.0495298624839184,-1.0125485706969155,-0.10288092228982615,-0.06851375503198318,0.7839438603344205,0.561,1.624
0.418,-0.483,-0.67,-0.372,0.199,-0.67,-0.483,1.743,-0.165,1.743,-0.966,-0.966,0.199,1.743,0.903,0.199,0.903,0.418,0.418,-0.165,1.743,-0.966,0.903,-0.966,1.743,0.418,-0.372,-0.372,-0.67,-0.67,1.743,-0.751,-0.372,-0.966,0.903,-0.67,0.903,-0.751,0.199,-0.165,-0.483,-0.751,0.199,-0.67,0.418,-0.165,-0.372,1.743,-0.165,0.903,-0.372,-0.483,0.8854163338209028,0.9291002469770798,-0.67,0.9785525223134933,0.199,0.17970876463841667,0.418,0.4033824264516432,-0.966,-0.9820721063793159,0.20539415404648143,-0.4984659440951301,-0.17525298124324348
-0.912,-0.473,0.231,1.166,-0.53,1.166,0.04,1.705,-1.031,1.166,-0.693,0.04,-0.912,-0.473,-1.031,-0.53,1.705,-0.912,-1.031,-0.473,-0.912,-0.53,1.166,-0.53,-0.693,-0.912,1.705,-1.031,-0.912,1.705,-0.912,-0.719,0.04,-0.53,-0.473,-0.719,-0.912,1.705,-0.693,-0.912,0.231,-0.719,-0.693,-0.473,-0.719,-0.53,-0.912,1.705,-1.031,-1.031,1.166,0.231,0.21054816690274772,1.705,-1.031,0.25699133728982554,-0.693,-1.04376876217066,-0.7041430474892448,-0.6778720795393604,-0.912,1.166,-0.9305009508389602,-0.473,1.148994598211825,-0.869189058243017,1.6923935133988042,-0.48962698029847423,-0.53,0.28855055467350726,-0.6333955177026936
-0.102,-0.727,-0.675,-1.366,2.028,-0.675,-0.845,0.067,0.067,0.712,-1.366,-1.366,-0.102,-1.366,-0.727,-0.102,-0.675,-1.366,-0.845,0.067,-0.102,-1.366,-1.366,-0.845,0.038,0.038,-1.366,-0.845,-0.678,-0.845,-1.366,-0.727,-0.675,0.712,-0.675,-0.727,-0.102,-0.102,2.028,0.038,2.028,-1.366,-1.366,0.067,-0.678,-0.675,0.712,2.028,0.038,0.712,-0.675,-0.845,-1.366,-0.102,2.028,-1.3762177903285788,0.02242239283389358,0.7011834412627344,-0.8595316410282547,0.7526341704085251,0.067,0.07200577096205894,0.04882071135893515,2.0167635426508563,0.788315482901979,0.8279591908901558
0.739,-1.25,0.739,-0.665,-0.94,-0.665,-1.119,-0.243,-0.682,-1.25,-0.682,-1.119,-1.25,-1.25,-0.94,-0.94,-1.25,-1.25,-1.119,-0.94,-1.119,-1.119,0.829,-1.119,0.404,0.574,-1.25,-1.25,0.739,-1.119,0.739,0.829,-0.682,-0.682,-0.94,-1.119,-1.119,-0.243,-0.665,-0.94,-0.243,-0.682,-1.25,-1.119,-0.94,-0.243,0.739,-1.25,-1.119,-0.682,0.574,-0.94,-1.2615715742085212,-0.6887001274393103,0.404,-0.9520982235347378,-1.129386650317771,-0.665
-0.428,-0.664,-0.842,-0.428,-0.693,-0.504,-0.664,-0.42,-0.428,-0.504,-0.981,-1.245,0.821,-1.245,-0.693,-0.42,-1.245,-0.981,-0.693,-0.693,-0.664,-0.693,-0.693,-0.842,-0.528,-1.245,-1.245,-1.245,-0.664,-0.842,-0.42,-0.42,-0.504,-0.428,-0.693,-0.842,-1.245,-0.528,-0.693,-1.245,-0.842,-0.664,-0.42,-0.693,-0.981,-0.664,-0.42,0.821,-0.981,-0.528,0.821,-0.693,-0.7084607563055204,-1.245,-1.2582100564126426,-0.842,0.8040044067827387,-0.428,-0.6667489576741791,-1.1972070314068544,0.8454715070257988,-0.44570966145784674,-0.664,0.8860062758696506,-0.42,-0.62327361058284,-0.981,-0.8507813801041701,-1.0003269078616304,-0.5880165545461054,-0.4277371845672385,-0.5581168729047326
-0.191,-0.089,1.238,-0.979,1.238,1.359,-1.07,-0.085,-0.979,-0.979,1.238,-0.081,1.238,-0.191,-1.07,-0.085,1.238,-0.085,-0.089,1.359,0.693,1.359,0.693,-0.36,0.693,1.238,-1.07,1.238,-1.07,-1.07,0.693,-0.085,-0.979,-0.081,1.359,-0.089,-0.081,0.693,-0.191,-0.089,-0.081,-0.081,-0.979,0.693,1.238,-0.191,-0.085,-0.089,-0.10640070455350376,-1.07,-0.36,-1.0836183739854919,-0.06623022545800342,-0.9933304109351043,-0.37493011781433405,-0.09035129388314399,-0.20493983636537813,-0.04599875315294693
-0.256,-0.466,-0.193,0.253,1.947,-0.193,-0.193,-0.473,1.947,-0.193,1.947,-0.193,-0.193,-0.466,0.253,-0.193,-0.193,-0.173,-0.173,-1.168,-0.193,1.301,1.333,-0.193,-1.168,1.301,-0.466,0.253,1.301,-0.256,0.253,-0.256,-1.168,-1.168,-0.473,-1.168,-0.473,1.301,-1.168,0.253,-0.466,-0.193,-0.473,1.333,-0.193,-0.173,-0.256,1.947,0.253,-0.473,1.947,-0.473,-1.168,0.253,-0.173,1.947,-0.193,-0.466,1.333,-1.168,-1.17729770254466,0.253,1.947,0.24123120351301353,-0.466,-0.473,1.9327240807446822,-0.4824279246550981,1.948090056770295,-0.193,1.301
-1.271,1.395,0.734,-0.56,0.734,-0.738,0.734,0.734,-0.56,-1.271,0.381,0.734,-1.271,0.738,-0.955,-1.271,1.395,0.381,1.395,0.734,1.395,0.734,-0.56,-1.271,-1.271,0.738,0.796,0.734,-0.738,1.395,0.734,0.734,-0.738,0.734,0.796,-0.56,1.395,-0.955,0.796,0.734,-0.738,-0.955,-0.738,0.734,-0.56,0.381,1.395,0.734,0.734,1.395,-0.56,-1.271,0.381,-1.271,0.734,-0.738,-0.738,-0.955,0.0,0.738,-0.738,-1.271,-0.016619047247018535,0.796,0.7780479042439332,0.8162909090543037,0.381,-0.749315799332613,1.395,0.7236140487405549,-0.955,1.3829071022885504,-0.56,1.4079640232327262,0.7639926148168771,0.734
1.685,1.808,-0.193,0.761,-0.926,-0.519,-1.135,-0.519,0.761,-0.262,-1.135,1.685,-1.135,1.685,-0.926,1.808,0.765,-1.135,-0.262,0.761,-0.519,0.765,-0.193,-0.193,1.808,0.808,0.761,-1.135,-1.135,1.808,1.808,-1.135,-0.926,1.685,-1.135,-0.193,-0.519,1.685,1.685,-0.519,1.808,1.685,1.808,1.685,-0.926,0.808,-1.135,-1.1567095525060918,-0.519,0.765,0.7476770165631522,-0.926,-0.193,0.808,-0.9392188738478018,0.761,-0.9024633584884808,0.7885181322674917,-0.8777375014943718,-0.2077674592092178
-0.423,-1.024,-0.876,-0.194,-1.024,-1.352,0.078,-1.352,-1.086,-0.194,0.078,0.078,-1.024,-1.086,-0.423,-0.919,-1.352,-0.876,-1.352,0.795,-1.352,-1.352,-1.086,-1.086,-0.876,-1.024,0.078,-0.499,-0.499,-1.086,-1.086,-1.086,-0.423,-1.352,0.078,0.078,0.078,-1.352,0.795,0.795,-0.876,-1.352,-0.423,-1.024,-0.919,0.795,-0.919,-0.194,-1.024,-0.919,-1.086,-0.9373555990718404,0.078,0.795,-1.0434877151487831,-1.1008226221369404,-1.0091670157252397,0.06863537599382845,-1.352,-1.0504712369442528,-0.9857677667983754,-0.194
-0.242,-1.196,-0.723,1.015,-1.196,1.015,-1.058,-1.058,-0.363,-0.723,1.015,1.717,-0.363,-0.74,-0.363,-0.74,1.289,1.717,1.015,-1.196,1.015,-1.058,-0.242,-0.74,1.717,-1.196,1.289,-0.723,1.289,-0.242,-1.196,1.015,-1.196,-0.723,-0.74,-0.363,-1.058,1.717,-1.058,1.717,-1.058,-1.196,-0.723,1.015,1.289,1.2724050153953474,-0.363,-1.058,-1.0752370971990126,-0.74,-1.0324596528945025,1.015,0.0,1.717,-0.242,1.2958676220185992,1.3164897558851956,-1.196,1.0034099550423814
-0.765,0.624,-0.675,0.833,-0.675,-0.765,0.833,-1.16,0.624,0.304,0.833,-1.16,0.833,-0.908,1.118,1.118,0.304,-0.908,-1.16,-0.765,-1.16,0.624,-1.16,-0.908,-0.07,-1.16,-0.07,-1.16,0.304,0.624,-0.908,-1.16,-0.07,-0.765,-0.579,-0.07,1.118,-1.16,0.304,-0.579,-0.908,-0.908,-0.908,-0.675,0.304,0.304,0.833,-0.579,-0.765,-0.579,-0.5958178354382505,-0.675,-0.5804111685599663,-0.908,-1.16,0.304,-1.177648595708357,0.29214898556293184,-0.07,-0.5538754420030156,-1.1508257860910998,1.118,-0.6858766037237102,1.1036303399955387,0.624,-1.1321387174514486
1.649,-0.474,-0.937,0.075,1.649,-0.474,0.942,1.004,-0.479,-0.765,1.649,0.075,-0.765,0.075,-0.328,0.075,-0.328,-0.328,0.942,-0.474,0.942,-0.328,-0.474,0.942,0.075,0.942,-0.765,1.004,-0.474,0.942,0.942,0.942,-0.937,1.649,-0.479,-0.937,0.942,-0.937,-0.765,-0.328,-0.328,-0.328,1.649,1.649,-0.474,1.004,-0.479,0.942,0.9244342591551774,-0.4923988613806045,0.9580705066182083,1.649,-0.328,0.9925975648785436,0.0,-0.3392978622209885,-0.4676732993633324,-0.4869964915915525,1.0230802613186614,1.0496624178025544,1.6312473056654224,-0.937,-0.30154062497438566,0.075
0.043,0.852,-0.281,0.852,-0.877,1.886,1.164,-0.281,1.886,1.164,-0.877,0.043,1.185,0.043,0.019,1.886,-0.281,1.164,1.185,1.164,0.019,0.043,0.852,1.886,0.068,-0.877,1.164,1.886,1.164,0.852,-0.877,0.068,0.019,-0.877,1.886,-0.877,1.886,0.684,1.185,0.068,0.068,0.068,0.068,1.164,0.019,-0.877,-0.8929124438935223,0.684,0.068,0.6664856979200333,-0.8642307379315326,0.6855734643133887,0.053814559293673125,1.185,0.852,-0.8217338069329155,1.164,-0.7890013349442232,0.8401476284292805,0.043,1.1536469183713995,0.031156495194777555
-0.272,-1.126,-1.155,-0.272,-0.798,0.248,-1.054,-1.155,-1.054,-1.126,-0.817,-1.126,-1.155,-0.798,-0.679,-0.633,-1.126,-1.155,-0.817,-1.126,-0.633,-1.054,-1.126,-1.126,-1.054,-0.798,-0.272,-0.817,-1.155,-0.633,-1.054,-1.054,-1.155,-0.633,0.248,-0.679,-0.633,-0.119,-0.798,0.248,-0.119,-1.054,-0.817,-1.126,-0.679,-0.272,-0.633,-1.054,-0.817,-0.119,-1.155,-0.633,-1.126,-0.679,-0.817,0.248,-0.798,-1.155,-0.8123027468678963,-0.119,-0.6929891803874595,0.2385960527509123,-0.272,-1.1650121603463017,-1.054,-0.6456148576881817,-1.1364253857119129,-0.287349173825936
-0.385,1.14,0.306,-0.104,-0.134,1.14,-0.344,1.1,1.1,0.306,-0.991,-0.991,-0.134,-0.385,-0.991,1.14,0.288,1.1,1.1,1.1,-0.134,1.1,-0.991,-0.134,1.1,-0.104,-0.018,0.288,1.1,-0.385,0.288,-0.104,-0.104,1.1,-0.385,-0.344,-0.134,0.288,-0.991,1.1,1.14,-0.991,0.288,1.14,1.14,-0.104,0.306,-0.344,0.2848058439449919,-0.385,-0.991,-0.018,-0.134,-1.0015506059201933,0.288,-0.956095455747024,-0.1439242825326057,-0.02970510614071717,1.14,0.2771472688977838,-0.1141947079880789,-0.3999409796153931
-0.519,-0.55,-1.224,-0.55,1.415,0.491,-1.224,-1.224,-0.519,1.415,0.157,-0.07,-0.55,-0.386,0.504,0.157,0.504,-1.224,-1.224,0.157,1.142,0.491,1.415,0.491,1.142,1.415,0.157,-0.55,-1.224,1.415,1.142,1.415,-0.519,1.142,1.415,-0.55,-1.224,-1.224,0.491,0.491,1.142,-0.386,0.504,-0.519,-0.5407248038982313,0.491,-0.07,0.157,-0.55,-0.4979109679056035,-0.4730915370782383,-0.4550017260651987,-0.4117262180541209,1.127032522189069,1.415,0.4931457013667427
-0.839,-0.93,0.729,-0.839,-0.93,-0.94,0.843,-0.93,-0.33,0.729,-0.33,-0.93,1.048,-0.839,0.729,0.78,0.286,-0.33,-0.93,0.286,0.286,0.843,-0.93,-0.33,0.729,0.847,0.286,1.048,0.729,0.847,0.843,0.286,-0.33,-0.839,0.847,-0.93,-0.94,0.843,1.048,-0.94,-0.839,-0.93,0.843,0.843,-0.93,0.843,-0.94,0.729,-0.94,0.78,0.843,0.286,-0.93,0.78,0.7611839879147522,0.729,-0.94,0.7098872716300818,0.27593278696568546,-0.839,1.048,0.843,0.7530661465803308
0.442,-0.42,2.225,-1.126,-0.513,2.225,0.673,0.442,2.225,0.442,0.673,1.547,-1.126,2.225,0.673,1.547,0.673,-0.605,2.225,-1.126,-0.95,-0.513,0.673,-0.605,0.673,2.225,1.547,2.225,2.225,-0.95,-1.126,0.79,1.547,-1.126,0.79,-1.126,1.547,0.79,-0.95,-0.513,-0.605,-1.126,-0.605,-0.95,-1.126,-0.42,2.225,0.442,-0.605,2.225,-0.6172796838857277,-0.95,-0.42,2.2155401207733156,-0.513,-0.9638486365135566,2.243268984178378,-0.9436298151996831,-1.126,0.79,0.442,0.7708931524810956,-0.9080210213544824,2.278646274436685,-1.1358274974486142,-0.8686249355452691,-0.4301965908448624
-0.072,-0.942,1.229,0.912,0.14,-0.683,-0.942,0.912,1.074,1.229,1.18,-0.361,-0.683,1.074,-0.361,1.229,1.229,1.18,0.912,1.18,1.18,0.912,1.18,1.229,-0.368,-0.072,-0.942,-0.072,-0.361,-0.361,1.074,1.229,1.18,-0.072,-0.361,1.18,1.18,0.14,-0.072,-0.361,-0.683,-0.942,1.18,-0.072,-0.08243509637468138,-0.942,1.18,-0.9580739081578649,1.1665487052540953,0.912,-0.361,0.14,-0.683,1.074,-0.368,-0.36956622963760083,1.0684033004613163
0.917,2.499,-0.896,-0.531,-0.419,-0.531,2.499,-0.419,-0.486,-1.026,-0.419,-0.419,-1.026,-0.486,-0.419,-1.026,2.499,-0.896,-0.531,-0.531,-1.026,2.499,0.917,2.499,-0.896,-0.419,0.917,0.257,-0.486,0.645,-0.837,-0.419,2.499,0.645,-1.026,-0.531,0.917,0.917,-0.896,-0.419,-1.026,0.257,-1.026,2.499,2.499,-0.837,0.917,-0.837,-0.531,-0.837,-0.837,2.499,-0.419,0.645,-0.8529272844466752,0.257,0.917,-0.531,0.6311442593815251,2.49022268804479,0.8998859625272897,-0.896,-0.486,-0.8357918857036962,-0.49935838546645606,-0.5393030343689538,-0.5122575031437274,0.9575107136484374,2.511929149005453,2.5416124336218764,-0.4297982284709964
-1.004,1.802,-0.922,0.895,-0.44,1.208,-0.816,0.895,0.895,-0.44,1.802,-1.004,-0.922,-0.922,-0.816,1.802,1.802,1.802,-1.004,-0.467,-0.44,-0.467,1.802,-0.44,0.895,0.895,1.208,-1.004,-0.44,-0.467,-0.467,-0.816,-0.816,0.895,-0.128,-0.816,0.895,1.208,-0.816,-1.004,-0.922,-0.467,-0.128,-0.467,-0.816,-0.128,-0.467,-0.816,-0.467,-0.467,0.895,1.802,-0.922,-0.816,1.208,-1.004,-0.128,1.208,-0.816,1.197108625610987,0.895,-0.14172657865190966,0.0,1.802,1.7894414309102933,-0.467,-0.4805906295197412,-0.01056689468815753,-0.09344488472335874,0.8774648583095794
2.041,0.809,2.041,-1.067,2.041,0.809,-0.874,-1.067,-0.69,2.041,-0.874,-1.067,2.041,-0.711,-0.874,-0.874,-0.212,-1.067,2.041,2.041,-0.874,2.041,-0.453,1.06,-1.067,2.041,1.06,-0.711,2.041,2.041,2.041,-0.711,-0.212,-0.212,0.175,-0.212,1.06,-0.874,-0.212,-0.453,-0.874,-0.69,1.06,0.175,-0.874,-0.874,-0.874,-1.067,-0.711,2.041,0.809,-0.874,1.06,0.175,-1.067,-0.212,0.16070727106704644,-0.22139579956051386,0.7978884461064006,-0.453,-0.8850023325222427,-1.0795455037836674,-0.7235036849696111,-0.20261325626816507,-0.46276487782566766,-0.6822007904442108
-0.235,0.772,-0.95,-0.95,-0.235,-0.95,-0.71,0.46,-1.007,0.234,0.46,-1.007,-1.007,-0.95,0.533,0.46,-0.95,0.533,-0.71,-0.95,0.934,0.503,0.46,0.533,0.533,-0.95,0.46,-0.71,0.533,0.934,-0.95,0.234,0.934,-0.95,-0.95,0.772,0.234,0.234,-1.007,0.533,0.772,0.503,-0.235,0.533,-1.007,0.503,0.46,0.772,0.934,-1.0226068467834335,-0.95,-0.992822634838328,-0.2446648761573943,-0.20378561088213185,0.234,0.7648405545874657,-0.17680832633610455,-0.71
-0.795,-0.397,-0.292,-0.027,-0.397,1.296,1.514,1.296,1.514,-0.454,-0.292,-0.292,0.478,0.478,0.314,0.478,1.296,1.514,1.514,0.478,0.314,0.314,-0.795,0.478,-0.454,1.514,-0.027,1.514,-0.113,0.478,-0.292,-0.113,0.314,1.296,-0.027,0.314,1.514,-0.397,-0.027,-0.292,1.514,1.296,-0.795,-0.027,-0.113,0.478,-0.397,-0.027,-0.292,0.478,-0.034217230714504214,-0.016901959471853252,0.314,1.514,-0.454,-0.4664163947097781,-0.113,0.4650104408276587,0.02762442671337053,0.5196986886201226,-0.41105328734039004
-0.363,-1.125,0.275,-0.861,-0.854,-0.363,-0.585,-1.125,1.34,-0.61,1.923,0.275,-0.854,1.923,-1.125,-0.854,1.923,1.34,-0.585,-0.56,1.923,-0.861,-0.61,1.34,-0.56,-1.125,0.275,1.923,-0.861,-0.585,0.275,1.34,1.34,-0.861,-0.61,-1.125,-0.854,-0.854,-0.861,0.275,-1.125,1.34,1.923,-0.585,-0.61,-1.125,-0.6182032266386265,-0.6008681790026758,1.3312311095359337,-0.861,-0.5913303104318889,-0.854,-0.56,-0.5755809947710324,-0.5407473640037663,1.9105892563892575,-1.1351523720265466,-0.8697014770226852,-0.5400734144444621,-0.8401850577922466
0.097,-0.352,0.488,0.964,-0.633,-0.352,0.964,1.343,0.031,2.021,-0.633,2.021,-0.352,0.964,2.021,1.432,-0.633,-0.633,-1.177,0.097,0.964,2.021,-0.352,2.021,0.031,-1.177,1.432,0.964,1.432,0.964,0.964,0.031,0.964,2.021,0.964,0.964,-1.177,0.097,2.021,-1.177,-1.177,1.343,-0.352,1.343,0.031,1.343,1.432,-1.177,1.343,0.488,2.021,2.005891161583471,0.964,-0.352,0.097,0.9476578888074648,-1.177,0.9773632924295749,1.432,0.9888383865214216,1.414803580093405,1.343,0.08687428793418511
-0.867,-0.816,-0.038,-0.913,0.163,-0.038,0.066,-0.6,0.181,0.37,0.37,-0.708,-0.913,-0.913,0.37,-0.816,-0.913,-0.816,0.37,0.37,-0.708,0.163,-0.913,-0.6,-0.913,-0.038,-0.913,-0.867,-0.913,-0.038,-0.038,-0.913,-0.913,-0.708,0.181,0.37,0.066,-0.038,-0.816,-0.6,-0.708,-0.913,-0.867,-0.816,-0.708,-0.7236522067098141,0.163,-0.8310073928925461,0.37,-0.7871497929205795,-0.038,0.15523495629394138,0.181,-0.6,0.16791989298981413,0.066,-0.913,0.35438731104013366,0.22211722855762497,0.04754377805358083
1.357,-0.756,0.541,-0.796,-0.831,-0.131,1.357,-0.355,0.402,0.541,0.346,-0.355,-0.756,-0.834,-0.834,-0.355,0.402,-0.355,-0.834,-0.796,0.346,-0.131,-0.834,-0.756,-0.796,-0.834,-0.834,-0.131,-0.831,-0.796,0.402,-0.355,-0.834,-0.355,1.357,-0.131,-0.796,-0.831,-0.131,-0.131,-0.131,-0.13932902982529702,-0.834,-0.831,0.541,-0.8444052966757158,0.346,-0.0975179692046663,-0.756,-0.8440273083632011,-0.07161147622519139,-0.8158227228621167,-0.7709345014459784,-0.7957045858312854
0.102,0.16,-0.862,0.16,0.002,-0.862,0.002,0.16,-0.862,2.248,0.002,2.248,0.102,0.102,0.602,0.002,2.248,2.248,1.092,2.248,1.092,-1.136,-1.136,2.248,-1.136,-0.742,2.248,-0.742,1.092,-1.136,-0.862,-1.136,-1.136,-0.262,1.092,1.092,0.16,-0.262,2.248,-0.742,2.248,0.16,-1.136,0.16,2.248,0.16,-0.262,0.16,-0.262,0.16,-0.862,1.092,-0.742,-0.262,0.002,0.102,-0.013909738750724715,-1.136,0.04012937947336616,-0.7572587086980053,0.16,0.14766040022295693,-0.2748281832066752,-0.7186999527536531,-0.6817065837798616,-0.8692747836902932,-0.8200905326238762,0.1908739933227769,-0.6609015851063006
0.942,0.11,0.942,1.581,-1.163,-1.163,1.292,-0.382,-1.163,1.292,0.635,1.581,1.581,-0.748,0.942,-0.382,1.581,0.11,-1.012,1.292,-1.163,1.292,-0.382,0.141,1.581,-1.163,-0.382,-1.163,-0.748,-1.012,-0.748,-0.382,-1.012,-1.012,0.635,0.942,1.581,-1.163,-0.748,0.942,-1.012,-1.012,-1.163,-0.382,1.292,0.141,0.11,1.581,-0.382,-0.748,-1.163,0.11,-0.39934601562463096,1.581,1.5664672427371447,-1.012,0.141,1.5838910826040788,-0.36960853104353303,-0.7578040195601798,-0.7206398974812747,-1.0296700822605345,1.6104972246411553,0.635
0.488,-0.97,1.095,1.095,-0.389,-0.485,-0.97,-0.192,-0.579,-0.192,0.488,-0.158,-0.97,-0.97,-0.192,-0.485,1.095,-0.977,-0.735,0.488,1.095,-0.579,-0.192,-0.735,-0.485,-0.735,-0.389,-0.977,-0.485,-0.735,1.095,-0.192,-0.192,-0.977,-0.977,-0.158,-0.977,-0.485,-0.389,-0.485,-0.192,-0.389,-0.389,-0.97,-0.977,-0.158,-0.977,-0.158,-0.735,-0.158,-0.485,-0.5038650279419934,-0.44132788889902624,0.488,-0.41462260997504724,-0.97,-0.158,-0.984997746236085,-0.17216425578923156,-0.579,-0.192,-0.2051193343859828,-0.5893712821558236,-0.9581362535519373
-0.832,0.338,0.338,0.384,0.07,1.106,-0.779,0.384,-1.073,-1.073,-0.832,0.07,-0.779,-1.073,-0.636,0.233,0.384,-0.636,-0.779,0.338,-0.779,0.07,-0.779,-1.073,-0.832,0.233,0.233,0.659,0.07,-1.073,0.233,1.106,-1.073,1.106,-0.832,0.07,0.384,0.659,0.07,0.07,-0.779,0.384,0.659,-0.779,0.384,0.659,-0.779,-0.636,0.233,0.659,0.07,0.21706878628236667,0.053300321079623354,0.6513206883633086,0.2627797265439482,0.0931783279297179,0.338,-1.073,-0.6435180666893895,1.106,1.0866531244404005,-0.832
-0.656,0.57,-0.221,-1.13,-1.13,-0.786,-0.786,-0.997,-0.997,-1.13,-0.694,-1.175,1.525,-1.175,0.65,-0.656,-0.221,-1.13,-0.997,-0.656,0.57,-0.997,0.57,1.525,-1.13,-1.175,-0.694,-1.175,-0.997,-0.656,1.525,-0.656,0.65,-0.656,-0.694,-0.786,0.57,1.525,-1.175,-0.786,-0.694,-0.221,0.65,-1.175,0.65,-1.13,-0.221,-1.13,-1.175,0.65,0.65,-0.786,-1.13,-0.656,0.57,-1.13,-0.997,-1.175,1.525,-1.1401222455184914,-0.656,-0.6678782155349923,-0.6562958002642958,-1.1859841989652484,-0.221,-0.6006422633272012,1.510622691992992,-0.786,1.5407553101759517,0.5569114629706678,-0.5725955102958245,-1.1457966347203348
-0.884,-0.97,-0.961,-0.961,1.452,-0.961,1.452,-0.97,-0.884,0.811,-0.267,0.811,-1.199,-0.884,1.452,-0.003,-0.845,1.452,-0.97,-0.24,-0.845,-0.961,-0.845,1.452,-0.24,0.811,-1.199,-0.97,1.452,0.811,-1.199,0.811,-0.961,0.811,-1.199,1.452,-0.884,-0.884,-1.199,-1.199,-0.961,-0.24,-0.961,0.811,1.452,-0.97,0.811,-1.199,1.452,-0.24,-0.25171972984284396,-0.003,0.811,-0.961,1.4371177364740233,-0.267,1.4933240298344168,-0.845,-0.9694974371948908,-0.884,-0.27710171401469463,-0.8578957193081457,-0.9301189129847619,-0.015991536717898058,-0.22851645856460412,1.551800255401049,-0.8998894499543384,-0.8586302470808496,-0.21105925811061155,-0.1933412582233307
1.261,0.641,-0.703,0.458,1.184,-0.263,-0.568,1.261,-0.818,1.012,0.458,0.458,1.012,0.458,1.012,0.458,0.458,-0.703,0.641,0.458,-0.818,1.012,1.012,-0.818,-0.568,-0.818,-0.703,-0.818,1.012,0.641,-0.703,1.012,-0.568,1.012,1.012,-0.681,-0.703,0.458,1.012,1.184,1.012,-0.818,1.184,-0.818,0.641,-0.681,-0.568,-0.568,1.261,-0.681,0.458,-0.681,-0.818,-0.263,1.261,0.458,-0.703,0.441741564010633,-0.722648733212389,-0.6950216510268545,-0.6846869648069963,-0.652016611238938,-0.6309831266232604,-0.2717188813491715,-0.22048219955503348,1.184,-0.666003606091622
-0.874,1.354,-1.088,-0.892,-1.088,-1.088,-0.772,-0.874,1.354,-0.285,0.41,-0.874,-0.772,1.354,-0.772,0.41,-1.088,-0.874,0.41,1.354,-1.088,-0.892,-0.874,-0.039,0.41,-1.088,-0.039,-0.874,-0.039,-0.874,1.354,-0.892,1.354,0.41,-1.088,0.511,0.41,0.41,-0.285,1.354,-0.772,-1.088,-0.874,-0.874,-0.892,1.354,0.511,-0.285,1.354,-0.039,0.41,-0.772,-0.7887353203757131,0.3973756706231124,-0.7633767853734826,-0.892,-0.7413083074122525,-0.9085517654502119,-1.088
-0.531,-1.085,-0.562,1.615,-0.693,2.25,-0.137,1.433,-1.085,-0.693,-0.531,1.615,2.25,1.433,-1.085,-0.693,-0.564,1.433,-0.562,-0.137,1.433,-0.693,-0.693,-1.085,2.25,1.615,-0.399,-1.085,-0.693,-0.531,2.25,-0.693,2.25,1.433,-0.137,1.433,-0.531,-0.564,-0.531,2.25,-1.085,1.615,1.615,-1.085,-0.137,2.25,1.433,-0.137,-0.693,-0.531,-0.693,1.615,-0.564,-0.7021371737933353,-0.137,-1.085,-0.5734749196483191,-0.399,2.25,-0.5443263039090798,-0.6467643222896889,1.5993184724609912,-0.4130142967733502
0.646,1.206,-0.708,-0.992,-0.874,-0.992,-0.874,0.646,1.238,1.206,0.445,-0.708,1.238,0.764,0.646,1.238,-0.874,-0.874,-0.961,-0.708,1.238,0.445,1.238,-0.708,-0.708,0.445,-0.961,0.764,0.646,-0.961,0.764,-0.708,0.445,-0.708,1.206,-1.067,-0.708,-0.992,-1.067,-0.874,-0.992,0.445,0.764,0.646,0.445,0.646,-0.992,-0.961,-0.961,-1.067,1.206,-0.961,-0.874,-1.067,-0.961,-0.961,-0.708,-1.067,-0.7188163825495583,-0.6741657396185674,0.445,1.206,-0.6464031357833198,-0.992,0.764,-1.0099718893359069,1.194503176821104,1.2385789810600252,-0.6151449158466304,1.2854261415759902
-0.137,-0.181,0.551,2.306,-0.925,-0.766,-0.144,1.634,-0.766,-0.181,1.56,0.551,0.551,2.306,-0.137,0.551,2.306,-0.181,1.56,1.634,-0.144,-0.766,1.56,1.56,2.306,-0.137,0.551,-0.144,1.634,1.634,1.56,0.551,-0.144,-0.925,1.56,0.551,1.634,-0.766,-0.144,-0.925,1.56,2.306,0.551,-0.137,-0.925,-0.766,0.551,0.0,-0.925,-0.766,0.5399517731540797,-0.9370355036339653,2.306,0.5616452373688929,-0.137,-0.144,-0.15529454682257973,-0.7758855542497332,-0.009698732020385925,0.01853514883967176
1.775,-0.199,-0.506,0.017,1.775,-0.506,-1.199,1.775,-0.506,1.198,1.775,-0.199,-0.228,-0.21,0.017,-0.199,-0.723,-0.723,0.017,-1.199,0.819,-1.199,-1.199,0.819,1.775,1.775,1.198,-0.21,-0.21,1.198,0.017,-1.199,-0.199,-0.228,-0.723,-0.506,-0.21,-0.506,-1.199,-0.21,-1.199,-0.199,1.775,0.017,-1.199,1.198,-0.228,-1.199,-0.506,-0.723,1.198,-0.228,-0.228,1.198,0.017,-0.228,-0.199,-0.21776954839484153,-0.506,-1.199,-0.5191476734969629,1.775,0.819,-0.485854019189683,-0.16760162807998213,1.761856401429576,0.8111396042976111,1.184888039660096,1.7977382185374637,0.8462223003869447,0.006570766073681015,0.04544152675034895,0.07006713342387844
-0.498,-0.958,-0.498,-1.142,1.1,1.304,-0.673,-0.958,-0.291,1.304,0.904,-1.142,-0.291,-1.222,-0.958,-1.142,-0.958,-1.222,-0.673,1.304,-1.142,1.304,-1.142,-0.958,0.904,-0.498,-1.142,-0.291,1.1,-0.291,1.1,-1.222,-0.498,-1.222,-1.222,0.904,-0.291,-1.222,-0.958,0.904,-0.291,1.304,-0.291,-0.291,-1.142,-0.498,-0.5256112451093498,-1.1542045248980912,0.0,0.904,-1.222,-1.1207970582461695,-0.291,0.8906849063615554,-0.31046225119258497,-0.673,-0.48553336963593346,-1.236644337284819,-0.958,-1.0817490728589338
-1.379,-1.379,1.386,1.386,-0.548,-0.767,0.097,-1.022,-0.548,-0.767,-1.379,1.386,0.089,-0.596,-1.379,0.089,-0.596,-0.596,-0.44,-1.022,-0.548,-1.379,-1.379,0.097,-0.596,-0.649,0.097,-1.022,-0.44,-0.649,-0.596,1.386,-1.379,-0.596,-0.44,0.089,-1.022,-1.022,-0.44,-0.767,-0.596,-0.596,-1.022,-1.379,-0.548,0.097,-0.596,-0.548,-0.44,0.097,0.07922102462498287,-0.5607821537484204,-0.767,-1.022,-0.5383954664470678,0.089,-1.379,-0.4856087440323192,0.07476490800833044,-1.393397555074174,0.11480777256133805,1.386,1.3661301484477981,0.10635284965185093
-0.027,-1.035,0.021,0.517,0.937,0.021,-0.027,-0.027,-0.953,-0.953,-0.953,0.517,1.725,1.725,-1.035,-0.027,1.725,0.223,0.937,1.725,0.517,-1.035,-1.035,0.937,0.021,0.517,0.021,0.997,0.937,0.021,0.937,0.223,1.725,0.997,0.997,0.517,1.725,0.997,0.223,-0.953,-0.027,-0.953,-0.018,0.021,0.021,0.997,0.021,-0.953,-0.018,0.223,0.517,0.937,0.997,1.725,0.9247760037590762,-0.030649317171446897,0.5059527412042746,0.9816387476671965,1.7106668927552304,-0.953,-0.9743876134643332,1.0157532236883469,-0.9470173624134722,-0.027,0.021,0.013023246097044198,0.008254961374111499,0.956666980139949,0.21057181868069821,0.5482026070211629
-0.404,-0.404,1.241,0.398,-0.791,-0.404,0.126,-0.791,-0.404,0.956,1.774,0.126,-0.404,1.774,0.398,0.324,-0.423,0.126,1.241,-0.791,0.956,1.241,0.705,1.774,0.705,1.774,0.956,1.774,0.324,0.956,1.241,0.398,1.241,-0.791,0.324,-0.423,-0.404,-0.791,0.398,0.398,0.398,0.126,0.126,0.956,1.241,0.126,0.705,0.398,0.37530094054473573,-0.423,0.40989938545549676,-0.404,1.241,0.126,0.10176904940265566,0.1314250213844096,-0.43566787052872386,0.440207990535901,1.774,1.7577743214031663,-0.40772782072415065,1.227938862737872,-0.791,-0.3647953726224449
-0.896,0.612,-1.199,-0.896,-1.036,-0.81,-0.678,-0.678,-1.036,-0.948,-0.896,0.341,-0.678,-0.144,-1.036,0.612,-1.199,-0.59,-0.144,-0.59,0.341,-1.199,-0.81,-1.199,0.341,-1.199,-1.036,0.612,0.341,-0.59,-0.59,-0.948,-1.199,-1.036,-0.896,-0.81,-0.81,-1.036,-0.59,-0.948,0.341,-0.59,-1.036,-0.948,-1.199,-0.948,-0.948,0.612,0.341,0.341,0.341,-1.036,-0.144,-0.81,-0.678,0.341,0.612,-0.59,-0.144,-0.59,-0.144,-0.16232644924525927,-1.036,-1.0519937953468892,-0.896,-0.948,-0.5993721308059224,-1.199,-0.678,0.612,-0.9094762656806661,-0.9605016603119731,-1.0093684828719929
-0.702,2.379,1.386,-0.702,-1.499,2.379,0.024,-1.03,-0.077,1.725,1.386,1.386,-1.03,-1.186,-1.499,0.024,-1.186,0.024,1.725,-1.499,2.379,-0.684,-1.186,-1.499,2.379,1.725,-1.499,1.725,-1.186,2.379,-0.702,1.386,-0.684,-0.702,-1.499,0.024,0.024,-1.03,-0.077,1.386,1.725,-1.499,1.725,-1.499,-1.186,2.379,-1.03,-0.077,-0.684,-1.499,-1.186,-0.684,-1.03,1.386,2.379,1.725,-1.499,-0.684,-0.701768398968906,-1.186,-0.077,2.362548816355993,1.7145667467404044,1.3716976543137134,-0.6728659095821448,-1.197112070602954,-0.622674077191671,1.7372582333811857,1.7632065929231162,-0.5656676488017451
1.863,-0.861,-0.638,-0.638,-0.859,-1.146,0.222,-1.146,-0.511,-0.297,-0.297,-0.638,-0.638,-0.861,-0.859,-0.511,-0.638,0.222,-0.721,-0.861,1.863,-1.146,1.863,-0.861,-0.511,-0.861,-0.721,-1.16,-0.297,-1.146,1.863,0.222,-0.297,-0.638,-1.16,-0.638,-0.638,-0.511,-0.638,-1.16,0.222,-0.859,-0.638,-0.721,-0.297,-1.146,-1.16,-0.861,-1.16,-0.511,-1.16,-0.861,0.222,-1.146,-0.511,-1.1639101694033192,-0.859,1.863,-0.8769855983418496,1.847414204315029,-0.297,1.8728123898324553,-0.638,-0.3050786271351778,-0.5225329975088131,-0.2701316727206875,-0.8729063625359567,1.896114991517567,0.21003873724916367,1.9205491049361143
-0.872,-0.14,2.409,2.409,0.269,-0.37,-0.37,-0.14,2.409,-0.803,2.409,2.409,-0.14,0.269,-0.872,-0.803,-0.801,-0.627,-0.801,2.409,-0.14,-0.827,-0.801,-0.14,2.409,-0.627,-0.627,-0.14,-0.801,-0.627,2.409,-0.37,-0.14,-0.827,-0.14,-0.37,0.269,-0.872,-0.627,-0.803,-0.37,-0.827,-0.37,-0.14,2.409,0.269,-0.872,-0.232,-0.827,-0.37,-0.827,-0.8454021610758512,-0.7994025684688887,-0.872,-0.8979574439135144,2.409,-0.8576873467185823,2.390997090847377,-0.14,-0.232,-0.24825372490195552,2.439421229621672,-0.7741625554498168,-0.7333356428499644,-0.1522692626422091,-0.801,-0.8204438276054856,-0.7854693547797491,-0.803,-0.7000045914533376,-0.37
1.558,0.169,-0.946,-0.868,2.012,2.012,-0.946,0.169,0.537,0.537,0.169,-0.868,1.857,-0.868,1.558,2.012,1.857,-0.868,-0.56,-1.02,-0.946,-0.868,1.558,2.012,-0.868,-0.208,1.558,-1.02,2.012,-0.946,-0.868,1.558,0.537,-1.02,-0.868,2.012,1.558,-0.56,0.537,-0.946,2.012,0.169,-0.946,-0.208,-0.208,0.169,-0.868,1.857,-0.208,0.537,-1.02,1.857,1.558,1.857,-0.868,0.537,-0.868,1.558,0.5218926587244496,0.5399121404731932,-1.02,0.169,-0.56,1.5454936122374636,-0.5739928390571191,-0.946,1.857,1.5867707700287828,1.6000449964135042,1.6093606778886995,1.8342589937748535,-0.8772321279256022
1.485,0.103,1.225,-0.64,-0.818,-0.64,1.225,-0.64,1.499,1.499,-0.64,-0.64,0.48,-0.881,0.01,1.485,1.485,0.103,-0.818,1.485,-0.818,1.499,1.584,1.499,-0.818,1.584,1.485,-0.818,1.225,-0.881,-0.64,1.485,-0.818,-0.64,-0.818,0.103,1.584,-0.881,-0.818,-0.64,-0.64,0.48,1.584,0.01,1.225,-0.64,1.225,0.01,-0.64,0.01,-0.881,1.584,-0.818,-0.6581006857741323,1.485,0.48,0.46369500085433146,-0.6282956286068261,1.5794026672774242,1.4725386483000964,0.103,-0.5931717474431394,0.5130597581773775,1.499,0.5657865923406054,1.225
-0.124,-0.124,-0.677,1.144,-0.804,-0.804,-0.804,0.172,1.479,1.599,-0.677,1.479,-0.677,1.599,1.479,1.599,-0.124,-0.677,1.479,-0.124,1.144,1.479,1.599,1.479,0.172,-0.677,-0.24,1.144,1.599,-0.124,-0.677,-0.677,1.144,1.479,-0.24,1.144,1.599,1.144,-0.124,1.599,-0.677,1.144,-0.804,-0.24,1.599,-0.677,1.479,-0.677,-0.24,1.479,-0.677,-0.124,1.599,1.144,-0.677,0.172,-0.804,-0.25212930948696327,0.15478086322518075,1.5851361756637086,0.17605397758480512,1.1323872805176551,-0.13602644468846903,-0.8198425200666719,-0.6884703084730477
0.403,-0.953,0.403,-0.953,-0.038,-0.2,-1.01,2.005,2.005,-1.01,-0.953,-0.953,-0.2,-0.953,-0.953,-0.038,-1.01,-1.01,-1.01,-1.01,-0.2,0.645,-0.992,-1.01,-0.992,-0.2,-0.953,-0.992,-0.704,-0.953,0.645,-0.704,-0.953,-0.953,2.005,2.005,-0.953,0.403,-0.2,-0.992,0.511,0.403,-0.992,2.005,0.645,2.005,-0.2,-0.953,-1.01,-0.9679556048691327,-0.992,-0.21343995492726164,-0.9336737275312571,0.645,0.511,-0.17283908469773265,-0.14769532052598253,0.6342195946819912,-1.0073822556153067,-0.038,0.403
1.725,-0.847,-0.76,-0.602,0.272,0.451,1.669,0.602,-0.853,0.272,0.602,-0.602,-0.602,-0.76,1.669,-0.76,1.725,1.725,0.451,1.669,-0.602,-0.602,0.272,0.602,0.272,-0.76,0.451,-0.76,-0.853,-0.847,-0.847,-0.602,-0.853,-0.602,-0.847,1.725,1.669,-0.602,1.725,1.669,0.451,0.272,0.602,-0.602,-0.847,0.451,1.669,1.669,-0.602,-0.602,1.725,-0.847,1.669,0.0,-0.853,1.656177394206229,-0.602,0.272,1.6800117342453484,0.451,-0.6100572534473268,0.257870623651448,0.434319498608189,0.29954210239880436,1.721939957974047,0.4944579796157801
-0.897,0.959,0.959,2.55,-0.439,-0.967,0.959,-0.156,-0.439,-0.967,-0.55,-0.55,-0.41,-0.156,-0.897,-0.55,-0.41,-0.55,-0.439,-0.439,-0.897,-0.897,-0.897,-0.156,-0.41,-0.156,-0.967,-0.439,-0.967,-0.554,0.959,-0.439,2.55,-0.156,2.55,2.55,2.55,0.959,-0.897,2.55,2.55,-0.554,-0.967,-0.41,2.55,2.55,2.55,2.5310776442089082,-0.439,-0.55,-0.897,-0.45597001356426664,-0.5707916514404773,0.0,-0.156,-0.41,-0.40917564764624614,-0.9086482955512023,-0.16875782677692708,-0.554,-0.967,-0.11264476330723011
-0.684,-1.115,-0.684,0.85,0.236,-1.115,-0.943,-0.943,-0.943,0.29,-0.684,0.85,-0.684,-1.115,-0.463,-0.684,-1.115,-0.82,0.236,-1.115,-0.463,0.965,0.236,0.965,0.85,0.29,-0.943,0.965,-0.82,0.85,0.85,0.236,0.29,-0.943,-1.115,0.236,0.85,-0.943,-0.82,0.29,0.85,-0.82,0.965,-0.82,-0.463,-1.115,0.965,-1.1300032453885087,0.0,0.94649781952815,-1.094349641447827,-0.01793954689478463,-0.943,-1.0541909546194195,-0.4750100851243301,-0.82,-0.44540828746707
1.887,1.887,-1.02,-0.265,-0.797,-0.109,-0.797,0.826,2.052,-0.265,2.052,-0.797,-1.02,-0.797,-0.58,-1.02,0.848,0.826,-0.797,-0.109,1.446,1.887,1.887,2.052,1.887,-0.797,2.052,-1.02,-0.109,1.887,2.052,-0.109,2.052,1.887,-0.797,1.446,1.446,-0.58,1.446,-0.58,-0.265,-1.02,-0.109,-0.109,-0.109,-0.797,-1.02,-0.797,0.848,1.887,-0.58,2.052,2.052,-0.265,0.826,-0.109,-0.58,-1.02,-0.27796392410220677,2.052,-0.24631401831441227,0.848,-1.0318053243066247,1.887,2.03726059544641,-0.5929720828583708
1.354,-1.268,-0.688,2.2,1.354,-1.166,-1.082,0.142,-1.268,-1.166,2.2,-0.558,2.2,-1.268,1.35,1.35,1.35,-1.082,-1.268,-0.688,-0.558,0.142,1.35,-1.166,-1.082,-1.082,-1.082,-1.082,-1.082,2.2,-1.166,-0.688,-1.166,1.35,-1.268,-0.688,-1.166,-1.082,2.2,1.354,1.35,-0.558,2.2,-1.166,1.35,1.35,-1.166,-0.1,1.354,-1.268,1.35,-1.268,2.2,2.2,-1.268,1.35,1.3336468585817152,-0.558,-1.082,2.2,-0.1,-1.166,-0.11379461879835956,-1.0954727887694347
-0.963,-0.963,-0.963,-0.963,0.242,-0.619,1.316,0.85,-0.619,1.378,0.85,0.483,1.316,1.316,-0.473,0.04,0.04,-0.473,1.378,-0.473,0.483,0.85,1.378,-0.619,-0.473,1.378,0.483,0.04,0.04,0.04,1.378,0.242,0.85,0.04,0.85,-0.963,0.483,0.426,1.378,-0.963,-0.963,1.378,0.85,1.316,0.242,-0.473,0.8342344501555204,-0.619,0.22709948207360844,-0.6348972091145602,0.483,0.8912220062707885,0.426,1.2997891622578104,-0.4852193299485176,-0.43679799033368505
0.553,1.802,-0.887,-0.887,-1.096,0.553,0.146,0.229,0.206,1.802,-0.887,0.146,0.229,-1.096,-0.713,1.802,-0.713,1.528,0.206,0.206,1.802,0.553,-0.808,0.553,-0.808,1.802,-0.713,-1.096,0.206,1.802,0.206,-0.713,-0.713,-1.096,0.229,-1.096,0.206,1.528,-0.808,-0.713,-0.713,-0.887,0.206,-0.713,1.528,0.229,-1.096,-0.887,0.206,-0.808,0.553,0.146,1.528,1.802,-1.096,-0.808,1.528,-0.887,-1.096,0.146,-0.8968970192967013,1.802,-0.808,0.12765805316848267,0.229,-0.8391546283617515,0.13587637166224562,-0.8198083773686302,0.206,0.1656578219501139,1.7880049753441765,-0.8030886558054932,0.21105214177575787
-0.565,0.929,-1.032,-0.907,-0.665,-0.951,0.929,-0.076,1.497,1.497,1.497,-0.951,-0.907,-0.913,1.497,-0.076,0.929,-0.951,1.497,0.948,0.929,-0.665,-0.665,-1.032,-0.665,-0.565,-0.665,-1.032,-0.076,-0.913,1.497,1.497,-0.913,-0.665,-1.032,-0.565,-0.951,-0.913,1.497,-1.032,-0.665,-0.076,-0.565,1.497,-0.907,0.948,-1.032,-0.076,-0.913,-0.665,-0.665,-0.565,-0.665,-0.076,-0.913,-0.6847283594730017,-0.565,-0.5771164866167161,1.497,-0.9299297964032726,-0.891468473926401,-0.5600173249538082,0.929,-0.8495601795298363,1.4815608456134477,-0.951,-0.5147030320698796,-0.6392103002895442,-0.4813984380508
-0.748,-0.9,-0.75,-0.146,-1.007,0.706,-0.146,0.397,0.397,0.397,0.397,-0.9,-0.9,0.706,0.397,0.664,0.78,-0.9,-0.748,-0.9,0.664,0.397,0.78,0.664,-0.748,0.78,-0.75,-0.146,-1.007,0.397,0.706,0.706,-0.75,0.562,-1.007,0.78,-0.9,-1.007,0.706,-1.007,0.78,0.706,-0.748,-0.75,-0.75,-0.75,-0.146,-0.146,0.397,-0.16583569473674326,0.3805409318257251,0.41664663541728697,-0.9,0.48298276407349694,-0.12315633649218494,-0.748,-0.9143749190967541,-0.75,-0.7591122734741311,0.664,0.5207976414210947,-1.007
-0.836,1.044,-0.722,-0.958,-0.781,-0.098,-0.722,-0.892,1.317,-0.958,2.05,-0.767,-0.892,1.044,2.05,1.044,1.317,1.044,-0.722,1.044,-0.892,2.05,-0.781,-0.722,-0.836,-0.892,-0.958,-0.836,2.05,2.05,2.05,-0.781,1.317,-0.098,-0.098,1.044,-0.098,-0.781,2.05,-0.892,-0.767,-0.958,1.317,1.317,-0.958,2.05,2.05,-0.781,-0.767,1.044,-0.781,-0.958,-0.9752791813249584,-0.098,-0.836,-0.722,-0.7941735568772973,-0.767,-0.7866442296396426,1.317,1.2907466649309902,-0.739619780593884,-0.10738936470942517,1.0309009895463244
0.376,-0.725,-0.807,-1.129,-0.677,-0.882,-0.807,0.339,-0.725,-0.725,-0.677,0.339,-0.807,-0.677,-0.882,-1.129,-0.062,-0.062,0.994,-0.807,-1.129,-0.677,0.465,-0.882,-1.129,0.994,-0.807,-0.882,0.994,-0.807,0.994,-0.882,-0.725,-1.129,-0.882,0.994,0.465,0.339,-0.807,0.339,-1.129,0.994,-0.677,0.994,-0.807,0.339,-0.882,0.376,-0.807,-0.062,0.376,-0.677,0.339,-0.062,0.376,-1.129,-0.807,-1.1449036175506788,-0.07597807738303246,-0.8228709955213055,0.994,-0.043017947078770824,-0.7838388200301726,-0.725
-0.044,-1.26,-1.26,-1.148,0.554,0.361,1.264,-0.905,-1.26,-0.905,-0.044,-1.26,0.352,0.361,0.554,-1.148,-1.26,0.554,-1.148,1.264,0.352,-1.26,1.264,-1.148,0.361,-0.905,1.493,0.352,-0.044,0.554,-1.26,1.264,-0.905,1.493,0.352,0.554,-1.26,-1.26,-0.358,0.361,1.493,-0.358,-1.148,1.264,0.554,0.352,1.493,1.493,-1.148,-1.26,-0.905,1.264,0.361,1.264,0.361,0.352,-0.905,-1.26,-1.2770514577051966,1.493,-0.044,1.264,1.47681063520294,0.554,-1.2492601776809698,-0.9140057885587705,1.5098440947908764,0.34247823665075866,-0.8533012835533819,0.3891580787896898,-0.8139944426931598,-1.148,-0.358,1.2530080198581153
-0.874,-1.248,0.18,1.945,0.692,-1.248,0.692,-0.874,-0.874,-0.874,-1.248,-1.248,0.692,-0.713,-0.784,-1.248,-0.713,-0.874,-0.698,0.18,-0.874,1.945,-0.698,-1.248,-1.248,-1.248,1.945,-0.874,-0.874,0.692,0.692,-0.874,0.692,-0.784,-0.713,1.945,1.945,-0.874,-1.248,1.945,0.692,0.692,0.18,-0.784,-0.784,0.0,-0.016005695417625667,-0.713,-1.248,0.18,0.1645729206278021,0.692,0.193860358231176,-0.784,-0.7930549552267522,-0.874,-0.884566841579242,-0.874,0.6831769476074518,-0.8634973533101183,0.0217030076090779,-0.698
-1.238,1.076,1.719,0.698,-0.47,1.719,-1.003,-0.058,-0.058,-1.003,-0.47,0.098,0.698,1.719,-0.058,-0.058,-1.238,1.719,-1.238,1.076,1.719,0.112,0.698,1.719,0.112,0.098,-1.238,-1.238,-0.058,0.098,0.098,0.112,-1.003,0.098,-1.238,-0.058,0.698,0.698,1.719,-1.238,-0.47,1.719,-1.003,0.698,-0.058,-0.34,-0.47,0.098,1.719,1.076,0.098,1.7107076629299507,-0.47,1.0594963132605422,-0.058,-0.4856556186577752,0.112,0.698,-0.07249334139952424,0.0997340232314466,0.6843043420292233,1.7424955027910107,1.8003729807778033,-1.238,-1.251532653548287,-0.4351484995839299,-0.3944228832020954,0.0819041791117619,-1.003,1.84876725474274,1.103381708714322
1.231,1.861,0.648,-1.332,0.648,0.648,1.231,-1.332,1.861,-0.732,-0.067,0.699,-1.332,-0.452,-1.332,-0.648,-1.332,-1.332,-0.452,1.231,0.699,-1.332,1.231,-1.332,-0.648,-1.332,-1.332,-0.648,-0.648,-0.732,0.648,0.533,-0.732,1.861,-0.067,-1.332,-0.067,1.861,0.648,-0.067,0.648,-0.452,0.699,-1.332,-1.3470205136501063,-0.732,-0.7470873479904486,1.231,-0.07906511448678799,1.2186888354218415,-1.281032129274979,-0.648,-0.46832176012574234,1.2649783589373707,-1.2601909015937764,1.861,1.2982535897221552,-1.2423303012003728,-1.2082507170562171,-0.6612277451206736
0.817,1.57,-0.853,-1.157,1.884,-1.157,-1.157,-0.853,-0.853,1.884,0.612,-0.561,-0.853,-0.273,-1.157,1.57,0.73,-1.157,-1.157,1.884,0.817,-0.561,-0.561,1.57,0.612,0.817,-0.273,1.884,1.57,0.817,-1.157,-0.273,1.57,1.57,1.884,-0.503,1.884,-1.157,0.73,0.817,1.884,-0.561,1.884,0.817,1.57,-0.503,0.73,0.817,0.7109896475214535,-0.853,-0.273,-1.157,0.8065638724294436,1.884,-0.561,1.8654780811312872,-0.8665361020283361,-0.503,0.8295253187575286
-1.285,-1.054,-1.285,-1.285,-1.054,0.6,0.6,1.3,-1.054,0.152,0.6,-0.142,1.246,-1.054,0.6,1.246,1.3,-1.285,1.3,-1.285,-1.054,-1.285,1.3,0.6,-0.053,-1.054,1.3,-0.142,-0.157,-1.054,-1.285,0.152,-0.053,-0.989,1.3,-0.989,-0.989,0.152,-0.157,1.246,-1.285,-0.142,1.246,-0.053,-0.989,-0.157,0.152,0.13760495694387806,1.3,0.6,0.15375524307608077,-1.285,-0.989,-1.0020272762398057,0.5900124463109943,1.246,-1.054,-0.157,-0.053,1.2858561845655716,0.6154745284563932
-1.021,1.255,-0.541,-0.885,-0.318,1.122,-0.885,-0.389,-1.021,1.144,-0.885,-0.318,1.122,-0.545,-0.885,1.255,-0.318,-0.541,-1.021,-0.318,-0.541,-1.021,-0.541,-0.885,-0.806,-1.021,-0.318,-1.021,-0.885,-0.541,-0.541,-0.541,-0.318,-0.885,1.122,-0.389,-0.541,-0.885,-1.021,1.255,-0.885,-0.318,-0.541,1.255,1.255,-0.318,-0.806,-0.545,-0.806,1.144,-1.021,1.144,-0.545,1.122,-1.021,-0.885,-0.806,-0.8997708876729253,-0.541,1.122,-0.318,-1.0311771193878672,1.255,-0.8627512959135045,-0.3342912180662825,1.144,-0.8315061364171593,-0.7931146908571177,-0.389
-0.069,0.634,0.208,0.208,0.553,1.002,-1.101,0.634,-0.069,-1.101,0.634,0.553,-0.095,-0.095,-1.016,-1.101,1.002,0.167,0.553,0.553,0.634,0.208,-1.101,-1.016,0.167,-0.424,-1.101,-0.069,0.208,0.167,-1.101,-1.016,0.553,-1.101,-0.095,0.208,-1.016,0.167,-1.016,0.167,0.208,-0.424,0.634,-0.069,-0.08863315917912407,1.002,-0.095,-0.057442422989536994,0.6220348105528052,-0.11050355915196453,-0.4366493420381373,0.553,0.9823169268155888,-1.101,-0.06189471191757434,-0.015910360347503448
0.232,1.572,1.039,1.039,-0.471,0.232,1.048,-0.471,1.572,1.048,1.048,1.048,-0.165,1.039,-0.029,-0.471,-0.471,-0.165,-0.471,1.048,-0.029,-0.029,1.039,0.872,-0.165,-0.471,1.039,1.039,1.001,-0.165,1.048,0.232,1.048,-0.663,1.572,1.572,0.232,1.048,1.572,-0.471,1.001,1.039,0.872,1.001,-0.029,-0.663,-0.165,-0.029,1.048,1.039,0.872,1.572,1.048,-0.471,0.232,-0.165,-0.17618320339765292,0.22010695007721623,1.023391714124492,1.0690341232638474,-0.663,0.2732504458533333,0.285453469721793
-0.94,-0.95,1.295,-0.746,1.511,1.511,0.143,1.174,-0.94,1.101,1.101,-0.645,1.101,1.174,1.295,-0.94,1.511,-0.746,1.174,-0.746,-0.645,1.295,-0.94,-0.746,-0.94,-0.746,-0.94,0.537,-0.95,1.295,-0.94,1.511,1.295,0.143,1.174,1.174,1.295,0.143,-0.95,1.174,-0.94,1.511,-0.94,-0.95,-0.645,-0.746,1.511,-0.94,-0.746,1.101,1.295,1.101,-0.95,1.511,1.174,1.1590898030357415,-0.94,0.537,-0.645,1.1959675860348329,1.2248847075689937,-0.746,1.09186836533502,1.2589873151792759,-0.9658922510062602,0.5202910142957231,-0.650848307042987
-0.83,-0.736,-0.914,-0.904,0.679,-0.83,-0.914,-0.658,-0.914,0.68,0.679,-0.83,0.68,-0.658,0.679,-0.736,-0.914,-0.658,-0.904,-0.83,0.68,-0.904,-0.914,-0.736,-0.658,-0.736,-0.658,-0.419,-0.419,-0.83,0.68,-0.904,-0.736,0.679,-0.736,0.796,-0.736,-0.904,0.68,-0.83,-0.419,-0.419,0.796,-0.419,-0.904,0.68,-0.658,-0.904,0.679,-0.904,0.68,-0.83,-0.914,-0.904,-0.419,-0.935046484877997,0.68,-0.9180226330131366,0.6640593047573786,0.6997042693462366,-0.83,-0.9022530068204844,-0.658,-0.8629975028178873,-0.736,-0.4293444996129455,0.0
-0.781,-0.533,-0.594,-0.433,-0.781,-0.802,-0.939,-0.433,1.177,-0.533,-0.594,-0.594,1.177,-1.236,-1.236,-0.185,-0.939,-0.185,-0.939,-0.781,-0.533,-0.594,-0.594,-0.442,-1.236,-1.236,-0.802,-1.236,-0.185,-0.594,-1.236,-0.594,-0.594,-0.802,1.177,-0.533,-0.185,-0.781,-0.533,-0.594,-0.594,-0.939,1.177,-0.802,-0.433,-0.802,1.177,-0.185,1.177,-0.802,1.177,-0.533,-0.939,1.1651659928055036,-1.236,-1.25338669172187,-0.185,-0.9498838969222388,-1.2287244724734039,-0.8190114755377343,-0.442,-0.1975839838019091,-0.7772569535849735,-0.45457630226893314
-1.002,-0.54,0.66,-1.005,-1.005,-1.002,0.895,-0.102,0.66,-1.002,-1.043,0.66,-1.002,-1.002,-1.043,-1.002,-0.115,-1.002,-0.935,-0.935,-0.102,0.66,-1.043,-1.043,-0.102,-1.005,-0.108,0.895,-1.043,-0.935,-1.043,-0.102,0.66,-0.54,-0.108,-0.935,-1.005,0.895,-0.108,-1.005,0.895,-0.102,0.66,-1.005,-0.935,-0.115,-0.115,-0.108,0.66,-0.935,-1.043,-1.005,-1.002,-1.021446568618636,0.895,0.6467365577308138,-0.102,-0.9464903515650059,-0.8925920003847171
-1.277,-0.933,0.895,-1.068,-1.068,-0.237,-0.237,1.743,-0.933,-1.277,0.895,-1.277,-1.068,-1.068,1.743,-1.277,-1.086,1.295,-0.237,-1.086,1.295,-1.068,-1.086,-0.237,-0.237,-1.068,0.535,-0.237,-0.342,-0.342,0.535,-0.237,-0.342,-1.277,1.743,-1.277,1.295,0.895,-0.933,-0.237,-0.342,1.743,-0.933,-0.237,1.743,1.295,0.535,1.743,-1.086,-1.068,0.535,-0.342,-0.237,-0.253207056982375,1.295,-0.3606828230899016,1.282737380841032,0.535,1.743,-0.2007030598966876,-0.3318160296118436,-1.277,0.5271596419147042,-0.15639409693384287,0.5555844275746957,-1.086
0.631,0.947,-0.683,1.08,0.631,-0.225,0.631,-0.954,0.61,-0.718,-0.954,0.947,-0.954,-0.683,-0.718,1.08,-0.399,-0.399,0.947,-0.718,2.222,1.08,2.222,2.222,-0.954,1.08,-0.399,0.61,0.61,0.631,0.631,-0.399,1.08,-0.718,2.222,1.08,0.631,-0.399,-0.683,-0.399,1.08,1.08,-0.399,-0.954,2.222,0.61,2.222,1.08,-0.954,1.061345559446387,0.61,0.5961472009467887,-0.965318493670129,0.947,-0.718,1.099515379818874,2.2100862335704083,1.132840314870197,-0.7238635107110538,-0.6846388258373606
1.229,1.032,0.585,0.841,1.229,-1.044,-0.475,-0.475,-0.775,1.032,0.841,-0.775,0.184,0.841,0.184,0.184,-1.044,0.172,0.184,-1.044,0.841,-0.475,-0.866,1.229,1.032,-0.475,-0.866,0.172,-0.475,0.172,-0.866,0.172,0.184,-1.044,0.172,-0.475,0.841,1.032,-0.866,0.841,-0.775,1.032,0.841,-1.044,0.184,-0.775,1.032,0.841,0.184,-0.866,0.172,0.8264401134158885,0.585,0.8828092736133256,0.5638487463990531,-0.8844384090896565,-0.775,0.16954728772548064,-1.044,1.032,-1.0555978635299146,-0.857253626489475,0.15825576230801547
1.241,1.241,1.241,-0.102,-0.623,-0.093,-0.623,-0.093,-0.093,1.241,1.225,1.241,1.168,1.241,1.168,-0.234,1.225,-0.102,-0.102,-0.623,-0.778,-0.102,0.727,-0.778,-0.234,1.241,-0.102,-0.623,-0.623,-0.102,-0.778,0.727,0.088,-0.093,1.168,1.225,-0.778,-0.234,1.241,-0.102,-0.778,-0.778,0.088,-0.623,-0.778,1.225,-0.093,-0.102,0.727,1.225,0.088,-0.778,1.2111559550948672,-0.234,-0.11901949093831972,-0.24928164899917027,-0.7965842545625603,-0.1043156574812042,0.7149640921667813,-0.23487566583374764,1.26257121586608
-1.312,-1.312,-0.901,-0.901,-1.007,-0.956,-0.572,-0.295,-0.956,-0.562,-1.312,-0.295,0.423,-0.674,-0.956,-0.65,-0.901,-0.65,-0.562,-1.312,-1.007,-0.295,-0.674,-0.572,-1.007,-0.295,-1.312,-1.007,-0.65,-0.572,-1.007,-1.312,-0.901,-0.956,-1.312,-1.312,-0.572,-0.674,-1.312,-1.312,-1.312,-0.901,-0.295,-0.295,-1.007,-0.295,-0.674,-0.901,-0.674,-1.007,-0.956,-0.295,-0.9614061789030354,0.423,-0.9178388730360755,-0.562,-0.65,-1.312,-0.6611186937973603,-0.6224461867169354
-1.047,-0.281,-0.78,0.497,1.04,-0.671,0.497,-1.137,-0.359,-0.25,-0.25,-0.25,-1.047,-0.78,1.04,-0.281,-1.137,-0.281,-0.25,-1.047,-1.137,-1.137,-0.281,-0.671,-0.25,-0.359,-0.281,-0.281,-0.78,-0.78,-1.137,-1.137,-0.281,-1.137,-0.671,-1.047,-0.78,-0.359,0.497,-0.148,1.04,-1.047,-1.137,-0.25,-0.148,-1.137,0.497,-0.281,0.497,-0.281,-1.047,0.497,-0.148,-0.359,0.497,-0.148,-0.78,0.48454907905519856,-0.7944270620980681,-0.7656883638953839,-1.047,-0.671,-0.7361404453874397,-0.6909138289632494,-0.6727019375538575,-0.25,0.5272551623889249
-0.779,-1.225,-0.238,-0.779,-0.749,-0.777,1.425,-0.238,-0.238,-0.749,-1.225,0.746,1.425,-0.661,1.425,1.425,-0.238,-0.661,0.746,-1.225,1.425,-0.749,-1.225,-0.777,0.746,-1.225,0.746,-0.777,-0.238,-0.779,-0.749,-0.779,-0.861,1.425,1.425,-1.225,1.425,-0.777,-0.861,-0.238,-1.225,-1.225,-1.225,0.746,-0.861,-0.238,-0.861,-0.661,-0.777,-0.749,-0.779,1.425,-0.661,1.4107991664063262,0.0,-0.670437263959763,-1.225,-1.249194408603238,-0.777,1.4513244750189556,-0.7601494622610194,0.746,0.7267133145322948,1.4875235720007411,-0.0108408296918147,1.5185461159132656
1.868,0.773,-1.132,1.868,0.735,-0.78,1.868,0.735,2.092,-0.1,1.868,-0.64,-0.1,0.773,-1.132,-0.454,-0.78,1.868,2.092,2.092,-1.132,1.868,-0.38,-0.64,-0.38,-0.454,0.773,-0.78,-1.132,0.773,0.773,0.773,2.092,-1.132,-1.132,0.735,-0.1,0.773,-1.132,-0.454,-0.78,-1.132,2.092,-0.78,-0.454,-1.132,0.735,0.773,-0.64,1.868,1.8434652525408628,-0.38,-0.454,0.7580310557318637,-0.1,-0.39289174557529294,-1.132,-0.11811567383488664,-0.4677013459783056,-0.4401970706637294,-1.1478058697370375,1.876704652248104,-0.06486946977348795
1.948,1.066,0.02,1.066,0.114,-0.995,1.948,1.138,1.066,-0.572,1.066,1.948,-0.995,-0.862,1.138,1.066,-0.995,1.138,0.02,0.114,1.948,-0.672,1.948,1.138,0.02,0.455,1.138,1.948,0.455,-0.672,1.948,1.066,0.114,1.948,1.948,-0.995,1.948,1.066,-0.862,-0.862,-0.862,1.066,-0.862,-0.672,-0.995,1.066,1.138,1.066,1.948,0.114,0.114,-0.572,0.02,0.114,0.002552182563429973,0.0960528944421229,0.04662798931218014,-0.862,-0.672,0.14510137398091685,-0.8716787657126676,1.948,1.9321825739444163,1.066
0.077,1.826,-1.461,1.826,-0.899,-0.439,0.712,-0.439,-1.461,-0.804,-0.76,-0.833,1.826,-0.804,0.077,1.826,-0.439,-0.833,-0.804,1.826,-0.833,-1.461,-0.899,-0.899,1.826,-1.461,-0.899,1.826,-1.461,-0.804,-0.439,0.712,-0.833,-1.461,-0.804,-0.76,-0.899,0.077,-1.461,-1.461,-0.439,1.826,-1.461,0.712,-1.461,0.712,-0.76,-0.804,-0.899,-0.76,-1.461,-1.461,-0.833,-0.8450979971111406,-0.899,-1.461,-1.4736655004896297,0.0,-1.4548251663512581,-0.7945325607007545,-0.021030274382182322,-0.7532134861658465,0.712,1.826,-0.804,1.8133820205117073,0.6956863932941857,-0.76,0.077,-0.7762343533855501
1.769,0.518,-0.727,-1.122,1.769,-1.203,1.769,-1.203,-0.894,1.769,-1.203,0.391,0.518,0.518,0.518,-0.894,-0.727,0.391,-1.203,-0.482,-0.482,1.769,-1.122,0.518,-0.894,-1.203,-1.203,1.769,-0.727,1.769,-0.482,-1.122,0.518,-1.122,1.187,1.769,-1.203,1.187,-0.273,-1.203,-1.122,1.769,0.518,0.518,-1.203,-0.273,-0.894,1.187,-0.727,1.769,1.7507583465966776,0.391,-1.122,1.7925097978805073,-1.1370207517344204,-1.105896944970963,-1.0682902087150385,1.8469143502539462,-0.273,-0.482,1.187,-1.203,-1.01985919467463
1.578,-0.87,1.578,-0.738,1.221,-1.038,-0.87,-0.365,1.221,-1.16,-1.16,1.221,-1.16,-1.038,-0.87,-0.738,-1.038,-0.474,1.578,-0.738,1.221,-0.738,-1.16,-0.87,1.578,-0.474,1.578,1.578,0.437,-0.365,-1.038,-0.365,-0.851,-0.851,-0.851,-1.16,-1.16,-0.738,-0.87,-1.16,-0.87,1.578,-0.87,-0.365,-1.038,-0.738,1.221,-1.038,1.205786650723969,-0.851,-0.365,1.578,1.5630324129860285,-0.8656807637610003,-1.16,-0.3827299068803442,-0.474,1.225906192290423
-0.204,0.96,-1.088,-1.085,1.32,0.121,-1.088,1.32,0.091,0.091,0.121,0.091,0.92,0.92,-1.246,0.091,-0.249,0.121,1.32,-0.249,0.92,0.091,-0.249,-1.246,-1.088,-1.246,-1.246,0.92,-1.088,-1.088,-0.204,1.32,-1.246,-1.246,0.96,-1.088,1.32,-1.085,-1.088,0.96,-1.085,-0.249,-1.085,0.091,-1.088,-0.249,-1.085,1.32,-0.204,0.091,0.121,-1.085,-1.1028503857904302,-0.21238902263764908,0.10574805786142608,0.14017214605060851,-1.246,-0.18802824399574464,0.1738785471609221,0.07839330554433327,1.32,0.92,0.20521371830372173
-1.219,0.572,-1.219,0.135,0.03,0.628,1.979,0.46,-0.497,0.03,0.572,0.628,0.03,-0.755,0.03,0.572,0.03,1.979,-1.219,0.135,0.135,-0.497,-1.219,1.979,1.979,0.03,1.716,0.135,1.716,0.135,1.716,0.572,0.03,0.135,0.572,1.979,1.716,0.135,-1.219,1.716,1.979,-1.219,-0.755,0.628,-0.755,1.979,1.979,-0.755,1.716,1.979,-1.219,0.135,1.716,1.716,1.979,-1.219,1.7071313047386756,-0.755,0.03,0.572,1.7515613784681852,-0.497,1.965975855147532,2.015417565339905,0.46,2.0624648382068624,2.106405435157236,-0.7664187484055522,0.135
1.358,0.668,1.828,1.828,-0.931,1.358,0.234,-0.87,-0.096,1.828,-0.096,-0.931,-0.096,0.819,0.234,1.358,-0.931,-0.371,0.668,-0.931,1.358,-0.931,-0.931,0.819,-0.931,1.358,0.234,-0.931,0.668,-0.096,-0.096,0.819,0.234,0.234,0.819,0.234,0.668,-0.096,-0.87,-0.87,1.828,0.668,0.747,0.747,-0.87,-0.87,1.828,1.828,0.668,0.819,1.828,-0.371,-0.371,-0.371,-0.371,0.668,1.828,1.828,-0.931,0.234,-0.87,-0.9477704217837163,1.8135913582580467,0.747,1.358,0.819,-0.371,1.338299574698052,-0.096,0.668,0.6504991645712274,0.738343017288662,0.21949461685444685,1.3640662526655396
-0.493,1.553,-0.711,-0.003,-0.003,0.415,-0.003,-0.169,1.553,0.415,-0.499,0.415,-0.499,-0.711,-1.131,0.994,-1.131,1.553,-0.493,-0.493,1.553,-0.493,-0.003,0.415,0.994,0.994,0.307,-1.131,0.994,-1.131,-0.493,0.307,0.307,-0.169,1.553,0.994,0.415,-0.711,-1.131,0.994,0.994,-1.131,-0.169,-0.169,0.415,1.553,-0.169,-0.711,0.415,-0.169,1.553,-0.18529244973083608,0.40455453985129985,-0.003,-0.11265483562321615,-0.7223564090010295,-0.493,-0.5119845491476764,0.994
1.925,1.925,-0.553,1.925,1.925,-0.667,0.452,-0.308,-0.308,-0.553,0.881,0.452,-0.553,-0.667,-0.879,-0.308,-0.922,-0.879,0.649,-0.922,0.649,-0.308,-0.922,1.925,1.925,0.881,-0.922,0.452,0.649,-0.922,-0.922,1.925,1.925,-0.879,0.649,0.452,0.881,-0.553,1.925,1.925,-0.553,-0.342,0.649,0.881,-0.553,0.452,0.881,-0.667,-0.879,-0.922,-0.553,-0.342,0.452,-0.879,0.649,-0.308,0.6343928597462299,-0.9353767409857013,-0.8863546282757571,-0.667,-0.9047276167721983,-0.32571472576327737
-0.776,-0.656,-0.705,-0.776,-0.705,-0.049,-0.776,-0.951,-0.951,-0.403,-0.951,-0.403,-0.705,-0.507,-0.403,0.535,-0.507,-0.189,-0.69,0.535,-0.705,-0.403,-0.951,-0.049,-0.776,-0.69,-0.69,-0.951,-0.049,-0.776,-0.705,-0.656,-0.776,-0.69,-0.705,-0.69,-0.507,-0.705,-0.403,0.535,-0.69,0.535,-0.656,-0.049,-0.403,-0.06735167552427783,-0.4200493210246456,-0.705,-0.776,-0.719099602716359,-0.04253771025597389,-0.189,-0.6653072388028836,-0.69,-0.7054514654137997,-0.7841270202373458,-0.951,-0.6217006729548797
-1.348,-1.348,-0.084,-0.434,1.262,-0.972,-0.434,-0.28,0.912,-0.972,-0.972,-0.434,-0.474,1.262,-0.474,-1.348,0.368,-0.972,-1.348,-0.972,-0.434,0.368,-0.972,-0.988,-0.972,-0.084,1.262,-1.348,-0.28,-0.434,-1.348,0.912,-0.988,-0.28,-1.348,-0.28,0.912,0.912,-0.988,0.912,0.368,-0.084,-0.988,-0.084,-0.434,-1.348,-0.084,-0.28,-0.988,-0.474,-0.972,-0.9899232872197696,-0.084,-0.28,-1.348,-0.2935944701696467,-0.474,-0.2642923643390444,-0.434,0.368,-0.22525266867385318,-0.20050608443797469,-0.4910765093475182,0.912,-0.09327286844805394
0.036,-0.94,1.535,1.535,-0.939,-0.94,0.826,0.826,-0.454,0.826,0.036,1.555,-0.93,-0.93,-0.454,1.535,-0.94,1.555,1.535,-0.94,0.036,1.535,1.555,-0.939,0.036,0.316,0.826,-0.939,1.555,-0.93,-0.93,0.316,-0.454,-0.454,-0.581,-0.939,-0.454,0.826,-0.581,0.036,0.826,0.036,0.826,-0.94,-0.454,-0.939,0.036,-0.93,1.555,-0.94,-0.581,1.555,-0.939,-0.454,-0.4717762061627127,0.316,0.2983991110473141,0.826,1.555,-0.939,1.535,-0.93,-0.9380934159833182,1.540294257739625,-0.41721038084678613,0.3199740204627718,1.5820237184602906,-0.3915411637419659
-0.333,0.131,0.468,-0.647,-0.819,-0.819,-1.301,-0.647,0.131,-0.907,0.468,-1.301,-0.75,-0.819,-0.762,-0.907,-0.75,-0.819,-0.907,0.387,-0.907,-1.301,-0.75,-0.333,-1.301,-0.647,-0.762,-0.819,0.387,-1.301,-0.333,-1.301,-0.762,0.468,-0.75,0.131,-1.301,0.468,-0.333,-0.333,-0.75,-0.907,0.468,-0.333,-0.647,0.387,0.37495918877855433,-0.75,-0.907,0.4014925569907863,-0.762,-0.7627699811618129,-0.7263892777738873,0.45565607091572957,0.43125655064462054,-0.7760054534646988,-0.6819534898012489,0.45204351202440585
1.982,-0.951,-0.951,-0.611,-0.845,-0.951,1.982,0.004,1.457,1.982,-0.514,1.457,1.457,-0.07,1.457,-0.845,-0.07,-0.611,0.303,-0.07,-0.951,-0.951,0.415,0.303,-0.07,1.982,-0.514,1.982,1.457,-0.845,0.004,-0.845,-0.951,1.982,1.982,0.004,1.457,0.004,0.004,-0.07,1.457,-0.951,-0.845,1.982,0.004,-0.951,1.982,0.303,-0.611,1.457,-0.845,1.9708208485028578,-0.07,-0.08453483044511301,-0.6276767073543448,-0.8528690988551333
-1.074,-1.011,-1.011,-1.074,-1.011,-0.498,-0.584,-0.584,1.128,-0.726,-0.498,0.583,-1.074,-0.498,-1.011,0.938,1.128,-0.498,0.938,-0.688,-0.584,-1.011,0.583,-0.688,-0.498,-0.726,-1.011,1.128,-0.726,-0.584,-0.726,-1.074,0.938,0.938,0.583,-0.726,-0.212,-1.074,-0.212,-0.726,-1.074,-0.688,0.583,-0.584,-0.498,-0.726,0.5624759933071765,-0.5921184109889507,-0.212,0.5844463041627157,-1.011,0.617653262245544,-1.0233083645338708,-0.9973454781626997,-0.5626058707898434,-0.5101129306016492
-0.697,-0.353,1.399,-0.252,-0.089,-0.79,-1.165,-0.668,1.399,-0.089,-0.353,-0.978,-1.165,-0.173,-1.165,-0.978,-0.697,-0.173,1.399,-0.353,-0.79,-0.353,1.399,-0.173,-1.165,-1.165,-0.79,-0.668,-1.165,-0.353,-0.978,-0.353,-0.252,-0.697,-0.978,-0.668,-0.173,-0.252,-0.79,-0.668,-1.165,-0.978,-0.79,-0.697,1.399,-0.79,-0.697,-0.79,-0.697,-0.79,-0.353,-0.089,-0.089,-0.353,1.399,-0.668,-0.697,1.3866666181004506,-0.089,-1.165,-0.09954532223903612,-0.79,1.4150615480919075,-0.059663650568943585,-1.179154000606666,-0.04546530628412859
-1.218,-0.918,-1.113,-1.02,0.621,-1.02,-0.042,-1.02,-0.918,-1.113,0.149,-1.218,-1.218,2.014,-1.113,-0.918,0.621,-1.02,-0.098,-1.218,0.149,-1.02,2.014,2.014,-1.218,-1.113,0.621,-1.113,-1.113,0.149,0.477,-1.113,2.014,2.014,2.014,-0.042,-0.042,-0.918,-1.218,2.014,-1.218,-1.02,2.014,-1.02,2.014,2.014,-1.218,-1.113,-1.218,-1.113,0.149,-0.098,-0.042,0.13704883624241604,-1.1259838992713307,-1.218,0.477,-1.2314180424706593,-1.1920256391592798,-1.0802763331334075,-0.05697702964291175,0.621,-1.146685406344187,0.46413142558264014,-0.032348785700995406,-1.02,2.014,-1.0457755693919282,0.6064798703454372
-0.355,-0.723,-0.355,-0.872,-0.7,-0.723,-1.265,-1.265,-1.265,1.033,1.033,1.033,-0.7,-0.723,1.033,-0.355,1.126,1.126,-0.811,-0.7,-1.265,-0.723,-0.811,-0.872,1.033,-1.265,-1.265,-0.811,-1.265,-1.265,-0.109,1.126,-0.7,1.033,-0.872,1.126,-1.265,1.033,-0.355,-0.109,-0.811,-1.265,0.0,-1.2782023503215112,-0.013632646755224279,1.033,1.126,-1.2547909389398773,-0.872,0.04671163727397036,1.02475913289844
1.925,1.097,-1.107,1.739,-0.321,-0.939,1.925,1.925,-0.939,-1.107,1.925,-0.321,0.011,1.925,1.925,-0.682,1.538,-1.107,1.464,1.538,-1.107,-1.107,1.925,1.538,-0.321,1.097,0.011,-0.682,1.464,1.739,1.538,1.464,1.464,1.464,1.925,-1.107,-0.321,-0.321,1.538,0.011,1.538,1.739,1.925,-0.939,0.011,0.011,-0.939,-0.321,1.925,-0.321,0.011,1.739,1.097,1.739,1.925,1.464,-0.939,-0.682,-0.7007700949081751,1.45269670339266,1.4751656787082092,0.011,1.909442713542806,1.739,1.538,0.0010293223921042684,-0.9525756453691386,1.097,0.04806628874518473,-0.321,1.5294885323483776
-1.005,0.135,-0.622,1.559,-0.821,0.454,1.978,-1.005,-0.415,-1.005,-0.415,1.559,-0.601,1.978,1.559,-0.396,-0.622,1.978,-1.005,-0.622,-0.821,-0.415,0.135,-0.622,-0.396,1.978,-0.622,1.559,-0.622,-0.821,-1.005,0.454,1.559,0.454,1.978,0.135,-0.821,-0.601,1.978,1.978,-0.821,1.559,-0.601,1.978,-0.622,-0.622,-0.601,-0.821,0.454,1.978,-0.415,0.135,0.4435589604533557,-0.4326487781605406,-1.005,0.4786277408212372,-0.396,-0.8346296796266467,1.9602031437413217,1.559,-0.4082904932558449,-0.622,2.00958975283483,-0.4016481388609114
-0.826,-1.144,1.742,-0.754,-1.144,1.134,-0.754,-1.144,-0.47,1.134,1.134,-0.826,0.116,1.742,1.134,-0.754,1.742,-1.095,1.742,-0.826,-1.144,-1.095,-0.754,1.742,1.742,0.574,-1.095,0.116,-1.144,-1.144,-0.754,-0.754,-0.826,-1.095,0.116,-0.754,-1.095,-0.754,-0.47,1.742,-0.754,-1.144,-0.826,-1.095,-1.095,-1.144,0.116,1.742,0.0,0.10439358111057914,1.134,-0.754,-0.826,1.7288101268758727,-1.095,0.574,1.757654962227315,0.5590534662314082,-1.144,0.6049015604040612,0.13350216387989292
-1.088,-0.6,-1.078,1.54,-1.307,-0.6,1.54,-0.715,-1.088,0.197,-0.6,-1.307,-0.928,-1.078,-0.715,-0.715,-1.078,-1.088,-0.715,-0.616,1.073,-1.078,-0.928,-1.307,1.54,-1.307,-1.307,-0.928,-0.715,1.54,-1.088,-1.307,-0.928,1.54,-0.6,-1.088,1.54,1.073,-1.078,-0.616,0.197,-1.307,-0.715,-0.928,-1.307,1.073,-1.307,-0.715,-1.307,-0.616,-1.078,-1.307,1.073,-0.715,1.060313941932202,0.197,-1.321602152483697,1.091828759579552,-0.7302278700306224,-0.616,-1.088,-1.078,-0.928,-1.087245505019433,0.18506837176710594,-0.6835868234730997,1.54,-1.281247189196785
1.721,-0.944,-1.028,-0.218,-1.028,-0.944,-0.718,-1.028,-0.941,-0.788,-0.944,1.634,-0.788,-0.788,-0.941,-0.225,1.634,-1.028,1.634,-1.028,-0.225,-0.718,1.721,-1.028,0.02,0.02,-0.218,0.02,1.721,-0.788,-0.225,1.634,0.02,0.02,0.02,-0.941,1.721,1.634,1.634,-0.941,1.721,-0.941,-0.788,-0.788,-0.225,-0.944,1.634,1.721,-0.944,-0.941,1.634,-0.944,1.6178554002346694,-0.788,-1.028,-0.218,-0.8021430743928214,-1.0400591888523,0.02,-0.941,-0.225,-0.24832992795099917,0.00313885430029465,1.721,1.6990641879757702,-0.21282167565305776,-0.718
2.192,-0.589,0.767,0.681,-0.589,0.767,-0.04,0.7,-0.04,0.7,-0.885,1.316,0.767,-0.589,2.192,0.681,1.316,-0.589,1.316,0.681,-0.589,-0.885,0.681,-0.885,1.185,1.185,1.185,0.681,2.192,0.767,-0.885,-0.885,-0.885,1.316,0.767,2.192,0.767,0.681,-0.04,0.681,0.0,0.767,-0.014716281780100815,0.7,0.6675726657136534,0.7098924609963395,-0.885,1.316,0.7543240170767691,0.7426300558723116,1.3009479197405556,0.7922602178172231,2.192
0.804,0.111,0.732,0.259,-1.029,0.259,0.804,-0.678,0.804,0.165,0.486,-1.029,-1.029,0.259,0.111,-0.238,0.732,-1.029,0.165,-0.238,0.259,-0.678,-0.678,0.165,-1.029,-0.238,-0.238,-0.678,0.165,-0.238,-0.238,0.259,0.259,-0.274,0.111,0.165,0.804,-1.029,0.165,-0.238,-0.25495894473463,-0.678,-0.274,-0.6892569274660804,0.804,0.165,0.259,-0.21721207184541685,0.486,0.1511035949110941,0.7896546681025564,-1.029,0.247764230706969,0.8170472841710531,-0.6589088015527186,-1.0430238800907803
-0.886,2.385,0.608,-0.706,0.129,0.129,2.385,0.033,0.608,0.608,0.974,2.385,1.182,2.385,0.788,2.385,1.182,0.788,0.129,0.974,0.435,0.129,2.385,0.788,0.435,0.033,0.788,1.182,-0.886,0.129,-0.886,0.129,-0.706,-0.886,0.974,-0.706,0.129,1.182,0.974,-0.706,0.788,0.788,-0.706,0.788,1.182,0.788,0.7677051314379126,-0.706,0.608,-0.7167617798666295,0.435,-0.681345016549172,-0.886,-0.9043588566479098,0.8050630128915781,0.129,0.033,2.385
-1.271,-0.828,1.129,-0.871,0.109,1.718,1.129,0.051,1.718,1.129,0.051,0.214,-1.271,-0.871,-0.871,1.718,-0.881,0.214,-0.828,1.718,-0.881,1.718,-1.271,0.109,0.109,-0.828,-0.881,-1.271,-0.663,1.129,-0.663,-1.271,1.129,-1.271,-0.881,-1.271,0.214,-0.871,-0.871,0.214,-1.271,0.214,1.718,-1.271,0.109,0.109,-0.871,0.051,0.214,-0.663,0.03537724917238188,1.718,-0.8835965580095784,0.05005707924378715,0.20104876965388663,0.08172660191086441,-0.6763918802014562,-0.8589627846902685
-0.703,-0.831,0.247,0.402,0.402,1.771,0.777,0.777,-0.831,-0.013,1.771,1.771,0.247,-0.013,-0.013,0.777,0.777,0.717,0.402,0.777,-0.758,-0.831,1.771,1.771,-0.006,-0.758,0.247,-0.703,1.771,-0.703,1.771,-0.831,-0.013,-0.758,0.247,1.771,-0.006,1.771,0.247,-0.831,0.247,0.717,1.771,-0.006,0.247,-0.013,-0.021942075647815425,1.771,0.010817488330334059,-0.758,-0.028282128443033253,0.402,-0.831,0.23337500701716837,0.27116719091169256,-0.7712059954569533,0.0411970244778194,-0.7330135891403188
-0.309,-0.309,-0.622,-0.46,-1.065,1.487,-0.586,-0.309,-0.622,0.357,-1.065,-0.309,0.3,0.357,-0.622,0.3,0.357,1.487,-0.706,-0.622,-0.622,-1.065,-0.622,-0.706,1.487,-0.309,-0.309,-0.622,-0.309,-0.309,-0.586,-0.622,1.487,-1.065,-0.622,0.3,0.357,-0.706,-0.46,-1.065,-0.622,0.3,-0.706,0.0,1.487,-0.008160527032706505,0.3,-0.7217542856668051,-0.309,0.2868397651811665,0.3444633506034675,0.016237504483556226,0.357,-0.622,0.34378908184150503,0.04735247005615037,0.38329033790758266,-0.32061999462531454,-0.586
1.336,-0.661,-0.963,-0.383,0.679,-0.963,1.039,0.679,-0.963,-0.398,-0.383,-1.063,-0.661,-0.963,1.039,0.679,0.679,-0.52,1.336,1.039,-0.383,-0.52,-1.063,-0.963,-0.52,1.336,-0.356,-0.383,-0.963,-0.52,-0.383,-1.063,1.039,1.336,-1.063,1.336,-0.661,-0.963,-0.661,-1.063,-1.063,-0.383,1.336,-1.063,-0.52,0.679,-0.356,-0.52,-0.963,-0.383,-0.383,0.679,1.336,-0.398,0.679,-1.063,1.039,-0.383,-0.52,-0.963,0.6595957311977656,-0.356,-0.5366373367820281,-0.661,-0.37403666269606,-0.33458621444901615,1.0310298148991075,-0.2889683017355922,-1.0765819541647952
0.955,-0.454,-0.791,-1.026,1.253,0.996,-0.454,-0.791,-0.454,0.996,1.253,0.996,-1.026,-1.026,-1.026,-0.791,-0.179,-0.639,1.385,0.996,0.955,0.996,1.253,0.468,-0.179,0.996,0.996,-0.454,-0.454,0.996,-0.454,1.385,-0.454,0.468,-0.639,1.385,-0.454,0.468,-0.791,-1.026,-0.454,1.385,1.385,-0.791,1.385,-1.026,1.385,-0.639,0.468,0.955,-0.791,-1.026,0.996,-0.639,-0.6593755501635825,-1.026,-0.179,-0.791,-0.1943346560979859,-0.8028082378351781,-0.6196363821475628,0.468,-1.0381944123950848,0.955,0.9876876632904901,-0.5903796941538128,-0.7747565689885934
0.967,0.967,-1.394,-0.757,-1.394,-0.231,0.275,-1.394,-0.198,0.868,0.275,0.868,-1.394,-0.231,-0.198,0.868,0.275,-0.824,0.275,0.416,-1.394,-1.394,-0.824,0.967,0.868,-1.394,-0.231,0.275,-0.824,-1.394,0.967,0.275,0.868,0.868,-1.394,-0.757,0.868,-0.824,-1.394,-0.198,0.868,-0.198,0.275,-0.757,-0.824,0.275,0.416,0.868,-1.394,0.0,0.8531689208038763,0.8801132305697619,0.26421127750438506,-1.4101246487187058,-0.231,0.3997834667589416,-1.3867629048316625,0.4230260172784371
-0.469,-1.37,-0.136,-1.37,-0.89,-1.37,-0.469,-0.136,-0.469,-0.9,-1.37,-0.136,-1.039,-1.37,-0.9,-0.9,-0.89,-0.89,-1.039,-0.136,-0.864,-1.039,-0.497,-1.37,0.368,-0.89,-0.864,0.628,-0.497,-1.039,-1.039,-1.039,0.368,-0.497,-0.469,-0.9,-1.37,-0.9,-0.136,-1.37,-0.136,-0.864,-0.469,-1.37,-1.37,-0.864,-0.136,-0.89,-1.039,-0.9019447909812572,-0.497,-0.15250056630896458,0.368,-1.0477822213326293,-0.8676261413724333,-0.5064041595457491,0.628,-0.8324839745937648,0.3620094538375649
0.671,-0.812,0.671,-0.02,-0.955,-0.02,1.377,-1.011,0.201,-0.02,1.377,0.671,0.671,0.671,-0.02,0.782,-0.812,-0.955,-0.955,-0.02,0.201,0.671,-0.955,-0.812,0.471,-0.955,0.201,-1.011,1.024,-1.011,1.024,0.201,-1.011,1.024,0.671,0.471,-0.02,0.671,1.377,0.671,-1.011,0.471,0.671,-0.812,0.782,0.471,0.782,1.024,-1.011,0.671,-0.812,0.471,0.201,0.671,0.671,-0.955,1.377,-0.812,1.377,0.671,-0.02,-0.8222915155431693,0.6616604657032191,0.471,0.4479114243579513,0.201,1.3649854410711217,0.18486588361501646,-1.011,1.4046602287918701,0.21889303017437794
-1.19,0.134,-0.516,1.621,-0.021,-0.631,1.621,-1.19,-1.19,1.621,-0.516,0.134,1.621,-1.19,-0.923,-0.923,-0.644,-1.19,-0.644,-0.516,0.134,-0.47,1.621,-1.19,-0.923,-0.631,0.134,-0.47,1.621,-0.457,-0.923,-0.457,-0.516,-0.516,-0.644,-1.19,0.134,-0.923,-0.923,-0.516,0.134,-0.47,-0.644,-0.644,-0.457,0.134,-0.631,0.12036471392643082,-0.47,0.14848888579818706,-0.923,1.621,1.607183028042715,-0.021,-0.6433658164167089,-0.516,-0.9370917015916159,-0.6136818853718891
-0.501,-0.845,-1.164,0.159,-1.164,-0.276,-0.845,-1.058,-1.058,-0.501,0.126,0.384,-0.192,-1.058,-0.192,-0.845,-0.845,-0.276,-0.192,-1.058,0.852,-1.164,-0.501,-0.845,-0.845,0.159,-0.845,0.384,-0.501,-1.164,-1.058,0.852,-1.164,-0.501,-1.058,-0.276,-0.501,0.852,0.852,0.126,0.159,0.384,-1.164,-1.058,-0.192,0.852,0.852,0.852,0.384,0.852,-0.845,-0.8634227406598095,-0.501,-1.058,0.8384107028094862,-0.842930540059392,-0.8195206476219945,0.8746692583571551,-0.7864600278696028,-1.164,-0.276,0.126,0.895689604439228,-1.1790276319885045,-0.28939605160071885,-1.1313888663477494,0.3759080830568028,-1.0716873304732937,0.3902406427534084
0.287,0.4,0.36,0.36,0.16,0.287,0.4,0.565,-0.189,0.36,-0.869,0.287,-0.869,0.565,-0.869,0.287,-0.869,0.565,0.4,-0.189,0.4,-0.869,0.16,0.287,-0.869,-0.189,0.565,-0.071,0.565,0.36,0.145,-0.071,-0.071,0.4,1.021,1.021,0.145,-0.189,0.4,0.4,0.565,-0.071,-0.869,0.287,-0.071,-0.189,0.4,1.021,0.565,-0.071,0.287,1.021,-0.08773973532719301,0.36,0.2732878646052988,-0.05906475458411723,-0.189,0.34794850250722464,-0.02531606396055853,-0.011958606809131012,0.38318812728958696,0.16,-0.869,1.005136936486971,-0.20244040466932697,-0.18140713064158165
2.181,-1.073,-0.024,-1.073,-0.854,-0.648,-1.023,-1.073,-0.854,-0.854,-1.023,-0.99,-0.648,-0.167,-1.023,-0.99,-0.854,-0.167,-0.718,2.181,-0.854,-0.99,-0.99,-0.99,-0.854,2.181,2.181,2.181,-1.073,-0.854,-0.626,-0.648,-1.023,-1.023,2.181,-0.167,-0.167,-0.854,2.181,-0.648,2.181,-0.626,-1.073,-0.648,-0.718,-0.99,2.181,-1.023,-0.718,-0.648,-0.854,2.181,-0.648,-0.6639276525226508,-0.167,-0.024,-1.073,-1.023,-0.6291875516374728,-0.6039757907808839,-1.039250546933497,-0.626,-1.0817035023019927,-0.99,-0.6377446681610346,-0.04116063332753771
0.28,-0.913,-0.913,-1.462,0.428,2.168,-0.549,-0.232,-1.462,-0.913,-0.752,-0.781,-0.752,-0.232,-0.752,0.28,0.426,-0.549,-1.462,-1.462,-0.913,-0.781,2.168,-1.462,2.168,-1.462,-0.781,2.168,-0.752,-0.781,-0.549,-0.549,-0.232,-1.462,0.426,-1.462,-1.462,2.168,-0.549,-0.752,-0.549,2.168,-0.549,-0.232,2.168,-0.913,-0.752,2.168,0.428,-0.232,-0.913,-0.549,-0.781,-0.7929723307723388,-0.5632416050590329,0.4194981440852245,0.4553226048349859,-0.24016694222808965,-0.752,2.168,-0.7695017641049826,-1.462,-1.4787863708529398
-0.953,-0.311,1.279,-0.756,0.125,-0.756,0.148,2.388,1.279,-0.953,1.279,0.125,-0.756,2.388,0.125,2.388,1.114,-0.756,0.125,-0.953,-0.311,1.114,2.388,0.033,1.114,1.114,2.388,2.388,-0.311,-0.953,0.148,2.388,-0.953,-0.163,-0.311,1.279,0.033,2.388,-0.163,1.114,1.279,0.148,0.125,1.0938119258177903,0.033,-0.953,0.10865150942774031,2.388,-0.756,1.1278022372020537,0.01955408028528589,0.13677138163185687,-0.163,2.3796229816881835,-0.7694988508682394,-0.18184202126824087,-0.9686320428785623,-0.9444625818344053,0.0612496884807724,1.266818756614508,-0.14882668018097703
-0.144,-1.222,1.199,-0.144,0.434,1.199,-1.222,2.145,-0.735,-0.735,-0.144,0.099,0.434,2.145,-1.164,2.145,-1.222,-0.144,-0.752,0.075,-0.735,0.099,-1.222,0.434,2.145,2.145,-1.222,-0.144,-1.164,-1.222,1.199,2.145,0.434,0.434,2.145,-1.222,-0.144,-0.735,0.434,2.145,-1.164,-0.144,-1.222,-1.164,0.434,-0.752,-0.752,-0.752,2.145,0.434,2.145,1.199,-1.164,-0.735,-1.222,0.099,0.075,-1.164,0.099,0.099,-1.164,-0.735,-0.7491581881126612,1.199,-1.177202819673236,-0.144,-0.752,0.434,-0.7672621678258392,0.099,0.42134615595955455,1.1891826340309897,-0.155637475578596,-1.222,-1.2385015139707845,-1.137856422028876,-0.7031232923025017
1.981,-0.181,-1.238,-0.181,-1.238,-0.935,0.072,1.981,-0.935,0.218,1.981,-0.793,0.072,-0.793,-1.238,1.981,-1.238,0.072,-1.238,0.072,0.308,-1.238,0.072,-0.181,0.934,0.218,-0.181,0.308,1.981,-1.238,1.981,1.981,1.981,-0.181,-0.793,-1.238,1.981,0.072,-0.181,-0.935,0.218,0.934,-1.238,0.934,0.934,-1.238,0.218,0.308,0.569,0.569,0.5527670272323781,-0.181,-0.935,0.5781767842769018,1.981,0.072,1.9636188108654573,0.934,-0.9530427146581634,-0.9205872890256483,-0.793,0.308,0.05997215118305218,0.218
1.77,-1.323,-0.89,-1.323,-0.15,-0.15,0.488,-0.89,0.488,-0.89,-1.323,1.77,1.124,-1.323,0.22,-1.227,-1.227,-1.323,-0.89,0.488,0.488,0.22,1.124,1.129,1.77,1.124,1.77,-1.227,-1.227,1.77,-0.15,-1.323,-1.227,1.129,-1.227,-1.323,-0.15,1.129,-1.323,1.124,0.22,-0.15,0.488,-0.031,1.77,-1.227,0.488,0.488,-1.323,0.22,1.124,1.1085209785469923,1.1346416583953471,-0.15,0.2037101916219926,1.189592292568754,-1.227,1.2329487428723171,-1.2467150233051194,0.23285883535848084,-0.15725808846591458,0.28394785110817966,-0.89,-1.323,1.2672726083063586,1.2838984357212682,-0.031
-0.482,-0.749,0.732,0.732,-0.949,0.022,-0.991,-0.75,-0.991,-0.75,-0.482,0.022,-0.482,-0.749,0.732,0.291,-1.281,-0.949,-1.281,-1.281,-0.949,-1.281,-0.991,0.732,-0.75,0.413,0.022,-0.949,-0.75,0.291,-0.949,0.732,0.732,-1.281,-1.281,-1.281,-0.949,0.291,-0.991,0.022,-0.749,-0.75,0.732,-1.281,0.732,-0.991,-0.949,-0.75,-1.281,-0.749,-0.991,-0.749,0.413,-0.949,0.732,-1.281,-0.991,-0.7640627732352419,0.7192867288240093,0.291,-1.2907484219054965,-0.482,-0.9602088569714221,-0.75,0.7617867888589749,-0.7681972856860466,-1.0047008116965723,0.022
-0.483,-0.311,0.519,-0.505,-0.146,-0.168,-0.483,-0.483,-0.168,0.502,0.519,-0.468,-0.483,-0.168,1.093,-0.483,0.519,-0.311,-0.483,-0.412,1.093,-0.146,-0.311,1.093,1.093,-0.146,-0.311,-0.168,-0.311,-0.483,-0.412,-0.168,-0.311,-0.311,-0.311,1.093,-0.468,-0.483,-0.412,-0.505,-0.412,-0.146,-0.146,-0.168,-0.146,-0.468,-0.168,-0.311,-0.33062337948918646,0.519,1.093,-0.505,-0.146,0.5125289495346668,1.0757827926651873,-0.2876451862215195,-0.5188747449152472,-0.468,-0.2515820243320916,-0.412,-0.168,-0.4275239700491853,0.502,-0.1565134923688934
0.867,0.728,0.728,0.728,-1.083,0.867,0.711,0.149,-1.083,0.867,0.728,-1.083,-0.961,0.867,-1.131,1.989,-1.131,0.728,-1.083,-0.501,1.989,1.989,1.989,-0.961,1.989,-0.961,-0.384,-1.131,0.711,1.989,-0.501,-1.083,-0.961,-1.083,0.867,-1.131,0.149,-1.131,0.711,-1.131,1.989,1.989,-1.131,0.867,-0.384,-1.083,-1.131,0.867,0.149,0.13144227086622126,-1.131,0.14921032547405563,0.728,-1.1444704139114419,-1.083,0.7098400116529215,0.7323237476020305,0.711,0.7768966099782623,-1.1166848173571085,-0.501,-0.961,0.18400396881533898,-1.0807085709959467,-1.0984734348855623,-0.384
0.428,-0.923,0.428,-0.639,1.827,0.428,0.428,1.827,0.27,0.428,-0.639,0.368,0.27,0.428,-0.923,1.827,-0.923,-0.899,-0.923,0.428,-0.899,-0.899,-0.639,0.27,-0.141,-0.899,-0.639,-0.923,-0.639,0.428,-0.413,0.368,1.827,-0.899,-0.542,-0.542,-0.413,-0.542,-0.141,-0.639,-0.899,-0.923,-0.923,-0.141,-0.141,1.827,-0.413,-0.141,-0.542,-0.542,-0.141,0.27,0.25891774499783965,-0.154682539508469,1.827,-0.923,-0.9340729246484066,0.428,-0.899,-0.8988977172189656,-0.844118170338428,0.368
-0.487,-0.728,-0.728,0.945,0.945,0.945,-0.96,-0.872,0.395,-0.487,1.082,-0.96,1.082,0.91,1.082,0.395,-0.96,-0.96,-0.872,1.082,-0.79,-0.728,-0.96,1.082,1.082,-0.79,-0.487,0.945,-0.872,-0.728,0.395,0.945,-0.666,-0.872,0.945,-0.96,-0.79,-0.487,1.082,-0.79,-0.872,-0.96,0.91,-0.79,-0.666,-0.728,0.945,-0.872,-0.96,-0.8842188476627975,0.945,-0.9769134529054188,-0.9507052514434451,-0.9294913737695739,-0.9002229205593364,-0.79,0.9329204873990177,-0.8666518487381589,0.395,-0.8042077116513323,-0.728
-0.304,0.443,0.443,0.333,1.0,0.132,0.333,0.595,0.595,-1.085,-0.304,-1.085,-1.085,0.333,0.333,1.0,1.0,1.0,-0.304,0.443,1.486,1.486,-1.085,0.333,0.328,-0.498,0.443,-1.085,0.328,0.328,1.0,1.0,0.595,-0.304,1.0,0.132,-0.498,-1.085,0.443,-0.304,0.328,1.486,-0.304,-0.304,0.328,1.0,1.486,0.595,0.333,-0.304,0.443,0.5779993673606361,1.0,0.132,-0.3211754295487838,0.9812701094196281,0.328,0.3090266666453571,0.32108295702572637,0.11789146366829754,-0.28689592542520115,0.14857046408318164
-0.693,0.387,-0.998,0.387,0.387,1.23,-0.36,-0.743,-0.952,-0.952,1.23,-0.446,-0.693,-0.952,-0.446,-0.952,1.124,-0.36,0.387,-0.998,-1.018,-0.998,1.124,-1.018,-0.998,-0.952,-0.36,-0.952,-0.998,-0.446,-0.36,1.23,-0.952,-0.693,1.23,-0.998,-0.743,-0.743,-1.018,-1.018,-0.743,-0.446,1.23,-0.743,-0.693,0.387,-0.743,-1.018,-0.446,1.124,1.23,-0.36,-0.743,-0.998,-1.018,-1.0400432393964065,-0.693,-0.7549146419431637,-0.7094175357897156,-0.3712360512954535,1.108106119051473,-1.0152795001319137,-0.3444411013086207,-1.0087747384995902,-0.6573335939161863
0.459,-0.829,1.083,-0.829,-0.383,1.083,1.118,-0.707,-0.901,0.988,-0.407,-0.829,-0.707,-0.901,-0.707,1.083,-0.707,0.988,-0.901,-0.78,1.118,-0.707,-0.707,1.118,-0.829,-0.901,-0.829,-0.383,-0.383,-0.829,-0.383,-0.78,-0.383,-0.707,-0.901,-0.78,-0.78,-0.901,-0.901,-0.901,-0.901,1.083,-0.383,-0.707,-0.383,-0.383,-0.707,-0.383,-0.78,-0.901,0.988,1.083,-0.3957853446013551,0.459,-0.407,0.9760949942429594,-0.829,1.0763531332859582,-0.9112377685168891,1.118,-0.8475446289891753,0.4478690788246431,-0.7968913745572143
1.293,-1.187,-1.221,0.314,-0.96,-0.766,-0.766,-1.187,-1.221,-0.766,-1.221,-0.766,-1.187,-0.766,-0.96,-0.96,0.275,1.293,-0.766,-0.766,-0.96,0.314,-1.221,-1.221,-1.187,0.314,-1.187,-0.766,-0.766,-0.766,0.314,-0.767,0.829,-1.187,-0.96,-0.766,-1.221,-0.766,1.293,-0.767,0.829,1.293,0.413,-1.221,-1.187,-0.767,0.314,-1.221,0.413,0.275,-0.767,-1.187,-1.221,-1.2402167537387054,0.275,-0.96,1.293,-1.1999502938130673,-1.2042150581604476,-0.7833463912899523,0.314,-1.163542082844342,-1.1501345270023697,0.3026030372319427,-0.7461765814675527,1.2730480764228056,0.34581285024485753,-1.1231077532389437
-0.528,0.073,-0.659,-1.128,-0.528,0.073,-0.228,-0.528,0.722,-0.88,-1.128,-0.528,-0.88,-0.88,0.073,-1.128,-0.562,-0.659,0.722,0.053,-0.659,-0.528,-0.15,0.053,-0.562,0.722,-0.528,-0.528,0.722,0.073,-1.128,-1.128,-0.15,0.053,-0.88,-0.88,-0.562,0.053,-0.15,-0.562,-0.15,-1.128,0.722,-0.88,0.722,-0.528,-1.128,0.073,-0.562,-0.15,-0.5418040825482024,-0.5352231031709563,0.06108294208110465,-0.16373994295685437,-0.228,0.722,-0.5766524737468183,-0.481365983591272
0.366,-0.231,1.037,1.037,-0.88,-0.887,-0.231,1.037,-0.543,0.366,1.037,-0.887,-1.294,-1.294,-1.294,-0.88,-0.887,-0.785,-0.231,1.037,-0.543,-0.785,0.452,1.037,-1.294,1.037,0.366,1.037,-0.88,1.159,-1.294,0.366,-0.543,-1.294,-0.785,-0.231,1.037,-1.294,0.452,-1.294,0.452,-0.887,1.159,-1.294,0.452,-1.294,1.037,-1.294,1.037,0.452,-0.88,-0.231,1.0265846823728277,1.0729267742222008,0.43980701306738756,0.366,-0.785,1.0960389499022483,-0.543,1.1116311731709596
-1.147,-1.147,-0.735,0.931,-1.147,0.417,-0.021,0.931,-1.178,-1.178,-0.434,-0.434,-1.147,-0.284,0.536,0.417,-0.284,-1.178,-1.147,-0.021,-1.178,0.417,0.931,-1.178,0.536,-0.735,0.536,-0.216,-1.178,-1.178,-1.178,0.417,-1.147,-1.147,-0.434,-0.021,-0.021,-1.147,0.417,-1.178,-0.284,-0.216,-0.216,0.536,0.931,-1.178,-1.147,-0.735,0.536,-0.216,-0.021,-1.178,-0.434,0.931,-1.1961209484057735,0.417,-0.03145872267092165,-0.735,0.40549950590167344,0.536,0.01022743387871184,-1.147,0.05232789318497329,0.5212397904347417
0.833,1.513,2.053,-0.729,-0.729,-1.143,-0.729,2.053,2.053,-0.729,1.513,-0.516,0.833,-0.531,-1.143,-0.516,-1.143,-0.729,-1.143,2.053,2.053,-1.143,-0.531,-0.531,-0.531,2.053,-0.923,2.053,0.833,-0.516,-0.188,2.053,-0.531,-0.923,-0.531,0.833,-0.188,-1.143,1.513,-0.531,1.513,-0.729,-0.729,-0.516,0.833,-0.516,-0.729,-0.188,-0.923,-0.729,-0.923,1.513,-0.729,1.513,0.833,-1.143,0.0,-0.188,-1.1563860722666994,2.053,-0.516,-0.729,-0.010074746381039194,-0.531,-0.7426699581860127,-1.1229731558972458,-0.7107425858712196,0.03563226311401204,2.036813848480099
-0.022,0.085,-0.022,-0.346,-0.022,-0.914,0.875,0.875,0.337,0.875,-0.914,0.337,-0.962,0.661,-0.914,-0.428,0.085,-0.962,-0.022,0.085,0.661,0.875,-0.346,0.661,0.085,-0.428,0.337,-0.962,-0.914,0.085,0.875,-0.962,0.661,-0.914,-0.022,-0.346,-0.962,0.661,0.661,-0.346,-0.914,-0.428,-0.022,0.661,0.661,-0.346,0.085,0.661,0.337,0.32340919816885916,0.0,-0.346,0.875,-0.3630680035876224,0.6452208633851798,-0.962,-0.3399084431018144,0.3583009188821991,0.6809604626788743,0.7114853158808487,-0.428,-0.3090816919100647
-1.116,1.354,-0.947,-1.116,-0.244,-1.098,-0.244,-0.952,0.902,-0.952,-0.947,-0.454,-1.078,-1.098,-0.244,-0.947,-1.078,-0.244,0.902,-1.116,1.354,-1.116,-0.952,-0.947,1.354,1.354,1.128,-1.078,-1.098,-0.947,1.354,-1.116,-1.078,-0.244,-0.947,-1.098,-0.244,-0.454,-1.078,1.128,-0.947,-0.454,0.902,0.902,-1.098,-1.078,-0.952,-0.952,-1.078,1.128,-1.116,1.354,-0.947,1.3414837291797044,1.3726140659772161,0.902,-1.078,0.8885374628108962,-1.116,-0.952,-1.1303844065558775,-1.0943729159285385,-0.9560557162212662
1.52,-0.886,-1.199,-0.886,-0.886,1.736,0.496,-1.199,1.736,-0.886,0.964,-1.199,1.736,-1.199,0.886,0.886,1.52,-0.774,1.52,-0.886,-0.886,-0.886,1.52,1.52,-0.774,0.886,1.52,0.896,-0.749,-1.199,1.736,-0.749,1.736,-0.886,-1.199,1.52,0.896,0.496,1.736,0.496,0.496,0.964,-0.774,-1.199,-1.199,-1.199,-0.749,0.964,-1.199,1.52,-0.886,1.5107187418900647,0.896,1.736,1.7218139701224315,-0.774,0.886,1.7512077995174333,-0.9057534479869062,-1.2156286860697894,0.9468504360510357,0.884526439231289,1.5701569752093263,1.79268187233986
-0.846,-0.905,1.635,-0.974,-0.974,-0.259,1.173,0.932,-0.905,-0.905,1.635,1.173,1.172,-0.449,-0.846,-0.259,0.932,-1.089,-1.089,-0.449,1.172,-0.974,-0.449,-0.259,-0.905,-0.259,-0.974,0.932,-1.089,1.635,-0.259,-0.846,-1.089,1.173,1.172,1.172,-0.974,-0.974,1.635,-0.974,1.635,-1.089,-0.974,0.932,1.172,-0.259,-0.259,-0.449,-0.974,1.173,-0.259,-0.905,-1.089,-0.259,-0.846,-0.846,-1.089,0.932,-0.974,0.9182440904651772,-0.259,1.635,1.172,1.1558380990950932,-0.9914900093183506,-1.099047731909807,-0.846,0.9567970108116892,-0.905,1.1833562282424859,-1.0621256575955222
-0.874,-0.474,-0.263,-0.474,-0.043,1.312,-0.504,-0.043,-0.059,-0.874,-0.043,-0.043,-0.059,-0.874,-0.504,-0.059,-0.877,-0.504,-0.877,-0.877,-0.874,-0.059,-0.263,-0.263,-0.263,-0.529,1.312,-0.474,-0.263,-0.414,-0.263,-0.874,-0.059,-0.263,-0.043,-0.529,-0.529,-0.474,1.312,-0.529,-0.474,-0.059,1.312,-0.877,-0.877,-0.043,-0.043,-0.529,-0.474,-0.059,-0.072689134075605,-0.05822495578499677,-0.05664020518900341,-0.263,-0.024716693713668123,-0.414,-0.504,1.312,-0.2788852669915684,1.3003550890988178
0.575,-0.024,0.575,-0.481,-0.024,1.524,-0.481,1.524,1.524,1.54,-0.024,0.791,-0.894,-0.491,1.524,-0.481,-0.565,-0.024,-0.481,1.54,-0.565,0.791,-0.565,-0.491,-0.481,1.54,0.791,0.575,0.575,-0.491,-0.024,-0.565,-0.481,1.54,1.524,0.791,-0.894,-0.894,0.575,-0.565,-0.481,-0.565,0.516,1.54,-0.894,-0.491,0.791,-0.491,-0.894,-0.565,-0.481,1.54,-0.481,-0.565,-0.565,-0.565,-0.491,0.791,-0.894,-0.5034276278241111,-0.9096888841952702,-0.024,0.575,-0.04102640495686126,-0.481,-0.5014048908787478,0.009820993511023635,-0.8663515494606769,-0.44848303828913,0.0245790871829296,0.7757334495250789,0.07530393542164615,-0.565,0.516,0.5625124934426012,1.524
-0.68,-1.046,1.202,1.257,-0.756,-1.046,1.257,0.469,-0.756,-0.387,0.621,-0.756,0.269,-0.68,1.202,0.621,1.257,-0.324,0.269,0.469,-1.046,0.621,0.269,-0.756,0.621,1.202,0.269,0.469,1.202,-0.387,-0.756,0.469,-0.756,0.469,0.621,0.621,-0.387,0.621,-0.68,0.621,1.257,-0.68,0.621,-1.046,1.202,0.621,-1.046,0.269,0.469,-0.324,1.257,-0.33898719900142654,0.4594940769525837,-0.68,1.2389608695588017,-0.756,1.1926397650282532,-0.7678460224760539
-0.888,1.286,-1.145,1.286,0.546,-1.079,-0.643,-1.145,-1.079,0.546,0.01,1.286,-1.079,0.135,0.546,-1.145,0.135,-0.888,1.155,0.135,-1.145,0.426,-1.145,-1.079,-0.643,1.286,-1.145,1.155,1.286,-1.079,0.426,-1.079,-1.145,-0.888,0.546,-1.079,-0.888,-0.888,-1.079,1.155,-1.145,-0.643,-0.888,-0.643,1.286,0.426,0.01,0.546,0.135,1.286,0.5266847913785959,0.5465043820657765,1.155,1.141427936643226,-1.079,-0.643,1.1730979496499128,1.2692957411977468,1.2199370413399906,0.01,1.3138340233228414,-0.005241160944851485,-0.888,0.5538869535989223
-0.989,-0.12,-0.989,-0.523,-0.523,-0.615,-0.989,-0.523,-0.989,-0.12,0.988,0.616,-0.523,0.616,0.988,-0.989,-0.011,-0.989,-0.615,0.616,-0.989,0.988,0.988,-0.011,-0.615,-0.011,-0.044,0.616,0.616,0.988,-0.044,0.988,0.988,0.097,-0.294,-0.12,-0.12,-0.523,-0.523,-0.615,-0.044,0.097,-0.989,-0.044,-0.011,0.097,-0.044,-0.011,0.097,-0.044,-0.030292715706047423,0.616,0.5953253990059474,-0.05587852489552554,0.988,0.08044681707885103,0.6323105024496624,-0.989,0.10092723744513651,-0.523,-0.294,0.6798253187533129
-0.591,-0.88,-0.88,-0.825,0.776,-0.397,-0.015,0.776,-0.591,-0.291,-0.591,-0.825,-0.963,-0.591,0.776,-0.591,-0.951,-0.951,-0.015,0.776,0.776,-0.963,-0.397,-0.951,-0.963,-0.88,-0.291,-0.963,-0.88,-0.591,-0.591,-0.291,0.776,-0.591,-0.951,-0.88,-0.591,-0.88,-0.825,-0.015,0.771,-0.291,0.771,-0.88,-0.291,-0.963,0.771,-0.3005437781526369,-0.825,-0.9806052504834961,0.776,-0.26716017110578927,-0.9510969710340124,-0.9019121420809357,-0.015,-0.20854108572357918,-0.8346051099194216,-0.8389359606519051,-0.951,-0.17867475705280164,-0.88
-0.114,0.41,0.41,-0.865,-0.92,1.457,-0.865,-1.16,-0.865,-0.114,0.32,-1.16,1.457,-1.16,0.723,1.01,-0.865,1.01,-1.16,-1.16,1.01,-1.16,-0.114,0.723,-0.865,1.01,-0.92,-0.114,-0.114,0.32,0.41,-0.812,0.32,-0.865,-0.92,-0.812,-0.92,1.457,-0.92,-0.812,-0.114,-0.114,-1.16,1.457,0.41,1.01,1.457,0.723,0.3979221369421854,0.4398470021084414,-0.812,-0.865,0.32,1.4461260409595649,-0.8276108552602253,-0.114,1.4900799136554486,-0.7904418171802541,-0.8778970740161822
-0.193,-0.362,-0.193,-0.362,-1.131,-0.362,-0.738,-0.596,-0.193,-0.738,-1.131,-0.362,0.725,-0.362,0.473,-0.193,1.186,-0.362,-1.131,-0.642,1.186,0.482,-0.596,0.473,1.186,-0.738,0.482,-0.642,-0.362,-0.193,0.725,0.473,0.482,-0.362,-1.131,-0.362,-0.362,0.473,-1.131,-1.131,-0.193,-1.131,1.186,-0.193,0.725,-0.642,0.482,-0.596,-0.193,1.186,1.1707469918658222,0.7114662560153019,-0.362,0.7556248589831525,-0.6083494635636488,-0.568994389179659,-0.3751609535759938,-0.3493228502446598,-0.5521386375075148,-0.20197226872197604,-0.16140299412964426
1.298,-0.081,-0.081,1.043,-0.081,1.043,-0.658,1.117,1.043,-0.081,-0.521,1.298,-1.063,-0.834,-0.081,-0.658,-0.834,-0.23,-0.521,-1.063,-1.063,-0.23,-0.521,-1.053,1.298,-0.521,-1.053,-0.834,-1.063,-0.834,-0.23,1.298,-0.23,1.043,1.117,-0.658,-0.521,-0.081,-1.063,-0.081,1.043,-1.063,-1.053,-1.053,-1.063,-0.521,1.043,1.043,1.043,-0.834,1.043,-0.658,1.0321639094851434,-0.23,1.298,-0.081,-0.24220605499148762,-0.09959255952523718,-0.07695066824619204,-1.063,-0.8440025443284344
-0.734,-0.536,1.206,-0.734,1.206,1.221,0.057,1.206,1.206,-0.536,-0.805,-1.266,-0.769,1.206,-0.34,-1.266,1.206,1.206,-0.769,-0.805,1.206,-1.266,-0.769,-0.536,-0.536,-0.805,-0.734,0.057,-0.734,-0.769,1.221,-0.769,1.206,1.221,-1.266,-1.266,-0.805,1.206,-1.266,1.221,-0.805,-0.805,-1.266,-0.734,1.206,1.206,-0.536,-0.805,-0.805,-0.34,1.206,-1.266,1.206,-0.769,-1.2813217411928948,1.19195548294158,-0.8122014814341993,-0.536,-0.34974689719334057,1.221,-0.734,-1.2326756665494174,-0.7793697142548149
-1.183,-0.671,-1.231,-1.231,1.916,-0.429,-0.671,-1.183,-0.22,-1.231,1.916,-1.183,1.916,-1.183,-1.017,-0.546,-0.273,-1.231,-0.429,1.916,-0.546,1.916,-1.231,-0.546,1.916,-0.056,-0.056,-0.22,-0.671,-1.231,-1.231,-1.017,1.916,1.916,-0.429,-0.546,-1.231,-0.22,-0.546,-1.183,-1.231,-1.183,-1.017,-0.056,-1.017,-1.183,-0.273,-0.671,-1.017,-0.546,-1.017,-1.231,-0.056,-1.2471716586615855,-0.671,-1.183,-1.0319202657319457,-0.22,-1.0148957777853227,-0.429,-0.23185617801307823,-0.06661411074944001,-0.6882626235771802,-0.546,-0.570009545311679,-0.528910282985709,-0.02654263707890852
-0.635,-0.981,-0.981,-0.635,0.018,-0.542,-0.819,-1.077,-0.981,-1.077,0.828,-0.542,0.013,-0.981,-1.077,-1.077,-0.819,0.013,-0.542,0.013,-1.077,-0.981,-0.635,-0.819,-0.542,0.013,-0.542,0.828,0.018,-0.981,0.013,-0.819,-0.542,-0.819,-0.098,-1.077,-0.819,-0.981,-0.542,-0.819,0.018,-0.981,-0.635,0.013,0.828,-1.077,-1.0002903708474915,-0.542,0.001716912170365877,-0.5543838915532764,-0.098,0.02278031235121474,0.0,-1.084036025460196,-0.9679727458359586,0.0034337301452300635
-0.821,1.009,-1.16,-0.988,-0.988,0.405,-0.538,-1.16,-0.821,-1.16,-0.988,0.219,0.219,1.009,-0.977,-0.977,-0.988,-0.538,-0.988,0.055,1.261,-0.977,-0.988,1.261,0.055,0.055,0.219,-0.977,-1.16,0.219,0.219,-0.977,1.009,-0.821,1.261,1.261,-0.821,0.219,1.009,-1.16,-0.821,-0.821,-0.977,-0.538,-0.988,-0.977,0.405,0.38875438658506656,-1.002378716417949,-1.16,-0.9904504303629706,1.261,-0.9853849892499204,-0.821,-0.9545509293582284,-0.9276792067137873,-1.1737874433662108
-0.836,-0.836,0.13,0.642,-0.921,-0.921,0.13,0.616,0.446,-0.675,-0.772,0.13,-0.772,-0.921,0.616,0.616,0.446,-0.836,0.616,-0.283,0.616,-0.283,-0.836,-0.921,-0.283,0.616,0.642,0.642,0.642,-0.675,0.446,0.446,-0.836,-0.921,-0.283,-0.836,-0.772,-0.772,-0.772,0.13,-0.283,0.512,-0.675,-0.921,-0.283,-0.836,0.616,-0.283,0.642,-0.675,0.13,0.616,0.512,0.49553875847199785,-0.836,0.446,-0.8479654268442279,-0.8156432058902979,-0.283
-0.76,0.839,-0.607,-0.607,-0.607,0.133,-0.76,-0.676,0.839,-0.411,0.839,-0.067,-0.76,-0.067,0.839,-0.219,-0.416,-0.416,-0.607,0.85,-0.219,-0.607,-0.219,-0.676,-0.607,-0.676,0.133,-0.607,-0.411,-0.067,-0.411,-0.411,0.839,-0.416,0.839,-0.607,-0.411,-0.411,-0.411,-0.067,-0.416,-0.067,0.85,0.133,-0.76,0.133,0.85,-0.219,-0.23788796277255045,-0.411,-0.607,-0.20223226610986986,-0.676,0.8361708957394218,-0.067,-0.6920589808881943,-0.6198423378304662,-0.42304781809347763,0.8732104569393169,0.9201688510581771
-0.411,-0.411,-0.949,-1.141,0.474,0.783,-0.1,-0.411,0.474,0.783,-1.126,-1.141,-1.126,2.14,0.783,2.14,-1.126,2.14,-1.141,-1.141,-1.126,2.14,2.14,-1.053,-0.1,-0.949,-1.141,-1.053,-0.411,0.41,0.783,2.14,-0.949,-1.126,-1.053,-0.949,-0.411,-1.141,-1.141,-0.1,-0.411,0.474,-0.1,2.14,0.41,-1.053,-1.126,-0.949,-1.053,0.474,-0.949,-1.141,2.14,-1.126,-1.141,-0.1,0.474,-0.411,-0.11337657841963282,-0.07847575974546524,0.46514919258998777,-0.949,0.783,2.14,-1.141,0.41,-0.4237859663594198,0.48728687500378964
0.138,-1.194,-0.742,0.946,-0.014,-0.742,-0.896,-0.014,1.68,-0.014,-0.095,1.68,0.138,1.68,0.946,-0.028,-0.028,-0.095,-0.028,-1.194,0.946,-1.194,1.68,-0.896,1.68,-1.194,-1.194,-0.896,-0.028,-0.014,-0.014,1.68,1.68,-1.194,-0.979,-1.194,-0.979,-1.194,-0.028,-0.742,-0.014,-0.014,-0.014,-0.896,-0.979,-0.979,-0.979,-0.028,-1.194,0.946,-0.896,-0.979,0.138,-1.2077388919720857,-0.9179701940877079,0.12669098387536518,-0.04408638319854065,-0.014,-0.742,-0.095,-0.7619422903964983,-0.9913816593263904,-0.10864326894614763,-0.7131323527117374
0.762,0.762,1.353,2.342,0.762,1.782,1.782,2.342,-1.041,-1.041,-1.132,-1.132,-1.132,-1.057,-1.132,1.782,1.353,-1.132,-1.041,-1.132,2.342,-1.057,2.342,-1.057,-1.132,-1.041,-1.132,0.487,2.342,-1.041,0.487,-1.132,1.782,1.353,-0.504,2.342,-1.057,-0.504,0.762,-0.504,1.353,-1.132,1.782,0.762,1.44,0.762,1.44,2.342,0.762,-1.041,0.762,-1.132,0.487,2.342,1.782,0.487,1.782,0.762,0.487,2.342,-1.132,-1.057,-0.504,2.3280016213439856,-1.041,-1.1496752614097203,-1.0534748262741942,1.353,-1.1162107378155008,-0.515355971512342,0.7495972067931684
-0.848,2.252,-0.428,1.831,2.252,-0.428,0.641,-0.919,2.252,0.641,1.831,0.641,1.831,1.0,-0.443,-0.919,1.831,2.252,1.831,-0.919,-0.428,1.0,2.252,-0.428,-0.443,1.0,1.166,1.0,2.252,-0.427,0.641,-0.919,1.166,-0.427,-0.919,1.0,-0.443,-0.919,-0.919,1.831,2.252,0.641,1.831,2.252,-0.848,-0.428,-0.428,1.0,2.252,-0.428,-0.427,1.831,-0.848,-0.428,-0.44344555471827174,-0.427,1.831,2.252,-0.4401714297932108,2.2376532781743044,1.0,0.9816513710318271,2.2651117583331053,1.8172647523078074,2.296076367553554,-0.848,-0.443,-0.3961180365481207,-0.919,2.328420326535324
-0.925,-0.732,0.743,-0.649,-0.925,2.274,-0.884,-0.884,-0.884,0.743,-0.732,1.337,0.963,-0.884,1.337,0.477,-0.925,1.337,-0.64,-0.925,0.963,0.743,-0.925,-0.649,1.337,0.743,0.743,-0.884,1.337,-0.732,2.274,-0.64,-0.649,1.337,-0.925,-0.884,0.743,0.963,0.963,2.274,2.274,0.743,-0.884,2.274,2.274,1.337,2.274,-0.64,-0.649,-0.732,-0.64,-0.649,-0.925,-0.6663581545684538,-0.6362380880281545,0.963,-0.9342828861201041,-0.6091586252221874,-0.6609940191102363,0.9441664902078987,-0.5833104842977158,-0.6430538398227601,2.274,-0.53890017223868,-0.5144456575827698,-0.6068803821950677,-0.49653573674293827,0.9874447922902554,0.477,2.2646904107856933
0.052,-0.969,-0.473,-0.88,-0.473,-0.441,-0.441,-0.084,-0.826,-0.969,-0.256,0.229,-0.88,-0.256,-0.084,-0.88,-0.473,-0.256,-0.473,0.052,-0.88,-0.441,-0.084,-0.88,-0.969,-0.826,-0.084,-0.88,0.352,-0.084,0.229,-0.88,-0.084,-0.256,-0.826,-0.473,-0.969,-0.88,0.352,-0.969,-0.441,-0.256,-0.256,-0.969,-0.084,-0.473,-0.256,-0.88,-0.441,-0.473,0.052,-0.88,-0.8932093960148182,-0.8426661363554506,-0.441,-0.256,0.03834730409568229,-0.48507496204785633,-0.826,-0.45400908332511325,-0.2719155296772397,-0.7921851114823159,0.352,-0.838953656621065,-0.7584861819172821,0.336760711914299,-0.46749019271149167,-0.084
0.954,-1.301,-1.301,0.954,0.293,0.949,0.293,0.868,0.397,0.954,0.397,0.397,0.868,0.756,-1.301,-1.301,0.949,-1.301,-1.301,0.157,0.868,1.232,0.949,0.868,1.232,0.293,0.756,0.293,0.756,0.868,0.949,0.157,1.232,0.954,0.397,0.397,0.756,-1.301,-1.301,0.397,-1.301,0.229,0.954,-1.301,0.229,0.293,-1.301,0.868,0.756,0.397,-1.301,0.157,0.229,0.20162209303841497,-1.310395609233485,0.14220489126702673,1.232,1.2125966514569544,0.756,0.293,0.949,0.38699582115575426,0.2791452869564386
1.473,1.631,-0.893,1.473,-0.893,-0.4,-0.723,1.607,1.631,-0.893,-0.4,1.631,1.631,1.607,1.631,0.3,-0.4,0.144,-0.4,1.473,-0.893,1.607,0.511,1.631,0.511,0.144,1.631,1.607,0.511,1.473,-0.723,1.607,-0.4,-0.723,1.473,0.3,-0.372,0.511,-0.723,1.607,1.631,-0.4,1.473,-0.723,0.3,-0.723,-0.893,-0.893,0.3,0.511,0.144,1.473,-0.372,-0.723,1.4564882245555675,-0.893,1.631,0.49810822808354005,1.4846168542336406,0.3,1.5169349025577628,0.5135016834066654,0.2867541621146568,-0.4,-0.41576355843191454
-0.655,-0.93,-0.06,1.184,-0.655,-0.93,1.184,-1.25,-0.183,-0.193,-0.193,-0.193,-0.651,-0.183,-0.361,1.184,-0.651,-0.655,-0.183,-0.183,-0.06,-1.25,-1.25,-0.183,-1.25,-1.25,-0.93,-0.193,-0.93,-0.193,-0.93,-0.655,-1.25,-1.25,-0.193,-0.06,-0.193,-0.651,-0.655,1.184,-0.93,-0.193,-1.25,1.184,-0.651,-0.93,-0.655,0.795,0.795,-0.193,-0.93,0.795,-0.183,-0.361,-0.3819840128129957,0.779588270641039,-0.655,0.8115598261110364,-0.651,0.8441869425783883,-0.06,-0.19736785677938473,-0.193,-0.14343172764748757,-1.25,-0.06680011155139773,0.8897198083318205,-1.2647580212262914,-0.6659812482735082,-0.6652027824600026
0.403,-0.89,-0.89,1.31,0.403,1.31,0.167,1.968,0.167,1.968,-0.956,-0.89,1.968,-0.098,0.412,-0.431,0.167,-1.027,-0.956,-0.89,-0.098,0.403,0.403,0.403,-1.027,-0.956,1.31,-0.431,0.403,1.31,1.31,-0.098,-0.89,-1.027,-1.027,-1.027,1.31,1.968,-0.89,1.968,1.968,1.968,-0.431,0.167,0.167,-0.956,-0.956,0.167,0.403,0.38725668131506075,-0.431,-0.098,0.41627766121495596,-1.027,-1.0451299651928294,0.45844605413257594,-1.0190727243756446,1.31,1.968
-0.624,0.348,0.453,-1.119,0.453,0.453,0.348,-0.072,-0.624,-0.072,0.348,0.348,-0.624,0.453,-1.119,1.147,0.453,0.864,0.864,-0.372,1.147,-1.119,-0.264,0.864,-1.119,1.147,0.864,0.403,0.864,0.864,0.864,-0.072,-0.072,-1.119,-1.119,0.348,-0.072,-0.624,1.147,-0.624,0.453,0.864,-1.119,0.348,-0.624,-1.119,0.864,1.147,0.348,0.403,-0.372,-0.3834310511087778,0.8543618659455328,0.386915718998665,-0.624,-0.072,0.3371552151022793,-0.6375110136702111,-0.6164887791832813,-0.0776761348033572,-0.264,-0.035095101262867266
0.368,-0.796,-1.154,-1.154,-1.154,1.584,1.584,1.584,1.979,1.979,0.996,-1.154,-0.796,-1.154,0.996,1.979,-1.154,0.996,-0.796,0.368,1.979,0.338,1.584,0.62,-0.796,-1.154,-0.407,0.338,-1.154,-1.154,1.584,0.996,-0.796,-1.154,-0.796,0.368,0.338,0.338,1.584,1.979,-0.206,1.979,-1.154,1.584,1.584,-0.407,0.338,1.979,0.31982547788352206,1.584,1.5617948860144668,1.594558276116498,0.62,-0.416241760525124,0.996,1.6165258367822704,0.3673550649240359,-0.3923948150726655
-0.256,-0.6,-0.256,-0.526,-0.825,1.06,1.867,-0.728,1.867,-0.526,-0.785,-0.728,-0.825,0.19,-1.164,-0.825,-0.256,1.06,-1.164,-0.6,-1.164,-0.785,-1.164,0.19,-0.785,-1.164,-0.825,-0.825,-1.164,-0.785,1.867,-0.256,-0.256,-0.526,1.06,-0.728,1.06,-1.164,-0.825,1.867,-1.164,1.867,-1.164,-0.526,-0.825,-0.6,-0.610698122851848,-1.164,0.19,-0.256,-1.1751993307078898,-0.825,-1.134035201887936,-0.2653667009164418,1.06,-0.8422155296422658,-0.785,0.18077739191004835,1.040845667165971,0.21448216205298326,-1.0915705403985634,1.867
-1.033,-1.033,-1.034,-1.034,-0.95,-0.86,-1.033,-0.677,0.639,0.101,-0.878,-0.86,0.639,-0.677,0.415,0.639,-0.86,-0.86,-1.033,-0.878,-0.63,-1.034,-1.033,0.101,0.639,-1.034,0.639,-0.878,-0.95,-0.95,-0.86,0.639,-0.677,0.639,0.101,-0.63,-0.95,0.639,-1.033,-1.034,-0.878,0.101,-0.63,-0.86,-1.034,0.415,-1.033,-0.677,-0.95,0.404611763706325,-1.0425520108756539,-1.0039132615623338,0.639,0.6173467961100731,-0.8935044980095268,-1.0447096999242491,0.6711265110189021,-0.872994327047988,-0.6881493120148271,-0.650756497616965
0.536,-0.833,-0.833,-1.053,1.288,-1.053,-0.513,0.209,1.288,0.536,0.536,-0.833,-1.053,0.569,-0.833,0.209,-1.053,1.601,0.536,-0.833,-0.513,1.288,2.118,-0.513,1.288,1.601,0.536,2.118,1.288,0.209,1.601,0.569,0.569,-1.053,0.405,0.536,-0.833,0.209,1.288,1.601,2.118,0.569,2.118,2.118,1.601,-1.053,-0.833,2.118,0.209,0.209,-1.053,0.569,-1.0725005324496761,0.405,0.5573985844804025,-0.513,-0.833,-0.8539388935568256,1.288,0.536,1.2736435296395867
0.477,-0.176,-0.582,2.066,-0.582,1.832,2.066,1.832,0.543,1.832,0.551,2.066,2.066,-0.433,1.832,0.551,-0.433,-0.738,-0.433,2.066,1.832,-0.582,2.066,1.832,0.543,0.551,0.856,0.551,1.832,0.856,1.832,0.543,0.543,0.543,2.066,0.856,-0.582,1.832,1.832,-0.738,0.551,-0.582,-0.738,0.551,0.856,2.066,-0.582,1.832,2.066,0.543,-0.582,0.856,-0.738,0.551,-0.6005422199754094,-0.5828940350189791,-0.433,-0.5573359610299128,1.832,0.477
0.554,-0.723,1.833,-0.963,1.833,1.833,0.972,-0.723,-0.723,0.417,-0.723,1.437,-0.723,-0.963,1.833,0.554,0.417,0.122,-0.723,0.122,0.554,-0.723,0.554,1.833,-0.063,0.417,0.122,0.962,0.122,0.554,0.122,-0.963,-0.963,1.437,0.554,-0.723,0.962,-0.723,0.122,1.437,0.554,0.122,0.122,-0.963,1.833,0.122,0.962,-0.963,0.972,1.437,0.417,-0.963,1.833,0.962,1.833,0.554,1.833,0.972,-0.723,0.417,0.554,-0.7409261379816686,0.122,0.972,1.833,0.4015293904091443,0.10925033976701094,1.437,1.413678011568876,-0.063,0.15677805953259538,0.5436371229641512,-0.07042723730748761,0.962,-0.03844683966179196,0.20174004073019988
2.176,-0.397,-0.31,2.176,-0.568,-0.884,-1.159,-0.301,-0.884,-0.397,-0.31,2.176,-0.397,-1.159,0.396,-0.568,0.004,-0.397,-1.159,-0.397,-0.397,2.176,-0.568,-0.31,2.176,-0.767,-0.397,-0.568,0.004,-0.31,-1.159,-1.159,2.176,-0.568,-0.568,-1.159,2.176,-1.159,-0.767,-0.884,-0.884,-1.159,-0.31,2.176,0.004,-0.767,-0.884,-0.884,-0.884,-0.568,-0.884,-1.159,2.176,-0.397,-0.41260547181484863,0.004,-0.5802788542671153,2.1623174021580733,-0.301,2.2094465728771286,-0.31,-0.33056864165012184,-0.8911750978693441,-0.767,-0.3003580585277532,-0.2486668461238011
1.919,0.406,-0.763,1.919,1.611,-0.763,1.611,-0.471,-0.881,-0.969,-0.627,-0.471,1.919,1.919,1.919,-0.763,1.919,1.611,-0.471,0.406,-0.969,0.764,-0.969,-0.471,1.611,-0.881,-0.881,-0.471,-0.969,-0.627,1.919,-0.627,0.764,0.406,-0.881,-0.471,-0.471,-0.112,1.919,0.406,1.611,0.406,0.406,-0.627,0.764,1.611,0.3918095314839444,-0.6395411617886496,0.43352609224840716,-0.471,-0.763,-0.6221686797226216,1.5982309234132592
-0.668,-1.204,-1.313,-0.186,-1.204,-1.204,-1.313,-1.313,-1.313,-0.668,-1.204,-0.699,-1.313,1.272,1.272,-1.204,1.272,-0.793,-1.313,1.205,-0.668,1.272,-0.668,-0.186,-1.313,0.335,-1.204,1.205,-0.186,-0.793,-0.793,-0.186,-1.313,-1.204,-1.313,-0.793,1.205,-1.204,-1.313,1.205,-0.699,0.335,-1.204,-0.699,0.526,-1.204,-0.186,1.272,-1.204,-1.21796406081445,-1.313,-0.793,-0.19423960935014808,-0.14742702244769376,-0.699,-1.3244131429874322,1.205,-0.8048056331373552,-0.08516299258013801,0.335,-0.668,1.2606621314374509,-1.1711317079903494,-0.6806742870412104,-0.6559652481713809
-0.241,-1.1,-0.283,-1.076,0.693,-1.076,-0.241,-1.1,-1.197,-1.197,-1.1,0.693,-0.727,-0.241,-0.004,-0.283,-0.004,-1.197,-0.283,-1.197,0.693,0.417,-1.197,-0.727,-0.727,-1.197,-1.197,-1.1,-1.076,-0.283,-0.283,-0.283,0.076,-0.727,-1.076,-1.076,-1.1,-1.197,-1.076,-1.1,-1.197,-0.727,-1.197,-1.1,0.076,-1.197,-0.727,-0.283,-1.1,-1.1,-0.241,-1.076,-0.2590126343820237,-0.283,-1.197,-1.1116494268327626,-1.0876663749379334,-0.2966125055371063,-1.0590052932233536,-1.2105647704930314,-1.0554847996556895,-1.199413525925575,-1.0214282901556477,0.417,-0.25109357997537923,0.40275749493757235,-0.004
-0.616,1.243,0.62,-0.962,1.186,1.186,-0.95,-0.158,-0.95,0.017,0.017,-0.624,1.243,1.243,-0.95,1.243,-0.616,-0.624,1.243,-0.158,-0.616,-0.95,0.017,1.243,-0.95,-0.95,0.62,0.62,-0.95,1.186,-0.158,-0.962,1.243,-0.158,-0.962,0.416,-0.95,-0.962,-0.962,1.186,1.1717201128810746,0.017,-0.616,1.2005878708846538,-0.95,1.243,1.2362688033084006,1.2278150647064916,1.2602031178397302,0.416,1.2744442683489239,-0.6252405847872068,-0.591084096575216,0.008145042890147313,-0.962,0.40225100701245053
1.551,1.551,0.329,0.757,0.329,-0.983,1.295,-0.837,1.295,0.757,1.551,-0.983,-0.983,-0.983,1.551,1.295,0.3,1.551,-0.837,1.295,-0.983,-0.426,1.295,1.295,-0.426,-0.837,-0.426,1.295,1.295,-0.837,-0.837,-0.426,-0.389,-0.983,0.3,0.329,0.329,0.3,-0.837,-0.983,-0.426,-0.4383349739051012,0.757,1.551,0.7425134042676568,-0.389,-0.4057444815726011,-0.837,1.295,0.0,0.329,1.5420016920749697,-0.9975885248711569,0.8042097237354973
-1.07,-0.711,0.502,-1.295,-0.711,-0.022,0.395,-0.066,-0.022,0.342,-0.066,-1.295,0.395,0.502,0.502,-0.711,0.395,-0.022,-0.711,-0.066,-1.295,0.502,-1.07,-0.711,-0.117,-0.711,0.502,-1.07,0.502,-0.022,0.342,-1.07,-1.07,-1.295,-0.022,-0.711,-0.022,0.502,-0.066,-0.066,0.395,-1.295,-1.07,0.502,-0.022,0.395,-1.295,-0.517,-1.295,-0.517,0.342,-0.066,-0.517,-1.07,0.395,-0.517,-0.711,-0.117,-0.066,-1.295,-0.13262668883432416,-0.7246942740119622,-0.08613632831049339,0.38487448524289053,-0.5308129640990917,0.4073396158994073,-1.07,-0.6805027113798074
1.501,1.586,0.253,1.036,-0.893,1.501,-0.971,0.86,0.253,0.86,-0.971,0.86,0.86,1.586,0.86,-0.011,1.586,-0.893,-0.409,-0.011,-0.893,-0.971,-0.971,0.504,1.586,-0.011,-0.893,-0.409,0.253,1.586,-0.971,-0.409,0.504,-0.971,0.253,1.036,0.504,1.501,-0.409,-0.011,0.504,1.586,-0.893,0.253,1.501,-0.409,1.036,1.501,-0.893,0.504,-0.971,0.253,-0.893,-0.409,0.86,1.501,-0.9077341407211773,-0.011,1.586,1.036,-0.42268528785827897,1.4913018654808887,0.4899430612795511,1.0240372516749976
0.593,0.031,-0.473,-1.136,-0.741,1.124,1.621,0.089,0.412,0.089,-0.764,-0.473,-0.473,-0.741,-0.764,1.621,1.124,1.621,1.124,-0.473,-1.136,0.089,0.089,0.089,1.621,0.089,-0.764,-0.473,0.089,-0.741,1.124,1.621,-1.136,-0.741,1.621,0.031,-0.473,-0.741,-1.136,1.124,1.621,1.621,1.621,-1.136,1.621,-0.473,0.089,0.593,-1.136,0.593,0.031,0.089,1.124,1.621,0.593,-0.764,-0.473,1.6117513789334,1.1096616375806159,-1.136,0.5739296201973522,-0.7722827138570334,-0.48373432437658337,-0.43401159711549697,1.1378297075181212,-0.39103291782549715,-0.36476896405708725,-0.7318124072144447,-1.142651626925419
2.386,0.171,-0.924,0.492,1.031,1.745,-0.901,0.492,1.745,-0.901,0.492,0.492,0.171,-0.901,2.386,-0.924,2.386,2.386,-0.924,-0.901,-0.924,1.031,2.386,1.745,2.386,-0.924,1.79,0.492,1.745,1.79,0.492,1.79,-0.901,1.79,0.218,2.386,2.386,0.218,2.386,1.79,1.79,1.745,0.218,1.79,-0.901,0.171,1.79,1.7652470445307982,2.386,0.492,0.0,0.1594126229431666,1.745,1.031,2.374963584474377,0.20491850553785737,2.4141179458068005,0.218,2.445059645453881,-0.924,-0.901,1.7323303661049678
-0.914,0.103,-0.551,-1.113,2.08,1.133,-1.113,-0.551,0.103,-0.773,-0.346,-0.773,2.08,1.133,-1.113,-1.113,0.103,2.08,-1.113,1.133,-0.773,-0.218,-0.551,-0.218,-0.914,-1.113,-1.113,-0.773,2.08,-0.551,-1.113,-1.113,-0.218,1.133,-0.914,-0.914,-0.773,-1.113,2.08,-0.551,0.468,-0.346,-0.914,-1.113,-0.914,2.08,2.08,2.08,2.08,-0.773,1.133,0.103,-0.346,-0.218,-1.113,-1.1302968687290598,1.119666389418611,-0.3559898946000083,-0.551,-1.0810145233542214,-0.23265561936185958,-0.18599541466300776,2.08,0.09299955451145013
-0.238,-0.81,-0.238,-0.013,-1.101,0.998,-1.101,0.349,-0.81,-1.101,0.115,1.252,-0.902,0.115,1.252,-0.902,-0.81,0.349,-0.013,-0.238,-0.088,-0.088,-0.088,-1.101,-0.013,-0.238,-0.013,-0.902,-0.238,0.998,-0.088,-0.902,-0.238,-0.238,1.252,0.998,-0.238,-0.013,-0.902,0.349,1.252,1.252,0.998,-1.101,-1.101,-0.088,-0.81,-0.238,-0.238,-0.013,-0.81,-0.238,-0.238,-0.25168075223621317,-0.24607519416353352,0.115,-1.101,0.349,-0.013,0.998,-1.1118778127400408,-0.222614505551152,1.252,-0.81,0.107008890037228,0.14544952459116112,-0.027608244197117222
-0.221,1.867,1.867,1.867,-0.988,0.827,-0.788,0.827,-0.221,0.827,1.867,0.827,-0.765,0.097,0.097,-0.27,-0.479,-0.765,0.097,-0.788,0.097,-0.38,0.097,0.827,1.867,-0.765,-0.479,-0.221,-0.988,1.867,-0.988,-0.27,0.097,-0.988,-0.38,-0.38,0.827,1.867,-0.788,0.827,0.827,-0.38,0.827,1.867,0.097,0.097,-0.221,0.097,-0.988,-0.24189887344632058,-0.27,1.867,-0.38,0.08393691088274913,1.8497419534056354,1.8706131032612003,1.8958967835590295,-0.9966677833970264,1.927769493006598,-0.765,0.11903834229595435,-0.479,-0.788
1.166,1.851,0.062,0.73,-0.065,0.062,-0.476,-0.065,-0.789,-0.294,1.166,1.851,-0.789,-0.68,-0.68,0.73,1.166,-0.789,1.851,-0.487,1.851,-0.476,-0.789,1.851,0.73,1.851,-0.487,0.73,-0.476,-0.68,1.166,-0.065,-0.476,-0.065,-0.487,-0.68,1.851,0.062,-0.476,-0.68,1.851,-0.68,-0.68,-0.065,-0.065,1.851,-0.68,1.166,-0.487,-0.68,1.851,-0.065,0.062,-0.49835588349423626,-0.789,-0.4736707604358698,-0.8016696637342922,-0.6942459688105171,0.73,-0.294,-0.07891121017309856,1.8397155948846393,-0.3085786312938352
-0.763,0.671,-0.763,0.602,0.671,-0.213,-1.176,-0.763,1.443,0.671,0.602,-0.647,-0.339,1.443,0.727,-1.176,0.602,1.443,-0.647,0.727,-0.339,-1.176,-0.339,1.443,-0.763,1.443,-0.339,1.443,-0.647,-0.213,-0.339,-1.176,-1.176,-0.901,-0.763,-0.901,-0.339,-0.763,-0.901,-1.176,-0.213,0.602,-0.901,-0.647,-0.213,-1.176,-0.339,-0.901,1.443,0.671,1.4227202940329073,-0.213,-0.647,0.6570239165620078,-0.224824497356852,0.602,-0.6639923444199407,-0.17162978026767892,-0.763,-0.339,-0.3545602241475572,0.5914108504229505,-0.9123826741163414,0.727,0.7088204835294546
-0.345,1.622,-0.345,-1.008,1.622,-0.345,-0.909,-0.345,1.622,2.122,-1.008,1.622,0.2,2.122,1.732,1.732,-0.611,-0.345,-0.345,0.2,1.622,-0.909,-0.909,-0.909,1.622,1.622,2.122,2.122,1.732,-1.008,-0.909,2.122,-1.008,2.122,2.122,-0.909,-0.909,1.732,-0.909,1.732,-1.008,-0.611,-0.909,1.622,-0.909,1.622,0.0,-0.909,-0.016249798781343083,0.014658445696086948,1.6033150451021774,-0.909,-0.9205575534121206,1.732,2.122,-0.611,0.04479291699413749,1.6351971128365614,2.108496404032149,-0.622765222320154,-1.008,-0.8771160629070387,-0.8433069295075626,2.1382654304200424,2.1566122285181466,-1.0188140288910907,-0.9822797904329424,-0.9208876622638074,-0.8831819864139588,-0.7844664865532038,-0.7382538323596086
2.058,1.474,-0.258,1.474,0.576,-1.114,0.504,-0.258,0.576,-0.861,0.033,0.504,0.735,-1.114,0.033,1.474,1.474,-0.861,0.504,2.058,0.576,0.576,-0.258,-1.114,0.735,0.033,-0.258,0.735,0.033,0.033,0.033,0.504,-1.114,2.058,-0.861,1.474,1.474,0.649,0.504,0.033,-1.114,2.058,-0.258,1.474,0.649,0.6318261361426356,0.504,0.576,0.033,2.058,-0.2678438833491646,0.6869647590107988,0.7176364178611939,-0.23077586797154545,0.5643870526990333,0.7641648935827929,0.6041461516768578,-0.861
-0.058,-1.367,-0.058,-0.956,-1.235,-1.367,0.821,-0.252,-0.727,-0.454,0.821,-0.956,0.821,0.821,-0.727,-0.956,0.821,-1.367,0.821,-1.235,-1.367,-1.235,-1.235,-0.058,-0.058,0.821,-0.956,-1.235,-0.058,-0.257,-1.367,-0.956,-1.367,-0.727,-0.058,-0.058,-0.024,-1.235,-1.235,-0.956,-0.454,-0.058,-1.367,0.821,-1.235,0.821,-1.367,-1.3857410010291111,-0.024,-1.235,-0.956,0.8101793800766123,-0.727,-0.9646951083791516,-0.058,0.8634980544981515,-0.257,-0.9299493585702024,-0.454,-0.2736692177781428
0.171,-0.739,-0.634,-0.449,1.683,0.434,0.215,1.773,0.434,-0.739,-0.739,1.683,1.683,1.773,1.773,0.162,0.215,-0.449,-0.589,-0.634,1.683,-0.739,-0.739,1.773,1.773,-0.449,1.773,0.215,1.773,0.162,-0.634,0.171,1.683,0.215,-0.589,0.215,0.215,0.434,1.773,-0.449,-0.449,0.215,1.683,-0.739,-0.634,0.162,0.14662046723176275,0.434,0.41608772839679387,1.773,0.45753079327948426,0.215,0.48273679785725554,0.5282186443312454,-0.449,0.20411716465832794,1.7578602606554,0.19736482894025245,0.23816728168370493
0.906,-1.265,-0.438,-0.053,-0.412,-0.438,-0.053,-0.747,-1.265,-1.265,0.906,-0.053,-1.265,1.482,-1.265,1.356,1.482,-0.053,-1.265,1.356,1.356,-1.265,-0.747,-0.747,1.356,0.906,-0.053,1.482,0.038,0.906,0.067,-0.053,0.067,-0.053,-0.053,-0.412,0.067,0.038,0.067,-1.265,1.482,-1.265,1.482,0.067,-0.412,-0.438,-0.747,-0.7648582145660763,1.356,-0.4275664453413803,1.3382517725014762,0.05583554171533288,-0.3712861884077951,1.3764592895691121,0.906,-0.7207364728691197,0.08334599042084317,-0.32585983558196935,-0.30049499129495416,1.3977945985929663,-0.2697471116445662,-0.6859516618032527,-0.053,-0.06685247954921118
-0.548,0.462,0.462,-0.689,-0.964,-1.449,0.462,-0.689,-1.449,-0.964,-0.964,-0.909,0.498,-0.548,0.498,-0.755,-0.755,0.462,-0.909,-0.755,-1.449,-1.449,-1.449,-1.449,0.498,0.498,-1.449,-0.964,-0.755,0.41,-0.755,0.498,-0.964,-1.449,-1.449,-0.964,-0.548,-0.755,0.362,-1.449,-0.755,-1.449,0.462,0.362,-0.909,-0.909,0.498,0.462,-0.689,-1.449,-1.449,0.462,0.41,0.498,-1.449,0.362,0.40017133870021165,-0.755,-0.689,-0.909,-0.548,-1.4573981829056493,-0.9207377190147894,-0.8901320982207619,-0.7005226991613844,-0.560900785072917,-1.450706636124652,0.462,-0.964,-0.8376743336150573
-0.781,-0.634,-0.604,-1.081,-0.837,-0.837,-0.786,1.268,-0.837,0.033,-0.837,-0.843,-0.843,1.268,-0.843,-0.837,-0.604,-0.634,-0.634,1.813,1.268,-1.081,0.033,-0.843,-0.786,-0.781,1.813,-1.081,1.268,-0.837,-0.837,-1.081,-1.081,-0.634,-0.837,-0.781,1.813,-0.843,-1.081,-0.837,1.268,-0.843,1.813,-0.604,-0.837,-0.786,-0.843,-0.781,1.268,-0.843,-1.081,-0.604,1.813,-0.634,1.797091438402291,-0.6450353140431396,-0.781,1.268,-0.837,1.8469533973854186,-0.8511548963009563,1.257367793594046,-1.081,-0.843,1.3135976422014932,-1.0933784397429775,-0.8016514928456355,1.8872474715889653,-0.7849595726604534
2.026,-0.694,-1.184,-1.135,-1.184,2.026,-1.184,2.026,-1.135,-1.135,2.026,2.026,-1.184,-1.184,0.712,-1.135,-0.694,-0.562,-1.135,-1.135,0.266,2.026,-0.562,-1.184,-0.694,2.026,0.192,0.266,-0.496,-1.184,-1.184,-1.135,-1.135,-0.694,-0.496,-1.184,-1.184,-0.496,0.192,2.026,0.712,-1.184,-0.496,-1.184,0.712,-0.562,-0.694,-0.7077045000161732,-0.6561462115283072,-0.5729993903672731,0.192,0.7006089899466805,-1.1990640186970931,0.17704402457199925,-1.1495202057309846,0.19001985290318618,-0.6022128079150646,-0.5805774559291179,-1.135
0.75,-1.083,0.752,1.14,-0.621,1.14,0.069,0.75,-1.083,0.75,0.75,0.75,0.069,-1.083,-0.209,1.14,-0.432,0.752,1.14,-0.432,-1.083,-0.209,-0.621,-0.209,1.14,-0.209,0.398,-1.083,-1.083,-1.083,1.14,0.069,1.14,0.72,0.75,-1.083,0.752,0.75,0.72,0.752,-0.621,-1.083,1.14,-1.083,1.1275427573595043,0.069,0.398,0.752,1.1776163626954492,-1.0905490520595262,-0.432,0.7401463273416249,-1.0716189648343624,-1.0247907941885182,-0.621,-0.209,0.3840238063293924,0.40292880314465707,0.7856970853132784,-0.22743149861366813,-0.44633594626037854,0.05851435015789697
-0.99,-0.99,-0.99,-0.85,-0.99,-1.37,-0.85,-0.85,2.298,-0.285,-1.095,0.096,-1.095,-0.953,-0.953,-1.095,0.096,-0.953,-0.99,2.298,-1.095,-0.953,-1.37,-1.095,2.298,-1.37,-0.833,-0.285,-0.85,-0.953,-0.285,-1.37,-1.37,-0.99,2.298,-1.37,-0.833,0.527,-1.095,-0.953,2.298,-0.85,-0.833,-0.285,-1.37,2.298,-0.833,2.298,-1.37,2.298,-0.953,-1.37,-0.85,-0.9647515482309224,-0.99,-1.095,-0.833,-0.9208892777526135,-0.9995275046034945,-0.8475261006844778,-0.8661176425118159
1.388,-0.355,-0.143,0.374,-0.355,-1.208,-0.598,-0.355,0.813,-0.598,0.813,0.374,-0.598,0.377,1.388,-1.208,0.377,0.374,0.813,0.915,-0.573,0.377,0.915,0.377,-0.598,0.915,-0.355,-0.598,0.374,-0.573,0.915,-0.598,-1.208,0.813,-1.208,-0.355,-1.208,-0.573,0.377,-1.208,-1.208,-0.355,-1.208,0.374,1.388,-1.208,1.388,1.388,0.377,0.915,0.377,1.388,0.377,-0.355,0.813,1.388,0.915,-0.598,0.813,-0.355,-0.573,0.377,-1.208,1.388,1.3690762674586425,1.4123016936476886,0.3654846732283977,-0.6091880456932267,0.801552865419526,-1.2247527832804506,0.8354679911647004,-0.580785572395623,-0.143,-0.5475608186284716
-0.791,-0.751,-0.065,0.585,0.585,0.585,0.585,-0.791,0.48,0.585,0.48,0.585,0.762,1.711,-0.065,0.762,0.48,0.585,-0.791,-0.065,0.762,1.711,-0.647,-0.647,0.48,1.711,0.762,0.585,-0.791,0.48,0.585,0.1,1.711,-0.065,0.585,0.762,-0.751,0.1,-0.647,-0.751,-0.065,0.762,-0.791,0.762,0.48,-0.065,0.1,1.711,1.711,-0.647,0.762,-0.751,0.48,-0.791,-0.647,-0.664522549154779,0.1,0.762,0.08663370742773459,0.585,-0.804121860400411,-0.7520254967670621
1.244,1.244,1.244,0.613,-0.788,0.613,-0.641,-0.8,0.442,-0.641,-0.788,1.039,0.613,0.613,-0.8,-0.639,-0.639,-0.8,-0.641,0.613,1.039,0.613,-0.788,0.492,0.442,-0.641,1.244,0.442,-0.641,-0.639,1.039,0.492,-0.788,-0.639,0.442,-0.641,-0.639,0.492,-0.8,0.613,-0.788,-0.641,0.613,0.613,-0.8,0.613,1.244,0.492,0.600312980831427,-0.639,1.039,1.0221629563508694,1.2354803454267023,1.2894257882349942,-0.6552290605768608,0.442,0.42072718139189696,1.3400225551184142,-0.788
-0.523,0.319,-0.494,0.125,0.877,-0.658,-0.313,-0.658,-0.313,-0.494,1.311,-0.313,0.877,-0.523,-0.523,-0.523,0.573,0.007,-0.494,0.319,0.573,-0.494,1.311,-0.494,0.007,-0.658,-0.313,1.311,0.573,-0.523,1.311,-0.523,-0.494,-0.523,-0.494,-0.523,-0.658,0.319,0.125,0.573,0.319,0.573,-0.494,1.311,0.125,0.11191031040034356,0.16245631545336656,0.877,0.319,0.007,0.3057211432384057,0.1924832023996727,-0.658,-0.523,0.3351077233841223,1.2986477036645214,-0.5308782207363246
0.502,0.108,0.108,1.278,0.738,0.015,1.278,1.278,-0.72,0.334,1.278,0.108,0.334,0.015,-0.594,-0.899,0.108,0.108,-0.868,0.502,-0.72,0.015,-0.868,1.278,0.108,-0.868,-0.899,0.108,-0.72,-0.594,-0.594,0.738,0.738,1.278,1.278,-0.72,-0.899,-0.868,1.278,1.278,0.738,1.278,0.502,-0.899,0.738,0.738,0.015,0.003906616154303988,1.278,0.108,-0.594,-0.72,0.334,-0.868,0.03101833145938432,-0.899,-0.8834316022937638,0.09487810739284286,-0.7321622116983487,0.3229812337870052,-0.8641110967863384,0.7257720841555333,-0.6065939270539611,-0.578324492890983
1.336,1.017,1.336,1.017,0.789,0.739,1.336,-0.957,1.336,0.789,-0.957,1.336,0.789,0.789,-0.957,0.789,0.789,0.739,1.336,-0.957,1.336,0.739,0.704,-0.507,-0.957,0.013,0.739,0.388,-0.507,0.739,0.704,0.443,-0.957,1.336,0.789,-0.507,0.704,0.739,0.789,-0.957,-0.957,1.336,0.388,1.336,0.013,-0.957,-0.957,0.789,-0.507,-0.957,-0.5255885935234095,-0.49975718929788426,0.013,0.388,0.443,0.37397300814633544,-0.4464233834545823,-0.9719716662139022,1.336,0.7760866831778541,-0.004683366289083972,0.739,0.7229512675555234,0.4305216099939955
-0.116,-0.487,-0.936,0.255,1.068,-0.708,1.068,0.897,1.068,0.897,-0.229,0.255,-0.116,-0.487,1.068,0.897,-0.708,-0.708,0.897,-0.936,0.78,-0.229,0.897,-0.229,-0.487,1.068,-0.936,-0.229,-0.229,-0.229,-0.936,0.78,0.544,0.255,-0.229,-0.708,0.897,-0.487,-0.116,0.544,-0.487,-0.487,-0.487,-0.229,0.78,-0.708,0.255,-0.116,-0.7152494734969298,-0.13597443852479973,0.2367171000203474,0.544,0.897,0.8765990884137896,1.068,0.27347345163996745,-0.229,-0.0780335866884687,-0.6620833719772863
-0.057,-0.057,-0.057,-0.057,1.18,-0.22,-0.661,-1.103,-0.057,-0.661,-1.103,-1.103,-0.661,-0.22,0.59,1.068,1.18,-0.661,-0.39,-0.39,0.482,0.59,-0.022,-0.22,0.59,1.18,-0.022,-0.057,-0.661,-0.22,-0.022,-0.661,-0.39,-0.22,-0.057,-0.057,-0.39,1.068,-0.057,-1.103,0.59,-0.022,1.18,0.59,1.18,0.482,-1.103,-0.22,1.068,-0.39,-0.057,-0.22,-0.661,1.18,1.1609202467588544,-0.3985802568678652,-0.6753805212035263,0.482,-0.06971296839191937,-0.018523980003148924,0.019535391714504927,-0.022,0.59
-1.157,-1.083,1.287,0.509,0.385,-1.03,-0.035,-1.157,-1.03,-1.157,1.287,-1.03,1.183,-1.083,1.183,1.287,-1.03,-1.157,-0.07,1.195,1.183,-1.03,1.195,0.385,0.385,-0.035,-0.035,-1.083,-1.083,-1.083,-1.157,0.385,-1.083,1.195,-0.07,-1.083,-0.07,1.195,1.183,1.195,-1.157,-0.07,-1.083,1.287,-1.03,-1.03,0.385,-0.07,-1.03,-0.035,-1.157,1.183,-1.0471447018781397,-0.08750223084166736,0.385,-1.083,-0.04068618778664476,1.1691879361188637,-1.1694341741537682,-1.1398756187652255,-0.015428333490354386,-1.0998834801071458,0.37083704918446947,-1.0998847694944094,-0.04675158458104438
0.749,2.102,-1.173,-1.173,1.39,1.39,-0.511,1.39,-0.148,-1.173,-0.978,-0.989,0.749,-1.015,2.102,-0.783,1.39,-1.173,2.102,0.749,-0.978,-1.015,-0.511,-0.978,-1.015,-0.783,-1.015,-1.173,-0.783,-1.173,2.102,-1.173,-0.783,-0.978,-1.173,-0.989,2.102,2.102,-0.511,-1.173,-1.015,-0.989,-0.989,1.39,-0.978,2.102,-0.989,2.102,-1.173,-1.015,-0.978,-0.783,-0.989,-1.173,-0.7967123850007555,-0.978,-1.1863573703900392,2.102,2.0768425403884874,2.0968542094589058,0.749,-0.511,-0.9848792445870443,2.113019508476588,-0.9468964466321999,-0.9208861241591223,-0.148,-0.7393821056008703,1.39,-0.7139507329085925,-0.1631431673236658
1.229,1.584,-1.375,0.52,1.584,1.043,1.584,0.52,1.229,0.52,1.115,1.043,-1.375,1.115,-0.075,1.043,-0.187,0.52,1.043,-0.421,1.115,1.043,-1.375,1.043,-0.075,-0.187,1.115,1.229,-1.375,1.115,0.52,-0.075,-1.375,-0.075,-1.375,-0.522,-1.375,-1.375,1.584,-0.522,1.115,-0.075,1.043,1.584,-0.187,1.229,1.584,1.043,1.043,1.584,1.043,-0.421,1.115,1.584,1.043,-0.421,-0.522,-0.4359160159100532,-1.375,1.5695359404626703,-0.075,1.229,1.2156169078124353,1.6148807067251216,-0.40285871194936757,-1.3847595606327683,-1.3540120169187821
-1.319,1.669,0.077,-0.243,0.994,0.994,0.994,1.669,0.994,0.077,-1.319,-1.027,-1.319,-0.243,0.077,-0.785,-0.281,0.077,0.077,-1.319,-1.027,0.792,-0.281,0.077,0.994,0.792,-1.319,-1.027,-1.319,-0.243,-0.785,0.792,0.077,-1.319,-0.243,-0.281,-0.785,0.994,0.077,-1.027,-1.319,-0.112,-0.785,-0.243,-1.027,-0.281,0.792,1.669,-1.319,1.669,0.994,0.994,0.792,-1.319,-0.281,0.077,-0.112,0.061229976711730694,-0.281,-0.785,-0.12848127441627477,0.792,-0.2940439928000678,0.7714135125160376,-1.319,0.08674014421128783,-0.243,-0.26299104059324857,-1.32850711009218,-1.027,-1.0447208051526793
-1.331,-0.194,-0.731,-1.117,1.535,0.082,-1.323,-1.323,-1.117,0.303,-1.273,-1.323,0.303,0.742,-0.194,1.535,-1.331,-1.273,0.742,-1.323,-0.731,0.742,-1.273,0.303,-1.273,-0.194,-1.323,-1.273,-0.194,-1.331,0.742,-1.331,-1.117,-1.323,-1.273,0.303,-1.323,-1.273,-0.194,-0.731,0.742,-0.731,-1.331,-1.273,-1.323,-0.731,0.082,-1.273,-1.331,1.535,-1.117,-1.273,-1.117,-1.331,0.082,-0.194,-1.273,-1.2985616217741438,0.742,0.06511171751648695,1.535,-1.323,-1.3350291976523447,-1.306264833619305,0.303,0.11770457297439374,-0.2046001179460858,0.28701502939790646,-0.731,-0.7495006686888366,1.5198710557372765,0.33562084578129553
-1.166,1.954,0.128,0.867,-1.166,0.09,1.604,1.954,1.954,-1.166,0.867,-0.275,-0.074,1.604,1.954,0.128,0.128,-0.906,-0.906,0.128,-0.906,-1.166,1.604,1.954,0.298,1.604,1.604,-0.906,-0.074,0.298,-0.275,-0.074,-0.074,0.128,0.298,-1.166,-0.906,1.604,-0.074,-1.166,1.604,1.954,1.604,0.09,1.604,-0.275,-0.074,-1.166,1.954,1.954,-1.166,1.604,0.298,-1.166,0.28686800747639374,0.867,0.09,0.8538694698532066,0.3226620778799994,-0.074,1.5918259246996533,0.128
-0.682,-0.38,0.07,1.065,1.065,1.69,-0.38,-0.183,-0.254,1.69,1.065,-1.209,-0.38,0.07,1.69,1.065,0.07,-1.209,0.07,1.065,1.69,-1.209,-0.452,-0.452,1.69,-0.254,-1.209,0.07,1.065,1.373,-0.682,1.065,-0.682,1.373,-0.254,-1.209,1.373,1.69,0.07,-1.209,-0.254,-0.38,1.69,1.065,-0.254,1.065,-0.682,-0.452,-0.254,-0.46477872536954457,1.373,-0.43153753177580134,-0.27013741434850674,-1.209,0.07,1.3604803034421107,0.0537548562933194,-1.2250315714833708,-0.22609561874170991,-0.3891193274699871,-0.682
0.688,-0.657,-0.781,0.688,1.049,-0.657,-0.657,-0.657,-1.046,1.309,-0.896,-0.449,-0.896,-0.657,-0.93,-0.93,-0.896,0.688,-0.896,-0.781,0.688,-0.896,0.186,-0.93,-0.781,1.309,1.309,-0.657,-0.657,-0.657,-1.046,-0.896,-0.93,-0.781,1.049,-1.046,-0.781,-1.046,0.186,-0.93,1.049,0.688,1.309,-0.449,-0.781,-1.046,0.688,-1.046,-0.449,1.309,1.049,-1.062204384509114,-0.46401058641151227,-0.657,-0.781,1.289360245432983,-0.7974913252775236,1.0378176489306552,-0.7677640418985086,-1.0397961494383647,0.6717404587435973,-0.7475696050693169,0.186,1.0782476747835068,-0.93,-1.0087134446450818,-0.9463457408189768
1.572,-0.661,2.278,2.278,2.278,2.278,0.861,-0.842,-0.608,-0.15,-0.15,-0.608,-0.608,1.285,1.572,2.278,-0.842,2.278,-0.734,1.572,0.861,-0.15,0.861,0.861,2.278,-0.842,-0.734,2.278,0.861,-0.608,-0.378,1.285,-0.608,0.861,-0.661,1.572,-0.661,-0.842,-0.378,-0.608,1.572,2.278,1.285,2.278,-0.608,1.285,0.861,2.278,-0.734,1.285,-0.608,-0.608,1.572,-0.15,-0.842,-0.661,-0.842,-0.8562928920724318,-0.608,2.278,1.572,0.861,1.5570278927232373,-0.621692239393943,-0.5916390975715178,-0.378,-0.6737411215221059,0.8470629167318532
-0.235,1.624,-0.359,-0.235,-0.235,-0.805,1.209,-0.1,0.805,1.624,0.951,-0.235,1.624,-0.359,0.419,0.951,-0.235,0.805,-0.872,-0.235,1.624,1.624,-0.235,1.624,-0.1,-0.872,1.209,-0.872,-0.1,-0.359,-0.805,-0.805,0.419,-0.1,-0.805,0.805,-0.235,-0.805,1.209,-0.235,0.805,1.624,-0.805,0.951,-0.1,0.419,-0.805,1.209,-0.872,-0.359,-0.359,1.209,-0.1,-0.359,-0.1,-0.11837129484269301,-0.872,0.951,1.209,0.9367653015286992,-0.8871925327519676,-0.36805249218386116,0.805,1.1980507674135552,1.624,-0.32103301097573866,1.2119218152203484,1.258561136995164,-0.2828736835692821,0.9559888118575812,-0.07741112660266852,-0.235,1.6120317542494058,-0.805
1.4,1.4,0.263,0.949,0.949,0.949,0.949,-1.288,0.145,0.949,0.263,-0.887,0.263,0.145,-0.887,-0.2,0.263,-1.288,-0.872,-1.288,1.4,0.263,0.145,1.722,-1.288,0.949,0.252,-1.288,0.263,1.722,0.949,0.949,0.949,-1.288,-0.887,1.4,-0.872,1.722,-0.872,0.263,-0.887,0.252,1.722,-1.288,-0.872,-0.887,0.949,-0.872,0.252,0.145,-0.872,0.263,-0.2,-0.887,-1.288,1.4,1.3864613559254664,0.25036827253871397,0.949,0.2735266145445949,0.133552042571874,1.722,-0.2098886179025536
1.248,-0.899,-0.914,1.562,1.248,1.241,1.241,0.912,0.864,0.864,0.912,-0.868,0.912,1.562,1.241,1.248,-0.868,1.562,-0.868,-0.914,1.562,-0.868,1.562,-0.899,1.241,0.912,-0.899,1.562,-0.449,-0.868,1.562,0.912,-0.868,-0.914,0.864,0.422,0.912,-0.449,-0.899,0.912,0.864,0.864,0.912,0.864,1.248,0.912,0.864,-0.899,-0.914,-0.899,0.422,-0.914,1.562,0.912,0.8991245023871866,-0.449,-0.868,-0.4647447296343237,-0.8831400478148759,-0.9251397047253931,-0.4288863385549778,1.545578741386293,-0.9103228865926613
1.13,-1.038,-0.966,-0.59,-0.966,1.198,1.198,1.211,2.662,-0.966,2.662,1.13,-0.966,-0.496,1.13,-0.496,-0.836,-0.836,2.662,1.198,-0.496,2.662,-0.836,2.662,-0.966,-1.038,-0.966,-0.966,0.201,2.662,-0.59,2.662,-0.836,0.201,-0.836,2.662,-0.966,-0.496,-0.496,-1.038,1.211,-1.038,-0.966,1.211,1.211,1.198,-1.038,2.662,1.198,2.662,2.662,2.662,-1.038,-0.966,1.211,-0.836,1.2019292957431833,1.2309410124004447,1.2529749826371341,-1.038,-1.0623304593683507,-0.496,-0.8478668955123564,-0.59,1.198,1.179355409505992,-0.9775318219806421,-0.7978667303799433,-1.0189026861318553,-0.5097314454849173,-0.9419423965578922,-0.7495908726160081
-0.778,-0.778,1.303,1.252,0.423,1.252,-1.029,0.746,0.256,-1.029,0.256,-0.778,0.746,1.303,0.112,0.746,-1.029,1.252,1.303,0.746,-0.786,-0.778,0.256,1.252,0.112,-1.029,-1.029,-0.778,-1.029,-0.786,-0.786,1.303,0.746,1.252,0.112,-0.786,0.112,0.746,0.746,0.746,0.256,-0.778,0.423,1.252,0.256,0.0,0.41388864411008985,0.746,0.24193505882142424,0.732643581591278,0.26697926638128605,-0.015394959767249722,1.240744323647862,0.7780868130986702,0.009915586595784166,-0.786
-0.691,0.591,0.753,1.854,0.753,1.854,0.753,-0.772,1.854,1.157,1.854,-0.313,1.157,-0.772,0.24,1.157,1.157,0.24,1.157,-0.313,0.591,1.854,-0.313,1.157,-0.772,0.255,-0.691,1.854,-0.691,-0.772,1.854,0.753,0.753,1.854,1.157,0.24,0.255,-0.691,-0.313,0.591,0.591,0.753,1.854,0.591,1.157,0.24,0.591,0.24,0.22676536712609585,-0.691,-0.772,1.157,0.5822140375400168,0.753,0.255,-0.6986233870660471,0.741747367002262,0.6366620808361863,1.854,1.836472857986783,-0.78230021128891,0.23621835089588356
1.831,-1.146,-1.049,-0.736,-0.736,-0.982,-0.982,-1.049,1.831,1.831,-1.146,-1.049,-1.049,-0.352,-0.293,0.574,-0.352,-0.352,-1.146,0.574,-0.352,1.831,0.107,-1.146,-1.146,1.831,0.797,1.831,0.797,0.107,0.797,0.797,-0.293,-0.982,-0.293,-1.049,0.107,-1.146,0.107,-0.736,-1.049,-0.736,-0.293,1.831,0.107,-0.982,-0.352,-1.146,-0.293,0.574,1.831,-1.146,-0.736,0.797,-0.352,-0.293,-0.982,-0.744877932644369,0.107,0.574,1.831,0.78182865540733,-0.3675527646410954,1.812944373496602
-0.617,0.178,-1.028,-1.028,-0.442,-1.192,-0.689,-1.028,-0.959,-0.959,-0.689,-1.192,-0.026,-0.617,0.178,-1.028,-1.192,1.463,-1.028,-0.026,-1.192,-0.366,-0.442,-0.959,1.463,-0.442,-1.028,-0.959,-0.689,-0.689,-1.192,-0.442,-0.442,-1.028,-0.617,1.463,-0.442,-1.192,-0.442,-0.689,-0.366,-0.442,-1.028,1.463,-0.026,-1.028,-0.689,-0.959,0.178,-0.442,-0.959,-0.9748492438141582,-0.689,-0.708506235539599,0.178,1.463,-0.4577376066012913,-0.026,0.16678364529655132,-0.9317538810852259,0.19533138717810888,-0.03981999535582678,-0.6783616021202235,-1.028,0.21616473457811367,-1.192,-0.008924187244174596
0.922,0.922,0.606,1.09,1.785,-0.964,1.225,1.785,-0.815,-0.964,1.09,1.225,-0.241,1.785,-0.964,1.684,0.922,1.684,1.09,1.09,0.606,-0.815,-0.964,1.684,-0.815,1.785,1.225,-0.815,1.225,1.785,-0.604,1.684,1.684,-0.604,-0.815,1.785,-0.241,-0.964,-0.815,-0.604,-0.241,0.606,-0.241,1.225,-0.964,0.5908803071176513,1.09,0.922,1.2149898196215363,-0.604,1.0784076029022565,-0.2551249883285745,-0.2004044114801333,1.1152930401740906,0.6428047005895768,0.9134050800389781,0.6947436337226953,-0.815
-0.28,-1.208,-0.28,-0.171,0.243,1.398,0.812,-0.581,0.708,-0.171,0.708,0.708,-1.063,-0.171,-1.208,-0.581,0.243,-0.28,-1.063,1.398,1.398,-1.063,-1.208,-0.572,0.708,1.398,-0.572,-1.208,-0.572,-1.208,-1.063,-0.572,-0.171,0.812,0.812,-0.572,-1.208,0.243,-1.063,-1.063,-1.063,0.243,-1.208,-0.28,0.243,-1.208,1.398,-0.572,-1.063,0.812,0.7951788366149125,0.243,-0.572,-1.063,-0.28,0.708,1.398,1.3774310248143273,-0.5853187215132625,-1.208,0.8379259461373988,-0.5498449641099318,-0.171,-0.1845637407453165
1.669,-0.494,-1.119,-1.03,-0.551,-1.03,-1.03,-1.119,-1.119,0.083,-0.33,-0.291,1.669,-1.119,1.036,1.102,-1.03,-0.291,-0.291,-0.494,-0.33,1.669,1.669,-1.119,-0.33,-0.551,-0.291,-1.119,1.036,0.083,-1.03,-0.494,-0.33,-0.33,-1.03,-0.494,1.036,1.669,1.102,0.083,1.669,0.083,1.669,-0.494,-1.03,-0.33,-1.119,-0.494,-0.33,-0.494,-1.119,-0.551,1.669,-1.03,-1.119,-1.1372358545936656,0.083,0.061683819597965955,-0.33,-0.494,1.036,0.08283661970560587,-1.132336458897526,-1.1016582161934294,-0.551,0.13182532772836275,1.669,-0.5605332606264591,-0.291,1.102,-0.5051534872045069,-0.4767760574962018,1.024620553138132
0.482,1.369,0.482,2.483,0.924,0.482,-0.786,2.483,2.483,0.918,-0.406,0.63,-0.786,-0.786,1.369,0.918,2.483,-0.442,-0.406,2.483,-0.406,1.369,-0.406,0.482,1.369,2.483,-0.427,2.483,-0.786,-0.406,-0.786,2.483,1.369,2.483,0.924,0.63,0.482,-0.406,-0.406,-0.786,0.918,2.483,0.482,2.483,-0.786,2.483,1.369,-0.406,2.483,-0.406,2.483,-0.786,2.4650356882868105,1.369,0.924,2.5138647119186195,0.482,0.46025070359666553,-0.442,-0.42228586657897416,2.540307066849124,2.5648444515399356,-0.7986818509773073,0.9096461630752872,-0.4556943583359774,-0.3859803398458234
-0.408,0.441,-0.736,0.441,-0.943,-0.408,-0.562,-0.562,-0.943,0.441,-0.943,-0.408,-0.562,-0.885,0.441,-0.899,-0.429,-0.885,0.441,-0.28,-0.736,-0.736,-0.943,-0.408,-0.943,0.441,-0.899,-0.28,-0.562,-0.943,0.586,-0.943,-0.28,0.586,-0.943,-0.736,-0.28,-0.943,-0.28,-0.899,0.586,0.586,-0.429,-0.899,-0.885,-0.28,-0.28,0.441,-0.408,-0.408,-0.28,-0.736,-0.943,-0.562,-0.885,0.441,-0.5768681127500439,0.4293239841999919,-0.7453587151443111,-0.900779590024898,-0.8677708157926338,-0.9554212924528993,-0.6950186767634521,-0.429,0.586,-0.6417431113021009,-0.5354673339790642
0.941,2.104,2.104,-0.275,2.104,-0.748,-1.001,0.173,2.104,-0.947,-1.001,0.732,0.173,0.732,-0.947,-1.001,-0.206,0.173,-1.001,0.941,0.941,-0.206,0.173,-0.206,0.173,-0.947,-1.001,-0.275,2.104,0.732,0.941,-0.748,-0.206,2.104,-0.947,-1.001,0.941,-0.748,0.173,-0.275,2.104,-0.293,-0.206,-0.275,-0.206,2.104,2.104,-0.206,0.941,0.173,0.15630656060699125,0.9250287250302981,-0.293,-0.275,0.9525814740155025,-0.2858332090099517,0.732,-1.001,-1.0267408890679308,0.18257197710880918,-0.30207629808703607,-1.012895911115533,-0.947,-0.9866339326633131,0.7232853498726434,-0.748
-1.103,0.685,0.685,0.104,-1.103,0.917,-0.44,-0.646,-0.565,-0.611,-1.103,-0.565,-0.565,-0.892,1.87,-1.103,-1.103,-0.44,-0.611,-0.646,-0.892,-0.611,1.87,0.685,1.87,0.685,-0.611,-0.892,-0.892,0.104,-0.44,0.685,-1.103,0.685,-0.646,-1.103,0.685,-0.611,-0.565,-0.611,0.917,-0.565,-0.5770089517304877,-0.569235654839028,-0.44,-0.549066011103329,0.917,-1.103,-0.646,-0.611,0.685,-0.5200032760390301,1.87,0.104,-0.892,1.8575679709442026,-0.6555308353077466
2.078,-0.034,-0.994,1.303,-0.168,-0.933,-0.933,-0.994,1.319,1.303,-0.074,-0.573,-0.074,-0.933,-0.034,-0.994,1.303,-0.086,-0.074,1.319,-0.573,-0.994,-0.933,1.303,2.078,-0.573,-0.034,2.078,-0.573,-0.933,1.319,1.303,-0.573,-0.933,1.303,-0.168,-0.086,-0.573,1.319,1.303,-0.034,2.078,-0.168,-0.168,-0.573,-0.994,-0.933,2.078,-0.933,-0.168,-0.086,-0.18161386578976188,1.319,-0.10115556382015203,-0.13301970381228792,-0.074,-0.048273067115659304,-0.034,-0.9426716131788987,-0.05229925378405892,1.303,-0.08541808214063698,-0.00348841479532728,-0.01780433787570313,1.3045193959351447
2.049,1.937,-0.699,1.937,1.937,-0.162,2.049,1.937,-1.043,-0.593,1.937,-0.699,2.049,2.049,2.049,0.779,-0.699,-1.043,-0.162,-0.162,1.937,1.937,2.049,0.779,2.049,-1.043,2.049,-0.699,-0.593,-0.699,-0.699,-0.162,-0.699,-0.645,0.337,2.049,-0.645,0.779,-1.043,0.337,-0.162,-0.645,0.036,-0.162,0.779,0.779,0.779,-0.593,2.049,0.036,-0.593,0.337,-0.6072339743704462,-0.5828391709492672,1.937,2.049,0.779,0.3235364655085988,0.3728593935767272,-0.162,-0.546000052390871,2.0372413928424846,0.7642900624035851,-0.17415735919789915,1.922259980031054,-0.1257082196449338,0.036,1.9702421739570912,-0.699,2.0113735530651837,0.016022514607153527,0.7899660368227407
-1.216,-0.728,-1.216,0.593,-0.865,-0.997,0.351,-0.053,-0.865,-0.865,-0.62,-0.728,0.593,0.593,-0.62,0.558,-0.997,0.558,-0.053,-1.216,-0.62,-0.62,-0.997,-1.216,0.351,-1.216,-0.493,-0.865,0.558,0.558,-1.216,0.593,0.558,-0.997,-0.053,-0.997,0.351,0.593,-1.216,-1.216,-1.216,-0.62,-1.216,-0.62,-0.493,0.593,-0.053,-0.997,0.593,0.593,-1.216,-0.493,-0.053,-0.493,0.593,-0.997,-0.493,-0.728,0.351,-0.865,-0.053,-0.997,-0.06293844804975127,-0.493,-0.02662437946548007,0.558,-0.728,0.351,0.593,0.5410780616916288,0.3383496515553675,-0.865
-0.784,1.189,1.189,-0.8,-1.35,-0.214,0.721,-1.35,1.189,-0.8,-1.35,-0.757,-0.86,-0.8,-0.86,-0.911,0.672,-0.757,-1.35,-0.784,-0.911,-0.784,-0.8,0.672,-0.86,-0.911,0.672,-1.35,-0.757,-0.86,0.672,-0.911,-1.35,0.721,0.721,0.672,-0.214,0.721,-1.35,-0.86,-0.911,-0.784,-1.35,-0.8,-0.214,-0.2351889588906465,-0.21078941656082972,-0.784,-0.7938260982153075,0.721,-0.8119304247710899,-0.18481832560951486,-0.7775512240331582,-0.15505125030014194,-1.363563395749,-0.11318493306571208,-0.757,0.7052424759443349
-0.152,0.43,-0.152,0.825,-1.335,-0.541,-0.152,0.617,-1.335,-0.152,0.617,-0.152,-0.308,0.425,-0.308,0.843,-1.335,0.825,-1.335,-0.308,-0.152,0.843,-0.308,0.425,-0.308,-1.335,-0.084,0.617,-0.541,-1.335,-0.308,-0.152,-0.541,0.43,-1.335,0.43,-0.152,-0.152,0.43,-1.335,-0.308,0.43,-0.152,0.425,-0.308,-0.084,-1.335,0.43,-0.31987618119710226,0.617,0.825,-0.152,-0.2924692615501114,-0.541,0.843,-0.10049548027911107,0.8140220133369847,0.8446243739515825,-0.2599280488173097
-0.731,1.602,-0.541,1.875,0.724,1.602,1.105,1.105,1.875,-0.738,-0.541,0.724,0.724,0.724,-0.731,-0.731,0.724,1.602,-0.031,-0.738,0.724,-0.2,1.875,-0.738,1.602,1.875,-0.731,1.602,1.875,-0.738,0.405,1.875,1.105,1.602,1.602,-0.738,-0.2,-0.738,-0.731,-0.541,1.875,0.724,1.105,-0.738,1.875,0.724,0.405,-0.031,0.39187681172202293,-0.731,0.7141996929841168,-0.7518918976685091,1.8665115844637803,1.602,-0.2,-0.04311674859933413,0.7545666054130351
0.704,1.72,1.446,0.704,0.704,0.704,-0.189,0.704,-0.633,1.446,1.446,-1.264,0.445,-1.264,-0.189,-0.633,-1.264,-0.009,-1.264,-1.264,0.704,1.72,-0.633,-0.633,1.72,1.446,1.446,1.446,-0.161,1.446,-0.161,-1.264,-0.189,0.704,-0.226,-0.633,-0.633,-1.264,-0.189,1.446,-0.633,-0.189,1.446,1.72,1.72,1.446,-1.264,-0.226,-0.161,-0.226,-0.161,-0.009,-0.633,1.72,0.445,1.446,1.4296869507772878,-1.264,-0.02655962098515554,-0.189,1.7107161146101446,-0.6446029619835195,-0.6120166483922677,-0.5696871570270018
-1.047,-0.587,-1.009,-1.009,-0.294,-0.689,1.5,1.5,-1.047,1.5,1.5,1.422,0.441,1.5,-1.009,-0.294,0.441,1.211,-0.587,-0.587,1.422,-1.009,1.211,-1.047,-1.047,1.211,0.441,0.441,-0.587,1.5,-1.009,-0.491,1.422,1.5,1.422,-0.689,1.422,1.5,1.5,-0.689,-1.009,1.422,-0.491,-1.009,-1.009,-1.047,-0.689,1.211,1.1959527071095055,1.422,1.3995009528083162,-0.294,0.441,1.5,-1.047,-0.587,-1.0597037629316224,1.244393453315067,1.2886826624985463,-1.0164239148262078,-0.491,1.4866443550084565
0.709,-0.958,-0.908,-0.958,-0.531,0.127,-0.958,-0.958,0.709,0.626,0.127,0.709,-0.908,0.127,0.709,0.709,-0.958,-0.14,-0.14,-0.908,0.626,-0.531,0.709,-0.531,-0.531,0.621,0.626,-0.531,-0.908,-0.908,-0.908,0.127,-0.316,-0.14,-0.958,0.359,-0.958,-0.14,-0.908,0.127,-0.958,-0.316,-0.14,-0.14,0.709,0.359,0.127,-0.908,0.127,-0.9226541071087814,0.359,-0.14,-0.958,0.34099326754129206,0.626,-0.531,0.709,-0.9666971373728573,-0.15249137922804312,0.6102562964242654,-0.5458953647037686,-0.93102134430268,-0.11597669569023511,-0.08007770088076197,0.635384608581843,-0.06721258664338171,-0.9197988437271989
-0.198,0.781,-0.454,-0.297,-0.722,-0.297,0.781,1.126,-0.297,-0.454,1.126,1.791,1.126,1.791,-0.722,-0.722,-0.297,0.781,-0.01,-0.755,1.126,0.781,0.781,-0.454,1.791,-0.01,1.791,1.791,-0.722,1.791,1.791,-0.755,-0.454,1.791,-0.722,-0.755,-0.198,0.781,-0.01,1.791,-0.01,-0.01,0.781,-0.454,0.781,1.126,1.791,-0.722,-0.755,-0.454,-0.454,-0.46811211187804835,-0.198,-0.722,1.126,-0.01,-0.21403493149511613,0.781,0.760233051344362,-0.755,-0.1757435247799757,-0.722,-0.14163596269897033,-0.42949765787848576,-0.3933939854433358,1.1103322287684176,1.1522909227676992
-0.766,1.046,-0.883,-0.445,1.882,-0.445,1.882,-0.853,-0.853,-0.766,0.054,1.882,-0.445,-0.445,1.882,-0.199,-0.4,0.054,1.079,1.046,1.046,-0.766,-0.853,-0.883,-0.853,-0.766,1.882,-0.445,1.882,-0.853,-0.883,1.079,1.046,-0.883,-0.445,-0.4,-0.445,-0.853,1.079,-0.445,-0.883,1.046,-0.4,-0.199,0.054,-0.853,-0.4,-0.4,-0.199,-0.199,1.882,1.046,-0.4,1.865667076119366,-0.883,-0.853,-0.21343126800603682,-0.8702272366667043,0.054,-0.8336085201729233,1.0329769501879422,1.079,-0.8024905561857256,-0.7794938609712326,-0.4080375646866421,1.8885177734882441
-0.565,-0.81,1.119,-0.34,0.177,-0.565,-0.81,-0.997,1.542,-1.104,-0.524,-0.565,-0.565,-0.565,-0.565,1.119,1.542,-0.34,-0.524,-1.104,0.177,0.368,1.542,0.368,-1.104,-0.81,1.542,-0.997,-0.524,-0.81,1.542,0.368,-0.81,-1.104,-0.34,-0.81,0.368,0.368,-0.565,-0.34,-0.524,-0.997,-0.997,-0.565,-0.81,-1.104,-0.997,-0.81,1.119,0.177,-0.524,-1.104,0.368,-1.1209201829288518,-0.8202998045420835,-1.0838591177084635,-0.7862530296690091,1.1129841182038827,1.542,-0.5342801182830743,-1.0654535573654205
-0.665,0.101,0.05,-0.723,-0.219,0.039,1.635,-0.273,-0.273,1.635,-0.665,-0.006,0.05,-0.219,-0.219,-0.273,0.101,0.039,0.05,0.05,-0.006,-0.273,-0.006,-0.665,0.039,1.465,1.635,1.465,-0.723,-0.665,-0.723,0.101,-0.006,-0.006,-0.006,1.465,1.635,0.039,-0.006,0.039,-0.723,1.465,1.635,-0.273,-0.219,-0.219,1.635,0.039,0.02200424331262251,-0.219,0.05683615144352855,-0.24115152897507983,-0.19469461301373622,1.465,-0.665,0.101,0.05,0.08152499420095113,1.635,0.03643871234540556,0.08903042302597633
2.143,2.143,-0.642,1.187,1.194,1.187,0.364,0.364,0.364,-0.642,0.936,1.194,0.364,-0.904,2.143,-0.435,-0.642,0.936,2.143,-0.904,-0.642,0.364,0.364,-0.904,-0.642,0.363,0.363,1.187,1.194,0.364,-0.642,-0.435,0.364,2.143,0.735,1.194,-0.642,1.187,-0.904,-0.642,2.143,1.194,-0.904,-0.642,-0.642,1.194,1.194,2.143,-0.435,0.735,1.194,-0.904,1.187,0.936,1.177511099354112,-0.642,2.143,-0.6547950231130524,0.735,2.1259097867602077,-0.6249376981740287,0.7195068954914486,0.7524119665510792,-0.9194093122976464,0.9189717697034291,0.364,-0.8933616788102644,0.7854255308489067,2.178050797165144,0.363,1.194,1.1772521282937845
1.021,1.151,1.151,1.021,1.068,-0.973,1.482,1.151,1.068,-0.973,1.068,0.76,-0.623,0.76,0.76,1.482,0.016,-0.736,-0.736,0.016,1.021,-0.973,0.016,1.482,-0.979,1.068,-0.736,-0.979,-0.973,-0.979,1.482,1.068,-0.973,-0.973,1.068,0.016,0.016,-0.979,-0.623,1.151,1.151,0.016,1.151,0.016,-0.979,0.76,1.482,-0.973,-0.973,-0.979,-1.0002024963543927,1.151,0.016,1.1386146559768389,1.1749957961939301,-0.973,-0.9871321360415887,-0.736,1.068,-0.9459265174282537,1.021,0.76,-0.9718723587583477,-0.9084181421843819,0.7470808097773212,-0.9021754080375095,-0.9285043952870512,-0.8787231529588323,0.7890261109112695
0.239,-0.966,-0.26,1.429,-0.598,-0.966,0.477,-0.26,0.079,-0.598,1.061,1.061,0.239,1.061,2.11,2.11,2.11,0.239,2.11,0.079,-0.966,2.11,0.239,0.477,2.11,2.11,0.477,0.079,-0.26,0.477,2.11,1.138,0.239,2.11,0.079,1.138,2.11,0.239,-0.26,1.138,0.079,0.239,0.079,1.138,0.477,0.239,1.429,1.429,-0.26,-0.966,0.239,-0.966,0.22407003501024955,0.477,1.429,2.11,-0.9767448455157249,-0.26,2.0968644906206757,2.139448476282644,1.138,-0.9331253720881596,2.1922334834156625,1.4149242895639627,0.463925670861651,-0.598
-0.809,0.826,2.088,1.787,-1.187,-1.014,-1.078,-0.193,-1.187,0.159,0.282,2.088,-1.078,0.282,-0.193,-1.014,1.787,-1.187,0.826,-1.078,-1.187,-1.078,1.787,-1.014,1.787,-0.809,-1.078,0.159,-1.078,1.787,1.787,-0.193,-1.014,-1.078,-1.187,2.088,-1.078,0.159,0.826,-0.809,-1.187,2.088,1.787,2.088,-1.187,-1.078,-1.014,2.088,-1.014,-1.078,0.159,-1.187,2.088,1.787,-0.809,-1.2009036724714595,-1.014,-1.1782454847986616,-0.193,-1.0282086982430136,-1.078,-1.1262010176869244,-0.2063727853418545,-0.8202254782436628,-0.1562372057225675,-0.7735787979546886
-0.852,0.115,-0.566,-1.115,-0.871,-1.115,0.115,-0.871,-0.587,-0.566,-0.852,-0.587,-0.299,-0.852,0.409,-0.566,0.482,-0.526,-0.526,-0.299,-0.852,0.409,-0.526,-0.587,-1.115,-0.587,-1.115,-0.526,-0.871,-0.566,0.115,-1.115,-1.115,-0.526,-0.852,-0.852,0.115,-0.299,-0.566,-0.852,-0.526,-0.526,-1.115,-0.871,-0.587,0.115,-1.115,-0.871,0.115,-1.1259713066423362,-0.8896287781762058,-0.566,0.102226781430244,-0.5859441939746621,-0.8663634061964979,-0.8232154975082748,-1.068982725270842,-0.299,-0.587,0.482,-0.852,-0.31436214679981617,-0.526,-1.0436620465901933
0.163,-0.687,-0.267,-0.741,0.152,0.274,-0.68,0.152,0.034,0.152,-0.68,-0.68,-0.68,0.152,-1.275,0.152,0.152,0.274,-0.68,-1.275,0.163,0.274,0.163,-0.687,-0.741,-0.362,-1.275,0.152,0.163,-0.362,-0.68,0.274,-0.68,-1.275,0.163,0.152,0.274,-0.68,0.152,0.274,0.152,-0.741,0.034,-0.741,-0.362,0.152,-1.275,0.274,-1.275,0.034,-1.275,0.274,-1.275,-1.2913665159966108,-1.2744222474450757,0.163,0.14783912436365854,0.034,-0.362,-1.2466895686280934,0.152,-0.741,-0.68
1.652,-0.183,-0.783,0.24,-0.433,-1.291,-0.783,-0.969,-0.433,-0.433,0.24,-0.433,1.652,-0.969,-0.969,1.511,0.24,-0.183,-0.969,-0.783,1.652,1.652,-0.42,-1.291,0.674,-1.291,0.24,-0.969,-0.969,1.652,1.652,-1.291,1.511,1.511,-0.183,-0.183,-0.783,-1.291,-0.433,-1.291,0.674,-0.783,-0.183,1.511,0.674,-0.783,1.652,1.652,1.511,-0.969,-0.433,-1.291,-0.969,-0.969,-1.291,0.24,-0.42,0.24,-0.4294549594192798,-0.783,-1.291,0.2280196280005028,1.511,1.4937788235909097,-0.433,-0.4116481937290586,-0.183,1.526322917505558,1.5608126228628845,-0.969,-0.1960290066938066,0.674,-1.3094431984043793,-0.9834928031775712,1.6123657550238335
1.16,-0.916,-0.296,0.148,1.467,1.008,1.628,-0.852,1.16,1.607,1.628,1.628,-0.916,1.16,1.467,0.148,-0.852,0.449,1.467,0.148,1.467,-0.852,1.16,1.607,1.16,-0.916,-0.916,1.008,1.008,0.148,1.607,-0.852,1.16,1.467,-0.852,-0.296,-0.296,-0.296,-0.916,1.16,1.628,1.16,1.467,1.467,-0.852,1.628,1.467,1.16,1.4501783342534,1.628,1.6056383968879167,-0.916,1.1449084515688785,1.008,1.633218082888795,0.9977699256422924,1.6520430466608078,-0.296,1.0315790352229637,1.607,-0.9270242455838508,1.4835614953131158,1.6876840135930076
-0.89,-0.271,0.405,-0.734,-1.122,-0.28,0.074,0.273,0.074,0.074,-0.233,-0.271,-1.122,0.074,0.273,-1.122,-0.28,0.273,0.074,-1.122,-0.28,-0.89,-0.89,-0.28,-0.233,-0.098,-1.122,-0.271,-0.89,-0.28,-1.122,0.405,-0.734,0.074,-0.734,-0.233,-1.122,-0.89,-0.271,0.405,-1.122,-0.233,0.074,-1.122,0.405,-0.271,0.074,-0.734,-0.28437835010123524,-0.233,0.06078400164945135,-0.098,0.405,-1.122,-0.7484852687048205,0.273,-0.700521641797737,-0.89,0.1094178951019868,-1.1366290277161284,-0.28,0.39395993862011847
-0.969,-0.885,-0.947,-0.969,-0.323,-0.947,-0.947,-0.323,1.607,1.607,0.364,-0.587,-0.991,-0.969,1.607,0.065,-0.991,-0.587,-0.947,0.364,0.065,-0.885,-0.323,-0.885,1.607,0.364,-0.744,-0.969,1.607,-0.991,0.364,-0.744,-0.744,-0.969,-0.323,0.065,-0.991,-0.947,0.364,-0.969,-0.885,-0.587,-0.991,1.607,-0.744,-0.587,-0.885,-0.323,-0.3386493810869859,0.065,-0.298694603225097,-0.8990883560226248,0.06071055555570895,-0.587,-0.262956325785372,-0.991,0.0679961322546904,-0.947
-1.036,1.546,0.118,1.253,-0.365,1.533,1.546,-1.036,1.546,1.533,-1.036,0.118,-0.365,-0.91,-0.91,1.546,1.546,1.253,1.546,-0.286,1.533,-0.783,1.533,1.253,0.118,-0.365,-1.036,1.533,-0.286,1.533,-1.036,1.533,1.253,0.118,-0.783,1.546,0.118,-0.365,-1.036,0.118,1.533,-0.783,1.253,-0.783,0.118,-0.286,1.533,-0.783,1.533,1.253,-0.286,1.253,-0.365,-0.021,-0.91,1.253,-0.286,0.118,1.546,0.1024544236017781,1.533,1.5286560801348612,-0.29855104235823143,-0.91,-0.9273311385026448,1.5728269938578376,1.611774086874711,1.253,1.520416627341331,1.551025728603612,0.1409975111163365,1.6553082079585129,-1.036
1.066,-1.075,-1.075,-0.927,0.724,-0.927,0.724,-0.767,0.538,0.724,0.538,-0.944,-0.143,0.724,1.066,0.538,-0.944,1.293,-0.143,0.538,-0.944,-0.143,-0.143,0.538,1.066,-0.927,1.066,-0.944,-0.143,-0.767,1.293,-1.075,1.066,-0.767,-0.767,1.293,-1.075,-0.944,0.538,-0.927,1.066,-0.698,1.293,0.538,-0.927,1.293,1.293,-1.075,-0.767,-0.698,0.724,1.066,0.724,-0.927,-1.075,-0.927,1.293,-1.075,0.724,-0.143,-0.15111098315169838,1.066,-0.12269712248674666,0.713142396834521,0.744931661054367,1.2824274634938058,-1.086618780053155,0.771787013533413,-0.927,0.538,1.0497560642148889,-0.08169363973979166,-0.698,0.5258127513543553
-0.317,-0.024,-1.06,-0.113,1.38,-1.043,-1.06,1.421,-1.043,-0.113,-1.06,-1.043,1.421,-0.8,-1.043,0.186,1.421,-0.113,-0.024,-0.8,-0.8,-1.06,-0.8,1.38,1.421,0.186,1.38,1.38,-1.06,-0.317,-0.024,-1.043,1.421,-0.024,0.13,-0.024,-1.06,-0.113,0.13,1.421,-1.043,-0.024,-0.317,-0.317,1.38,-0.317,-0.317,1.38,-1.06,0.13,-0.8,-0.8070377458393769,-1.0761371981967573,-0.113,-0.779302848739659,-0.317,-1.031416568370037,-0.12275531142209892,-1.043
-1.114,0.658,1.619,-0.776,1.619,-0.776,1.413,1.619,-0.778,-0.69,-0.776,-1.114,0.521,1.081,-1.114,1.619,-0.778,-1.114,0.521,1.413,1.081,0.658,-0.69,0.793,-1.114,1.619,0.793,-0.69,1.081,0.521,0.793,1.619,0.521,0.658,-0.776,-1.114,1.413,0.793,-1.114,-0.778,0.521,-0.778,0.793,1.413,0.793,0.521,0.658,0.639807338540076,0.506105611015124,-0.776,0.6832210966408356,0.5412450592920501,-0.791900658672152,0.563131985801433,-0.778,-0.7490069867368705,1.413,0.793,-0.7199897193327124,0.7836138533137439,0.6032853394072561
-1.05,0.521,0.788,-0.737,0.521,-0.737,0.521,-0.737,-1.05,-0.2,-1.05,-0.129,-0.702,0.464,0.521,0.521,0.521,0.464,1.194,1.194,0.788,0.256,0.464,-0.737,-0.737,0.464,0.464,-0.737,-0.129,-1.05,-0.129,-1.05,1.194,0.464,0.788,0.788,0.464,-1.05,1.194,-1.05,-1.05,-0.737,0.464,-0.129,0.521,-0.702,0.788,0.464,0.256,1.194,-0.702,-1.05,-0.737,1.194,0.521,0.788,-1.0661044028855915,-0.702,-0.7150838903035088,-1.036003835097254,0.7731430911941636,-1.0036377266079344,0.464,0.44508496418227894
1.177,-1.192,-1.146,-0.578,-0.671,-0.578,-1.059,-1.146,-1.41,-1.41,-1.41,-1.192,1.177,-1.059,-1.146,1.148,-1.41,1.148,-1.059,1.148,-0.671,-1.192,-1.41,-1.192,-1.146,-1.192,-1.192,1.177,-1.059,-1.059,-0.578,0.114,0.061,-1.146,-1.192,-1.41,-1.146,-1.146,-1.192,-1.146,-1.192,-1.059,-1.192,0.061,1.148,-1.192,-1.41,-1.146,1.148,0.114,1.177,0.114,-1.059,1.148,-0.578,-0.6002843828472649,-1.146,0.061,-1.192,-1.2092355629265554,0.114,-1.1541876639929465,-1.1588036801806554,-1.119592178965964,-1.12090385004204,-0.671,-1.068022347422712,1.135186334309927,1.169562043137548,0.050157030989743896,1.177
0.609,-0.443,0.609,0.609,-0.443,-0.443,-1.246,-1.246,-0.443,-0.714,-1.246,-1.081,-1.081,-1.081,0.35,-0.878,-0.749,0.111,-1.246,-0.754,-1.081,-1.246,-0.754,-0.878,0.35,-0.754,0.609,-0.754,0.609,0.35,0.609,0.111,-1.246,-0.754,-1.081,-0.878,0.609,0.609,0.111,-0.878,-0.749,-0.443,-0.443,-0.714,-0.749,-1.081,-0.749,0.609,-1.246,-0.714,-0.754,-0.714,-0.443,0.35,-1.081,-1.246,-0.714,-0.7341302907656144,0.609,-0.7008977899375104,-0.6698456880824837,-0.4542321578005508,0.33860547473984576,-0.749,-0.7661483320266963,0.5975554383234297,-0.7218734158950504
0.866,1.282,-1.016,1.282,0.573,1.049,-0.295,1.282,-0.665,-1.016,0.866,1.282,0.166,-1.262,-0.295,-1.262,-1.262,-1.262,0.573,0.866,-1.016,0.166,0.573,-1.016,0.573,1.049,-1.262,-1.262,-1.262,-0.745,0.866,0.573,-1.262,-0.745,-0.745,-1.016,1.049,0.166,0.573,0.866,0.166,-0.665,-1.262,-0.295,-0.745,-0.665,-1.262,-1.016,-0.295,-1.016,1.282,0.866,-0.295,-0.745,-0.665,0.8541304851881789,0.166,0.15644473519222488,-1.262,-0.7541793117284131,0.8860107468535123,-0.30698227722691523,0.9095055815623264,0.9288241181635122,-1.016
0.041,0.396,1.655,0.037,-0.845,1.655,0.396,1.353,0.459,0.041,0.041,1.362,1.362,1.655,-0.135,0.041,1.655,1.655,1.655,-0.845,-0.135,0.037,-0.135,1.362,-0.674,0.037,1.353,-0.674,-0.845,-0.845,0.396,1.353,-0.674,1.655,-0.845,0.037,1.655,1.655,0.037,0.037,1.362,-0.674,1.655,0.041,1.353,0.037,0.041,-0.845,1.655,0.459,1.639094816255518,-0.674,1.353,1.362,0.396,0.037,0.02788190379541581,-0.8559077257520971,1.3395358709920349,0.0574689320231326
-0.547,0.159,0.043,1.471,1.914,0.024,0.574,1.471,0.574,1.471,-0.547,0.159,0.574,1.415,1.914,1.914,-1.207,-0.547,-1.207,0.024,-1.207,1.471,-0.547,1.532,-1.207,0.043,-1.207,0.024,1.415,1.914,1.415,0.043,-0.547,0.574,1.914,0.024,1.914,0.574,1.415,-0.547,1.914,1.471,1.532,1.471,1.415,0.043,1.914,1.532,1.914,0.574,0.159,-1.207,1.415,1.3959725727066454,-0.547,0.024,1.471,0.574,1.439060911668295,0.159,1.4454157992018193,0.015892719543385003,-1.207,1.4763658308380312,1.4543197322321804,0.14789629247359495,0.17944886006469032,0.2044544293798884,1.5118814371764127
-0.893,-0.55,0.681,0.681,1.947,-0.55,0.681,0.681,-0.06,-0.741,1.947,1.947,0.915,-0.893,0.681,-0.777,-0.893,-0.734,-0.777,0.024,-0.55,-0.741,-0.741,-0.734,-0.741,1.947,-0.777,-0.893,0.681,0.681,1.947,-0.734,0.024,-0.734,0.681,0.681,-0.777,0.024,0.915,0.681,-0.741,-0.06,1.947,-0.7568611911722768,-0.734,1.9348124043266823,-0.55,1.977479056864222,-0.7177310470696106,2.008146368175335,0.915,2.0395391184694676,0.024,0.9035888615942103,0.958899653106592,-0.7500429617596749
-1.14,1.504,0.643,0.693,0.693,1.393,0.298,1.393,-0.014,-0.08,-1.14,-0.725,-0.08,-1.14,-1.14,0.298,-0.725,-0.014,0.643,1.393,-0.725,-0.08,-1.14,0.693,-0.014,0.693,0.364,-0.725,0.643,0.364,1.504,1.393,1.504,-0.08,-1.14,0.693,1.393,0.364,0.693,0.364,0.643,0.298,-1.14,-1.14,0.643,1.393,1.393,1.504,1.393,0.364,-1.14,-0.725,0.3538230842881508,1.504,-0.7399543478287979,-0.014,0.693,-1.1506942295397062,-1.1348674158989154,-0.027565303535496515
0.966,-0.77,-0.246,-0.636,1.257,-0.636,1.494,2.029,-0.77,2.029,-0.246,2.029,-0.246,-0.77,-0.246,1.257,-0.824,1.494,1.494,-0.824,1.494,2.029,1.494,2.029,1.257,2.029,-0.824,-0.77,-0.824,1.257,2.029,0.966,-0.246,-0.824,-0.636,-0.246,0.172,1.257,-0.824,0.172,-0.636,1.494,2.029,-0.824,-0.029,0.172,-0.77,-0.029,-0.246,0.966,-0.636,-0.824,-0.25680912060530126,-0.03926350055762665,-0.8391041015228787,1.494,1.4736428073681718,-0.2300494602726395,-0.6524022366081799,-0.6227743551091663
0.177,0.91,0.91,0.91,0.242,0.242,0.242,-0.93,0.242,-0.417,0.242,-0.166,0.242,0.407,0.242,0.407,0.242,-0.216,0.91,0.242,0.177,-0.921,0.177,-0.216,-0.216,0.242,-0.921,-0.921,0.242,0.177,-0.417,-0.93,-0.921,0.177,-0.921,-0.921,-0.93,0.242,0.328,0.407,-0.921,0.177,0.328,0.177,-0.93,0.177,-0.921,-0.921,-0.417,-0.42900087702171974,-0.4204604325998119,0.242,-0.921,0.407,0.328,-0.9337096723433371,-0.93,-0.37917100978624463,-0.36803272536723786,-0.9074064465385513,-0.9444560484547901,-0.8512316750472345,-0.166,-0.35287044706515647,0.3197179538067625,-0.9097901519801473
-1.073,0.373,-1.059,0.767,-0.936,-1.073,0.767,-0.936,0.74,-0.166,0.373,-0.249,0.76,-0.166,0.373,-1.059,-1.073,-1.059,0.76,0.767,0.76,-0.249,0.74,0.373,0.74,0.373,0.373,-0.249,-1.073,0.767,-1.073,-1.059,-0.936,0.767,-0.166,-1.059,0.477,0.76,0.76,0.76,0.76,0.76,-1.073,0.767,-0.936,0.767,-1.073,0.76,-1.073,0.76,-1.080750277897382,-0.936,0.7502530421233559,-1.059,0.7729859441685822,0.477
-1.092,-1.092,-0.966,-1.092,-0.33,0.135,-0.772,-0.833,0.135,1.266,0.759,0.135,-0.772,1.266,-0.833,1.266,-0.833,-0.33,-0.833,-0.966,-0.772,-1.092,-0.726,-0.833,-0.833,0.759,0.493,-0.772,-0.833,0.135,-1.092,-0.772,-0.726,-0.772,-0.726,-0.966,-0.833,1.266,0.135,-0.772,0.759,-0.726,-0.772,-1.092,-0.966,0.759,-0.772,0.135,-0.966,1.266,1.2478774309182283,-0.7841068839759961,-0.982387249494023,-0.726,-0.7478961193333307,0.12227582982616392,-0.9372167328955128,-0.833
0.953,1.089,1.089,0.953,-0.525,-0.494,-0.762,1.402,1.402,-0.494,-0.762,0.074,-0.762,-0.483,0.54,-0.483,0.953,0.54,1.089,-0.494,-0.483,-1.081,-0.762,-0.762,1.402,-0.494,-0.483,-0.525,0.54,-0.762,0.953,-1.081,0.953,0.074,0.54,-0.494,0.953,1.402,-1.081,-0.494,-1.081,-0.525,0.074,-0.494,-1.081,0.54,1.402,0.54,-0.762,1.402,-0.525,0.54,-0.483,-1.081,-0.4998744494539151,-0.494,0.074,0.05687185211082045,-0.5071048137804437,-0.5424756860033112,1.402,-1.0914828100471863,-0.762,-0.4482826309830145
1.757,1.757,1.757,1.757,1.025,1.025,-0.711,0.879,1.81,-0.711,1.247,1.81,-0.711,0.879,1.498,1.498,0.137,1.498,1.247,-0.711,0.879,1.81,-0.311,1.757,1.247,1.498,-0.711,1.247,1.757,1.81,1.247,1.757,1.81,1.025,0.137,1.81,1.247,1.757,1.81,0.137,1.81,-0.262,1.81,0.879,1.81,-0.262,1.81,1.757,1.7960976902799648,-0.311,0.137,-0.3210199760367503,0.879,1.749513767147577,1.7860518634651434,0.12334298668226591,-0.2747589217265412,1.025,1.8226934136011943
1.229,-0.834,-0.834,-0.433,0.346,1.158,-0.834,0.346,1.209,0.346,1.209,1.158,-0.834,1.143,-0.433,0.346,1.229,1.143,0.148,-0.958,0.148,1.143,-0.834,0.346,-0.958,1.229,1.158,1.143,1.229,-0.834,1.209,1.158,1.229,-0.958,1.143,1.158,-0.834,0.509,1.209,0.346,-0.958,0.346,1.143,0.346,1.158,0.32635373560184927,1.209,-0.958,1.1968228153624267,0.148,1.1433987454581929,-0.834,-0.9721018559105256,-0.9536942185238799,-0.433,0.13660158089014707,1.1305912798614752,-0.4427895413758238,-0.4230741894647353
-0.844,1.365,0.044,0.084,-0.176,-0.61,-0.61,-0.61,-0.844,-0.176,0.084,-0.176,1.365,0.044,-0.61,-0.542,-0.593,-0.176,0.084,-0.843,0.044,0.044,-0.593,-0.843,-0.542,-0.176,-0.593,-0.844,-0.542,0.429,1.365,0.044,-0.61,0.084,-0.61,-0.844,-0.843,-0.61,0.084,-0.843,-0.542,0.429,-0.176,-0.844,1.365,0.044,-0.176,-0.542,-0.593,-0.61,-0.61,-0.176,1.365,-0.844,-0.6245377312604278,-0.542,-0.19396527224867768,-0.8575620015076776,-0.8233668657706117,-0.1458877819394783,1.356066926928696,0.084,-0.5548507667768293,-0.796914682862231,1.391002060018881,1.419921419317737,-0.843,-0.10668096962537352
-1.127,0.084,1.632,-0.391,-0.483,-0.717,-0.782,-0.483,-0.391,-0.316,-1.127,-0.483,-0.483,-0.34,1.632,-0.14,1.632,-0.14,-0.34,-0.483,1.632,-0.782,-0.717,-0.14,-1.127,-0.391,-1.127,-0.391,0.084,-0.483,-0.391,1.632,-0.483,-0.782,-0.782,-1.127,-0.316,0.084,-1.127,0.084,-0.391,0.084,-1.127,1.632,-0.782,1.632,-0.717,-0.14,-0.14,-0.483,-0.483,-0.483,1.632,1.6166660065591318,-0.34,-0.316,-0.782,-0.483,-0.7973819776342179,-0.49943400056233933,-0.391,-1.127,-0.4692659253539249,-0.3488283786791622,1.6439434168436484,-0.4052360510364496,-0.7377436415791239,-0.41879412258841014
1.389,-1.047,0.245,-1.047,-1.047,1.875,-0.044,-1.047,-0.044,1.875,1.875,1.497,0.011,-0.044,0.011,1.497,-0.874,-0.044,1.497,-1.047,-0.874,1.497,1.875,-0.677,1.389,-0.874,0.245,-0.677,-0.677,1.497,1.875,1.497,-0.044,0.011,-1.047,1.389,1.875,1.497,1.875,-0.874,-0.677,1.875,1.389,-1.047,-0.677,1.875,-0.874,-0.874,1.875,-0.677,0.011,-0.044,-0.874,-0.874,-0.874,1.875,1.389,1.389,-1.047,1.875,1.8590022795126107,-0.677,0.011,0.0,-0.006154883682056796,1.893924057080798,-1.0638794870327388,1.9077782239226435,0.245,-0.014386514169391296,0.2239699167926699,-0.874
-1.304,-0.996,1.181,-1.304,-0.716,-0.86,-0.996,-0.658,1.276,1.276,1.276,1.181,-0.83,-0.716,-0.996,-0.83,-0.86,1.276,-1.304,-0.716,1.115,-1.304,-0.996,-0.86,1.181,-1.304,0.383,-0.86,-1.304,-0.86,-1.304,-1.304,-0.658,1.115,-0.86,1.115,-0.658,0.383,1.115,-0.996,-1.304,0.383,-0.716,-0.996,-0.83,-0.83,-1.304,1.115,-0.996,-0.86,1.181,-1.304,-0.83,-0.996,-0.86,-1.007113524774542,-0.8416535500414823,-0.716,-0.960708370053809,-0.8716513503109072,-0.9196805847407528,-0.8044010983217126,-0.7313485560590305,1.181,-1.304,1.276,-0.712046098643459,1.1749411029316719,-0.688878120412642,1.2610559436936617
-1.243,-0.309,-1.191,-0.923,-0.772,-0.923,-1.157,0.078,-0.923,-0.772,-0.106,0.675,-0.772,-1.191,-0.772,-0.772,-1.191,-1.191,-1.157,-0.772,-0.923,0.078,0.078,-1.157,-0.106,-1.157,0.675,-1.243,-0.424,-0.923,-1.157,-1.243,-0.309,-0.106,-1.243,-0.309,-0.309,-0.772,-1.157,-1.191,-1.191,-1.157,-0.772,-1.191,-1.243,-1.243,-1.191,-1.157,-1.243,-1.157,0.675,-1.243,-1.243,-0.923,-0.772,0.078,-0.106,-1.157,0.06771258557588167,-0.93224516454641,-0.7846209090271217,-0.9025414145857857,-0.7622050191404262,-0.8797526979615748
-0.335,0.707,-0.335,-0.707,-0.129,-0.335,-0.808,0.707,-0.335,0.707,0.602,-0.707,0.512,-0.029,-0.808,0.602,0.707,1.988,0.602,-0.029,1.988,-0.129,0.602,-0.129,0.602,0.512,0.602,-0.707,-0.029,-0.707,0.512,1.988,-0.707,1.988,-0.335,1.988,-0.544,-0.544,-0.808,0.602,0.512,-0.129,-0.335,-0.707,0.602,-0.129,-0.808,0.5821033618300371,-0.335,-0.544,-0.8171302751732374,-0.34807173060152136,-0.5537607075449378,-0.30751121865412573,-0.707,-0.5130971608663475,-0.029,1.988,-0.7690115814935173,-0.7414009503207247
-0.95,-0.242,-1.232,-1.232,-1.044,1.043,-0.912,-0.912,-1.232,1.578,-1.044,0.714,1.578,1.578,-0.242,1.578,-1.044,0.412,-1.044,-0.933,-0.95,-0.933,0.714,-0.95,-0.912,-0.933,-0.95,1.578,1.043,1.043,-0.933,-1.232,-0.95,-1.232,-0.912,-1.232,-1.044,-1.044,-0.933,-1.044,-1.232,-0.95,-1.232,-0.912,-1.232,-1.044,-1.0556810459462933,1.043,-0.242,-1.0168674589229496,-0.95,-0.25154911343938546,-0.9267350953501652,1.578,-0.9025222191804059,-0.933,-0.8635413070676229,-1.2437307170324239,-0.9932022535661698,-0.20576190880084125,-0.9656501968194354,1.0304972125177085
-0.6,-0.11,-0.346,1.173,-0.369,-0.878,1.248,1.173,-0.369,-0.369,-0.6,-0.6,1.173,-0.305,-0.305,1.173,-0.878,-0.326,-0.6,-0.11,-0.369,-0.878,-0.11,1.248,1.248,1.248,-0.369,-0.305,1.248,-0.305,1.173,1.173,-0.305,-0.11,-0.11,-0.6,-0.878,0.644,-0.6,0.644,-0.326,-0.11,-0.326,-0.6,-0.369,1.248,-0.326,-0.369,-0.346,-0.3831922371789207,-0.3641382043804456,-0.3525103382163849,-0.305,1.248,1.2260163356736906,-0.326,1.2617323491828234,-0.3344771178650551,-0.3080989423646174,-0.31098960018507305,-0.878,-0.3135763175088393,-0.2863504448693956,-0.6,0.644,-0.3086859534280729
1.707,1.707,0.812,1.707,1.707,1.707,-1.027,-0.713,1.707,-0.714,-0.389,-0.714,0.503,-1.027,-1.027,-0.81,-1.027,-1.084,-0.714,-0.81,1.2,-0.389,-0.713,0.503,-1.084,1.707,-0.81,-1.027,-0.714,1.2,-1.084,-0.389,-0.713,0.812,-0.714,-0.81,1.2,-0.389,0.812,1.2,-1.084,0.812,1.2,-0.81,-1.084,-1.027,0.503,1.707,1.707,1.707,-0.713,1.707,1.2,1.707,-0.81,-0.389,0.812,-1.084,-0.714,-0.714,1.707,-0.7262793792833151,1.2,-0.81,-0.6929925746367726,-0.8265060836083046,1.693715066480082,-0.713,-1.027,-0.7727703537330369,1.7238930105725467,-0.7314562856531762,1.7489689509206285,1.1853354094629636,-0.6419544364694808,-0.7406143450728451,1.78224546131178
-0.98,1.711,1.408,-0.349,-0.349,-0.842,1.408,1.408,-0.842,1.612,1.711,-0.591,1.612,-0.591,-0.98,1.612,1.612,1.612,-0.842,1.612,1.612,-0.842,-0.349,-0.842,1.408,-0.842,-0.591,1.009,-0.349,-0.98,-0.98,0.009,1.711,-0.349,-0.842,1.408,-0.591,0.009,-0.842,0.398,1.711,-0.98,-0.842,-0.349,1.711,1.009,0.398,-0.349,0.398,-0.842,0.009,-0.98,-0.9934672595527612,-0.3614243822153212,-0.007960387659860997,-0.31930084150729804,1.408,0.03223077855833058,0.38503390617500427,0.07182860852274896,1.009
-0.178,-0.813,-0.292,-0.866,-0.292,-0.292,-1.113,0.124,-0.178,-0.292,-0.292,0.124,1.564,-0.351,-0.866,-0.866,-0.866,-0.4,-0.351,-0.813,-0.4,1.564,-0.866,-1.113,1.564,1.564,-0.178,-0.351,-0.813,-0.292,-0.813,-0.351,0.124,-0.866,0.124,0.124,1.564,-0.292,0.124,-0.866,-1.113,-1.113,-1.113,0.0,-0.351,-0.813,-0.4,-0.866,-0.8792095907234002,-0.8569395677581472,1.564,0.124,-0.178,-0.40963032950328915,-0.19360298046807367,0.11169992949836813,0.1563665711106947,-0.821787473992415,-1.113,-0.7963665284683391,-0.3649040579459792,-0.34114996089996397
1.021,0.553,-0.369,0.553,0.763,0.353,0.359,-0.369,0.353,0.353,0.353,1.021,0.763,-0.451,-0.369,0.763,-0.369,1.062,-0.048,-0.048,0.763,-0.369,0.553,0.353,1.021,0.553,0.553,1.021,0.353,0.026,-0.369,0.359,0.353,0.763,-0.451,0.359,-0.451,0.553,0.763,-0.048,1.062,-0.048,0.553,-0.451,-0.369,1.021,0.026,1.062,0.763,0.763,-0.369,0.353,0.026,0.553,1.062,-0.451,0.5359818840075702,0.3397257864669708,0.359,0.7513286691586036,-0.048,0.5879687335614584,0.6072561861323457,1.021,0.014693079478173079
1.61,0.467,0.467,-0.551,1.61,0.047,1.411,-0.771,0.937,1.411,1.61,0.518,0.518,0.518,0.937,0.467,1.61,0.937,0.047,0.047,-0.748,-0.771,-0.748,1.61,-0.551,1.61,0.467,0.518,0.047,-0.748,0.047,-0.748,-0.771,0.467,-0.771,0.047,-0.551,1.411,0.047,0.937,0.518,0.467,0.047,-0.748,0.467,0.518,0.047,0.5039131531126557,-0.551,-0.771,1.411,-0.564456005857626,-0.7604408922826988,1.61,0.937,0.0
-0.766,-0.766,-0.832,-0.832,-0.261,1.257,1.257,-0.766,1.257,-0.766,-0.832,-0.766,-0.832,1.257,1.257,-0.988,1.222,1.222,0.863,0.576,1.471,0.863,-0.988,0.863,-0.766,1.257,-0.766,-0.832,-0.832,0.415,-0.988,0.863,1.471,1.222,0.863,0.863,-0.988,1.471,-0.988,0.863,0.863,-0.261,1.222,-0.988,0.863,0.8522711564031912,0.576,0.5591915889160605,0.6106280358022234,-0.832,-0.9983549753172187,-0.261,-0.9609838230873455,1.257,-0.9382717314972301,0.415,0.6388997734138485
-0.911,-0.33,-0.166,-1.017,-0.166,1.412,1.722,-0.911,1.565,0.713,1.412,1.412,1.412,1.722,1.242,-0.861,-1.017,-0.861,1.242,-1.017,0.713,-1.017,1.242,-0.166,1.565,-1.017,1.565,1.722,-1.017,0.713,0.713,-0.911,-0.861,1.565,-0.166,-0.911,1.412,1.242,1.722,-1.017,1.565,-1.017,1.722,-0.911,-0.33,1.722,-0.911,-0.166,-0.861,-0.17755000064171636,-1.017,1.242,-1.0279346331861146,1.565,-0.9794031962593669,-0.9173885681430874,1.7109864249677558,-0.33,1.2291280216287248
0.403,-1.181,-1.181,0.831,0.403,-0.328,-0.473,-0.66,-0.328,-0.415,-1.181,0.831,-0.473,0.422,-1.181,-0.415,0.831,-0.395,0.831,-0.473,-0.395,-0.353,0.403,-0.353,-0.66,0.403,-0.353,-1.181,0.831,-1.181,0.831,-0.415,0.403,-1.181,-0.473,-0.415,-0.473,-0.66,0.831,-0.395,-0.395,-0.473,0.403,0.831,-0.473,-0.48596312361216143,-1.181,0.8196390566387123,0.8584043156083915,-0.44118866104354115,-0.395,0.422,-0.4041101313088877,-0.40936067697658485,0.9078424902025926,0.403,-0.353,-1.1898379087107684,-0.38338000563264085,-1.1666347398844656,0.9547593946175961
1.678,2.103,-0.162,-0.162,-0.358,0.098,-0.493,-0.162,1.678,1.123,-0.493,0.526,-0.378,1.678,2.103,1.678,-0.358,2.103,2.103,-0.429,-0.429,2.103,1.678,-0.378,-0.162,1.123,2.103,0.098,2.103,1.123,1.678,-0.493,0.098,-0.162,-0.358,-0.378,0.098,-0.358,2.103,-0.493,1.678,0.098,0.098,-0.378,0.098,2.103,-0.429,1.123,-0.358,-0.429,-0.493,-0.162,0.526,-0.17084140462537445,0.098,0.08040261302653492,2.103,-0.5039018178049576,-0.4635417643075434,2.0886769456746235
-0.729,0.429,-0.895,-0.591,-0.591,-0.051,-1.01,-1.01,-1.01,-0.051,-0.593,0.429,-0.895,-0.906,-0.729,-1.01,-0.729,0.429,-0.051,-0.641,0.206,-0.895,-0.641,0.206,-0.051,-0.641,-0.906,-0.906,-0.591,-0.906,0.429,-0.641,-0.593,-0.593,-0.593,-0.641,-0.593,0.429,-0.906,-0.729,-0.906,-0.641,-0.593,0.206,-0.895,-1.01,-0.729,-0.641,-0.051,-1.0225026455236097,-0.6533875734753135,-0.06211427920008687,-0.593,-0.9098391158532069,-0.591,-0.6054216103259116
-0.836,1.152,-0.909,1.435,1.223,-0.632,-0.836,-0.836,-0.996,-0.836,1.152,-0.144,-0.996,-0.232,-0.909,0.88,1.223,-0.632,-0.232,-0.996,-0.909,-0.909,-0.144,1.223,1.152,-0.836,-0.909,1.435,1.152,1.223,0.88,1.152,-0.632,0.88,-0.996,-0.144,1.435,1.223,-0.232,1.435,-0.996,0.88,1.152,1.223,1.435,-0.232,-0.232,-0.909,-0.232,0.88,0.88,1.435,-0.836,0.8693436778091773,-0.144,1.152,-0.8526369305213573,1.223,-0.996,-1.0134221859173895,1.1334445153783148,0.9121336573405905,-0.1528461583638767,-0.909,-0.8083371811295922,0.9485590552531923,1.0044740370278593,-0.232,-0.9213685263068905
-0.902,-1.159,0.18,1.055,-0.902,-1.159,0.722,-1.159,-1.074,-1.074,-0.902,-0.902,-1.095,-1.159,-1.159,-1.074,-1.159,-0.822,-0.902,-0.696,0.18,-1.095,0.722,-1.074,0.18,-1.095,-1.159,0.722,0.18,-1.159,-1.159,-0.822,-0.696,-0.696,-1.095,0.18,-0.696,-1.159,-1.074,0.18,-0.822,1.055,-1.095,0.18,-1.074,-0.902,1.055,1.03948475694681,-1.159,0.722,-0.822,0.710289562154164,-1.074,-1.095,-0.696,-1.1670220740748867,-0.7116193394787766,-1.1334306490449655,0.18,-0.8356566449588151
-0.697,-0.941,-0.697,0.977,-0.898,-0.697,-0.941,-0.613,-0.83,-0.728,-0.697,-0.941,-0.898,-0.898,0.977,-0.728,0.482,-1.014,-1.014,-0.898,-0.83,-0.898,-0.697,-1.014,-0.613,0.482,-0.697,-0.941,-1.014,-0.697,-0.941,-0.825,-1.014,-0.941,-0.898,0.977,-0.898,-0.898,-0.613,0.482,-0.728,-0.697,-0.825,-0.941,-0.697,-0.941,-0.83,-0.825,-0.728,-0.83,-1.014,-0.728,-0.697,0.977,-0.83,-0.898,-0.9135857161710904,0.9584121191907399,-0.825,0.482,-0.941,-0.8944649309240735,0.4645523751264958,-1.014,-0.613,-0.95369764611923,-0.9247160344058797,-0.8449966015633436,-0.7070849937154297,-0.8369716507015784,-0.8689628571838389,-0.8316362860876514,0.48371606387455496
-0.107,-0.368,0.132,-0.107,-1.403,0.132,0.316,-0.957,-1.037,-0.368,-0.107,-1.403,-1.403,-0.368,-0.107,-0.957,1.324,-1.403,1.635,1.635,-1.037,1.324,-1.403,-0.957,0.132,1.635,1.324,0.316,-0.957,-1.403,-0.107,-1.037,-0.711,-1.403,-1.403,-0.107,0.316,-1.037,1.635,-1.403,1.635,1.324,-0.711,1.635,-0.711,-0.957,-1.037,0.316,-1.403,-0.107,-1.403,0.132,-0.957,-0.711,-1.037,0.316,1.324,-0.368,-0.107,-0.38403866184955904,0.12023591144229752,-0.35825696435990484,1.635,0.1534514539317686,-0.31813960560731847,-1.0482030483712372,-0.12306731544596,-0.27067544881809236,0.19285949604939934
-1.127,-0.926,1.033,1.33,-0.926,0.761,0.671,1.033,1.033,1.502,1.33,0.761,-1.028,-0.519,-1.127,-0.519,1.033,1.033,1.502,-0.433,-0.926,-1.028,0.671,-1.028,-1.127,1.502,-0.519,1.502,1.33,-0.519,-0.519,-1.127,1.502,-1.028,-1.028,-0.926,-0.926,1.502,-0.433,0.671,-1.127,-1.127,1.033,1.0189451134446805,-0.519,1.502,1.0545173319458612,1.33,0.761,-0.5306478416653071,0.747671372908144,0.7755591562496676,-0.926,-0.9448713206192213,1.4955586936220637
-0.749,-0.634,-1.51,-0.439,-0.835,0.196,-1.51,-1.51,-0.749,1.021,-0.634,-0.749,-0.835,-0.846,-0.634,-0.414,-1.51,-0.439,-0.414,-1.51,1.021,1.021,-0.835,-0.439,-1.51,-0.846,-1.51,-1.51,-0.835,0.454,0.196,-1.51,-1.51,-1.51,1.021,-1.51,-0.439,-0.749,-0.439,1.021,-0.846,-0.439,-0.439,1.021,-0.45577448792260566,-0.846,0.454,-0.4160600868779326,-0.38716801984476273,-0.634,1.0121515857607213,-0.414,-0.749,-0.6465816133943993,-0.6097985069001914
0.647,-1.327,-1.327,2.852,-1.327,2.852,2.852,-0.546,1.638,1.638,1.126,2.852,1.638,0.233,1.396,-1.327,0.647,1.638,-0.475,1.126,2.852,-1.327,1.396,-1.327,2.852,1.126,-0.475,2.852,0.233,2.852,-0.546,0.647,2.852,-1.327,1.638,0.647,-0.697,1.638,1.396,0.233,2.852,1.126,2.852,1.126,1.638,2.852,-0.546,1.396,-1.327,0.233,-0.697,-1.327,-0.697,2.852,0.647,0.647,-0.697,0.6307443204089349,2.852,-0.7137541194198758,-1.327,2.8413415351375293,-0.546,-1.346906542081462,-1.3267996969687794,0.6648016189429237,0.6777502332655354,0.7237006946077471,-0.6740150645389775,-0.6478185177303352
-0.973,-0.628,-0.973,-0.032,-1.046,-0.032,-0.973,0.538,-0.032,-0.973,-1.197,-1.197,-0.032,-0.732,-1.046,-1.046,0.538,1.375,1.375,-1.197,-0.032,-1.197,0.053,-1.046,-1.046,-1.197,-1.197,0.538,-0.973,-1.197,0.053,-1.046,-1.197,0.538,0.053,-0.628,-0.032,-1.197,0.053,-0.628,0.538,-1.197,1.375,-0.732,1.375,-0.032,0.538,-0.732,1.375,-1.197,1.3642263076326164,-0.973,-1.2089093905058992,0.5237209421820198,-0.743961357365845,-0.628,1.4211504566244422,-0.6439304204955447,-0.5985692009543261,1.473506834253926
-1.142,0.033,-1.076,0.033,-1.142,-1.076,-1.158,0.033,-1.076,-1.158,-1.158,-0.151,-1.158,-1.142,0.254,-0.72,-0.561,-1.142,-0.151,-0.151,0.254,0.254,-1.158,0.033,-1.158,-0.72,0.254,-0.718,0.254,-1.076,-1.142,0.254,-0.718,-0.72,-1.142,-0.718,0.254,0.033,-0.151,0.033,-0.561,0.254,0.254,-1.158,-0.151,-0.72,-0.151,-1.076,-0.561,0.778,-0.72,-0.718,-0.718,0.778,0.778,-1.158,0.778,-0.561,-1.076,-0.72,-1.0940458344727897,0.7658075873509529,0.033,0.01533682336666371,0.254,0.7956257174107242,-0.7304927425046518,-0.718,-1.142,-0.5770476388702134,-1.0430677233558048
1.482,-0.906,-0.906,-1.039,-0.741,-1.039,-0.762,1.816,1.816,-1.039,0.953,1.535,0.953,1.482,-0.762,1.816,-0.762,1.535,-1.039,0.953,-1.039,-0.88,0.958,1.482,-0.906,1.535,-0.906,0.958,-1.039,0.958,1.816,1.816,1.535,1.482,-0.88,-0.906,-0.906,1.816,1.482,1.816,-0.906,-0.741,-0.762,1.482,-0.741,-0.88,-0.762,-0.906,1.816,-0.741,1.482,1.8032140954733213,1.8581490890816545,-1.039,-0.7754730431791421,-0.9200526139695225,0.953,1.4696276551072835,1.8955531449440093,0.9414681137751366,-0.7572106966711899,1.4989718150689368,1.9396922345890901,0.958,1.535
-0.579,-0.579,0.949,0.528,0.874,0.949,0.474,-0.579,0.474,0.474,-0.73,-0.593,0.474,-0.579,1.15,1.15,0.528,-0.593,-0.8,-0.8,0.874,0.773,0.773,0.949,-0.73,0.949,0.949,0.874,-0.8,-0.8,-0.8,-0.579,-0.73,1.15,-0.593,0.949,-0.8,0.949,-0.8,-0.579,0.949,0.874,-0.579,0.949,0.874,-0.579,-0.5974091045434449,-0.5555489617614817,-0.73,1.15,0.949,1.1381521029241504,0.474,-0.5099082044921313,0.874,1.1590726592895915,0.9355055931565094,0.9711676826127269,-0.593,1.1764438821242287
-0.895,-0.895,-0.964,-0.93,-1.018,-1.014,0.839,-1.018,-0.419,-0.419,1.235,-0.964,-1.014,-1.018,1.235,1.203,-1.014,-0.623,-1.014,1.203,1.203,1.203,-0.93,0.839,-0.419,1.235,-1.018,-1.018,-1.014,-0.964,-1.014,-0.419,-0.93,-1.014,-0.419,-0.623,-1.014,-0.93,-0.419,-1.014,-1.014,1.203,-1.014,1.235,-1.018,1.203,1.235,-0.964,-0.895,-0.964,1.203,-0.895,0.839,0.839,-0.964,-0.895,-0.964,0.839,-1.018,-0.964,1.203,-1.014,-1.0345211407208563,-1.0061258834330775,-0.9554802084525151,-0.623,-0.895,1.1890842566825106,-0.9736052893673897,0.839,-0.9385524107886283,-0.9397602920222837
0.981,-0.345,-0.136,0.981,-0.345,-0.321,0.861,-0.345,0.315,-0.136,0.861,1.505,0.981,1.03,0.322,0.659,1.505,1.03,0.322,0.315,-0.136,1.505,0.981,1.505,-0.321,0.322,-0.321,-0.136,1.03,-0.321,1.505,-0.345,0.659,0.861,-0.321,0.659,0.981,-0.321,0.322,-0.345,-0.345,-0.136,0.861,0.861,-0.321,0.981,-0.345,1.505,0.981,-0.345,0.861,0.322,-0.136,0.30949777992196603,-0.321,-0.3384333096640086,0.84704704674364,-0.14963920165641204,0.8755962096231857,0.315,1.03,1.0128035713554038,0.3364547258560821,-0.35985997925201996,1.505
-0.932,1.683,-0.407,-0.597,-0.888,1.872,-0.701,-0.932,1.872,-0.932,1.683,-0.597,-0.932,1.683,-0.932,-0.598,-0.597,1.683,-0.598,1.872,1.872,-0.888,0.403,-0.69,-0.888,-0.69,1.872,-0.598,1.683,-0.598,1.872,-0.598,-0.597,-0.932,1.683,-0.597,1.872,-0.598,-0.69,1.872,-0.597,-0.69,-0.69,-0.932,-0.888,1.683,-0.701,-0.701,-0.932,-0.597,-0.7185333657348666,-0.9461356804679499,1.872,-0.598,-0.6084991965108327,-0.8985431851737977,-0.8491936768784409,-0.888,-0.6111634035302823
-1.338,0.437,-1.247,0.253,-1.338,0.437,-0.158,-1.338,0.253,-0.948,-1.338,-1.247,0.437,0.402,-1.338,-0.948,-1.338,-0.158,0.428,-0.158,0.402,-0.687,-0.948,0.437,0.437,-0.158,-0.158,0.428,0.437,-0.158,-0.158,0.402,-1.338,0.402,-1.338,-0.158,-0.158,-0.687,-1.247,0.291,-0.948,-1.247,-1.247,0.428,-0.687,0.291,-1.247,-1.338,-1.338,0.437,-1.247,-1.338,-1.247,-0.158,0.291,0.428,-0.158,-0.17005586582175442,0.27550630303511076,0.3181032313199792,0.437,0.402,0.3831619848661699,0.3979662085217994,0.4180399311502204,0.425315135485037
-0.131,-1.243,-0.327,-1.243,-0.822,-0.364,-0.822,1.855,-0.364,-0.822,-0.285,-0.293,1.855,-0.293,-0.822,1.855,-0.293,-0.117,1.855,-1.243,-0.327,1.855,-0.364,1.855,-1.243,-1.243,-0.822,-1.243,-0.822,-1.243,-0.285,-0.327,-0.117,-0.822,-0.293,-0.117,-1.243,-0.094,-0.364,-0.364,-0.094,-0.131,-0.822,-0.10512714684039642,-0.8426443253591406,-1.243,-0.8065434815079682,1.855,1.8362129749155116,-0.7813931911481973,-0.7522120774914511,-0.327,-1.2526052944975037,-0.285,-0.14478842116287274,-0.34568971598230896,-0.08268814034663331
-0.913,0.678,0.796,-0.475,1.49,-0.202,-1.217,-0.338,1.365,-0.202,0.678,1.49,-1.217,1.365,0.678,-0.475,1.352,-0.202,-0.338,-1.217,-0.338,-1.217,-0.913,-0.202,1.365,-0.202,-0.338,-0.202,1.49,1.365,1.352,-0.913,-1.217,-0.475,1.352,1.365,-0.913,1.352,1.352,1.365,1.365,1.365,-0.202,1.365,0.796,-1.217,-0.475,-0.475,-0.338,-1.217,1.49,1.352,-0.3510334806885698,0.678,0.796,0.6664955769831612,1.3402181457572548,-1.2299614985375327,-0.482183259594741,-0.202,0.78273396987992,-0.30828521728762553,1.365,-0.2176846895963683
-0.068,-0.282,-0.282,0.541,-0.76,-0.068,0.634,-0.249,-0.249,0.541,-0.896,-0.249,0.017,-0.76,1.536,1.536,1.536,-0.282,-0.896,0.634,0.461,0.461,-0.068,0.461,0.541,-0.896,0.017,0.017,1.536,0.541,-0.896,0.017,-0.76,0.634,-0.76,-0.282,-0.068,-0.249,0.461,0.541,1.536,-0.896,-0.068,-0.282,-0.282,0.461,-0.282,0.017,-0.76,-0.7777857202813208,-0.282,0.461,-0.249,-0.7478071983012944,-0.2972401336865995,-0.7167923601580456,-0.068,0.634,-0.896,0.45372660049434466,0.614477376031091,0.541,0.017,-0.9079972720941676,0.6722481145101997,1.536,1.5220637625663036,-0.08235994744426471,-0.8635930121235498,0.5273557049756636,0.543759694530748
1.045,-1.063,-0.776,-1.01,-1.01,-0.046,-0.046,0.898,-0.491,0.898,-0.776,1.136,-1.01,0.898,-0.776,-1.063,0.898,0.898,-1.01,0.898,-0.046,-1.01,-1.01,-1.063,0.898,-0.776,0.898,0.898,-0.491,-0.491,-1.01,1.136,-0.491,-0.328,1.487,-1.01,-0.046,-1.063,-0.046,-1.01,1.045,1.136,-1.01,0.898,-0.046,1.487,0.898,-0.776,-1.063,1.487,1.487,-1.01,-1.063,-0.776,1.487,1.4750113918105043,-1.0839849433178455,-0.7851401908013235,1.496717055043486,1.136,0.898,0.8851655645019929,0.9349418902916928,1.045,-0.7623465707271768,1.0293052379946728
-1.119,-1.263,0.053,-1.263,-1.069,1.126,-1.263,0.946,-1.119,-1.069,-0.565,-1.069,-1.119,0.592,1.479,0.053,1.126,-1.263,1.479,-1.119,1.479,0.053,-0.565,-1.119,0.592,1.126,0.946,-1.263,-1.263,1.479,0.592,-1.263,-1.069,-1.069,0.592,-0.51,-1.119,-0.51,-1.263,-0.565,1.479,-1.069,0.053,-0.565,-1.263,-1.119,-0.51,-1.119,-1.263,0.946,1.479,0.592,-1.1343301948272875,-0.51,-1.069,1.4625593787275162,1.4895711260267146,-1.0902666837860593,-1.08314446971292,0.5764138254363909,-1.2705313150147068,0.5945883929143441,0.9353068068005003,0.966114286644823
1.622,0.06,0.06,1.192,0.609,1.358,-1.161,1.192,0.06,1.192,-0.727,1.836,-1.19,1.622,1.622,1.192,1.192,1.836,1.622,1.192,1.622,1.622,1.192,1.622,1.836,-0.727,-0.727,-1.161,-1.161,-1.161,1.836,1.192,-1.19,1.358,1.358,-1.161,-1.161,-0.727,-1.19,1.076,1.358,1.358,0.06,1.076,1.622,0.609,-1.161,-1.19,-1.19,1.358,1.076,-1.19,1.836,0.06,1.836,1.836,0.609,-1.161,1.192,1.076,1.836,-1.161,0.06,-0.727,0.609,-1.19,1.0643550081533286,0.044916654631059476,0.5932655702907021,-1.1735712313316973,-1.1506080332638204
-0.553,-0.764,0.024,-0.553,-0.902,-0.03,-0.03,-0.547,-0.547,-0.286,-0.547,-1.029,-0.764,0.176,-0.547,-0.547,0.218,-0.764,0.218,-0.03,0.176,-0.286,0.218,-1.029,-0.286,-0.764,-0.286,-0.902,0.176,-0.286,-0.547,-0.902,0.176,-0.764,0.024,-1.029,-0.286,-0.902,-0.547,0.218,-1.029,0.024,-0.286,-1.029,-0.764,-0.764,-0.902,0.218,-1.029,-0.286,-0.547,-0.553,0.024,-0.547,-1.029,-1.0437201352037593,-0.902,0.176,-0.9998098838061696,-0.9638980834475569,0.218,-0.5568072618778126,-0.03,-0.553,-0.286,-0.764,-0.5660835327895234,0.012463070993563696
1.298,0.349,0.349,-0.8,0.17,0.349,0.762,0.173,0.405,1.219,0.405,-0.575,0.405,0.173,0.762,0.173,0.349,1.298,1.219,0.17,0.17,-0.8,-0.575,0.173,0.405,-0.8,0.349,-0.8,0.762,0.349,0.405,0.17,0.173,0.349,1.219,1.298,1.298,0.405,0.349,0.349,1.219,1.298,0.762,-0.098,0.762,-0.8,0.17,0.405,0.173,0.15835616942227473,1.298,1.219,0.39606321592501414,0.19102966144464184,0.4141258060988586,1.285585031585955,1.3159284511578608,1.209330147593378,1.2446380954087752,0.24086080417765204,0.762,0.349,0.26959246622481947,1.2891593381350068,0.2831669448764142,-0.575
-0.192,-0.712,0.736,0.083,-0.192,0.736,0.083,1.155,-0.192,1.155,-0.192,-0.805,-0.436,-0.805,-1.087,1.157,-0.542,-0.436,1.157,1.155,-0.192,-0.192,1.155,1.157,-0.805,-1.087,-0.192,-0.712,-0.542,-0.192,-1.087,-0.436,-0.192,-1.087,0.083,-1.087,1.155,0.736,-1.087,-0.436,-0.542,-0.712,1.157,1.155,-1.087,-0.542,1.157,-0.192,-0.20893997665473177,-0.712,-1.087,-0.7290705617083196,1.155,1.157,-0.6979731959559483,1.1428025634867203,-0.542,-0.16715659646962283,-1.0988059405826442,0.083,1.1511434657221387
0.301,0.869,1.826,1.866,0.869,1.826,1.866,0.869,0.301,-0.942,1.826,-0.942,0.869,-0.08,-0.798,-1.102,0.219,0.219,-1.102,-0.08,-0.319,1.826,0.301,0.219,-0.319,-0.942,-0.798,0.869,-1.102,-0.798,-0.798,0.869,1.866,-0.319,0.219,0.301,-0.798,0.869,-0.319,-0.942,0.869,-0.08,-1.102,0.869,0.869,-0.08,1.826,-0.798,1.866,0.869,-0.798,-0.942,1.8519731803706097,-0.319,0.301,1.8758834099223387,-0.08,-0.8114509422270186,1.8961464238514378,-0.7633524779559514,1.826,0.219,1.912649423492027,0.2060864321402995,-0.33306874580623247,-0.9561662365302941,0.8579707651275448
0.779,0.779,-0.794,2.155,-0.612,-0.278,-0.998,-0.998,-0.794,-0.794,-0.998,-0.612,-0.278,2.155,-0.865,2.155,2.155,2.155,2.155,-0.865,-0.635,-0.865,-0.998,-0.635,-0.794,-0.042,-0.278,-0.612,-0.998,0.779,-0.865,-0.865,-0.278,-0.635,-0.042,-0.612,-0.998,-0.794,2.155,-0.278,0.428,-0.635,0.779,-0.042,-0.635,-0.278,-0.865,0.428,-0.2898028464671643,-0.042,2.155,0.779,-0.871824703360774,-0.8438596429343747,-0.6501026802275656,-0.618263319682398,2.1417426272437377,2.181494232554925,-0.8030142973430308,0.4156934068579399,0.459971056974638
-0.832,-0.832,-0.756,0.24,-1.045,-0.756,-0.134,-1.045,-0.832,0.434,0.434,0.24,-0.832,-0.832,-0.134,-0.31,-0.31,0.082,0.082,-1.045,-0.756,-0.134,-0.832,-0.457,-0.31,-0.756,0.706,0.434,-1.045,0.082,0.082,-0.756,0.706,-0.457,0.082,0.434,-0.31,-0.756,-0.134,-1.045,-0.134,-0.15378030825133795,-0.756,-1.045,-0.457,-0.10940387852157528,-1.0621029795674228,0.434,-0.7750097343828868,0.082,0.706,-0.0747834635793667,0.6933681394360276,-1.0389169808774303,0.24,-0.742647462648858,-0.7046327745450525,-0.4717738623734291
-0.53,-0.864,-0.53,0.086,1.789,-1.101,-0.864,-0.771,-0.771,1.789,-0.864,-1.103,-0.607,-0.771,1.789,1.789,-1.103,-0.771,-1.103,0.086,-1.103,0.777,-1.101,-0.771,-1.101,-0.771,-1.101,-0.607,-1.101,-1.101,1.789,-1.103,-0.607,0.086,-0.864,-0.771,-0.771,-0.771,-0.53,0.861,0.777,-0.864,-1.103,-0.864,-1.101,-1.101,-0.53,0.086,0.861,-0.607,0.07310737058384796,0.0956394895900493,0.12492803146525511,0.777,-0.6209873915124007,-0.864,0.7580372633049998,0.8536960189158138,-0.771,-1.1158842627815535,-0.7841483108606208,-0.5789819431133274,-0.5450954489909652
0.824,-0.221,-0.748,-1.26,-1.26,-0.773,-0.55,0.339,-0.55,-0.55,-0.946,-0.946,2.691,-0.946,0.339,-0.221,-0.773,-1.26,0.824,-0.748,2.691,-0.773,-1.26,-0.55,2.691,-1.26,-1.26,-1.26,-0.55,-0.773,-0.55,0.824,-1.26,-0.946,-0.221,-0.748,-1.26,-0.55,-0.748,-0.748,0.824,0.339,-1.26,2.691,-0.748,2.691,0.824,2.691,-1.26,-0.773,0.0,0.339,-0.018437121276665313,-1.26,-0.748,-0.773,-0.55,-1.2788027607190968,2.691,0.32296814986805417,2.6794572288718363,0.34164491871891894,-0.7879961421314494,-0.221,0.006310838625447082,0.3649021721299161,-0.7429320768592945,-0.7577105254874885
1.022,-0.665,-0.54,1.022,-1.075,0.257,-0.665,0.257,1.022,-0.841,1.445,-0.665,-0.665,1.445,0.065,1.022,1.022,-1.075,1.022,-1.077,1.207,-0.841,-0.841,1.445,0.257,-0.841,-0.54,0.257,1.207,1.445,-0.841,-0.54,-1.077,0.065,-1.077,-1.077,-0.841,-0.54,-1.075,0.257,-1.075,-1.077,1.445,-1.077,1.207,1.207,1.022,-1.075,-0.841,0.257,-0.54,-1.075,0.257,-0.665,-0.841,1.022,1.445,-1.075,-0.6769268277764918,-0.54,-1.0942524605745478,0.24600822632173763,1.4360943628338703,0.2718886952460772,-0.8516006058351565,-0.8166219958915292,1.49087282855309,-0.5454192333210705,-1.077
0.111,0.111,0.914,0.111,1.718,1.718,0.231,-0.744,-0.519,-0.744,0.244,1.718,0.111,0.231,-0.882,-0.744,-0.369,-0.519,0.111,-0.744,-0.882,-0.882,-0.682,-0.882,-0.519,0.244,-0.369,-0.369,0.914,0.111,-0.882,0.231,-0.369,-0.882,-0.682,0.244,-0.369,0.231,-0.369,0.244,-0.882,-0.519,0.914,0.914,-0.369,0.244,0.244,0.231,1.718,0.914,-0.682,1.718,0.914,0.8983093552069962,-0.682,-0.6974227554148908,0.231,0.111,0.21108853290418447,-0.882,0.0930882524706914,-0.519,-0.5394741177049969,-0.8961764775829372,-0.8868856178002542,-0.369
-0.006,0.016,0.541,-0.872,-1.215,-0.294,0.232,-1.215,-1.215,-0.706,0.541,-0.872,-1.215,-0.294,-1.163,-1.163,0.232,-0.872,-0.572,-1.163,-0.572,-0.706,0.541,-1.215,-0.872,-0.294,-1.163,-1.215,0.232,0.016,-1.163,-1.215,-0.706,-1.163,0.232,-0.872,-1.215,0.232,-0.294,-0.872,0.016,-1.163,-0.572,-0.294,-0.872,0.016,-1.215,4.8105919505755934e-05,-0.294,0.541,-0.572,-1.2295676991086255,0.232,-0.5841041197897863,-0.706,0.031071481421755198,-0.006,-0.565868092917077,0.21815178307523883,-0.8814177293455843,-0.8562798066829787,-0.5401257009502186
-0.531,2.246,2.246,-0.527,2.246,-0.234,1.106,-0.248,-0.527,-0.531,-0.814,-0.248,2.246,-0.527,0.012,-0.814,0.012,-0.814,1.106,-0.527,-0.248,1.106,-0.814,1.106,0.012,1.106,2.246,1.106,-0.531,-0.734,-0.248,-0.234,-0.234,2.246,-0.248,2.246,-0.734,-0.531,2.246,-0.734,0.012,2.246,-0.234,-0.734,1.106,2.246,-0.734,-0.527,2.246,2.246,0.012,1.106,-0.234,-0.531,-0.005150054975172465,1.0932167982235397,-0.546982320327186,-0.814,-0.248,-0.527,0.030805188207524994,-0.24863069436464724,-0.5153522132270529,0.05179212409736939,-0.2626126833953378,-0.22924496689199836,-0.19975432437300053,-0.16658093037869254,0.09140565632718295,0.11645898736713745
-0.829,-0.054,-0.91,-0.966,-0.966,-0.951,-0.966,-0.829,-0.092,-0.829,-0.092,-0.951,-0.509,-0.951,-0.092,-0.966,-0.966,-0.054,-0.829,-0.054,-0.092,-0.194,-0.951,-0.91,-0.91,-0.092,-0.91,-0.509,-0.966,-0.054,-0.91,-0.966,-0.509,-0.092,-0.248,-0.248,-0.092,-0.91,-0.092,-0.91,-0.248,-0.966,-0.248,-0.91,-0.054,0.0,-0.91,-0.9283947994917652,-0.9013094103264245,-0.194,-0.21083539943010762,-0.18636623434718252,-0.966,-0.829,-0.014973080885664309,-0.8568035493334358,-0.092,-0.9780938417775176,-0.509,-0.951,-0.5236736413278352,0.016942714405816656
-1.229,-1.229,-0.144,0.496,1.481,1.481,-1.229,0.496,1.289,-1.195,-0.4,1.328,1.481,-1.195,-0.095,-1.229,-1.229,-1.195,-0.144,1.289,-1.195,1.289,-1.229,-0.4,1.481,1.481,1.289,1.481,-1.229,1.328,1.481,-1.195,-1.195,1.328,0.496,1.328,0.055,0.055,-1.195,-0.4,-0.4,-0.095,-1.195,-0.4,-0.144,-1.195,0.055,1.328,1.481,1.328,1.328,0.055,0.041469389702859794,0.0878881185689506,-1.195,-1.206821102409573,1.3169224634993848,-1.229,-0.144,1.3469182223699019,-1.1880873418589646,1.481
-1.023,-0.281,-0.776,-0.502,1.078,-0.776,-0.502,-0.502,-0.79,-1.023,1.078,-0.281,0.179,-0.79,-0.384,-0.281,-0.281,1.078,-0.384,-0.776,-0.878,-0.502,1.292,-0.878,1.292,0.179,-0.776,-0.878,-0.384,-1.023,-0.878,-0.384,1.078,-0.79,-0.502,-0.502,-0.776,-0.79,1.078,-1.023,0.179,1.292,-0.776,-0.502,-0.281,-1.023,-1.023,-0.281,0.179,-0.878,-0.79,1.078,1.292,-0.384,-0.281,1.276089784507083,1.3001665578085502,1.0659429573741455,-0.29797932697251794,-0.776,-0.8063936661501592,-0.7682075045343684,-0.502,-0.7912014956937221,-0.5163750897360972
1.043,0.231,-0.509,-0.509,-0.862,-1.249,-1.249,-0.646,0.231,2.006,-0.509,2.006,-0.38,-0.38,-1.249,-0.862,-1.249,-0.509,-0.38,-1.249,-0.845,-0.646,2.006,-0.38,-0.38,2.006,-1.249,-0.348,-0.509,0.231,1.043,-0.862,-0.348,0.231,-0.38,-0.862,2.006,0.231,-1.249,-0.38,-0.646,-0.509,2.006,-0.38,-0.845,2.006,-0.348,-0.348,1.043,1.043,1.043,2.006,-0.845,-0.845,-0.348,2.006,-0.646,-1.249,-0.38,0.231,-0.845,-0.8578057566246983,-0.6630764992867652,1.043,0.21699562325718558,-0.6009299377889088,0.24338888543602405,1.0294545399757065,2.006,-0.509,-0.39080662314397413,-0.5280890253253864,-0.5721625722430038
-0.687,-0.689,-0.657,0.695,0.695,0.695,-0.635,-0.689,0.695,-0.59,-0.188,-0.635,-0.188,-0.602,-0.352,0.695,-0.687,0.695,-0.689,-0.602,-0.188,-0.687,-0.59,-0.635,0.695,-0.635,-0.687,0.904,-0.687,-0.689,-0.59,0.695,-0.687,-0.602,0.904,-0.188,0.904,-0.657,0.904,-0.657,0.695,-0.188,-0.602,-0.687,-0.188,-0.2035760335841829,-0.59,-0.657,-0.689,-0.602,-0.17594164479239222,-0.6193864043008418,0.695,-0.6091514064758125,-0.7043069160963801,-0.687,-0.6686357039595846,-0.6887634301233131,0.904,-0.6252781724837182
1.222,-0.794,1.222,-0.861,-0.363,-0.81,-0.192,-0.81,-0.861,-0.81,0.771,1.222,0.087,-0.861,-1.349,0.087,-0.861,-0.192,-0.81,-1.349,-1.349,-0.861,-0.192,-0.794,-0.363,-0.192,-0.81,-1.349,-1.349,-0.794,-0.192,1.222,-1.349,-1.349,-0.363,1.222,-0.363,-0.81,-0.861,0.087,-0.363,0.771,-1.349,0.087,-0.861,-0.192,-1.349,-1.349,-0.861,-0.363,1.222,-0.794,1.222,-0.861,0.431,-0.81,0.771,-0.8226327251055106,-0.794,-0.363,-0.192,-0.8043612793709742,-1.349,-1.3715291182918965,-0.861,-0.20581670542738317,-1.347607159447828,1.222,-0.37716559553482376,-0.763723445344936,-0.7288233092091589,-0.33191388028861163
-0.853,2.068,-0.822,1.295,-0.138,0.216,-0.138,-0.925,-0.402,-0.853,2.068,-0.649,-0.649,-1.172,-0.402,-0.138,-0.822,0.216,-0.402,-0.649,-1.172,-0.925,-1.172,-1.172,1.295,-0.925,-0.402,0.216,0.216,-0.853,-0.925,2.068,-0.649,1.295,2.068,-0.822,-0.853,-1.172,-0.649,-0.138,-0.853,-1.172,0.216,-0.649,-0.649,-0.925,-0.822,-0.853,-1.172,2.068,2.068,2.068,-0.925,-0.138,-0.402,-0.853,1.295,1.2745363847367168,-0.925,0.216,-0.402,1.3232289051779909,1.353561876316561,0.20025548329354395,-0.138,-0.8675883832080019,2.068,-0.1532727722095164,-0.13037538726047085,-0.8240556000239522
-0.903,-1.147,-1.147,1.825,-1.061,0.116,-1.077,-1.077,1.825,-1.061,-1.147,1.354,0.116,1.354,-1.147,-0.903,-0.903,1.825,0.642,-1.061,-1.147,-1.077,-1.077,-0.815,-0.533,0.642,0.116,-0.903,-1.061,-0.533,0.642,-1.077,-1.077,-0.815,1.354,-1.147,-0.903,0.116,1.825,0.642,-1.061,-0.815,-0.815,-1.077,-1.061,-0.815,-1.077,1.354,1.825,-0.8247708143815647,-0.533,-1.061,-1.0716114415404527,-0.7615668001823835,-0.903,1.8157494616012528,-1.093266791772834,-1.0323848001935816,-1.084049187035598,-0.917968054283578,-0.7209845990424403,-1.038627651751467,1.8436050383996492
-1.276,0.877,1.491,0.625,-1.276,0.877,0.94,-1.276,-0.737,1.491,-1.256,0.877,-1.276,-0.821,-0.238,-1.276,-0.821,0.098,0.877,-0.737,-1.276,0.098,-1.276,0.94,0.94,0.625,0.098,-1.256,0.877,0.625,-0.821,-1.256,0.625,-0.821,-0.821,0.94,1.491,-0.238,-1.256,1.491,-1.256,1.491,0.877,-1.276,-1.256,-1.276,-0.737,-0.821,0.098,-0.737,0.877,0.94,0.625,0.0830778824248388,-0.7527699779748882,0.9301404607655909,-0.7091615173370172,1.491,0.9648910234409931,0.8682621002011115,-1.256,-0.821,-1.276,1.4804689635456916,0.8903252827883108,0.10776713861781295
1.019,-0.983,-0.214,1.019,-0.214,1.443,0.985,1.443,0.474,1.019,-0.667,0.985,0.474,-0.983,-0.685,-0.667,-0.685,-0.667,-0.983,1.019,0.45,1.019,0.474,-0.983,0.45,1.443,-0.14,-0.983,-0.14,-0.214,0.45,0.474,-0.14,-0.685,-0.983,0.45,1.019,0.45,0.474,0.45,-0.685,-0.667,-0.14,0.474,-0.6840482842856567,-0.685,-0.983,-0.6520470900668767,0.4662673526011485,0.45,0.4425975358845893,-0.6208472739162072,0.47426042692149006
1.775,-0.727,1.775,1.344,0.573,-0.727,-0.242,-0.017,-0.339,-0.242,-1.159,-0.017,-0.339,-1.221,1.344,-0.339,-1.221,-0.339,1.344,0.573,-0.242,-1.159,-0.339,0.573,-1.221,-1.221,-0.702,1.775,-1.159,-0.242,-1.159,-0.702,1.775,-0.017,-0.242,1.775,-0.702,-0.727,-0.339,-0.702,-0.017,-1.221,1.344,1.775,-0.702,-1.159,-1.221,1.775,-0.017,-0.727,-1.159,-1.221,-1.221,-0.702,-0.727,0.573,-1.221,-0.242,1.775,-0.738285445030187,-0.339,1.760074182118578,-0.017,-0.2577089757538239,-1.159,-0.35238260774646313,-0.7073163744308152,-0.3249024934502723
-0.958,1.356,-0.069,-0.716,-0.069,0.793,-0.589,1.356,0.793,-0.429,0.793,-0.716,0.776,-0.716,-0.429,-0.211,0.924,0.793,0.793,-0.716,-0.716,-0.589,-0.069,0.776,0.776,-0.589,-0.211,1.356,1.356,-0.958,-0.211,-0.211,0.776,-0.716,-0.958,-0.958,-0.069,0.793,0.924,-0.716,0.793,-0.589,-0.958,-0.429,0.924,-0.9708316631134575,-0.6016159191324795,1.356,-0.069,-0.716,1.3435265424405278,0.793,-0.44496634222748505,1.3717886051122061
0.224,-0.795,-0.341,-0.932,-0.795,-0.795,-0.795,-0.932,1.153,1.539,1.153,1.153,-1.061,0.224,-0.654,1.153,-0.795,-1.061,-0.341,-0.807,-1.061,1.153,-0.35,1.539,-0.35,-1.061,1.539,-0.807,-0.932,-0.341,-0.35,-0.932,-1.061,-0.795,-1.061,0.224,1.153,0.224,-0.932,-0.807,-0.654,1.539,-0.932,-0.654,-0.795,1.539,0.224,-0.35,-0.932,-0.942524369394673,-0.8090746157864246,1.5299647132052145,-0.9142712376847408,-0.807,0.21165471131137992,0.23798066319138195,1.153
-0.282,-1.077,0.747,-0.654,-0.944,1.111,-1.283,0.747,-1.077,-0.852,1.111,-1.283,-0.944,-0.944,1.111,1.483,-0.944,1.483,-0.852,-0.282,0.747,-1.283,-1.077,-1.283,1.483,-1.283,-0.944,-1.283,-1.283,-0.852,-0.852,-1.077,-0.654,0.747,-1.283,-1.283,1.111,1.111,-1.077,-1.077,1.483,-0.944,1.111,0.747,-0.654,0.753,1.111,1.111,-1.283,-0.944,-1.283,0.753,0.747,1.483,-0.944,-0.654,1.111,1.087982863012947,-1.077,-0.852,0.753,-0.282,-0.6669984303273314,0.747,1.4748076660282845,1.512050178721379,-1.0929787138908733,-0.8637261632768262,1.11614725259383,-0.8265586626964091
-0.316,0.245,-1.095,0.731,0.726,-0.909,-0.395,-1.096,-0.909,-0.395,-1.095,0.946,0.946,-0.316,-0.909,-0.755,-0.316,-1.096,-1.095,-1.095,-0.755,-1.096,0.726,0.726,0.946,0.726,-1.095,-1.096,-1.096,-0.755,-0.909,0.946,-0.755,0.245,-1.096,0.731,0.726,-1.095,-1.096,-0.755,-0.909,-0.909,-0.316,0.726,0.726,-0.909,-0.395,0.726,-0.921978737394696,0.245,-0.316,0.946,-1.096,0.7071499732356494,-1.095,-0.32603354512199056,0.731,-1.1063560482678296,0.9376798295626319,-0.755,-0.7710375947717155,-1.0597162554800261
-0.709,-0.91,-0.455,-0.709,-0.189,-0.838,-0.091,-0.861,-0.91,-0.709,-0.861,-0.091,-0.091,-0.189,-0.861,-0.709,-0.091,-0.91,-0.91,-0.091,-0.091,-0.63,-0.189,-0.189,-0.91,-0.91,-0.709,-0.091,-0.861,-0.189,-0.455,0.443,-0.63,-0.455,-0.455,-0.091,-0.189,-0.91,-0.189,-0.091,0.509,-0.838,-0.455,-0.861,-0.838,-0.861,-0.8828940957624289,-0.91,0.509,-0.838,-0.189,-0.63,-0.8562889544626182,-0.8251755049838009,-0.455,-0.9225725441308692,-0.7823442694066045,-0.7440717437363318,-0.8880689210307305,-0.8469401429234693,-0.20038107916497824,-0.7233268054307939,-0.8210946667314568
-0.757,0.774,0.774,0.695,-0.562,0.695,1.951,1.951,-0.397,1.951,-0.927,-0.927,-0.783,-0.927,-0.397,0.807,1.951,0.392,0.392,1.951,1.951,1.951,-0.927,0.807,-0.927,-0.397,0.807,0.695,1.951,-0.757,-0.562,-0.757,-0.927,-0.397,0.807,-0.757,-0.783,-0.397,-0.562,0.807,-0.757,-0.757,0.807,0.774,0.807,-0.783,-0.783,0.774,-0.757,0.7571294725450635,-0.562,-0.770716280312582,-0.397,0.392,-0.7491563000531736,-0.927,-0.7008346865423323,-0.6676234187555248,0.807,1.951,-0.5692562736366752
1.17,-0.949,1.215,1.215,1.17,0.812,-1.046,0.812,-1.135,-1.135,0.812,-1.135,0.352,0.352,0.812,0.812,-1.046,-1.135,-1.046,1.294,-1.135,1.294,-0.735,-1.135,-1.046,1.17,-0.949,-0.818,-0.818,-0.949,1.294,-1.046,-0.735,1.215,0.812,-1.135,0.352,-0.949,1.17,-0.818,0.352,-0.818,1.215,-0.735,-1.135,1.215,1.294,1.215,1.215,0.812,-1.046,-0.818,-1.135,1.17,-1.046,1.1565483319112355,1.182391547979123,0.352,-1.0539096849217509,-0.735,0.3381509791143277,-1.0151472260640277,-0.818,-0.9784142597532006,1.206124209628913,0.37731110399153933,1.294
0.901,0.901,2.08,2.008,1.599,0.512,-1.288,-0.3,-0.896,2.08,1.599,0.901,-0.896,1.599,-0.3,-0.3,-0.858,1.599,0.536,2.08,2.08,-0.896,-1.288,1.599,-0.858,1.599,2.008,-1.288,2.08,-1.288,2.008,0.536,-1.288,-0.3,-0.896,0.536,1.599,-0.896,0.512,2.08,-0.858,-0.858,2.008,2.08,0.901,-1.288,0.512,1.599,1.599,0.512,0.536,2.08,-1.288,-1.288,-0.896,0.512,2.008,1.9978735361723687,2.036609911180667,0.5016897903847649,2.08,0.536,2.065066450615951,-0.3,-0.3184707670802426,-0.29526853330962904,2.0759068771802425,-0.9060747049669663,0.901
-0.084,-0.836,-0.62,0.152,-0.084,0.152,-0.667,-0.084,-0.314,-0.084,-0.314,-0.62,1.469,-0.667,-0.62,0.152,-0.62,-0.836,0.504,-0.836,0.504,-0.084,1.493,1.493,1.493,-0.084,1.469,-0.314,-0.667,-0.836,1.483,-0.62,1.483,0.504,-0.667,1.493,1.483,-0.836,1.483,1.469,1.483,0.504,1.493,-0.314,1.469,-0.084,-0.314,-0.62,-0.62,-0.667,-0.836,-0.084,-0.8506438857445912,1.469,-0.62,-0.09668715667653238,-0.314,-0.6792592076522119,-0.8001076439878336,0.504,1.4547687430872698,0.49467950766895913,-0.7634746370352377,0.5207289830974938,0.152,-0.065209411304401
-0.434,0.445,-1.309,1.358,-1.309,-1.188,1.079,-1.188,-0.968,-0.743,0.029,0.445,-0.968,-1.309,1.079,-1.188,-1.188,-0.434,0.445,1.079,-1.188,1.517,1.079,-0.743,1.517,1.079,-0.743,-1.309,-1.309,1.517,-1.188,-0.434,-0.968,1.358,0.445,0.029,-0.968,-0.743,1.358,-1.188,-1.309,1.517,-0.743,-1.188,1.358,-0.968,-0.743,0.029,0.029,-1.309,-0.434,-1.309,0.445,1.517,-1.320259809107179,1.4989127744953068,-1.2865748772353311,1.358,-1.2658990364030727,-0.434,1.079,-0.968,1.0626546089299578,-0.45079574419747626,-0.743,0.4362868661030407
0.062,-1.054,0.062,1.122,-0.899,1.924,-0.899,0.062,1.524,1.524,-1.054,1.924,1.122,-0.272,-0.272,1.924,1.23,1.524,0.461,0.173,1.122,0.461,-1.054,0.173,1.924,0.173,1.23,-0.272,1.524,-0.272,0.062,0.062,-0.899,1.924,1.122,0.173,1.23,0.461,1.23,1.122,-1.054,0.461,0.173,-1.054,1.924,1.23,0.461,1.23,0.062,0.461,1.23,1.122,0.461,-1.054,-0.272,1.122,0.461,-0.899,-0.272,1.924,0.461,-0.272,-0.899,1.524,1.924,0.461,1.23,0.062,1.906585129387779,1.122,0.173,0.050062022463246245,0.44781405548788933,-0.2845536888604542,1.1105813689738389,0.055134826482502106
1.213,-0.963,-0.524,-1.141,0.66,-0.216,1.213,-1.141,-0.394,-0.963,-0.393,-0.524,-0.393,0.042,0.66,-1.141,0.042,-0.524,-0.524,0.042,-0.524,0.303,-0.524,-0.216,1.213,1.213,-0.963,-0.394,-0.216,0.303,-0.524,0.66,0.66,-1.141,-0.963,1.213,-1.141,-0.524,0.303,0.042,-0.524,-0.216,0.66,0.303,-0.393,-0.963,-0.394,0.042,-0.9809890789773972,-0.393,0.030939077289361794,-0.216,1.213,0.66,0.6534296883325844,-0.9426410423509959,-0.4037030559319511
-0.927,-1.041,1.58,1.58,-0.927,-0.927,0.244,-0.287,1.431,0.6,0.244,1.009,0.916,1.431,0.916,1.009,-0.927,1.431,-0.927,-1.041,0.6,-1.041,-0.284,-1.041,-1.041,-0.287,1.58,1.431,1.009,1.009,1.431,1.431,-1.041,-0.287,-1.041,-0.927,-0.927,0.916,-0.284,-0.927,-0.287,-0.284,-0.284,1.58,-0.287,0.244,0.244,1.009,1.58,-0.284,-0.287,0.6,0.244,-0.287,0.23110297236451388,-1.041,1.431,-0.284,1.009,0.916,0.27306880249988397,-0.29772004512276384,1.58,0.9021979211601043,1.5643254243841178,0.2833200885534846,-0.29735660850318285,-0.2329330698293962,0.994948757304432,0.9287083164490969,0.6
-1.158,-1.065,-0.165,-1.065,0.333,1.765,-0.308,0.922,1.765,1.765,-1.158,-1.065,-0.308,-0.084,-1.158,-0.165,0.922,-0.165,-1.065,-1.3,0.333,-0.165,0.512,-1.3,-1.3,1.765,-1.158,0.333,-1.3,0.922,0.333,-1.3,-1.065,-1.065,-0.084,-1.158,-1.065,-1.158,-0.308,-1.158,1.765,-0.084,-1.065,-0.308,0.333,-1.065,-1.3,1.765,0.512,-1.3,1.750584547122394,0.333,-0.084,-0.09612514670151073,0.3223076404412688,-1.3146806933131194,0.3548366739082078,1.7919462866918547,-1.158,0.5001612931051735,-1.170735806363674,-0.05230957541781715
-0.746,1.433,1.352,0.123,1.433,0.123,0.134,-0.367,1.433,0.134,0.123,-0.376,0.477,-0.091,-0.091,-0.376,-0.367,-0.746,0.123,-0.376,1.352,-0.746,-0.376,0.123,-0.367,-0.376,0.134,-0.091,1.433,1.433,-0.746,-0.367,0.123,-0.367,1.433,0.123,-0.746,1.352,-0.376,0.0,-0.091,0.134,-0.367,-0.746,-0.38108221263718695,1.433,-0.09787908908009778,-0.3509323101078978,-0.376,0.477,-0.31173737024336123,0.46603795714457613,0.508541613236915,0.123,-0.28090884140283756
0.978,0.502,-0.587,-0.858,-0.386,-0.037,-0.858,-0.493,0.502,-0.943,0.978,0.978,0.294,-0.037,1.345,-0.587,0.502,1.345,-0.858,-0.037,-0.858,-0.943,-0.943,-0.858,-0.943,-0.386,1.345,-0.493,0.502,-0.493,0.294,-0.037,-0.493,-0.386,1.345,0.502,0.978,-0.037,-0.386,0.294,-0.493,-0.943,0.502,1.345,-0.587,-0.037,0.502,-0.943,-0.858,0.294,-0.587,-0.9528902605453069,-0.386,0.49066010149808287,1.345,-0.9118126203849594,-0.5986719576757147,0.978,-0.493,-0.3981348265706175,-0.04757704183932726,0.2833760053793752,-0.36062397911947286,1.3373051148700361
0.521,2.144,1.496,-0.47,0.704,-0.47,1.496,-1.112,0.255,-1.112,-0.322,2.144,2.144,-0.47,0.521,-1.112,0.704,2.144,-1.112,0.521,0.704,-1.112,2.144,-1.112,-0.47,1.496,-1.112,-0.47,0.704,0.521,2.144,2.144,-0.538,-0.47,0.521,0.704,-0.538,1.496,-1.112,-1.112,2.144,1.496,2.144,2.144,2.144,-1.112,-1.112,0.521,0.255,-1.112,-0.538,2.144,2.1322983438921086,-0.47,2.1636270515887346,0.0,1.496,0.704,0.521,2.212955036071948,-0.48570597521282965,-0.5498547708598471,1.4832198014635882,-0.5081194560951341,1.5242538907445684,-1.112
-0.728,-0.979,-0.543,-0.979,-0.151,1.063,-0.151,-0.543,-0.728,-0.543,-0.979,-0.151,-0.728,-0.728,0.685,0.685,-0.908,-0.728,-0.543,-0.543,1.063,0.685,0.972,-0.979,-0.189,-0.979,-0.908,1.063,1.063,-0.979,-0.189,-0.979,-0.151,-0.728,0.441,-0.979,-0.543,-0.979,0.972,-0.543,1.063,-0.543,-0.151,-0.908,0.685,0.972,0.6696754708285835,1.063,-0.979,1.0476853585379302,-0.151,-0.189,-0.1635084079018141,-0.728,-0.2070503476134873,-0.73892385447268,-0.11001021984338877,-0.543
0.77,0.77,0.77,-0.48,-1.057,-0.48,-1.057,-0.265,0.77,-0.48,-0.907,-1.057,0.77,0.77,-0.265,-0.242,-1.057,-0.242,-0.242,0.77,-0.949,-0.48,-0.265,0.77,-1.057,-0.907,-0.265,-1.057,0.77,1.024,-0.109,0.77,-0.48,-0.48,-0.242,0.345,0.345,0.77,0.77,-0.109,-0.949,1.024,-0.949,-0.949,-0.949,-0.907,-0.907,-0.949,1.024,-0.265,-0.284607716305382,1.024,-0.949,-1.057,-1.0730782159638377,-0.907,-0.109,-1.034759078167722,-0.1263812002521834,-1.0018051916582718,-0.23562765003146002,-0.192325257639792,1.011210885709853
0.552,-1.089,0.552,-1.089,-1.143,-0.951,-0.919,-1.288,-1.089,-1.288,-1.089,-1.288,-0.847,0.552,-1.089,-0.847,1.362,-0.951,-0.847,-1.288,0.526,-0.272,-1.288,-1.143,1.362,-0.951,-1.288,-0.272,-0.951,-1.089,-1.288,-1.288,-1.089,-1.143,-0.919,-1.143,-0.919,-0.847,-1.288,1.362,1.362,-0.951,-0.919,-1.288,-0.272,0.552,0.552,-0.951,-1.089,-1.288,-0.919,-0.919,-1.143,0.552,0.526,-0.951,-0.847,-0.919,0.526,-0.272,1.362,-1.288,-0.28873390750027333,-1.143,1.3483386581532488,1.4081152882517707,0.552,-1.300248115655411,-0.8597078880707052,-0.9328326695895345,-0.9084434015702174
0.068,0.253,1.495,-0.724,-1.017,-1.068,-0.586,0.595,1.495,1.495,-0.724,-0.586,1.495,-0.902,1.495,1.495,0.068,-0.586,1.46,-0.724,-0.724,1.46,1.46,1.495,-1.068,-1.068,0.595,-0.902,-1.068,1.46,-1.068,-1.017,0.068,-1.017,-0.586,-1.068,1.495,0.068,0.068,-0.586,0.253,-0.902,-0.586,0.595,0.253,-1.017,0.068,-1.068,-0.902,-1.068,0.253,-0.586,-0.724,1.46,1.46,1.46,-1.017,1.495,-0.586,0.068,0.06112840022458625,1.4792225456756407,1.46,0.253,-1.017,-0.724,-0.902,0.11274576949603234,1.4471929410814077,1.4938862251944207,0.1474783505198856,-1.068,-0.7387692144871105,0.19018277113669235
-0.744,0.939,-0.988,-0.744,0.109,-0.162,-0.67,-0.744,-0.581,0.109,-1.283,-0.162,-0.744,-0.988,-0.744,-1.283,0.331,-1.283,0.109,-0.988,-0.581,-0.988,0.027,0.027,-0.988,0.109,0.027,-0.744,-0.988,-0.67,-0.67,-0.988,0.027,-1.283,-0.744,0.027,-1.283,-0.744,-0.988,0.939,-0.581,-1.283,-1.283,-0.581,-0.162,0.331,0.331,0.331,-1.283,0.331,-1.283,0.109,0.939,-0.162,0.109,0.331,-1.283,-1.3026315674154072,-1.2603735304818648,-0.581,-0.1731539988526352,-0.744,-0.67,0.939,0.09398802087029158,-0.7498768759865673
0.356,-0.347,0.177,0.129,0.177,-0.972,2.331,-0.194,2.331,0.4,0.177,-0.972,2.331,2.331,0.356,0.129,2.331,0.177,0.129,-0.194,-0.972,-0.194,0.177,-0.562,0.4,0.356,-0.972,-0.347,-0.194,0.177,2.331,2.331,2.331,-0.347,-0.347,2.331,0.4,-0.972,-0.194,-0.972,-0.194,0.177,-0.293,-0.972,2.331,-0.562,0.356,0.177,0.1503685186742317,-0.562,2.331,-0.577691372388483,-0.293,-0.5307206684580374,0.343888847914111,0.4,0.38220936621794255,-0.5009871466842013,2.3199070653040588,-0.347,0.41836991412437924,2.3666861301819844
-0.596,-0.358,-0.358,1.553,0.9,-0.596,-0.431,0.9,-0.368,-0.368,-0.656,-0.368,0.9,-0.431,1.343,-0.596,-0.431,-0.548,-0.368,-0.596,0.9,1.553,-0.548,-0.656,1.343,-0.358,-0.656,-0.443,1.553,-0.358,-0.656,-0.548,1.553,-0.656,1.343,-0.358,-0.596,-0.596,-0.368,-0.548,1.553,-0.443,-0.596,-0.358,-0.358,-0.548,0.9,-0.656,-0.565766088793986,-0.596,-0.6130415121230071,-0.368,-0.36922077693519056,-0.3819704996180535,-0.6652378428684562,-0.3214871299892102,-0.515029183182031
0.083,-1.096,-1.096,0.577,0.615,-0.734,1.846,0.615,1.846,0.452,-0.808,-0.601,1.846,0.083,0.615,-0.808,0.615,-0.734,-0.808,-1.096,0.615,-0.808,0.452,-0.808,-1.096,0.452,-1.096,-0.865,-0.808,-1.096,-0.601,-0.865,-0.734,0.577,1.846,0.577,-1.096,1.846,0.083,-1.096,-0.808,0.577,0.615,0.452,1.846,-0.865,-0.601,0.452,-0.865,0.083,1.846,1.8255934019660163,0.615,-1.096,-0.808,0.577,-0.865,0.07062243165963829,-0.601,-0.734
-0.932,-1.179,0.845,-1.179,-1.056,-0.932,1.208,1.208,-0.766,1.208,-1.179,-0.559,-1.179,-1.056,-1.179,-1.056,0.465,0.465,-0.932,1.208,0.465,0.465,-0.762,-0.559,-1.179,-0.762,0.465,-1.056,-0.559,-0.762,-1.179,-1.179,-0.25,0.845,-0.762,-0.932,-1.056,-1.179,0.465,-0.766,-0.932,-0.762,-0.766,1.208,-1.179,-0.25,-1.179,0.465,-0.932,-0.559,0.465,-0.5714389210295688,-1.179,-0.5502429313672381,-0.5255977195357665,-1.19193760414596,-0.766,-1.1573534461210893,-0.7783303692834787,-0.4754774518899743,-1.1423963048841517,0.845
-0.832,1.335,-0.544,1.335,-1.112,-0.832,-0.676,-1.011,1.035,-0.676,-0.544,1.335,-0.832,1.335,-1.112,-0.106,0.814,1.035,-0.676,-1.011,-1.011,-1.011,-1.112,-0.106,-0.106,-0.832,0.814,-0.106,-1.112,-0.106,-0.544,-1.112,0.688,0.814,0.688,1.035,1.335,-1.112,-0.106,0.688,1.335,-0.832,-0.832,1.035,1.035,0.814,-1.011,-0.832,-1.112,-1.011,1.335,-0.676,0.814,1.3186841158715583,-0.832,0.7957890798854872,-1.112,-1.1226997269025432,-0.6905961002686717,1.035,-1.0803748536844058,-0.544,0.688
0.236,0.993,1.096,0.535,-1.072,-0.688,-0.576,1.096,-0.214,-0.576,0.993,0.285,-0.584,0.993,0.236,0.993,0.535,-0.688,0.236,-0.576,0.535,0.285,-1.072,0.236,1.096,-0.584,-1.072,0.285,0.236,-0.576,1.096,0.535,-1.072,-1.072,0.535,-0.576,0.236,-1.072,0.285,1.096,-1.072,0.236,0.236,0.285,-1.072,-0.584,-0.584,-1.072,0.535,1.096,0.236,-0.584,0.285,-0.584,-0.214,0.535,0.5224431183406462,0.993,-0.5963897633044356,-0.688,0.236,-0.22360572668472312,-1.072,1.096,-0.5663909175968854,1.0848123504164322,-0.20735438507437376,-1.0894297242080473
0.413,1.191,-0.48,1.357,-1.197,1.811,1.811,-1.197,-0.896,1.811,1.191,-0.48,1.357,-1.197,-0.896,-1.197,-0.322,-1.197,-0.896,1.191,-0.563,1.357,1.191,1.811,-0.48,1.811,-0.896,-1.197,0.413,1.191,-1.197,-0.48,-0.48,0.477,0.477,-0.896,1.811,1.357,-1.197,1.357,0.413,-0.563,-0.563,1.191,-0.563,-0.48,-0.48,0.477,-0.896,-0.322,-1.197,-0.3339050814980204,1.191,-0.563,-0.5754595004279541,1.357,0.413,1.3337026851707166,1.811,0.477,-0.48,-0.49391656548656604,0.46235739001728665,-0.4562046342088786,-0.9089810052164536,-0.290631434425262
1.244,-0.008,0.776,2.097,-0.999,1.244,2.097,-0.008,-0.91,0.776,-0.534,0.046,0.776,-0.91,0.776,-0.91,0.046,-0.91,0.776,-0.534,-0.91,-0.999,1.244,-0.999,1.244,-0.228,-0.008,-0.999,1.244,0.776,2.097,-0.999,-0.999,0.046,-0.91,1.244,2.097,-0.91,2.097,0.046,-0.91,-0.91,0.046,-0.008,-0.008,1.244,-0.534,-0.228,1.2331667707578617,-0.24020746348716948,-0.008,2.097,-0.19877079275265955,0.0,-0.999,-0.010605674537421072,0.046,1.2674759809183458,-0.1664141463953135,0.776,0.03736776600383597
1.64,-0.474,2.113,0.864,-0.632,-0.474,0.864,-1.133,-1.133,-0.632,1.64,1.64,-1.133,2.113,1.64,2.113,-1.133,0.536,1.64,-0.536,0.536,-0.392,1.64,-0.632,0.298,1.64,-0.632,-0.474,0.536,-1.133,0.864,-0.632,-1.133,0.536,-0.632,2.113,2.113,2.113,2.113,0.536,0.298,2.113,2.113,-0.632,-0.536,2.113,-0.536,-0.474,-0.49414830266079335,-0.392,0.298,0.2689334998865149,-1.133,-0.632,-0.4006745294950708,0.32654458478455595,0.3778213928406031,-0.4431710229402782,-1.1458300928815766,-0.5507776812026483,-0.5206167919160992,-0.4228521264036981,0.42390688428187673,2.113,0.864,-0.342875643371843,-0.47501462002965184
-1.016,-0.458,-0.805,1.188,1.188,-0.711,-0.458,-1.256,1.188,-1.016,0.28,0.01,0.413,-0.458,-1.256,-0.711,-1.256,-0.805,-0.805,0.228,-0.805,-1.256,-1.256,-0.711,0.28,0.01,-1.256,-0.805,-0.805,-1.016,-1.016,-0.711,-1.016,-0.711,0.228,-1.016,-1.256,-0.711,-1.256,-1.256,-0.711,-1.016,-0.458,-0.458,-0.4789244090735447,0.413,0.01,1.188,-0.4403226976166738,-1.256,-0.711,-0.002320348564139492,-1.2755230701370885,0.40083671963457945,-1.016,-0.805,0.051180905455335456,-0.7193596254437346,-1.030892424586387,-0.8191740056775834,-0.796046632721835,-0.4186141705805425
-1.037,0.395,-0.003,-1.037,1.408,-0.154,-0.961,-0.95,0.62,-0.154,1.408,-1.036,-1.037,-0.95,0.395,-0.698,-0.961,-0.961,-1.036,0.395,-0.95,-0.698,-1.037,-0.961,-0.154,-1.036,-1.036,1.408,-0.003,0.395,-0.95,1.408,-0.961,-0.698,-0.95,-1.037,1.408,-0.95,-1.036,-1.036,0.395,-1.036,-0.003,-0.95,-0.961,-0.003,-1.036,-0.961,-0.698,0.62,-1.037,-0.698,0.395,-0.961,0.6035904269951425,1.408,-0.95,-0.7132015527596676,-0.9667071640045889,-0.9123383421122625,1.3922973229567783,1.4268049493609618,-0.003,-0.6640753443876348
1.387,-0.694,-0.494,1.387,1.308,-0.823,-0.201,-0.562,-0.201,-0.694,1.431,-0.494,1.387,0.399,-0.494,-0.823,0.399,-0.201,-0.823,-0.823,-0.823,0.399,0.399,1.431,-0.494,1.387,1.431,1.431,1.431,0.41,-0.823,-0.694,1.308,1.431,-0.694,0.41,0.399,-0.494,-0.694,1.308,-0.562,-0.201,-0.562,1.308,-0.201,-0.494,-0.201,-0.694,1.387,-0.562,1.431,1.308,1.419134480363057,1.293910244642509,0.41,0.3948660490299009,-0.201,-0.7106643819015457,-0.6596558202111612
0.12,0.328,-0.299,0.268,0.328,0.268,-1.0,-0.245,0.268,0.268,-1.0,-0.515,1.449,-1.0,-1.0,0.268,-1.0,1.449,0.328,0.12,1.449,-0.299,-0.515,-0.515,-0.515,0.12,0.12,0.328,-0.299,-0.515,0.12,-1.0,-0.299,-0.299,-1.0,-1.0,-0.245,1.449,1.449,0.12,-0.299,-0.245,0.328,-0.299,0.268,-0.245,0.328,1.449,0.268,0.328,1.449,1.4377928036770833,0.0,0.12,0.31745517481840396,0.0,-0.245,-0.2633858388851698,-1.0,0.268,-1.0155992036009627,-0.2405599625644487,0.2565345880978125,-0.515
-0.278,2.221,1.507,-0.278,1.677,-0.958,1.507,-0.512,-0.731,-0.512,-0.426,-0.278,-0.958,-0.512,-0.426,-0.958,2.221,2.221,-0.426,1.677,-0.278,1.425,-0.731,1.425,1.677,2.221,1.507,-0.731,-0.731,2.221,1.425,0.038,1.425,-0.278,2.221,-0.731,2.221,-0.958,-0.958,-0.426,1.507,1.507,1.507,-0.731,0.038,1.677,-0.278,-0.426,-0.512,-0.278,2.221,-0.43918019230408467,-0.958,-0.731,-0.7400096227026587,1.507,-0.29701564175159345,-0.2823327686357438,0.038,-0.22478493510033035,1.425,-0.5173528063269265,0.027685253112258047,1.493397391538283,-0.4217244570314769,1.677,1.4099798259132033,1.458882044457764,1.5247455245666117
-1.3,-1.3,2.473,-0.626,-0.732,0.395,-0.377,2.473,2.473,-0.732,-0.528,2.473,-0.528,-1.3,2.473,-0.528,-0.732,-0.246,-1.3,2.473,-0.377,-1.3,-1.3,-0.528,0.395,-0.528,-0.246,-0.377,2.473,-0.571,-1.3,-0.626,-0.377,0.395,-0.522,-0.528,2.473,-1.3,-0.377,-0.377,-0.377,-1.3,-0.522,2.473,-0.377,-0.377,-0.246,2.473,-0.571,-0.732,-0.246,-1.3,-0.246,-0.732,2.473,-0.26278508611222484,-0.377,-0.522,-0.571,-0.528,-0.21237983241967812,-0.17720264493462423,-0.5396800332572079,-0.48335208883343894,-0.14943302590357377,0.395,-0.13277816368937656
-0.879,-0.93,-0.109,2.204,2.204,0.164,2.204,-1.007,-0.879,0.033,0.033,-0.109,-0.879,-0.109,0.164,-0.93,-0.812,-0.879,2.204,-1.007,0.164,1.31,2.204,1.31,-0.879,0.164,-0.93,-0.812,-0.93,-0.674,-1.007,0.164,-0.879,-0.879,2.204,2.204,-0.812,-0.93,-0.812,-0.879,2.204,2.204,-0.879,-1.007,-1.007,2.204,1.31,-0.674,0.164,0.164,0.164,2.204,-1.007,-0.93,2.192318723564588,-0.674,-0.812,0.164,0.15182622216697997,-0.879,0.1635871935776035,0.19103553445068502,-0.8933089622502812,2.2058529264952584,0.033,1.31,-1.0182973952477634,1.2948884850290237,1.33421286915172,-0.9858888916063755
-0.062,-0.773,-0.062,-1.19,-0.062,-0.928,0.073,-0.409,-0.062,-1.19,-1.19,-0.56,-1.04,-0.062,0.327,-1.19,-0.773,-1.04,-0.352,-0.928,-1.19,0.327,0.073,-1.04,-1.04,-0.56,-1.04,-0.928,-0.928,0.327,0.073,-0.773,-0.928,-0.928,0.073,-1.19,-0.928,-0.062,-0.409,-0.352,-0.062,0.327,-0.928,-0.56,-0.928,-1.19,0.327,-0.773,-1.04,-0.062,-0.773,-0.062,-0.928,-0.7859389444747242,-1.04,-0.07015250211649159,-1.19,-0.409,-1.0490535312100753,-0.7513806375163307,0.327,-0.024322974768621004,-1.2019282087947583,-1.1638583734975445
0.069,-0.885,-0.06,-0.885,0.071,0.416,0.253,1.202,1.509,0.13,0.253,-0.611,1.202,0.13,0.416,1.509,0.069,-0.06,0.071,0.13,0.071,-0.885,0.416,-0.885,1.509,0.071,-0.885,0.253,1.509,-0.611,0.071,1.202,0.416,-0.06,0.253,0.416,-0.06,0.416,1.202,0.071,0.071,1.202,-0.06,0.069,0.13,-0.06,-0.06,0.416,0.253,0.071,-0.611,0.4029853026487952,-0.885,0.24633443923275614,0.069,1.202,0.42549855609209647,0.06019354114277047,-0.8970981229346521,0.0918221045879875,0.1295336364869507,-0.8736083387024627,0.4307538463915132,1.509,1.189693748713504,0.13
-1.055,1.419,1.419,-1.055,0.813,-1.055,-1.057,0.202,0.643,0.643,0.643,-1.057,0.202,1.419,1.554,-1.057,0.292,1.419,0.813,0.292,0.971,0.971,0.813,0.426,0.813,-1.057,1.419,1.419,-1.057,0.813,0.292,0.292,1.554,0.813,1.554,0.202,0.643,1.554,-1.057,-1.057,1.554,-1.057,0.292,-1.055,0.643,0.971,0.202,0.292,1.419,0.19122819683389497,-1.057,1.4069244027391492,1.4499103207361084,0.643,0.2786792251062517,-1.055,0.426,0.4045273933708617,0.6318345752369083
-1.084,-0.802,0.912,-0.802,1.388,-1.161,-0.802,-1.084,-0.802,-0.916,-1.161,-1.084,-1.084,0.712,1.388,1.388,0.712,-0.916,1.388,-0.707,1.388,-1.161,-0.452,-0.916,-0.916,-0.916,0.912,-0.452,1.388,0.245,-0.916,-0.707,1.388,-1.161,-1.084,-0.802,0.245,0.712,-1.084,0.712,-0.707,-0.452,-1.084,-1.161,-0.916,-0.802,-0.916,-1.161,0.712,0.6995354324578285,-0.802,-0.707,-1.084,0.245,-0.7187435418332327,-0.452,1.388,0.912,0.8927491636023941,-0.8135883248349473,1.3748483612876679,-0.7975009184129753
-1.085,0.557,0.639,-0.581,0.557,0.639,-1.085,0.639,-0.408,0.639,-1.085,-0.581,-0.581,-1.038,0.061,-1.038,-0.581,0.639,-1.085,0.639,0.329,-1.085,0.329,0.143,0.639,-0.581,0.639,0.557,-1.038,0.639,1.088,1.088,-0.581,0.061,-1.038,0.639,-0.408,0.557,-1.038,0.639,-0.581,-1.038,1.088,-1.085,0.639,0.557,0.557,0.143,0.639,0.061,0.143,0.557,0.5368110088210776,0.329,-0.581,0.5568337087285434,-0.5934377916936054,0.6284482146726904,-1.038,-1.055381632906492,0.31288883163388853,1.088,-1.085,-0.408,1.070092668362749,0.051402892375343276,-0.5622463025419534,1.1043794784319,0.13442460503844245,-1.018501201356988
-0.822,2.894,2.894,1.587,1.587,2.894,-1.091,2.894,2.894,2.495,0.719,0.719,1.004,1.004,2.495,0.719,2.495,-0.361,-0.361,2.495,-0.509,-1.091,-1.091,1.587,2.495,2.894,2.495,-0.822,2.894,-1.091,0.719,1.192,-0.361,1.192,1.192,-1.091,1.004,2.894,-0.361,1.192,-1.091,2.495,2.495,1.587,-0.509,-0.361,-0.822,2.894,1.587,-0.361,2.894,1.004,2.894,1.587,1.5696705184051594,2.878185982041889,0.719,0.6940605466491504,1.004,-0.822,-1.091,2.495,0.7284187470127559,2.9338056694264645,0.7433122116695271,-0.8291888663346981,0.7823503544343169,0.8065226715651992,-0.361,-1.1046993081027605,-0.37422010366444985,-0.778745765225592
-0.247,0.784,0.017,2.386,0.614,-0.974,0.017,-0.659,-1.004,-0.557,-1.004,1.183,2.386,0.017,2.386,-1.004,-0.247,-0.974,2.386,2.386,0.017,0.017,2.386,-0.659,0.784,-0.974,-0.659,2.386,0.784,0.017,-0.247,2.386,0.614,2.386,2.386,-0.247,1.183,-1.004,-0.659,2.386,-0.247,-1.004,-0.557,-0.974,-0.247,0.614,-0.25418572080523216,1.183,-1.004,-1.0218060302135048,0.784,2.386,-0.557,-0.974,0.597727717238787,0.017,2.3772559507386664,0.0029660687359484086,-0.5694091546397683,0.6184172606630643,2.4187170965594076
0.971,-0.172,-0.094,0.464,0.823,0.208,-0.094,0.208,0.823,-0.094,1.022,1.022,-0.599,-0.599,0.908,0.208,-0.172,0.464,-0.439,1.022,0.971,-0.094,-0.439,0.823,1.022,0.971,-0.172,0.971,1.022,0.971,-0.599,0.908,0.823,-0.599,0.464,0.464,0.464,0.464,-0.599,-0.599,-0.599,-0.599,-0.599,0.464,0.208,-0.172,0.823,-0.439,-0.172,-0.094,1.022,-0.599,-0.6131423172141808,-0.1800263755061594,-0.10674338624555682,-0.14706702190319995,0.208,0.8130948433375007,0.971,-0.45178570150663117,-0.10847068447125637,0.19973150584848046
-0.802,-0.886,0.446,-0.739,0.689,-0.739,1.726,-0.886,-0.011,-0.706,1.726,1.726,0.614,-0.739,1.726,-0.011,-0.706,0.614,1.726,-0.886,0.689,-0.504,0.614,-0.802,1.726,1.726,0.614,-0.504,0.614,1.726,-0.504,0.614,-0.011,-0.739,0.446,-0.706,-0.504,0.446,-0.739,-0.886,-0.739,0.689,-0.802,-0.504,0.689,-0.011,0.614,-0.802,-0.739,-0.706,1.726,0.689,-0.802,0.614,-0.011,-0.02944677661779966,-0.7190804153021055,-0.504,-0.8133378778399767,-0.6743371560603545,-0.011086056905644164,0.6014562475303145
0.566,-0.175,2.091,-0.473,-0.696,-0.365,-0.473,-0.719,-0.324,-0.324,-0.378,-0.473,-0.719,-0.324,-0.719,-0.696,-0.274,-0.473,2.091,-0.696,2.091,-0.175,-0.324,-0.696,-0.696,2.091,-0.175,-0.378,-0.473,-0.324,2.091,2.091,-0.324,-0.324,2.091,-0.274,2.091,-0.696,-0.175,-0.378,2.091,0.566,-0.719,-0.365,2.091,-0.324,-0.719,-0.175,-0.274,-0.696,-0.7318563967553157,-0.378,-0.6916810649130838,-0.6558800286252364,-0.7116311305346052,-0.6745590442095657,-0.3935570653072202,2.091,-0.473,-0.6429862013378412
-0.748,1.122,1.071,-0.169,0.749,-0.734,-0.169,-0.169,1.122,0.749,-0.169,-0.759,0.123,-0.256,0.123,1.122,-0.734,-0.759,1.071,0.123,-0.016,-0.169,-0.169,0.123,-0.734,-0.256,0.123,1.071,1.122,-0.759,-0.748,-0.748,-0.759,-0.256,-0.016,-0.256,-0.256,-0.256,-0.016,-0.169,-0.169,1.071,-0.016,-0.256,1.122,1.107369375024931,1.1384380133027978,-0.169,0.123,-0.734,1.1769326376194424,-0.748,1.071,-0.18456050424609638,0.749,-0.016,-0.7621722193688831,-0.14099104801270396
0.488,-0.601,0.605,-0.82,1.086,0.605,-0.765,1.086,-0.29,0.605,-0.765,0.605,0.488,0.516,-0.765,-0.765,-0.765,1.086,-0.129,0.612,0.488,-0.82,-0.29,0.612,0.488,-0.82,-0.129,-0.129,0.488,0.488,-0.765,-0.129,0.612,-0.601,1.086,-0.601,0.605,0.612,1.086,-0.601,-0.29,-0.82,-0.765,-0.29,-0.82,-0.129,-0.601,-0.29,-0.8319295510840421,0.488,-0.7918412812123933,-0.765,-0.7616138011400112,-0.7795712382129876,-0.7215187340050097,-0.30210232775056833,-0.6165240895500063,0.47561426997481693,-0.6705292978335725
0.897,-1.281,-0.341,0.29,0.82,-1.281,-0.176,-0.452,0.897,-1.281,-0.176,0.897,-0.341,-0.724,-0.176,-0.176,-0.452,-0.176,-0.176,-1.281,-0.452,-0.341,-0.711,0.82,-1.281,-1.281,-0.176,-0.452,0.897,-0.148,-0.724,0.82,0.82,-0.341,-1.281,-0.711,-0.452,0.897,0.82,0.29,-1.281,-1.281,0.897,-0.724,0.82,0.897,0.29,0.82,-0.341,-0.452,0.8848332079411692,0.2748177876849897,-0.35710741459629125,-0.32181957662683847,-0.711,-0.4627184167189471,-0.2791458568470078,-0.7240878838901186,-0.4268418723637272,-1.281
2.013,0.472,1.989,-0.481,2.013,2.013,1.416,1.416,1.989,1.017,1.989,1.989,1.989,0.504,1.017,0.027,2.013,1.416,1.416,1.017,1.989,0.504,1.989,-0.611,0.027,1.989,0.027,1.017,2.013,1.416,-0.481,0.504,-0.338,-0.481,2.013,0.472,0.472,2.013,-0.338,-0.611,1.989,1.416,1.017,1.017,-0.481,1.416,-0.481,2.013,0.504,-0.481,-0.611,0.027,2.013,-0.338,-0.481,2.0024511917845778,-0.49813126739068697,0.504,2.042623939981195,-0.35239654821372884,1.416,0.472,0.017079575572941926,0.49347986756741197,1.401560271527994,-0.312702024300283
0.741,-0.879,1.506,-1.292,-1.292,-1.292,-1.292,-0.879,-0.542,-0.879,1.506,-1.292,-1.368,-0.542,-0.542,-1.368,-0.933,0.623,0.623,0.916,0.623,-0.933,-0.933,-1.368,0.623,-1.368,0.503,-1.368,-1.292,-0.879,-1.368,-1.368,-0.542,-0.933,0.741,-0.933,0.623,-0.879,-0.542,-0.933,-0.879,-0.879,-1.292,0.916,-0.933,-0.879,-0.542,-1.368,0.916,-1.368,-0.879,-0.933,-1.292,-0.933,-0.933,0.916,-0.542,1.506,0.623,-1.368,-0.879,0.503,0.4927186853320937,0.6096830875941958,0.741,0.7283811297011706,-0.542,0.916,-0.5605891903806646,-0.933,0.9014457513206979,-1.3808226358534195,0.6444596675784167,-0.8926287186719846,-1.337472414667632,0.7675988784994411,0.5218261394878084
0.845,0.628,-0.334,0.628,-0.971,-0.271,0.637,0.845,-0.271,0.506,0.506,-0.271,0.628,0.845,1.057,0.628,0.845,-0.271,0.628,1.057,0.52,0.628,-0.971,-0.271,-0.334,-0.971,0.506,1.057,0.637,-0.271,-0.271,0.021,-0.271,0.506,0.52,0.52,0.021,-0.334,0.628,1.057,-0.971,0.506,0.628,-0.971,0.506,0.637,-0.971,-0.971,-0.271,0.637,0.021,-0.971,-0.271,0.845,1.057,0.021,0.845,-0.971,-0.9780213256821595,1.0487640111310415,0.637,-0.9429382514461376,0.8318572635882132,0.6200772782944092,-0.334,-0.271,-0.9038977206217831,-0.8809994918375865,-0.8378231876632615,-0.28215006529327763
-0.241,0.333,-0.641,-1.087,1.82,-0.867,1.484,-0.953,-0.867,-1.087,-1.087,1.82,-0.489,1.82,-0.953,-0.867,1.484,-0.953,-0.953,0.333,-0.489,1.82,1.484,-0.867,-0.241,-0.84,0.333,-0.489,-0.867,0.333,1.484,-1.087,-1.087,-0.953,1.484,-0.641,-1.087,-0.489,-0.953,-0.84,0.333,-1.087,1.82,-0.489,-0.867,-0.84,-0.953,0.333,0.31115295492640993,-0.641,1.82,1.484,-0.9760387296160891,-0.9370638835377771,-0.241,-0.489,0.35323565843247046,1.8111336684060302,-0.867,-0.5037492393618763
-0.633,-0.633,-0.699,-0.498,-0.633,0.957,-0.175,-0.175,-1.015,-1.053,-1.015,-0.679,-0.679,1.145,-1.053,-0.498,-1.053,-0.699,0.957,-0.679,-0.633,-0.175,-0.679,-0.699,-1.053,-1.015,0.477,-0.175,-0.699,-0.679,-0.498,-0.633,0.957,-1.053,-1.015,-1.015,-0.633,-0.175,-0.175,-1.015,1.145,-0.679,-0.498,-1.053,-0.699,0.957,-1.053,-0.699,-0.679,-0.699,-1.015,0.477,-0.679,0.957,-0.498,-0.6960066693941079,-0.175,-1.053,0.9439038207002699,0.973036142314627,1.0220441087174483,-0.19015916667596866,-1.0711820276498063,-0.16327162207927762
1.517,-1.002,1.517,-0.878,-0.23,-0.23,0.38,-0.672,1.517,-1.002,1.517,-0.23,-0.675,-0.554,0.38,-0.878,-0.23,-0.672,-0.139,-1.045,-1.002,-0.675,-0.675,-0.554,1.517,0.38,-0.23,-1.045,-0.554,-0.23,-0.672,-0.139,-1.045,-0.672,-0.554,0.38,-1.002,-0.672,-0.23,-0.554,-0.554,1.517,-1.045,-0.139,0.38,-0.23,-1.002,-1.002,-0.878,1.517,0.38,-0.878,-0.878,-1.002,-0.23,-1.045,-0.675,0.38,0.3622468251400554,-0.672,-1.0192752750017589,-0.6897523113044836,-0.24018157879939292,-0.139,-0.9844706965917214,-0.554,-1.0539834269550201
0.652,-1.043,0.652,-1.018,-1.018,-0.098,-1.018,1.098,0.652,-1.018,-0.85,1.021,-0.861,0.652,-0.769,1.098,-1.043,-0.2,0.652,0.652,-1.018,1.021,1.098,-1.018,-0.769,-0.769,0.652,-1.018,-0.769,1.021,-1.043,-0.85,-0.769,-0.769,-0.85,1.021,-1.043,-0.85,-0.098,1.021,-1.043,-0.769,-0.861,-0.861,1.098,-0.85,1.098,-0.85,-0.861,1.098,-0.861,-1.043,0.652,-1.018,-0.769,-0.7892447631564711,-0.2,1.098,1.0885470549867853,-0.2146779122789048,-1.043,0.652,0.6365497073634077,-1.0559834869993754,-0.861,-1.018,0.6756022797643098,-0.8754857964842563,-1.029657928939015,0.7037447213235092,-0.9734676732129737,1.021,0.9998810475657004
-1.072,0.16,1.037,-0.869,1.183,-1.072,1.037,-0.994,-0.403,-1.072,1.183,1.037,-0.869,-0.869,-0.614,-0.614,-0.994,-0.614,0.562,-0.403,1.037,-0.614,-0.614,-0.403,-0.614,-0.614,-1.072,-0.994,0.16,1.183,1.183,-0.869,-0.844,-0.994,-0.403,-0.844,-0.844,-0.994,-1.072,-0.614,0.562,1.037,0.5524473694500805,0.600320542068857,0.637221482066536,-0.869,-1.072,-0.614,0.16,-0.6275869169826054,-0.8814071303253902,1.0278369505996452,0.7008172311908938
0.585,-0.96,0.585,2.093,1.604,-0.914,-0.197,0.493,-0.197,2.093,1.604,2.093,0.457,0.585,0.585,1.604,0.585,-0.197,-1.026,2.093,1.604,0.457,-0.96,0.585,0.493,0.431,-0.914,-0.914,-1.026,-0.96,-1.026,-0.96,-1.026,0.457,0.457,1.604,2.093,0.457,-1.026,0.585,2.093,-0.914,-0.197,-0.197,-0.96,0.585,-0.96,-0.914,0.585,0.457,-0.96,-0.914,0.585,-1.026,-0.197,-0.197,-0.96,-0.9748441631903092,-0.197,1.604,0.457,-0.914,-0.9242807232307997,0.585,0.44544779400207285,2.093,1.584485498276074,1.596043391471692,-0.9322782063776387,0.5732214104398276,-0.8847173318843784,0.6037271628245423,0.6380276550432042,0.6703173045219482
-0.774,-0.774,0.597,-0.08,0.597,0.86,0.86,-0.252,1.247,-0.08,0.597,0.922,-0.774,1.247,-0.252,-0.872,-0.872,-0.17,-0.17,-0.252,-0.872,-0.17,-0.774,0.597,-0.872,1.247,-0.872,-0.252,1.356,1.356,-0.08,0.597,-0.17,0.597,1.356,-0.252,-0.872,0.922,0.922,1.356,1.356,-0.872,-0.774,-0.08,0.597,0.922,1.247,0.5790091632561722,0.86,1.356,1.3422459194873109,0.9046785783434302,1.3816334108575168,-0.774
-0.787,1.533,-0.823,-0.659,-0.494,0.706,-0.388,-0.978,0.475,1.533,0.475,-0.494,0.475,-0.978,1.533,-0.494,0.706,-0.494,0.706,1.533,-0.659,-0.374,-0.823,-0.659,-0.787,0.706,-0.787,-0.978,-0.823,-0.823,0.475,0.475,0.475,-0.978,-0.787,1.533,1.533,-0.787,-0.659,1.533,-0.823,0.706,1.533,-0.978,0.706,-0.374,-0.823,-0.494,0.475,-0.5101622022140122,-0.485439718801514,-0.3878444977305328,-0.978,-0.787,-0.7991258322917653,-0.9964386352967306,-0.4519091857171111
-0.079,-0.979,-0.785,-0.785,1.979,-0.979,-0.079,-0.785,-1.083,-0.079,-0.588,-1.083,0.336,1.979,1.979,0.336,-0.09,-0.979,1.979,1.979,-0.979,-0.079,-1.083,-0.979,0.336,-0.979,0.336,-0.979,1.979,-1.083,0.466,-0.785,0.485,0.336,-0.079,-1.083,-1.083,-0.785,-0.079,1.979,-0.588,1.979,-1.083,-0.785,1.979,-1.083,-0.785,-0.979,1.979,-0.079,-1.083,-0.785,-0.09,1.979,1.9600443563292897,-1.0955553019672277,-0.09354345920060826,0.485,-0.979,-0.7966056445121815,1.985414699348314,0.336,-0.05627997383679702,0.31703998621409046,-0.9901014012315227,2.030231912285091,0.466
-0.587,-0.587,-0.892,-1.364,0.863,-1.364,0.871,-0.945,0.612,-1.364,-0.945,-0.581,-1.364,0.863,-0.892,-1.364,-0.892,0.666,-0.892,-0.945,-0.945,-1.364,0.612,-0.572,0.871,-0.892,-0.587,0.612,-0.945,-0.572,0.666,-0.945,0.666,-0.572,-1.364,-1.364,0.666,-0.581,-0.587,-0.587,-0.892,0.666,-0.587,0.666,0.612,-0.892,0.6519327195457029,-0.587,-1.364,-0.9056142497094009,-0.596977148536931,-1.37669608637586,-0.572,-0.5861833300787654,0.863,-0.581,-0.5948633172706026,-1.3342839573504754,-0.5449532766984665,0.8486769689516033
-0.554,-1.101,0.132,1.456,0.853,-1.101,1.456,0.986,0.986,0.986,0.853,1.055,-0.824,0.986,-1.101,0.986,1.055,-1.101,0.986,0.382,1.055,0.382,0.382,-0.824,0.853,0.986,0.853,0.986,-1.101,0.986,-0.554,1.456,0.986,1.456,0.132,0.382,0.986,0.853,-1.101,-0.554,1.055,-0.824,0.986,1.055,0.986,1.055,0.0,-0.824,0.853,1.055,-0.007998923932792465,0.382,0.986,1.456,0.3634133701800484,-0.554,-1.101,1.4462425289839014,0.9781145261043418,0.3952927548902276,0.8387984120927966,1.0154323775563607,0.41537836448605575,-0.5669034144613796,0.4435434199609229
-0.715,-1.212,0.722,0.345,-0.859,-0.812,-1.212,0.345,-0.715,0.345,1.225,-0.715,0.345,0.758,0.722,-1.212,0.335,0.335,-0.859,0.335,-0.812,0.335,0.722,-1.212,-1.212,0.345,0.335,0.345,0.758,0.722,0.345,0.209,0.209,-0.859,0.345,1.225,-0.812,-1.212,0.345,0.758,1.225,-1.212,-0.859,0.345,0.335,-0.812,-0.715,-0.715,-1.212,0.722,0.345,1.225,1.2118303580854943,-0.715,0.758,0.209,-0.812,-0.7248182134341794,-1.212,1.2541403904934618,0.7486836800257917,0.20086577257951574,-0.859
0.502,0.257,1.761,1.294,0.502,1.499,1.499,1.761,1.294,-0.949,1.075,1.075,1.499,1.294,1.294,1.294,-0.915,-0.915,0.514,-0.949,1.761,1.294,1.006,1.075,0.514,0.257,1.761,0.502,0.502,0.502,-0.949,0.514,0.502,-0.949,-0.915,1.006,1.761,1.761,1.006,-0.915,1.294,0.502,0.514,-0.915,-0.915,1.006,1.499,0.514,1.294,0.9933407994025494,1.0182536901211248,-0.949,1.0476852179531093,1.761,1.075,1.2828909551772218,0.5040269766209792,1.48206227480801,-0.9654390637804451,-0.9204895060587968,1.3170080378349773
-0.449,0.54,-0.449,-0.498,0.96,-1.428,-1.428,0.96,-1.428,0.54,-1.428,-0.583,-1.428,0.54,-0.674,-0.934,-0.498,0.774,-0.674,0.96,-1.428,-0.498,-1.428,0.96,0.54,0.96,-0.674,-0.029,0.54,0.54,-1.428,0.774,-1.428,-0.934,0.96,-0.934,-0.498,-0.934,-0.934,-0.583,0.96,-0.498,0.96,-1.428,-0.449,-1.428,-1.428,-0.029,0.54,0.5241562080678902,0.96,-0.04072424381480131,-0.016212549124229973,-0.498,-0.674,-0.449,-0.4651560835326835,-1.4412480005483268,-1.3989080653815373,0.9435522180767415
-0.797,-0.707,-0.797,1.383,-0.797,0.437,1.333,-0.471,0.046,-0.959,1.333,1.569,1.333,1.569,-0.797,1.569,1.333,-0.797,-0.797,-0.707,-0.959,1.383,-0.707,1.569,-0.959,-0.797,1.569,-0.583,-0.471,0.046,-0.583,-0.707,-0.707,-0.471,-0.797,-0.797,-0.797,-0.471,1.333,1.383,1.383,-0.471,1.569,-0.959,-0.471,-0.797,-0.707,1.569,-0.797,0.437,0.42027229709615765,-0.959,0.4614213386419491,1.569,-0.583,1.383,-0.9727000887447201,-0.797,-0.9356031154321377,-0.8913568904446844,0.49747282278530425,1.333,-0.5950900962529316
-0.013,-0.712,-0.97,-0.527,-0.763,-0.763,-0.061,-0.712,-0.238,-0.763,-0.87,1.696,-0.238,-0.763,-0.712,1.696,-0.061,-0.214,-0.97,-0.87,-0.013,-0.061,-0.97,-0.238,-0.214,-0.87,-0.97,-0.214,-0.712,-0.763,-0.97,-0.214,-0.712,-0.238,-0.238,-0.763,-0.87,-0.013,-0.061,-0.712,-0.763,1.696,-0.214,1.696,-0.238,-0.527,-0.712,-0.7273171379056707,1.696,-0.238,-0.763,-0.013,-0.061,-0.6715991050933876,-0.87,-0.8932188055638975,1.680164884552131,-0.527,-0.6362332337777947,-0.8691973202487634,-0.5866076322398359,-0.8318502154484344
-1.018,0.143,0.143,0.087,0.143,0.143,0.982,-0.037,-1.111,0.289,-1.018,0.471,0.289,-1.018,0.087,-1.111,-1.111,0.471,1.973,0.143,-1.111,-1.111,1.973,-1.018,-1.111,0.143,0.087,0.471,0.471,0.143,0.289,-1.018,0.143,0.087,0.289,1.973,0.143,1.973,0.471,0.087,0.289,-1.018,0.289,-0.037,0.982,1.973,0.471,0.289,0.289,-1.111,-0.037,-0.037,1.973,-0.037,0.087,0.07325699783887082,0.982,-1.018,0.9651471538137182,0.143,-1.0334724891382248,0.10083865649009467,-0.049784965876592174,-1.111,-0.0031361255582141555,0.289,0.13217474672856344,0.471,1.9676975018256482,0.4523071210183754
0.728,-0.729,1.192,-0.88,-1.081,-0.729,-1.105,-0.426,-0.88,-1.081,-0.453,-0.88,1.192,-0.426,-1.105,-0.729,-0.664,-1.081,-0.453,-1.105,-0.652,-0.453,-0.664,1.192,-1.081,-0.88,-0.426,-1.105,0.728,-0.729,-1.081,-0.652,-0.664,1.192,1.192,-1.105,-0.652,-0.664,-0.88,1.192,-1.105,-0.729,-0.664,0.728,-1.105,-1.081,-0.729,-0.426,-0.741556107214877,0.728,-0.4438231214097008,-0.42591364066360915,-1.081,-0.664,-0.88,-0.652,-0.453,1.192,-0.663881117605336,1.1778632199727102,-0.6827170980504825,-0.6487149212288336,-0.889537976086711
-0.7,-0.837,0.722,-0.525,-1.012,0.474,0.912,-0.823,0.698,0.722,0.698,-1.012,-1.012,-0.525,-0.525,-0.837,-0.823,-0.067,0.722,0.698,0.912,0.474,0.698,0.722,-1.012,-0.837,-0.525,-0.823,-0.7,-0.823,0.722,0.698,-0.823,-0.823,-1.012,-0.7,-0.7,-0.067,0.722,-0.067,-0.823,-0.7,-0.837,0.474,0.722,-0.823,-0.837,0.474,-0.837,0.698,-0.7,-0.837,0.722,-0.525,-1.012,-0.8506944288566383,-1.0236921070784475,-0.9885608839082197,0.912,0.474,-0.7982423804463666,-0.5400951424520071,-0.823,-0.50133931268199,-0.7401679784672277
0.747,1.93,1.305,0.388,0.747,0.747,-0.342,-1.07,1.305,-1.07,-0.342,1.305,1.527,0.388,1.305,-0.854,1.93,0.388,0.747,-0.625,1.305,1.93,1.527,-1.07,-0.538,-1.07,1.93,0.388,0.388,-0.342,-0.342,-0.342,-0.342,-0.625,-0.538,-1.07,1.527,-1.07,-1.07,1.93,-0.538,-0.854,-0.854,-1.07,-0.342,1.527,0.747,1.93,1.93,1.9139898085162632,1.527,-0.625,1.5163856082177392,-0.538,-1.07,-0.6390931240509684,1.5520058031137025,1.305,1.2912747909930007,1.331623419525505
1.728,-1.183,-1.183,-0.594,-0.864,-0.532,-0.594,1.728,-0.532,-0.532,1.728,-0.864,-0.594,-0.864,1.058,-1.183,-0.594,-0.594,-0.864,-0.193,-0.864,1.058,-0.193,-1.183,-0.864,-0.532,-0.864,-0.864,1.728,1.058,1.728,-1.183,-1.183,1.058,1.728,-1.183,0.158,-0.594,1.728,0.158,-0.253,-1.183,-0.304,1.728,-0.532,-0.864,-0.304,0.158,-0.253,-0.193,-0.2631271734318105,-0.5442600810570247,-0.5131909806302195,-0.3129437563494586,1.058,-0.2307110927688435,-0.594,-0.4742436201093374,-0.6050124589102275
0.108,-0.985,-0.985,-0.62,0.422,-0.515,1.306,-0.985,1.306,1.306,1.306,-0.579,0.632,-0.515,1.306,-0.62,-0.985,0.632,0.108,-0.62,0.108,1.306,0.533,-0.514,0.632,-0.62,-0.985,-0.514,0.632,0.632,-0.62,0.108,-0.985,-0.62,0.632,-0.579,-0.62,0.108,-0.985,-0.515,1.306,0.632,1.306,0.533,0.108,0.5179795750854426,1.2962886668509088,-0.985,1.3352093012629684,-1.0053773077585126,0.422,0.5687787831478317,-0.515,-0.579,-0.5307144741457224,0.4082665911614792,-0.62,-0.497294004291877,0.5962937854788614
1.736,1.736,0.937,-1.025,-0.507,1.736,1.736,0.937,-1.025,-0.018,-1.025,0.687,1.449,-1.025,-0.154,-1.025,0.687,0.37,0.937,-0.507,1.736,1.449,-0.071,-0.071,0.687,-0.507,0.687,-0.154,0.687,-0.507,0.937,1.449,1.736,1.736,-0.507,1.736,-0.154,0.37,0.937,0.937,0.687,1.449,-0.154,-0.071,0.37,-0.08315553525712346,0.937,-0.018,-0.507,-0.16515002032213744,0.3559661903476839,-0.0558848458793148,-0.5214005369673814
0.371,-0.416,-0.416,-0.932,-0.415,-0.415,-0.97,-0.415,1.548,-0.415,-0.932,-0.97,-0.932,0.131,-0.415,-0.179,1.548,1.548,-0.415,-0.932,0.371,-0.348,0.371,-0.179,1.548,0.746,1.548,-0.348,0.371,-0.179,1.548,-0.416,0.371,-0.97,1.548,-0.97,1.548,0.746,1.548,0.131,-0.97,0.371,0.131,-0.415,0.746,0.371,-0.4247215276422745,0.131,-0.932,1.548,0.7306105113985509,-0.179,0.35915180331376173,0.11964987425667652,-0.348,0.3929633124078228,0.16087081543956805
-1.0,1.628,1.774,1.774,-0.271,-0.769,1.628,-1.013,-1.0,1.774,-0.769,1.774,-0.769,-0.743,1.628,-1.013,-0.512,0.076,1.628,-0.743,-1.0,-0.271,-0.518,-0.512,1.774,0.076,0.076,0.076,1.774,1.774,1.628,-1.013,1.628,-1.0,-0.271,-0.518,1.774,-0.512,-0.512,-0.518,1.774,-0.518,-0.743,-1.013,-0.769,1.774,-1.013,1.774,-1.0,1.7666867224426777,-0.743,-1.013,-0.7575316007473788,0.076,-0.512,1.7951469922630978,-1.0257375786058516,-0.518,1.8185031232408866,1.628,-0.710016867806329,-0.271
1.09,-1.014,2.143,-0.698,-0.383,1.339,1.09,-0.513,1.339,2.143,-1.014,2.143,0.644,-0.698,-1.014,-0.383,-0.513,1.339,1.09,2.143,-0.698,1.329,2.143,-0.383,-1.014,2.143,2.143,1.329,0.644,1.09,0.644,-0.513,1.339,-0.698,0.428,1.339,-0.383,1.329,1.09,1.329,-1.014,1.339,1.09,-0.383,2.143,-0.383,-1.014,1.339,2.143,1.339,2.143,1.339,-0.513,-0.5321885597903725,2.1283722138112906,0.644,0.6281715461335479,1.329,0.428,2.1527060078487645,1.3152901202462628,-0.698,1.360047272140667
-0.024,-0.416,0.58,-0.526,0.873,-0.364,-0.416,0.5,-0.179,0.58,-0.024,0.58,-0.526,0.58,0.58,-0.024,0.873,0.5,-0.179,-0.364,0.873,-0.364,0.58,-0.038,1.399,0.5,1.399,-0.024,-0.179,0.58,0.5,0.5,-0.038,0.873,-0.024,-0.526,0.58,-0.179,1.399,-0.038,0.5,0.5,-0.179,-0.364,0.873,-0.19629336948235265,-0.416,1.399,0.48570062282620097,-0.42580326338768504,1.382722669704478,0.58,-0.526,-0.024
-1.026,-1.103,-0.023,-0.505,-1.026,0.782,0.131,0.781,-1.103,-0.505,-1.103,-0.605,-0.605,1.467,-0.023,-1.026,0.131,1.467,0.782,-0.023,0.86,0.782,-1.103,-1.026,1.467,1.467,1.467,1.467,-1.103,-0.023,0.131,0.782,-0.023,0.782,-0.505,1.467,0.86,-1.026,-0.605,1.467,0.781,-1.026,-0.605,-0.505,-1.026,0.782,1.467,1.467,0.782,-1.103,0.131,0.11841205892095275,-1.026,0.86,-1.0398680724493754,-1.1148867304438452,1.467,-1.0250479857912014,0.7738785735600332,-1.0099025628400047,-0.605,1.4488615407460663,-0.6229285411619016,0.13870346503354558,0.826481759022428,0.8487468588572454,-0.9573986906143007,-0.9295110277397292,0.781,-0.505,-1.086658910049572
1.178,0.75,-0.713,1.09,1.09,1.494,1.736,1.494,1.736,0.75,0.75,-0.766,1.178,1.494,1.111,1.494,-0.766,1.736,0.483,1.111,-0.766,1.178,1.736,1.289,1.178,0.75,-0.713,1.09,1.736,1.494,0.75,1.09,1.736,1.494,1.111,1.289,1.111,-0.713,1.111,1.736,1.494,1.736,1.289,-0.766,1.09,1.09,1.178,1.0769778055400112,1.1626480245862698,1.2010689492043163,1.111,1.1081544245128983,-0.713,-0.734996444111579,1.494,1.1362782450269147,1.736,1.289,-0.686288378795116,1.1003615848084483,0.75,1.166419372675542
-0.365,1.888,-1.23,1.888,1.888,-1.23,-0.31,-1.23,-1.23,1.888,-0.365,-1.145,-0.31,-1.23,-1.145,-0.659,-0.659,1.888,-0.659,-1.145,-1.145,-0.928,1.888,-0.659,-0.228,-1.145,-1.23,-0.928,1.888,-1.23,-0.365,-1.145,1.888,-0.365,-1.145,-0.31,-0.928,-0.365,0.692,-0.659,-1.23,-1.23,-1.23,-0.928,-0.928,0.692,-1.23,-0.31,1.888,-0.31,1.8717554948134048,1.9082428704070735,-0.228,0.692,1.93525157390021,-0.31879762671005507,-0.928,-0.9403567423062047,1.9755074158833432,-0.29274207170371314,-0.365,-0.659,-0.6772471087418785,-0.6368136108004122
-0.107,0.088,-1.128,0.599,0.599,-0.804,0.599,1.851,0.517,-1.128,0.088,-0.67,0.088,0.09,-0.67,-1.128,0.517,0.727,0.517,0.727,-0.804,0.088,1.851,1.851,0.517,1.851,-1.128,0.088,1.851,1.851,0.727,0.517,0.09,1.851,-0.804,1.851,-0.107,0.517,0.09,-0.107,-1.128,0.599,-1.128,0.727,0.09,-0.804,1.851,0.707739828789381,0.517,-1.1411004048248299,0.5037560360114319,1.8391623690383465,0.7413934056113592,-0.67,-0.8137900504361819,1.8496087847943183,0.07607638946712042,0.5252290510777309
-0.767,0.622,0.065,0.286,-0.863,0.286,0.399,-1.175,-1.175,-1.175,-0.767,0.065,-1.175,-0.863,0.065,0.065,-0.361,-0.863,0.399,0.065,-0.767,-0.863,-0.863,-0.767,-1.175,0.622,0.622,0.065,-0.767,-0.361,-0.361,0.395,-0.863,-0.767,0.395,0.622,0.286,-0.361,0.616,0.065,-1.175,-0.767,0.622,-0.863,0.395,-0.767,-1.175,-1.1865400871579574,0.399,-0.767,-1.1659221694148505,-0.7768351492778928,0.065,0.622,-0.863,0.6097882763681179,0.286,-0.7353783732815875,0.27242047906747746
1.607,0.976,1.607,-0.241,1.607,0.558,1.349,1.653,-0.788,1.607,1.653,1.349,1.653,-0.241,1.572,-0.241,1.607,1.572,0.558,0.558,1.572,1.607,1.349,0.558,-0.241,-0.788,1.653,-0.241,0.976,-0.241,1.572,0.558,0.976,-0.241,-0.788,0.976,-0.498,-0.788,-0.498,1.349,-0.241,0.976,0.976,1.653,0.558,1.653,0.558,-0.241,0.976,-0.788,1.572,-0.498,0.405,1.349,0.976,1.653,0.9582411392075865,1.331968161805152,1.572,1.6409899852964653,1.5623172577910527,0.405,0.3954224009433893,-0.241,-0.25852210760036676,1.6810027933224203,0.558,0.9824741861274853,-0.498
0.443,-0.919,0.332,-1.133,2.388,-0.671,2.388,-0.774,1.039,0.579,-1.133,2.388,0.579,-0.774,-0.919,0.332,-0.671,2.388,-0.774,2.388,0.579,2.388,-0.774,1.501,-1.133,-1.133,1.039,0.579,2.388,1.501,2.388,2.388,1.039,2.388,-0.774,0.443,1.039,-0.919,-0.671,1.039,-1.133,-1.133,1.039,-1.133,1.501,0.579,1.501,0.579,2.388,0.443,-1.133,1.501,-0.774,2.3742696692694283,0.332,0.31761848058832604,0.3463981234196742,2.3945276783227767,0.38509064160502793,-0.919,1.039
-1.117,0.304,2.054,-0.302,-1.117,0.304,0.325,-1.027,-1.027,-1.117,-0.875,-0.302,-1.117,-1.002,0.304,2.054,2.054,-1.027,-0.302,-0.302,-0.787,0.304,-1.002,-1.002,-1.117,-0.787,-1.027,-1.117,-0.875,0.304,-1.117,2.054,0.701,2.054,0.304,0.701,0.325,-0.875,-0.302,-0.302,-0.787,0.701,-1.002,-1.117,0.325,-0.875,0.325,-1.117,-0.302,2.054,-1.027,-1.117,-1.002,-0.302,0.325,-1.027,2.054,-0.875,-1.027,-0.8900208393639274,-0.8552591051391635,0.701,0.304,2.040773847661336,-1.002,-0.787,2.094553523113093,-0.8062227881590928
-1.009,-0.653,1.256,1.018,1.256,1.018,0.359,-0.585,1.256,-0.538,1.219,-0.579,1.018,1.018,1.219,-0.585,-1.009,1.018,-1.038,1.219,1.219,1.219,-0.653,1.256,-1.038,-1.009,1.256,-1.038,-0.579,0.359,-0.585,-0.538,-0.585,0.359,1.018,-1.009,-0.653,-1.038,-1.009,-1.009,-0.653,1.219,-1.009,1.219,-0.585,-1.038,-0.5970988595786978,-1.009,1.219,-0.538,0.359,-0.5504085833093942,-1.0255278398887,1.018,-0.9865293242595181,1.256,-0.9302002431753242,-0.5045530673951971,1.2052324785259305,0.3478739807493952
1.387,-0.937,1.387,-0.764,-0.778,-0.778,1.426,-0.764,0.273,-0.26,1.426,1.387,-0.937,1.426,-0.937,1.387,-0.26,1.387,1.426,-0.778,1.426,0.284,-0.937,-0.764,0.284,0.273,-0.26,1.426,1.426,1.387,-0.937,-0.764,0.403,-0.937,0.419,1.426,1.387,-0.937,1.426,-0.778,1.387,0.273,0.403,-0.937,0.3862275568696666,1.426,0.284,1.4083876753563234,-0.9509712748606186,-0.26,0.2639845635814041,-0.7921123399147907,1.3746131861520838,0.29530097341676703,-0.7755596260963447
-1.34,0.992,-0.283,0.267,-0.159,-1.34,0.975,0.694,0.975,-1.34,-1.34,0.975,-0.283,0.338,0.267,-0.283,0.975,-0.283,0.694,0.694,0.992,0.105,-0.159,-0.159,-0.159,0.975,0.267,0.975,0.694,0.992,-0.159,0.267,-0.283,-0.159,0.975,-0.159,-1.34,-1.34,-0.159,-1.34,0.694,0.975,0.975,0.694,0.105,0.338,0.694,-0.283,-0.159,0.694,0.267,0.694,-1.34,-1.34902931483932,0.105,0.267,0.975,-1.3061297677429775,0.992,0.9648633276188197,-0.159,0.338,0.9799511298509233,0.32802402516095774,0.25472427320485197,1.0187252706756789,-1.2410477301825182,0.28245279626224995,0.08945215420986682
1.593,0.891,-1.065,0.92,-0.645,1.258,-1.065,0.891,1.258,-0.371,1.593,-0.455,-1.065,-0.727,-0.645,-0.455,0.891,0.891,-0.455,-0.371,0.891,0.891,-0.727,-1.065,-0.532,0.92,-0.532,-0.645,0.891,-0.645,-0.371,-0.645,0.891,0.92,-0.727,-0.371,0.891,-0.371,-0.371,-0.455,-1.065,1.258,1.593,1.258,-0.645,0.891,-1.065,-0.532,-1.065,1.258,-0.371,0.891,-0.727,-0.3869087048725243,-0.35697798439989586,-0.73770958323773,-0.645,-0.31519069963330254,-0.7028372217340672,-0.455,0.92,-0.4666817185581764
-0.935,-0.037,-0.946,-0.539,0.712,0.712,0.429,0.712,-0.935,-0.539,-0.475,-0.935,-0.539,1.89,-0.946,-0.935,-0.037,1.89,-0.037,0.429,1.89,1.623,-0.475,-0.037,-0.475,-0.439,-0.037,-0.946,-0.539,1.623,-0.946,-0.935,-0.946,0.712,-0.946,1.623,-0.935,-0.539,1.89,-0.439,0.712,-0.539,1.89,1.623,0.429,-0.439,1.623,1.89,-0.037,-0.946,-0.539,-0.046608528543095426,-0.935,-0.9625614388792693,-0.9444092546127463,-0.003358443151786355,-0.45402052063232806,-0.9187290220185661,1.612546121935161
0.427,-0.444,0.427,-0.999,-0.72,-1.097,-0.999,-1.462,-0.72,-1.462,-1.131,-1.131,-1.462,-1.462,-1.462,-1.462,-1.097,0.569,-0.591,-0.591,-1.462,-1.097,0.569,-0.999,-1.131,0.345,-0.444,-1.462,-1.097,-1.462,-1.097,-1.131,-0.591,0.345,-1.097,0.345,-1.097,0.427,-0.591,-0.72,-1.097,-0.591,-0.591,0.427,-1.462,0.345,-0.999,-1.131,-0.72,0.427,-1.131,0.569,-0.999,0.427,-0.444,0.569,-1.462,0.569,-1.462,-0.591,-1.097,-1.483472366146789,-1.131,-0.72,-1.436898854091864,0.345,-0.7330149003987946,-1.1114760315920411,0.5541776908515961,0.427
1.066,0.598,2.732,-0.991,-0.151,1.066,1.242,-0.435,-0.435,-0.237,-0.435,1.242,-0.991,1.242,-0.991,1.242,0.876,-0.151,-0.151,2.732,-0.435,2.732,-0.237,1.285,-0.991,1.242,1.285,-0.237,2.732,2.732,0.876,1.066,-0.991,1.285,-0.991,-0.991,-0.435,-0.435,-0.435,1.285,1.285,1.242,-0.237,2.732,2.732,2.732,1.066,1.0474780959162475,2.732,1.242,-0.991,1.2232102895785857,1.2608957242314098,-1.0005793628009652,-0.9552576728638872,1.0820312780314545,1.1240765671163935,1.1376969013112515,0.876
-0.279,-0.36,0.201,-0.36,-0.411,-1.211,-0.149,-0.149,0.201,-1.211,-0.745,-0.933,-0.851,-0.149,-0.933,-0.933,-0.851,-0.745,-1.016,-0.149,-0.745,-0.279,-1.211,0.201,-0.745,-0.149,-0.745,-0.933,-0.36,-0.933,-1.016,-1.016,-1.211,-1.016,-1.016,0.201,-0.36,0.201,-0.149,-1.016,-0.36,-0.411,-0.36,-1.016,-1.211,-0.149,-0.149,-0.851,-0.149,-1.211,-0.279,-1.211,0.201,-1.016,-0.279,-0.36,-0.3830884875171921,-0.29320749480733416,-0.411,-0.2614721412608081,-1.211,-0.2174831142576147,0.1869842639660067,0.20870311768611308,-0.745,-0.423818611650871,0.2566953962342201,-1.029898593495733,-0.9903603734899665
-0.951,-0.951,-0.996,-0.701,-0.996,1.234,-0.901,0.165,-0.141,-0.701,1.234,0.165,-0.901,0.993,1.234,-0.701,-0.901,1.118,-0.951,-0.141,-0.996,1.118,0.993,1.234,0.993,0.165,-0.951,-0.701,1.118,0.993,0.993,1.118,1.118,-0.996,-0.322,-0.701,-0.996,-0.322,-0.701,1.234,-0.901,0.165,1.118,-0.951,-0.7133935897784789,-0.322,-0.9137256279718865,0.15299183779927883,0.18797818681213616,-0.6695248217320654,1.2230297307395097
1.031,0.39,-0.983,1.166,1.166,1.166,-0.417,-0.318,1.166,-0.872,0.39,1.031,1.166,-0.417,-0.417,-0.904,-0.639,-0.318,1.166,-0.417,1.031,1.166,-0.983,-0.639,1.166,1.166,-0.417,-0.872,-0.904,0.168,1.166,1.166,-0.417,-0.983,1.031,-0.904,1.166,-0.639,1.166,-0.318,0.39,-0.904,1.031,-0.904,0.168,1.166,-0.983,-0.639,-0.904,0.168,0.168,-0.983,-0.872,-0.872,-0.872,-0.983,-0.417,-0.872,-0.983,-0.88607291809254,-0.417,-0.639,-0.4277192650318505,0.168,-0.9964005366165248,-0.394271466579952,-0.904,-0.650037327749618,-0.3568458455654875,1.031
1.464,0.044,1.464,-0.935,-0.293,0.435,1.464,0.044,-0.107,1.464,-1.275,-0.107,-0.081,-0.293,0.044,0.044,-1.275,-0.293,0.783,0.783,1.464,0.783,-0.107,-1.275,0.783,-0.081,-0.107,-1.275,-1.275,-0.935,-1.275,-0.107,-0.107,-1.275,-0.293,0.783,-1.275,-0.935,-0.293,-0.935,-0.107,-0.935,0.044,-0.107,-0.198,0.044,0.783,0.044,-1.275,-0.293,0.028835870267503873,-1.290881926186108,-0.107,-0.935,-0.31047701224440866,-1.2556174008774075,0.08038434736425458,-0.081,-0.11732304433393517,1.464,-0.198,-1.219607173512847,0.435
1.776,1.134,0.758,0.098,0.098,0.547,0.047,0.758,1.776,-0.607,0.758,1.776,-0.38,0.098,1.776,-0.607,-0.33,-0.607,0.758,1.134,-0.678,0.047,-0.33,0.047,-0.607,-0.38,0.758,0.047,0.547,0.758,1.776,0.098,0.047,0.758,-0.38,-0.678,0.098,-0.678,-0.678,0.758,-0.607,-0.38,-0.678,1.776,1.134,1.776,0.098,0.098,0.758,-0.38,1.776,0.08483298578232965,0.047,-0.39263584371292526,1.7624739335077602,-0.33,0.10624918600595837,0.15934430618498896,-0.35950930647060464,-0.3510011745803884,0.547,-0.678,0.7460794791666016,0.19866064569183767,0.7965126868274592,-0.6951662364190767
-0.925,-0.824,-0.593,1.331,1.571,-0.824,0.119,-0.925,1.116,0.403,1.331,1.116,-0.593,1.571,0.192,0.584,1.116,1.116,-0.925,1.571,0.119,1.331,-0.925,1.571,-0.824,-0.925,-0.824,0.119,-0.593,1.571,0.584,-0.925,1.571,0.119,-0.824,1.331,1.116,-0.925,0.192,1.116,-0.593,1.116,0.584,1.331,1.116,1.571,0.192,1.102079375635886,1.1501361990906376,-0.593,1.3226295360934421,0.403,0.584,1.3595385182139672,-0.925,1.5594696702211175
1.193,-0.561,0.646,0.043,0.321,0.321,-0.643,0.646,1.006,-0.23,-1.132,-0.23,-1.132,-0.561,-0.643,1.193,-1.132,0.043,0.043,1.006,1.599,1.599,-0.561,-1.132,-0.23,-1.132,-0.23,-0.561,1.193,0.646,0.646,0.646,0.646,-1.132,0.043,1.193,1.599,0.321,-0.561,-1.132,-0.23,-0.643,-0.23,1.599,1.599,0.646,0.6273795159549073,1.193,1.006,-0.643,0.9934315773114333,1.599,0.321,1.0226042477075084,-0.23,0.043,0.64523551713709,-0.561,0.021970110396555304,-0.24812317775758638,0.3030780488632629,1.5858240226097329,1.6221028844982899,1.1776230585761496,1.2230446135620157,-0.5763770133110415,-0.6556021743626047,0.34144616618438284
-0.13,-0.414,-1.223,-0.672,-1.223,0.153,-1.223,-0.315,0.153,-0.896,-0.961,-0.807,1.189,-1.223,-0.414,-0.896,-0.896,-0.414,-0.315,-0.896,-0.961,-0.315,-0.807,-0.13,-0.807,-0.807,-0.896,-0.414,-0.13,-0.315,-1.223,-0.961,-1.223,-0.896,1.189,0.153,-0.13,-1.223,-0.961,-0.672,-0.961,-0.961,-0.315,1.189,-0.13,-0.672,-0.414,-0.315,-1.223,-1.245682541730858,-0.807,-0.315,1.189,-0.13,-0.672,-0.896,-0.819042713584329,-0.1404226140853479,-0.9109323235235421,-0.32840568904419387
0.996,1.728,-0.232,-0.296,-0.232,-0.514,-0.232,-0.283,-0.283,0.781,-0.283,0.996,1.728,-0.687,-0.296,-0.296,1.728,-0.283,-0.296,-0.283,-0.163,-0.43,-0.43,1.728,-0.43,0.781,0.781,1.728,-0.687,-0.514,-0.43,0.781,0.996,-0.43,-0.43,-0.232,1.728,-0.687,0.996,-0.43,-0.296,0.781,1.728,-0.687,-0.514,0.996,-0.514,-0.5320806676938433,-0.687,-0.163,-0.7055407471654546,-0.296,-0.3103977532242538,-0.232,-0.4779010424408653,0.781,-0.42735370030314973,-0.649240391938443,-0.4052016437107741,-0.27099486591375677,-0.3602401964780965
-0.299,-0.72,0.6,-0.379,-0.954,0.6,-1.169,0.6,-0.299,-0.991,0.6,-0.699,-0.299,-1.169,-0.379,-0.991,-0.991,-0.379,-0.991,-0.72,-0.954,-0.699,-0.954,-0.699,0.6,-0.766,-0.766,0.549,-0.699,-0.72,-1.169,-0.954,-1.169,-0.72,-0.299,-0.699,-0.299,-0.766,-0.991,-0.379,-0.699,0.6,-0.379,-0.954,-0.299,-0.72,-1.169,-0.379,-0.954,-0.766,-1.169,-0.954,-0.9665973131503485,-0.379,0.6,-0.72,-1.1812481850331968,0.5818853928018707,0.549,-0.699,-1.1601831713508135,-1.1138271663562944,0.535062905870587,-0.991,-0.9429828685568579,-0.299,-0.3153849754097512,-1.0684090647115274
-0.511,0.962,0.747,0.962,0.598,-0.511,0.14,0.14,0.004,-0.511,-0.511,0.747,-1.098,0.14,-1.098,0.598,0.598,-0.511,0.004,0.598,0.14,0.14,-1.098,-1.098,1.486,0.747,-0.271,0.962,0.428,-1.098,-1.098,-0.271,0.14,-0.271,0.962,1.486,0.004,-0.511,0.598,0.962,1.486,-1.098,0.747,-1.098,-1.098,0.747,-0.271,1.486,0.598,-0.511,-1.098,0.004,-1.1119129148672782,0.747,0.14,1.486,0.7319976894355177,-0.009279628363277044,-0.271,0.12636836598153356,-0.5241007411568327,-0.4913692295227411,0.962,0.428,-1.0878713797043371,0.1344371065247968,0.014245180189424436,1.473714062217362
0.358,0.094,-0.719,0.286,-0.534,-0.719,-0.534,-0.719,0.937,0.094,0.456,0.456,0.286,0.286,0.937,0.094,0.094,0.81,0.937,-0.534,0.094,0.81,0.074,0.219,0.456,0.219,0.937,-0.534,0.094,0.81,0.456,0.81,-0.719,0.094,0.456,-0.534,0.937,-0.719,0.358,0.286,0.358,0.937,0.074,0.094,0.937,0.81,0.7978547478558221,0.074,0.358,-0.719,0.05928072104780736,0.8411615362055063,0.286,0.2703201278248421,0.07655068634526174,0.9243177773808324,0.3499448942038728,-0.534,0.219,0.9810961447524463
0.838,-0.151,-0.211,0.838,-0.151,-0.414,1.761,-0.637,-0.472,-1.123,0.838,-1.089,-0.414,-0.472,-1.123,-0.211,-0.472,-0.414,-0.151,-0.472,1.761,-1.123,-0.151,1.761,0.838,1.761,-0.414,-1.089,-1.089,1.761,-0.414,0.838,0.838,0.838,-0.211,-1.089,-0.637,-1.123,-0.472,0.838,-1.089,-0.637,-1.123,-0.211,-1.123,-0.637,1.761,-0.211,1.761,-0.472,-0.414,-0.151,-1.089,-0.42750241334390404,-0.472,1.761,-0.479224872906211,-1.104124947972417,-0.1622819218065995,-1.123,0.838,-1.078501798162401,-0.4417708769910541,-1.1314723147532955,-1.1112372692045671,0.0
-0.313,-0.833,-0.989,0.424,-0.313,-0.969,-0.36,0.086,-0.833,-0.969,-0.36,-1.085,-1.085,-0.313,-0.969,-0.313,-0.969,0.424,0.086,0.424,-1.085,-0.845,-1.085,-0.989,-0.36,-0.833,-0.36,-0.989,-0.313,-0.313,-0.989,-0.313,-0.36,-0.313,-0.845,-0.989,-0.969,0.424,-0.845,0.424,-0.845,-0.833,0.469,-0.36,-0.36,-0.36,-0.845,-0.313,-0.989,-0.989,-0.845,0.086,-0.833,-0.969,-1.085,-0.833,-0.845,-0.833,0.469,0.45605699948901746,-0.850968165254196,-0.989,0.086,-0.8520267515010338,-0.36,-0.8159936497164244,0.07191236915821282,-0.8018017773014977,-1.085,0.09241974572291284,0.424,0.4917316912761615,0.5188366105318846,0.40843626419334905
-0.518,0.769,1.776,1.776,0.748,-0.603,-0.518,0.16,1.833,1.776,1.833,0.025,1.833,1.776,-0.518,0.025,0.16,0.025,1.833,1.833,1.833,0.769,-0.159,-0.159,1.833,0.748,0.16,-0.518,-0.603,-0.518,0.748,0.16,-0.103,0.16,-0.103,-0.159,-0.518,-0.103,-0.103,0.025,-0.603,1.776,0.16,-0.159,-0.103,0.769,0.769,1.776,-0.103,-0.603,0.16,-0.11899902294007308,1.833,-0.6182597032222689,-0.5873235842570209,-0.09501578151962028,-0.5581057378241773,-0.518,1.8204386417329594,-0.159,-0.17243441005962956,1.8468757797070638,-0.17517995379596304
-0.145,-0.145,0.975,0.725,2.259,2.259,2.259,-0.399,0.975,-0.254,-1.049,0.975,0.975,-1.002,-0.145,2.259,-0.145,1.269,1.269,-0.399,2.259,-1.002,0.975,-1.002,-1.049,-0.254,0.725,2.259,-0.145,-0.254,0.725,-0.094,1.269,-0.399,2.259,-1.002,-1.002,-0.094,2.259,-0.094,0.725,1.269,-1.049,-1.049,0.725,-0.254,0.975,-1.049,0.725,-1.002,2.259,2.246911925711477,1.269,0.975,-0.254,0.9625899235786575,-1.002,-0.145,-1.0177274718648845,2.2800217776526965,-0.26818075440891115,-0.094,-1.049,-0.10999872998578633,-0.24792905653267977,2.3274961481235517,2.338219624153159,0.725
-0.783,-0.429,0.742,0.896,-0.783,1.641,0.374,0.341,0.341,-0.783,-0.683,2.191,0.341,0.896,-1.177,-0.783,-1.177,-0.783,0.742,-1.177,-1.177,2.191,0.896,-0.783,0.896,2.191,-0.683,-1.177,0.742,0.341,2.191,-0.783,2.191,0.742,0.374,1.641,2.191,1.641,2.191,0.374,2.191,0.341,0.341,1.641,-0.783,2.191,1.641,-1.177,-0.683,-0.429,-0.429,-0.783,0.341,-0.429,0.896,-0.429,0.742,-0.783,0.742,0.341,0.374,0.7269476639995697,-0.796897364954098,-1.177,0.3594620159166322,0.7583270378425238,-0.683,0.896,-0.7838438382446569,0.32702632562711154,-0.7412139050757965,1.641,0.8848341118393662,-0.7200823655089695
1.88,-1.182,0.225,1.277,1.88,0.225,-1.182,-0.076,-0.273,-0.882,1.88,-0.965,-1.182,1.277,1.277,-0.608,0.225,1.88,-0.273,-0.882,-0.608,-0.273,-0.608,1.88,-1.182,-0.965,-1.182,-0.583,-0.076,-0.273,-0.965,-0.583,-0.882,-0.965,-0.965,-0.965,-0.273,0.225,-0.965,0.225,1.88,-1.182,-1.182,-0.882,-1.182,-0.965,-0.882,-0.273,-0.2874737901033557,-0.608,-0.6297141140861144,0.225,-0.26697429198373485,-0.583,1.277,-0.5981028062879703,-1.182,-0.882,-0.076,-0.965,-0.572309500032929,-0.8929543935502756,0.21197579429690033,-0.9800952692205227
-0.844,-0.211,-0.627,-0.627,1.301,-0.844,1.301,1.725,-0.661,0.381,-0.661,-0.661,1.725,-0.844,1.725,-0.627,-0.476,1.725,1.725,-0.211,1.301,-0.627,1.725,0.381,-0.987,-0.476,-0.211,-0.211,-0.661,-0.211,-0.476,-0.211,-0.844,1.188,1.725,-0.627,-0.987,1.188,0.381,-0.661,-0.844,0.381,1.301,-0.476,-0.987,1.301,-0.627,1.301,0.381,1.188,-0.476,-0.211,-0.627,-0.987,1.725,-0.844,1.301,-0.8575759905321583,-0.987,1.2856999225360082,-1.0016387724578448,-0.211,-0.7965597211574447,-0.661,1.3211333729323724,-0.476,-0.7527186606172778,-0.6716254833307672
-0.588,-0.953,0.823,-0.675,-0.932,-0.953,-0.588,-0.953,0.269,-0.615,-0.588,-0.615,-0.932,1.116,0.003,0.823,0.269,-0.953,-1.093,0.269,-1.093,-0.588,-0.953,-0.932,-0.588,0.269,1.116,0.269,0.269,-0.615,1.116,-1.093,-1.093,1.116,-0.932,0.003,-1.093,0.269,-1.093,-0.932,-0.953,-0.932,-0.675,0.823,-0.953,-0.9733805328745252,-1.093,-1.104427489882157,-0.9458252767649333,0.003,-0.675,-0.008508578203206822,0.269,0.823,-0.615,0.8039168267990957,-0.6319423707088492,-0.6878216708893744,-0.6726739740770077,1.116,-0.9332985419466939
-1.285,0.741,1.192,1.423,1.423,0.741,-1.285,-0.77,-0.856,1.192,-1.285,0.741,0.92,-0.856,1.423,-0.63,-0.856,0.92,-0.63,0.741,-0.014,1.192,-1.285,-0.014,0.92,-1.285,-0.77,0.92,-0.77,-0.014,0.92,-1.285,0.92,-0.856,0.741,-0.77,0.741,1.601,-1.285,0.92,1.192,1.192,1.423,-0.014,1.601,0.741,-0.856,1.192,0.92,0.741,1.601,0.92,1.192,1.601,1.423,-0.63,1.423,-0.77,-0.7967427168676533,-1.285,-0.767602305802177,0.92,-0.63,-1.2986566222124485,0.9020445339756605,0.741,0.7250847234491619,-0.7339917702263944,1.601,-1.2573771917643883,0.9322380088558355,1.192,1.1740215237767144
-0.158,1.305,-1.385,-0.158,0.224,-0.43,0.224,1.305,-1.385,0.224,-1.069,1.305,-1.385,1.04,-1.069,-0.158,-1.385,-0.471,-1.385,-0.43,-0.43,1.04,-1.385,-0.158,-1.069,0.295,-1.069,-1.385,-0.43,-1.385,0.295,-0.43,-0.471,0.295,-1.069,-0.471,1.305,-1.069,-1.385,-1.385,0.295,1.04,-0.43,1.04,1.305,-0.158,-1.385,-1.069,1.0247270810888722,-0.471,0.224,-0.43,-0.48172515274940586,1.060511088963353,1.294992826734991,-1.3942458711508214,-1.3687341055834055,0.0,-1.0830344738773594
0.187,0.654,0.394,-0.825,-0.528,-0.7,-0.825,-0.613,-0.7,1.411,0.654,-0.825,0.232,0.232,-1.197,-0.7,-0.528,-0.7,-0.7,-1.197,-1.197,-0.528,-0.825,0.654,1.411,-0.528,-1.197,1.411,-0.528,1.411,-0.825,-0.825,-1.197,-1.197,0.187,-0.613,1.411,-0.528,-0.7,-0.528,-0.7,-1.197,0.654,-0.825,0.654,-1.197,0.654,-0.528,0.394,0.232,0.654,-0.528,-0.825,-0.7,1.411,-0.825,-1.197,-0.7,1.411,0.394,-0.7184897445644738,0.232,0.654,-0.8405663268070949,-0.6937602148532491,0.21449515250786563,-0.6695260686958513,0.6386583463250506,-1.2081429042755603
-0.111,-1.347,-0.028,-0.111,-1.347,-0.028,1.785,-0.028,-0.91,-1.347,-0.871,-1.347,0.315,-0.871,1.785,-0.91,-1.347,-0.91,-0.91,0.95,-0.241,1.047,0.95,-0.91,-0.871,0.95,-1.347,-1.347,0.315,-0.241,-0.028,-1.347,1.047,-1.347,-0.028,-0.111,-0.91,-0.91,-0.91,-1.347,1.785,-0.241,-0.028,1.047,-0.91,1.785,1.785,-0.871,-0.241,1.047,1.0334703062918977,-1.347,1.785,-0.028,0.95,0.9322617042493062,-1.360122968504675,1.0528583817395167,-1.344236389043907,0.962208869955007,-0.24979724711315593
1.193,1.083,-0.827,1.193,-0.95,1.193,-0.705,-0.319,-0.319,-0.319,0.434,0.434,-0.319,-0.319,1.193,1.083,1.193,-0.705,-0.95,-0.319,1.07,-1.133,1.07,1.193,-1.133,1.07,-0.95,-0.827,1.193,-0.827,1.083,-0.705,-0.95,0.434,-0.705,-0.95,0.282,-1.133,0.434,0.282,-1.133,-0.319,-0.827,-1.133,1.07,-0.319,-1.133,-0.319,0.434,-1.133,1.193,-0.705,1.083,1.07,1.0648755979391393,-0.7194464468989741,-0.6872142805584871,-0.827,-1.1431305033881742,-0.95,-0.8415797996458384,-0.6656572381242183,0.42111838452083594,1.186054549082206
-0.139,-0.95,-0.139,-0.95,-1.09,-1.104,-0.928,-1.021,-1.104,-1.021,0.39,0.39,1.511,1.511,0.39,1.511,-0.95,-1.104,-0.611,-1.104,-0.139,-0.139,-1.09,-1.09,1.511,-0.611,-0.928,-0.95,-1.09,-0.583,-1.09,-1.09,-0.928,-0.139,0.39,-1.09,-1.09,-1.104,-1.021,-1.09,-1.021,-1.104,-0.583,-0.928,1.511,-0.95,-0.583,1.511,-0.928,-1.09,-0.139,-1.107426217933293,1.4972297879952936,-0.95,0.39,-0.9679592116092122,-1.0782213131627465,-0.1472982551670771,1.5487209127435826,0.3806612266813441,1.5810872333582795,-0.583,1.614554701962645,-1.104,0.41284982156304845,0.4427757254856222,-1.021
1.361,-0.855,1.729,0.608,0.603,0.459,1.361,1.73,1.361,1.361,0.603,0.603,1.73,-0.855,0.977,-0.961,0.977,1.729,-0.855,-0.855,-0.961,0.608,0.977,0.603,-0.961,1.361,1.73,1.361,1.361,1.729,0.608,-0.961,1.73,0.603,0.977,1.73,1.73,-0.855,1.73,0.977,0.412,1.73,1.729,1.73,-0.961,0.977,-0.855,1.729,-0.961,-0.8669257445376021,1.361,1.73,-0.9719795096378088,-0.8274028025592919,0.459,1.7187898175143608,1.7457863833241998,1.3499457489538822,1.763391548360783,1.394110302188231,0.608,0.444586870539893,1.7136593355016585,1.8105707103821278
-0.398,-0.639,-0.61,1.659,-0.447,-0.31,-0.804,-0.31,1.395,-0.447,1.659,-0.61,1.215,0.797,1.659,-0.398,1.659,0.797,1.395,1.659,1.215,-0.639,-0.804,-0.31,-0.804,1.395,-0.447,-0.61,-0.804,1.659,1.395,-0.61,1.659,1.659,1.659,-0.31,-0.31,-0.447,1.395,-0.31,0.797,0.797,1.395,-0.804,-0.61,-0.447,0.797,-0.639,1.215,-0.398,-0.447,-0.639,-0.31,1.395,1.659,-0.32160420260611217,-0.6510349250944449,-0.61,1.3849414159155629,1.41428786315991,1.6503348559933906,-0.27951756791100113,1.6823297450970711
-0.941,-0.533,-0.989,-0.254,-0.533,-0.113,-0.113,-0.941,-0.989,-0.533,-0.285,-0.989,-0.941,-1.074,-1.074,-0.113,-0.113,-0.533,-0.254,-0.254,-0.254,-0.916,-0.321,-0.916,-0.285,-0.941,-0.533,-0.533,1.577,-0.941,-0.285,-0.254,-0.321,-0.941,-0.285,-1.074,1.577,-0.113,-0.254,1.577,1.577,-0.989,-0.916,-0.916,-0.941,1.577,-0.941,-0.941,-0.941,-0.941,1.577,-0.113,-1.074,-0.916,-0.941,-0.321,1.577,1.5565148598547007,-0.254,-0.285,-0.3318700126944415,-0.9554853023068114,-0.989,-0.26512604266913137,-0.2973229601629728,-0.227530565204214,-0.315441358751792,-1.0025454296460976,-0.9605209005767137,-0.29730081888312937,-0.9306723428939591,-0.113
0.42,-0.6,-0.41,-0.585,-0.04,0.42,-0.321,-0.321,-0.746,-0.321,-0.321,-0.585,-0.521,-0.6,-0.04,-0.521,-0.04,0.42,-0.321,-0.585,-0.585,-0.321,0.205,-0.6,-0.746,-0.6,-0.746,-0.746,0.406,-0.6,-0.6,-0.585,-0.521,-0.321,-0.585,-0.585,-0.746,-0.746,0.205,-0.746,-0.521,-0.6,-0.6145572710355912,-0.521,-0.04,0.406,0.205,-0.746,-0.585,0.42,-0.321,-0.6004913722701732,-0.5833158009387209,0.3897107710241582,0.4241604389531477,-0.5370051185366539,0.19309262170811953,-0.5505041311017006,0.4351523164609369
-1.267,1.824,-0.003,0.512,1.824,0.512,1.824,0.82,-0.786,-0.786,1.824,0.829,-1.267,-1.267,1.385,1.282,-1.267,0.512,1.385,-0.786,0.82,-0.003,-0.786,0.82,1.385,0.512,-1.267,1.385,0.829,1.385,-0.534,-1.267,1.385,1.824,-1.267,1.282,-0.003,0.512,0.82,1.282,1.824,1.385,-1.267,1.385,-1.267,1.824,0.512,-0.786,0.829,1.824,1.282,-0.534,0.512,-0.786,1.824,1.385,0.82,-0.534,-0.786,-0.5503120374507476,-0.7955459975343208,-0.5033083316475766,0.829,1.385,-0.4790259484786677,1.282,1.3665068098744269,1.3984600715254956,1.4370463187681655,1.2660636939809873,1.2799391331461236,1.824,0.8092978749358455,-0.003
0.366,1.245,-1.081,-1.081,-0.239,0.897,-0.646,-0.281,-1.081,-1.081,-0.865,1.245,1.245,-0.865,-0.865,-0.798,1.245,-0.646,-0.865,0.897,1.044,1.044,0.897,1.245,0.897,1.044,-0.798,-0.281,-0.798,-0.865,1.044,0.897,-0.281,-0.281,-1.081,-0.865,-0.798,0.897,-0.798,-0.281,0.366,-1.081,0.366,-0.239,-1.081,1.245,-0.646,0.366,-0.239,-0.798,1.2377579025886951,0.897,-0.25683084360195707,-0.6553149970959544,0.882694714476773,0.9327864582306147,-0.865,0.35556127184800446,1.044,-0.281,0.9726649969937327
-0.195,0.337,2.049,-0.693,-0.669,-0.693,-1.176,0.978,0.337,-1.176,0.467,0.283,0.283,-1.176,0.337,-0.693,-0.195,2.049,0.283,0.467,-0.669,-0.669,0.978,-1.176,0.467,-0.908,0.467,0.978,0.978,-0.195,-0.908,-1.176,0.467,-1.176,0.467,-0.908,0.978,-0.693,-0.669,-0.693,0.337,-1.176,-1.176,2.049,-0.669,-0.908,-1.176,-0.195,2.049,2.049,-1.176,-0.908,-1.176,-0.669,-0.908,-0.693,0.467,2.049,-1.1846084671193762,-0.6770872093692684,-0.70801738981645,-0.6647404571681537,-0.919812529362658,-0.6574703217612098,-1.1534778257664642,0.283
0.039,0.628,0.628,1.418,-0.356,-0.923,0.078,1.418,0.039,0.628,-0.923,0.628,0.628,1.418,-0.736,0.078,-0.736,-0.736,-0.923,0.485,-0.923,0.628,-0.632,0.078,0.628,0.078,-0.923,-0.923,1.418,-0.356,0.485,0.909,-0.923,0.628,-0.632,-0.923,-0.923,0.078,-0.923,0.078,0.039,0.485,0.078,0.485,0.078,-0.356,-0.736,0.039,0.078,0.909,-0.632,-0.923,-0.632,1.418,0.039,0.628,1.418,1.4001129374528316,0.6112904859245663,-0.632,-0.923,-0.9356213385155081,1.4242087024726688,1.4403630268555816,-0.6452623579638782,0.039
0.945,-0.79,1.161,0.561,0.561,1.161,0.188,0.561,1.161,-0.863,1.134,-0.863,0.188,0.945,0.945,1.161,0.646,-0.79,0.646,-0.863,1.141,-0.79,0.646,1.141,-0.79,1.141,1.134,0.945,0.945,0.945,0.188,1.134,0.945,0.705,1.134,1.161,0.705,1.141,-0.863,-0.863,1.134,0.561,1.161,1.161,1.161,1.141,-0.79,0.646,1.161,0.646,-0.863,0.6347951198503576,0.188,0.6719043630290382,1.161,-0.8785810747966329,1.134,0.561,-0.79,-0.7991025686857426,1.120800171669624,0.16945689759536764,-0.7470750159641668
-0.595,-0.852,-1.198,1.416,-0.004,1.633,-1.198,-0.852,0.843,-0.188,0.843,1.633,-1.198,-1.198,1.416,1.416,-1.198,-0.647,-0.852,1.866,1.866,1.633,-0.852,1.866,1.416,-0.004,0.843,1.416,-0.595,-1.198,-0.647,1.866,1.633,-0.188,1.866,0.843,-1.198,-0.595,1.633,1.416,-0.188,1.866,-0.188,1.633,-0.852,1.416,-0.004,1.633,-0.852,1.866,-1.198,-0.647,1.633,-1.2106684471773572,-0.595,-0.188,-1.1695536029731732,1.6250253680375046,-0.20103250859089816,-0.17059124474456064,1.644204181271454,1.667462016551959,-0.6034155860584464,0.843
-0.978,1.518,-0.383,1.518,-0.782,-0.978,-0.978,-0.501,-0.978,0.506,-0.978,-1.471,1.03,-0.383,1.406,-0.383,-1.471,-0.501,1.406,0.463,-1.471,-0.978,-0.501,1.518,1.406,-1.471,-1.471,-0.782,-0.383,1.518,1.518,1.406,1.406,0.463,-1.471,1.03,-1.471,0.506,-0.782,-0.978,0.506,1.518,-1.471,-1.471,0.463,1.406,-0.383,-0.383,-0.978,1.406,-0.782,1.3905748161674594,-0.9919154134836009,-0.3984985159204255,-0.501,1.03,1.4442443173004,0.463,0.506,1.4714544468647262,0.45238743240579415,0.4939786269457931
-0.768,-0.768,-0.085,1.197,1.678,-0.085,1.678,0.431,-0.799,-0.768,-0.768,1.197,1.678,1.197,0.246,-0.799,0.246,-0.768,-0.573,-0.573,-0.085,-0.085,1.678,1.678,1.197,-0.573,-0.768,-0.438,-0.768,0.246,1.197,-0.799,0.246,-0.085,-0.799,0.664,1.678,-0.438,-0.768,0.246,-0.438,0.246,1.197,0.664,1.1838454603151654,-0.573,-0.438,0.431,0.4133401695814132,0.46048987644835426,0.6558858805733119,-0.799,-0.768,0.5013731210135224,-0.7807459831411911,0.6920705574309858,1.2171307462296665,1.2340699184813069,-0.5815895952831495
0.49,-0.908,1.331,-0.904,1.331,-1.163,-0.904,-1.163,0.303,1.001,-0.767,-1.163,-0.908,0.701,-0.904,-0.904,0.701,0.058,0.058,-1.163,0.49,-1.163,0.058,-0.767,1.001,0.303,-1.163,-0.767,0.701,0.058,-1.163,-0.904,-0.904,1.001,0.49,1.331,1.331,0.49,-1.163,-1.163,-0.904,-0.908,0.49,0.303,0.701,-0.767,-0.7863392907056737,0.058,0.49,-0.904,-0.928078389702256,0.47620978148107174,-0.908,0.5118028016785798,0.6880117756998388,-0.8741761469965469,0.5384376071588466,0.2869201325405689,0.7232440131905534
-1.24,1.782,0.441,1.782,-0.513,1.782,-0.318,-0.94,0.441,-0.165,1.081,-1.24,-0.513,0.357,1.081,-0.318,1.782,-0.94,-0.513,-1.24,0.441,0.357,1.782,1.782,-0.165,0.441,-1.24,-1.24,1.782,-0.513,1.782,-0.94,1.081,-0.94,1.081,-0.94,1.002,-0.94,1.782,-0.513,1.782,0.357,1.002,0.441,-1.24,1.782,-0.165,1.002,-0.94,-0.165,-1.24,-0.513,1.081,0.441,-0.94,-0.9517163083711403,-0.318,-0.513,-0.520695606437909,0.357,1.002,-0.333004586205904,1.081,0.441,1.782,-0.30179395010606247,-0.9103713259616265,0.9878553917210182,-0.4974859743329428,1.0641888559075583,1.044389350035342,0.42935924415618315
0.075,-1.219,0.301,1.899,-0.88,1.899,0.081,0.28,-0.88,0.28,0.004,-1.219,0.301,-0.679,0.081,-0.88,0.075,-0.88,0.019,0.28,0.019,0.004,0.28,0.081,-0.679,1.899,1.899,0.28,1.899,0.28,1.899,1.899,0.019,1.899,0.004,-1.219,0.28,0.019,0.075,-1.219,-1.219,0.075,1.899,0.019,0.28,0.004,-1.219,0.019,-1.219,1.899,-0.88,-0.679,-0.893161616122869,-1.229767642207038,-1.1995900219821605,0.075,-1.1364129328257253,-1.0908524019182133,0.301,-0.851172170984373,0.28,0.081,-0.8070339759688576
-0.276,1.303,-0.113,-0.204,-0.753,-1.303,1.303,-0.113,-0.372,0.213,-1.303,0.058,0.213,-0.204,-1.303,1.303,-0.372,1.303,0.213,-0.753,-0.935,-0.113,1.303,-0.276,0.213,-0.935,1.303,-1.303,-0.935,-0.113,-1.303,-1.303,-1.303,-0.753,-1.303,0.058,-0.276,-0.113,-0.935,0.058,-0.204,-0.276,-0.113,0.213,0.058,-0.2168297448303076,-0.935,0.19500226577884602,1.303,-0.20908628534861787,-0.753,-0.155677557782043,-0.372,-0.2883194814290387,0.23028352712770406,-0.384978131949322,-0.7688787418301526,0.04673228541232369
-0.945,-0.644,-0.459,-0.671,-0.953,-0.459,-0.671,-0.172,0.865,-0.172,-0.644,-0.644,-0.459,-0.459,-0.671,-1.023,1.105,-0.62,-0.459,0.865,1.105,-0.945,-0.459,-0.953,-1.023,-0.671,-0.953,-0.644,-0.671,-0.945,-0.945,-0.459,-0.172,-0.945,-0.945,-1.023,-0.459,1.105,-0.953,-0.62,-0.945,-1.023,-1.023,-0.953,0.865,-0.172,-0.671,-0.459,0.865,-0.953,-1.023,-0.671,-0.6851416893614193,-0.172,0.8567732805616769,1.105,0.9018341682110099,1.0915900629566049,-0.1871215582420652,-0.6578985045486576,-0.644,1.125877956961007
1.665,-0.911,-0.969,1.665,-0.753,1.665,0.101,-0.911,2.284,-0.999,-0.676,-0.969,-0.753,-0.676,1.253,-0.676,-0.911,2.284,2.284,-0.999,-0.999,-0.868,1.665,-0.868,-0.999,1.253,2.284,-0.868,-0.999,-0.969,1.665,-0.753,1.253,2.284,2.284,2.284,1.665,-0.868,-0.969,0.101,-0.911,2.284,-0.911,1.665,-0.999,-0.911,2.284,1.665,-0.999,-0.999,0.101,-0.911,-0.753,1.253,-0.911,-0.868,-0.911,1.253,1.665,2.284,-0.868,0.101,0.08702119117290998,-0.999,1.6513167086069787,-0.969,1.253,0.12023951028576706,1.691694584199351,1.7290212975360404,-0.8803194313344336,-1.0073102205277904,-0.965379551212769
0.728,-0.184,0.728,0.587,1.829,-0.773,-0.033,-0.415,-0.773,-0.285,-0.033,0.728,-0.415,-0.184,-0.415,-0.184,-0.773,-0.184,-0.285,-0.033,0.092,1.829,1.137,1.137,-0.033,-0.033,-0.184,-0.415,-0.415,0.092,0.092,-0.285,0.092,0.092,-0.415,1.829,0.728,1.829,0.728,-0.184,-0.033,1.829,-0.285,1.829,1.829,1.8165587311894613,0.728,1.137,-0.033,0.587,-0.773,1.1227250906229538,-0.04374132918445079,-0.415,0.092,0.5737422691092937,0.7131724150979419,0.7444026976371035,0.8009475816000031,-0.184,1.179311094999556,1.2092643130868297,-0.42881438778517905
2.342,0.274,-1.004,-1.004,2.342,-0.597,0.274,-1.057,2.342,0.274,-0.888,-1.004,-1.057,2.342,-0.888,0.274,0.274,2.342,0.229,-0.597,2.342,0.229,-1.004,-1.057,0.274,-1.057,-0.597,-0.518,-1.057,-0.597,1.031,0.229,-0.888,-0.888,0.201,0.229,-0.888,0.229,2.342,1.031,-1.057,-1.004,0.201,0.229,-0.518,1.031,-0.888,0.229,2.342,-0.518,-1.057,0.201,0.274,0.2596868868998793,-0.597,-0.6172125431799715,-0.5320497895895108,0.2872461836429215,0.21610312592130332,0.2335890423167868,-0.597097575249698
0.918,0.036,1.261,1.543,-1.004,1.44,1.44,-0.169,1.44,1.44,-1.004,1.44,1.543,0.918,1.543,0.918,0.905,1.44,-1.004,1.543,1.261,-0.169,0.918,1.543,-0.169,-0.169,1.44,1.44,-0.169,-0.824,-0.169,1.543,0.036,-0.824,1.261,1.543,-1.004,1.543,1.543,0.509,0.036,-0.824,-0.169,-0.169,0.905,-0.169,1.261,1.2446899778764484,0.905,-0.169,0.918,-0.18184177438222837,-0.12548031948644073,-0.09763785944707815,0.036,-0.0676555224532035,-0.025933940682767602,0.9050165094178422,1.44
-0.59,0.366,-0.59,2.327,-1.201,0.766,-1.201,0.766,-0.806,-0.732,-0.732,2.327,0.098,-0.732,-0.806,-1.201,0.366,-0.732,2.327,2.327,0.145,2.327,0.145,2.327,-0.806,0.145,-1.201,-0.825,2.327,-1.201,0.098,0.098,2.327,2.327,2.327,2.327,-1.201,-0.825,2.327,-0.825,0.366,0.098,0.366,0.366,0.098,2.327,0.145,0.366,-1.201,-0.59,0.098,2.327,-1.2169349875012874,-0.825,-1.1710847131638038,-0.806,0.766,2.3161878672732183,0.7530067313183743,0.08266544057067902,0.35437056821420654
-1.154,-0.6,0.565,-0.926,-1.154,0.565,-1.071,-1.071,-0.926,-1.154,-0.931,-1.154,0.578,0.14,-0.931,-0.6,1.826,0.565,1.826,-1.154,-1.154,-0.931,1.826,-0.931,-1.154,-0.934,-0.934,-1.154,1.826,-1.071,-0.6,-1.071,1.826,-1.154,-1.071,1.826,-0.931,-1.071,-0.926,-0.926,-0.934,-0.934,-1.071,1.826,0.14,1.826,-1.071,0.578,-0.926,0.565,-1.154,-1.0843349567839753,-0.6,-0.931,-1.1680475995537858,-1.153299977037972,0.14,0.11949628234529731
0.93,0.685,1.889,0.685,0.685,0.496,0.507,-0.256,-0.256,1.838,0.685,-0.969,1.838,-0.969,0.496,0.685,0.496,1.889,-1.095,0.685,0.496,0.93,0.685,0.685,-1.095,-0.969,0.685,0.685,-0.969,0.93,0.93,-1.095,-1.095,0.685,0.507,-1.095,1.838,0.507,-0.2,0.496,-0.969,0.685,1.889,-1.095,-1.095,1.889,1.889,0.685,-0.969,1.889,0.685,1.838,0.507,1.889,-0.969,-0.2,-1.095,-1.1101199153807568,0.496,0.478769205290256,0.507,0.5250501638952991,0.685,-0.256,-0.21055051336445108,0.5537760578771522,0.6728655562423176,-0.9830798395851694
0.546,-0.3,-0.547,1.434,-0.709,-1.216,-1.216,0.546,-1.102,-1.216,-1.102,1.111,-0.709,-1.216,1.434,0.546,-0.709,-1.102,-0.547,1.4,-1.102,-1.102,-1.216,-1.216,0.546,1.4,-0.202,-1.216,1.434,-0.547,1.4,-1.102,-0.202,1.434,1.111,0.546,1.434,-0.709,-0.709,-0.709,-1.216,-0.202,-0.709,-0.709,1.4,-1.216,-0.3,1.434,-0.547,-0.202,-0.3,-0.547,1.434,1.111,1.4155904455111563,1.4,0.546,-1.216,1.0936711270405384
-1.063,0.834,-0.304,-1.063,-1.063,1.634,1.634,-0.304,-0.636,-1.063,0.834,1.634,-1.063,1.634,0.86,1.029,-0.304,0.153,-0.893,-0.893,0.86,0.834,-0.893,1.634,-0.304,0.834,0.834,0.153,-0.636,-0.304,1.634,1.634,0.097,-0.893,1.634,1.029,-0.636,0.097,0.097,-0.304,-0.636,0.86,1.634,0.834,-0.636,-0.304,1.029,0.86,-0.893,-0.304,0.153,1.634,1.624119549693948,1.6575697219529075,1.6988679239145188,0.834,0.13869940711089312,1.730978105779131,-0.636,1.760716633804422,-0.9017945731151518,1.810059885674097,0.097,-0.648272493897875
-0.601,1.781,1.781,-0.601,-0.496,1.146,0.962,0.962,-0.919,1.781,-0.572,0.962,-0.805,-0.601,-0.919,0.962,1.146,-0.572,-0.601,0.962,-0.496,-0.805,-0.319,-0.319,-0.319,1.781,-0.805,-0.601,1.146,-0.805,-0.919,-0.496,-0.319,0.962,1.781,0.962,0.962,1.781,-0.919,-0.319,0.962,0.962,1.781,-0.572,1.781,0.962,-0.572,-0.319,-0.805,1.781,-0.3345249678035789,1.146,-0.811938662959089,-0.601,-0.919,0.962,0.9430333507364649,-0.3000098964337918,1.7624717933299414,-0.7859534345315954
-0.467,1.693,-0.343,-0.206,1.693,-0.702,1.357,1.357,-0.343,0.574,-0.206,0.574,-0.478,-0.467,-0.206,0.574,1.693,1.693,-0.478,0.999,-0.343,0.999,0.999,-0.478,-0.206,-0.343,-0.467,-0.702,1.357,1.693,-0.478,1.693,-0.343,0.432,0.432,-0.467,-0.467,-0.343,-0.343,-0.478,-0.702,-0.702,-0.702,0.432,1.693,-0.467,0.574,1.693,-0.343,1.357,1.693,1.3350824989955907,1.3732296458638689,1.678574643947309,-0.478,1.3964936655537161,-0.206,1.4288762622889315,0.574,1.7367072468607194,0.999,1.4676796486288308,-0.35572332740525925,-0.32006478525687654,1.5039411575016106
-0.088,-0.753,0.476,-0.708,-0.088,1.587,-0.133,-0.416,-0.133,-0.964,0.476,1.587,0.476,-0.802,-0.802,-0.964,-0.802,-0.964,-0.964,-0.416,-0.753,-0.088,-0.708,-0.133,-0.964,-0.708,0.499,-0.753,-0.708,-0.088,-0.753,0.476,0.499,1.587,-0.088,1.587,0.476,-0.416,-0.802,-0.416,0.499,0.476,1.587,-0.088,0.476,-0.708,0.499,1.587,-0.753,-0.133,0.476,0.48672758254460247,-0.708,-0.416,-0.14663101904406609,-0.7635401809214595,1.5758000853941778,0.4654443694807229,-0.7371474508375999,-0.42597135243809175,-0.09156971881323249,-0.088,1.5977379923847344,1.6245588419620296,-0.7223971215709977,-0.38283560870054334
0.798,1.543,-1.105,0.241,1.543,-0.899,0.241,-0.227,-1.105,1.995,0.798,1.995,-1.105,0.798,0.798,-0.559,-0.13,-1.105,-1.105,0.798,1.995,-0.899,0.798,-1.105,0.678,-0.227,0.678,-0.899,-0.227,-0.13,1.543,1.995,0.678,0.798,0.241,1.995,1.995,-0.559,0.241,1.543,-0.227,-0.13,-0.559,0.678,-0.899,-0.227,0.241,-0.227,-0.899,0.678,0.678,1.995,0.678,0.798,-0.227,0.678,1.543,0.678,0.6628970341090286,-0.559,-0.13,-0.5810725144221347,1.5267471072668237,-0.5672021708555816,0.241,-0.899,-0.227,1.55286179140151,-0.5232461584341496
-0.537,1.106,2.321,2.321,0.443,1.106,0.806,-0.922,-0.922,-0.701,-0.537,1.106,-0.701,2.321,0.539,-0.922,-0.537,-0.922,-0.537,0.539,2.321,2.321,-0.537,-0.922,-0.537,-0.922,-0.397,-0.537,-0.922,2.321,-0.922,2.321,1.106,-0.397,-0.397,0.539,0.806,-0.397,1.106,2.321,-0.397,0.539,0.5207605454830144,-0.537,0.806,1.106,-0.922,-0.550591317231134,0.7931971405058376,-0.701,0.8453652372208855,-0.9338626032638598,0.8900222408309008,-0.397,0.443
-0.616,-0.076,-0.076,-0.09,-0.419,-1.146,-0.616,-0.831,-0.831,1.019,1.019,-1.146,-1.146,0.359,-0.831,-0.831,-0.616,-0.616,1.019,0.359,-0.076,0.088,-0.076,-0.831,0.359,1.019,-0.616,-1.146,-0.419,-1.146,-0.831,0.423,0.088,1.019,-1.146,-0.076,1.019,-1.146,-0.419,-0.419,-0.831,-0.076,-1.146,-0.419,-1.146,-0.076,0.423,0.41064263002474727,1.019,-0.076,-0.831,0.9980512092649785,0.4217499749653735,-0.419,-0.09,1.0404652187522512,-1.146,-0.09079575341320845,0.45320203438753054,-0.05664638708090634,1.070313081954354,-0.10315493149646339,0.088,-0.4294862402635213,0.4820894191123682
0.03,-0.52,-0.326,1.014,0.61,-0.326,0.514,-0.365,-0.52,-0.52,-0.326,0.855,-0.52,-0.52,0.61,-0.665,0.03,0.514,-0.111,0.514,0.03,-0.665,0.61,-0.52,-0.111,0.514,-0.365,0.61,1.014,0.514,0.514,1.014,0.514,-0.326,-0.326,0.514,-0.365,0.514,0.61,-0.365,-0.111,-0.365,-0.665,0.855,-0.3784070986261869,1.014,-0.326,0.03,-0.111,0.61,-0.1269618627050095,-0.52,-0.6806845691349644,0.5950775526161969,-0.5345579598385652,-0.3357512760955923
-0.7,-0.93,-0.78,-0.93,-1.038,-0.93,-0.93,-0.042,-1.091,-0.78,-0.7,0.502,-1.091,-0.167,-0.7,-1.038,-0.78,-0.483,0.502,-0.78,-0.93,-0.7,-0.042,-1.091,-1.091,-0.93,-0.042,-0.042,-0.78,-0.93,-1.091,-1.038,-0.483,-0.042,1.433,-0.167,-0.167,-0.78,0.502,-0.042,0.502,1.433,-0.042,1.433,-1.038,-0.78,-0.93,1.433,-0.042,1.4141617784815337,-1.038,-0.483,0.502,-0.7906480915008601,1.4458335851711324,0.4920877475383453
-1.092,-0.581,-0.971,-0.774,-0.727,-0.774,-0.218,1.936,-0.218,-0.971,-0.727,-0.218,-0.971,0.755,-0.727,0.755,-0.146,-1.092,-0.971,-0.581,1.936,0.479,-0.774,0.755,-0.218,-1.092,-0.971,-0.971,-0.146,-1.092,1.936,-1.092,0.479,-0.727,-0.971,1.936,-0.218,-0.727,-0.971,0.479,1.936,-0.218,-1.092,0.755,-0.774,-0.971,-0.774,-0.774,0.755,0.755,0.479,-0.146,-0.218,-0.23895173828368077,-0.581,-0.18346889721345574,1.936,0.4639232283455025,-1.092,-1.1024200884023594,-0.727,-0.1586024153126497,-0.971,-1.0644632390865756,-1.0219262333758898,-0.774,-0.1466940388738853
-0.878,-1.288,-0.824,-0.638,0.882,-1.288,0.886,0.886,-0.843,-1.376,0.882,-1.376,-1.376,-1.288,-1.288,0.886,0.882,-0.843,0.882,-1.288,-1.376,-1.376,0.886,-0.824,0.886,0.882,-0.638,-0.878,-1.376,-1.376,0.886,-1.376,-1.288,-0.878,-0.824,-0.824,-0.843,0.504,-0.878,-1.376,-1.288,0.455,0.886,-0.824,-0.638,0.886,-0.843,-0.824,-0.878,-0.835618809241744,0.886,0.455,0.8619814464477676,-0.638,-1.376,-0.8561466248449662,0.44366769005238593,0.882,-0.8923576666615802
-0.404,-0.603,-0.164,-1.238,0.506,1.487,1.672,1.487,0.572,0.572,0.506,0.506,1.487,-0.164,1.075,0.572,1.672,-1.238,1.487,1.487,1.672,0.572,0.572,1.487,1.075,-1.238,0.506,1.672,-1.238,-0.603,-0.164,1.487,1.075,-0.164,-1.238,-0.603,1.075,-0.715,1.487,0.506,-0.164,1.672,1.487,-1.238,-0.715,-0.715,-1.238,1.487,-0.164,0.506,1.075,-0.404,1.487,-0.164,1.4674841341438605,-0.603,-0.4146008186266809,-0.18127037047919806,-0.4012309317143706,-0.3610487518561085,-0.715,-0.16073488905526517,-0.32015535650565796,0.572,-0.1067286283984725,-0.6124983373212809,1.672
-0.183,-1.153,0.705,-0.413,-1.153,-0.95,-0.817,-0.413,-0.413,0.112,-0.95,-1.073,0.705,-1.153,-1.153,-0.817,-0.673,-0.183,-0.95,-0.413,-0.673,-0.295,-1.073,-0.183,-0.413,-0.95,0.112,-1.073,-1.153,-1.153,-0.95,-0.673,0.112,-0.817,0.112,-0.413,-0.817,0.705,-0.673,0.112,-1.153,-0.817,-0.95,-1.073,-0.413,0.112,-1.073,-1.153,0.705,-0.95,-0.673,-0.6940234536076278,-0.295,-0.3073427717911334,-0.413,-0.9638214928221325,-1.073,-1.1652308499138295,-1.084320480086637,-0.2738352463595902,-0.6579477848885906,-0.9244046219174648
-0.568,1.248,0.793,-0.564,0.056,0.793,-0.925,1.192,-1.014,-0.925,-0.564,-0.733,-1.014,0.798,-1.014,1.192,-0.925,1.248,-1.014,-1.014,0.056,1.248,1.248,-0.733,-0.564,0.793,-0.568,-0.733,-0.925,-0.733,-0.733,0.798,-0.568,-0.733,0.056,-1.014,0.793,1.192,-0.564,-0.925,1.248,1.248,0.793,-0.568,1.192,-1.014,-0.733,1.2391453982159804,0.7816217106264325,-0.564,-0.7481097117738487,-1.023448138486427,1.2601419816044466,1.2644272388478546,1.3097217045587257,0.056,-0.5738771236934117,0.798
-0.745,0.764,-0.684,-1.045,-1.045,0.592,-1.045,-0.173,0.592,-0.684,-0.44,1.059,0.592,-0.173,-0.684,-0.173,-0.173,-0.684,0.592,-0.44,-0.745,-0.684,0.755,1.059,-0.44,0.764,1.059,-0.745,-0.745,-0.173,0.437,-1.045,0.764,0.592,0.755,0.592,-0.173,1.059,0.764,1.059,-0.173,0.764,0.764,0.764,1.059,1.059,-0.173,-1.045,-0.44,-0.173,0.592,-0.173,0.437,1.059,0.592,0.755,-0.745,0.764,-0.7595269513712447,0.580469807898705,1.048093373244954,0.42707741366392177,0.7390933240198435,0.754341233714043,-0.18435374198293245
-0.774,1.171,0.711,1.171,1.171,2.09,-0.774,0.711,-0.622,1.171,2.09,1.017,-0.622,2.09,2.09,-0.739,2.09,1.171,0.147,0.711,0.711,-0.774,2.09,1.171,2.09,0.711,1.171,1.171,-0.622,-0.774,2.09,1.017,1.061,-0.739,1.171,1.061,0.711,1.061,-0.739,1.061,-0.774,2.09,1.171,1.017,2.09,1.171,0.147,1.171,1.171,1.171,1.061,1.171,0.711,-0.774,1.1614265348709982,0.147,-0.7805902514569703,0.700550000323752,1.017,1.007218733720575,0.1298473246449306,1.061,-0.739
0.002,0.079,0.002,-0.756,-0.698,0.102,0.002,1.735,0.599,-0.501,-0.756,0.002,0.079,0.079,0.079,0.002,-0.698,-0.308,0.002,0.079,0.102,-0.308,-0.756,0.002,1.735,-0.308,0.079,-0.501,0.599,1.735,0.002,-0.308,0.002,0.599,-0.698,-0.756,-0.308,1.735,-0.501,0.102,1.735,0.102,-0.756,0.079,-0.308,-0.756,0.079,-0.413,-0.413,0.002,0.599,1.735,0.079,0.102,0.599,-0.308,0.599,0.102,0.5840946710641857,-0.501,-0.413,-0.698,0.09075288381495238,-0.756,-0.4231547609778309,0.002,1.735,0.6109765436284412,0.079,0.06369032770006067,-0.01088909615885167,0.13081689845715005,0.019070032891222624
2.905,2.905,2.905,-0.265,1.349,-0.508,2.905,1.349,-0.508,2.905,-0.721,0.022,1.349,-0.05,2.905,2.905,-0.508,2.905,-0.238,2.905,-0.265,-0.05,-0.508,2.905,-0.238,-0.05,1.349,-0.721,-0.079,-0.238,-0.238,-0.508,1.476,0.022,-0.265,2.905,1.476,-0.721,1.476,-0.079,1.349,-0.05,-0.508,1.476,-0.238,-0.079,-0.721,2.905,-0.721,-0.265,2.905,-0.508,-0.079,-0.265,-0.238,1.349,-0.28417679069698903,-0.5192235030909738,2.8885765049748806,-0.721,-0.7311475305481658,0.022,1.3324498974927792,0.005939257979085587,2.9366236307299585,-0.6941977961601654,1.476,1.353390696990991,-0.6654399705879439,2.9794367487833915
0.366,-0.491,-0.1,0.906,0.906,-0.656,0.366,-0.631,1.452,1.452,0.394,1.239,1.452,0.366,0.366,0.366,1.239,1.452,-0.631,0.906,-0.631,0.366,1.452,0.394,-0.491,-0.491,1.239,0.366,-0.491,0.906,0.366,0.906,0.906,1.239,-0.491,-0.656,-0.491,1.452,-0.491,-0.656,0.366,0.906,-0.631,0.906,-0.631,0.752,0.752,-0.631,-0.6470721549127298,0.394,-0.59957120657226,1.452,-0.1,0.752,-0.656,-0.491,1.4411930268067632,1.4906907040750723,0.906,-0.11330201043221616,1.5198712171664706,0.7389253442144186,0.366,0.3380064433086226,1.5371561736821104,0.35676179192382285
-0.568,-0.923,-0.931,1.461,-0.195,-0.617,-0.923,-0.821,-0.99,-0.568,1.461,1.266,1.266,-0.931,-0.821,-0.617,-0.99,-0.931,1.461,-0.931,-0.99,0.71,-0.99,1.461,1.266,-0.99,-0.923,-0.195,-0.617,-0.99,-0.821,-0.821,-0.99,-0.568,1.266,-0.568,-0.821,0.71,-0.195,-0.821,-0.923,1.266,-0.931,-0.195,-0.923,-0.931,-0.821,-0.617,1.461,-0.8315704991869339,-0.568,1.4508517022758298,-0.8215505926241327,-0.7766648031920655,-0.9440124313049926,-0.9071891531362359,-0.9321266873043307,1.4942103434118466,-0.6261982710599548,-0.5802243061386532,-0.735171601303775
1.168,0.223,0.827,-0.821,0.827,-1.143,-0.821,0.223,0.222,0.827,0.369,0.222,0.222,0.222,0.222,0.369,0.957,0.369,-0.821,0.369,0.827,0.223,0.957,1.175,-1.143,0.957,0.957,-1.143,1.168,1.493,-1.143,-1.143,1.168,0.369,-1.143,1.493,0.827,1.175,0.369,1.175,-0.821,0.222,1.493,0.827,-1.143,-1.143,0.957,-1.143,0.957,0.957,1.493,0.957,1.493,0.827,1.168,0.827,0.222,1.175,-1.143,1.168,0.223,0.20921083782760522,0.957,0.369,-0.821,0.2479823445304305,1.1622492880622217,-1.1518277064338087,1.1900007672219575
0.321,0.321,0.787,-0.842,0.587,-1.092,-0.341,0.321,-0.341,0.787,-0.47,0.587,-0.341,-0.19,0.171,0.171,0.587,-0.19,-0.47,-0.19,0.787,-1.092,-0.842,0.171,0.787,-1.092,0.171,-0.842,-0.19,-0.341,-0.639,-1.092,-1.092,-0.19,-1.092,-0.341,-1.092,0.587,-0.639,-0.341,-0.341,0.321,0.171,-1.092,-1.092,0.171,-0.19,-0.639,0.587,-0.47,-0.341,-0.341,-0.3617669667220371,0.321,-0.639,0.171,-0.3074267632071857,-0.2708114880006783,-0.19,-0.842,0.587,-0.23986833159358104,-0.203140881060361,-0.47,0.30266003181914464,-1.092,0.5748921735555308,0.6121197486524196
0.573,1.343,-0.966,-0.572,-0.966,0.573,-0.966,-1.04,0.242,-1.04,-1.04,-0.07,1.343,1.212,-1.04,1.343,-0.966,-0.07,-0.966,-0.572,0.242,1.212,-0.966,-0.07,-0.572,-0.07,0.086,-0.07,-1.04,-0.905,0.086,1.343,-0.905,-0.905,0.086,-0.905,-1.04,1.212,-0.905,-0.966,1.212,1.212,-0.905,1.343,0.573,-1.04,-0.966,-1.0602266667000886,-0.07,0.086,1.343,1.212,-0.08645478765165994,-0.9794757753004468,0.573,0.07430573506864478,0.242,-0.9556461299210006,0.13214382020359183,-0.905,0.1636971423343334,-0.9254512177649811,-0.929141605690431,0.5598290679289282,0.22946548566033323,1.2000551032467464,-0.894377984304015,-0.572,1.3281618897748992
1.139,-0.946,-0.499,-0.166,-0.429,-0.477,-0.946,-1.398,1.98,-0.429,-0.477,-0.946,1.98,-0.477,-0.166,-0.499,-0.499,-1.398,1.139,-1.398,-0.166,0.168,0.168,-0.166,-1.398,-0.166,-0.499,-0.499,-1.398,-1.398,1.98,1.98,-1.398,-0.946,-1.398,-0.477,-0.166,-0.477,1.98,1.139,-0.387,-0.429,0.168,1.98,0.168,-0.166,-0.499,-0.499,-0.387,-0.477,-0.166,-1.398,-0.946,-1.4096421044923566,-0.387,-0.499,-0.429,-0.39977146313469675,-0.17451379970969821,-0.9642462758547267,-0.5149834291623229,-0.34694931179701105,1.98
0.613,-0.188,-0.188,-1.184,0.762,0.762,0.613,-1.184,-1.184,-0.188,0.084,-1.184,-1.184,-0.257,-1.184,0.084,0.762,0.084,1.907,-1.184,-0.888,1.907,-1.184,-0.434,0.084,1.907,-0.434,-0.888,-0.888,1.907,1.907,-0.188,-0.188,-0.888,-0.434,-0.888,0.613,-0.434,-0.434,1.907,-0.9,-0.888,0.084,1.907,-1.184,1.907,1.907,-0.9,-0.9,0.613,1.907,0.762,-0.9,-0.9,-0.434,-0.888,-0.188,-1.184,-0.257,0.762,0.748379683702956,-1.1981939163020001,-0.19684146299005612,-0.9,-0.17420247330169356,-0.14168421616741922,1.907,-0.4432681810325545,-0.8974499822374628,0.613,0.5982928474190085,-0.11312758654743435,-0.4020922058546535,-0.8519118042919913
0.459,0.459,0.459,-0.771,-0.668,0.154,-0.771,-0.668,-0.358,1.156,0.154,-0.259,0.459,-0.668,0.466,0.154,0.194,0.194,0.154,-0.358,-0.259,-0.358,0.194,1.156,-0.259,0.466,-0.668,-0.358,0.466,-0.668,0.194,0.194,-0.358,0.459,1.156,0.459,-0.259,0.459,-0.668,1.156,-0.358,-0.358,0.194,-0.259,0.154,0.194,-0.668,-0.771,0.154,-0.668,0.154,-0.6827881059522111,0.14088347352665345,-0.668,0.194,0.17962360381910805,0.459,0.466,1.156,-0.6688614676744175,-0.6777017312886475,-0.6247550719147611,0.21143121462806572,0.449180933906606,0.5047504334491072,0.24451475650848592
1.046,0.262,-0.832,-0.702,-0.832,0.88,-0.702,1.046,-0.16,-0.16,-0.79,-0.832,0.799,-0.79,0.88,-0.832,-0.702,-0.79,-0.16,-0.16,-0.832,0.88,-0.16,-0.16,-0.16,0.799,-0.16,0.095,-0.529,-0.79,-0.832,-0.832,-0.529,-0.79,1.046,0.095,1.046,0.88,0.262,-0.702,0.262,-0.702,0.262,0.262,-0.702,0.262,-0.16,0.88,-0.16,1.046,-0.529,-0.702,0.095,-0.16,-0.17665890045276222,0.262,0.250208895424356,0.88,0.2792866132693982,0.8629166431371673,-0.5384930588075787,-0.1584615756259034,0.9046304258705474,0.31515114170938363,-0.79
-1.223,-0.733,0.907,-0.171,-0.602,0.907,0.145,0.907,-1.223,-1.223,-0.171,0.907,-1.223,-0.171,0.347,-0.48,-1.223,0.907,0.347,-0.026,0.145,0.145,-0.171,0.907,-0.48,-0.48,-0.48,-0.026,-1.223,0.145,-1.223,-0.733,-0.171,0.907,-1.223,0.145,-0.733,-0.602,0.145,-0.026,0.907,-0.733,-1.223,-1.223,-1.223,0.347,-0.733,-0.7484107255019683,-0.171,-0.7310680510145314,-0.48,0.0,-1.2344070465396912,-0.17915736432017412,0.145,-1.2143082421473255,0.3348886689717183,-0.15011897254969775,-0.026,-0.602,-0.008789173463285239,-0.04059222054297831
-0.591,-0.591,1.157,0.136,0.136,-0.71,-1.283,0.741,-1.283,-1.283,-1.283,-0.588,-0.71,-1.283,1.157,-0.591,-1.283,0.741,0.426,1.157,-1.283,1.183,-0.591,0.136,1.08,1.183,0.426,-1.283,-0.71,-1.283,1.183,1.08,0.136,-0.588,0.426,0.136,-0.588,-0.591,-0.591,-1.283,1.183,0.136,1.08,1.157,1.1438313713538406,-0.71,-0.591,0.136,-0.605952819013957,-0.588,0.12295443644150947,-0.7241524525748209,1.08,1.1631060271192613,-0.6022079203310963
-0.995,-0.268,-0.693,-0.268,-0.893,-0.268,-1.038,-0.268,-0.466,-0.995,-0.693,0.101,-0.995,-0.46,-0.466,2.052,-0.268,2.052,0.101,-0.893,-1.038,-0.268,-0.893,-0.268,-1.038,-0.268,-0.995,-0.466,-0.693,2.052,-0.268,-0.46,2.052,2.052,-1.038,0.717,-0.893,-1.038,-0.693,0.717,-0.268,-1.038,-0.893,-0.995,-0.893,-0.46,-0.693,-0.46,-0.268,2.052,-0.47295748130249504,-0.4628528910315048,-0.466,-0.27838464039169114,-0.47966248730004934,0.101,0.07582710459069056,-0.41878854291338397,0.07933663816428806,2.0427994895615114,-1.038,-0.39650135623518423,-0.7068835302393877
1.209,-0.105,1.209,-0.702,0.043,-0.209,0.043,-0.55,1.299,-0.636,-0.97,-0.209,1.299,-0.97,-0.209,1.209,-0.97,-0.209,0.043,-0.702,1.209,-0.97,-0.636,-0.55,1.299,-0.636,1.209,-0.55,0.043,-0.702,-0.209,-0.55,-0.209,0.043,-0.97,1.209,0.443,-0.702,-0.105,1.299,-0.105,1.209,-0.97,1.209,-0.105,-0.97,-0.209,1.209,-0.9847240428179432,1.299,-0.55,1.284391363481178,1.3122360529099553,1.1955845065599613,0.043,-0.9443908262284967,1.3461880528160834,-0.5636076067312288,0.02907325106737587,0.443,-0.5334315768308375,0.07357773994194941
-0.704,-0.958,-0.801,-0.093,-0.093,0.782,-0.704,0.782,-0.958,0.782,1.572,0.782,-1.085,-0.958,-0.093,-1.054,0.782,-0.093,-1.054,-0.13,-0.13,-1.054,-0.801,0.782,-1.054,1.572,-1.085,1.114,-1.085,-0.958,1.572,-0.801,-1.085,1.114,-1.085,-0.093,1.114,-1.054,-1.085,-1.054,-0.801,-0.13,-0.093,0.782,0.782,1.114,1.114,-0.801,-0.958,-0.9791184005313266,0.782,-0.093,0.7694371173701889,-0.10891231369698069,-1.054,1.572,-0.704,1.114,1.5507234482488308,-1.0661529989614442,1.590877101250137,-0.801,-0.13,-1.085,-1.0233715594389412,-0.7141805414587755,-0.975458910646842,-0.9412985110287025,-0.13889661943722934,-0.8156067132732812
1.376,0.968,0.968,-0.992,-0.737,1.551,1.764,0.968,1.764,-0.741,1.764,-1.073,1.551,-0.992,0.653,1.551,-0.741,1.764,0.968,-0.992,1.551,-1.073,-0.992,-0.737,1.551,0.968,1.551,-0.992,-0.741,-1.073,-0.204,1.376,-0.992,1.764,-0.737,1.764,-0.741,1.376,-0.204,-1.073,1.376,-0.992,-0.204,-0.204,1.376,-0.22112674708044708,0.968,1.764,1.361118885556692,0.653,1.551,0.6320471379796521,1.7518286014255917,-0.18922878730094203,-0.992,-0.741,-0.14966003821071697
0.755,0.183,-0.799,-1.003,0.755,-0.564,0.861,0.066,0.755,-1.003,0.861,1.193,-0.564,-0.799,-1.003,-0.564,0.066,0.755,0.144,0.183,0.861,0.861,-0.799,-0.564,-1.003,0.755,0.569,0.861,-0.799,0.755,0.861,1.193,1.193,0.755,0.861,0.755,-0.564,-0.564,0.066,0.144,-0.799,0.861,-0.564,1.193,0.861,1.193,0.755,-1.003,0.8499194033029494,0.8672919952930395,1.1812887116131106,-1.015267847397737,-0.799,0.066,-0.564,0.7399033811315339,0.144,0.7633286526529608,-0.8171706464302909,0.9038711311700038,0.9410712358651248,0.7865863172219748,0.05413803964511665,0.183,-0.9726234659908771
-1.156,-1.037,-0.758,-1.037,-0.758,-1.156,-1.156,-1.096,-1.156,1.107,-1.096,-1.096,-1.096,-0.742,-1.156,-0.742,-1.156,-0.278,-0.758,-0.278,-1.037,-0.68,1.107,-1.156,-1.096,-0.758,-0.278,-0.758,-0.68,-1.156,-1.156,-0.278,-0.143,-1.156,-0.742,-1.096,-1.037,1.107,-1.156,-1.037,-0.32,-0.758,-0.742,-1.096,-1.037,-1.156,-1.1111124164552857,-0.32,-0.278,-0.758,-1.167818720705142,-0.143,-1.1441258428372794,-1.1142374670579909,-0.2903670879931261,1.107
-0.463,1.208,-0.312,-0.312,-0.959,-0.864,-0.74,-0.959,-0.864,1.208,-0.312,-0.74,1.121,-0.959,1.564,-0.125,1.208,1.121,-0.463,-0.125,-0.312,-0.864,1.038,-0.864,1.038,1.564,-0.463,1.564,-0.959,1.208,-0.74,-0.125,-0.312,1.038,-0.864,-0.864,1.564,-0.864,1.038,-0.959,-0.864,1.121,1.038,-0.125,-0.74,-0.864,-0.312,-0.8764475234738855,1.121,-0.74,-0.7556568854568496,1.1069457637741336,-0.463,-0.47857251785567917,-0.3247545217906395,1.208
0.941,-1.103,-1.334,1.149,1.592,-0.523,-0.934,1.421,1.149,1.421,-1.334,0.941,-1.334,1.592,1.421,0.771,1.592,0.941,-0.934,-1.103,-0.934,-1.103,1.202,1.202,-1.334,1.202,-1.334,1.202,1.202,1.592,-1.334,1.149,-1.334,-0.934,-0.934,0.771,1.421,-1.103,-1.103,-1.103,1.202,-1.334,-0.523,-0.523,-1.334,-1.334,1.421,1.421,1.202,0.941,1.202,1.421,1.202,0.941,-0.934,1.4022562654205757,0.9238288081193576,-0.523,-1.103,-0.5427329921651693,1.4309077584865837,-0.9428833155680993,1.592,-0.49749878530553365,1.1912603958179648,0.9685909666011183
-0.94,-0.94,-0.775,0.862,0.862,-0.775,2.115,-0.775,-0.593,-0.94,0.862,-0.259,0.056,0.862,-0.259,2.115,0.543,0.543,2.115,-0.915,0.862,-0.915,2.115,-0.775,-0.915,-0.775,0.543,-0.94,-0.94,-0.593,-0.915,-0.915,0.056,0.056,-0.94,0.862,-0.94,-0.915,0.783,-0.593,0.056,-0.259,0.783,-0.593,0.862,2.115,2.0995211888923286,0.783,0.543,0.5265304701650009,0.056,0.7689294391957707,0.862,0.7961565793921699,-0.94,-0.775,2.118225306470949,-0.259,0.04190432908782986,-0.593,0.06801271474678298,-0.608919496782168
-0.715,-0.715,1.13,-0.887,0.399,-0.764,-0.381,1.248,-0.381,0.093,-0.715,1.13,-0.764,0.093,-0.976,1.13,-0.887,-0.764,-0.976,-0.715,0.399,-0.764,-0.715,-0.944,-0.976,-0.381,-0.764,1.248,1.248,1.248,-0.715,-0.944,-0.976,0.399,1.248,-0.887,-0.944,0.093,-0.764,0.093,-0.764,-0.764,0.399,-0.976,-0.715,-0.887,0.399,-0.764,0.093,-0.764,-0.944,1.248,-0.381,-0.381,-0.764,-0.887,-0.764,-0.944,-0.381,1.13,0.399,1.248,-0.976,-0.39036506978646407,-0.33302645852113566,1.117363947035584
1.436,-1.252,1.436,0.793,-0.523,-1.0,-0.881,-0.883,-0.523,-0.455,-0.523,-0.883,0.793,-0.883,-0.609,-0.455,-0.881,-1.252,-1.0,-0.681,-0.455,-0.881,1.436,1.436,-1.252,-0.455,1.436,1.436,-1.252,-0.681,-0.455,-1.0,-0.455,-0.881,-0.681,-0.523,1.436,-0.883,1.436,-0.881,-0.609,1.436,-1.252,-1.252,1.436,-0.883,-1.252,-0.881,-1.0,-1.0,-0.681,-0.609,1.436,1.436,-0.881,-1.0,1.436,-0.523,-0.609,1.4230243593711034,0.793,0.7733199815951691,-0.681,-0.881,1.4595927241496045,-0.455,-0.883,-0.4712210079729912
-0.582,0.981,1.221,1.198,-0.802,0.477,-0.331,-0.965,1.198,0.981,-0.802,-0.965,0.981,-0.331,-0.965,1.297,1.221,1.198,1.198,0.981,0.981,1.221,1.221,-0.965,0.958,-0.582,-0.802,0.958,0.477,1.297,1.198,0.981,1.221,0.981,0.981,0.477,0.958,1.198,1.198,1.221,1.221,-0.802,-0.582,0.981,-0.965,-0.582,1.297,1.297,1.2816357578312918,1.221,1.2111945108437732,-0.965,-0.9850380534338561,0.477,1.2455277479005895,0.958,1.198,-0.802,-0.9583917892918544,0.981,1.3139562024754075,0.4626293347614046,-0.331,-0.9164733690235907,0.5116551604403693,-0.34378002465180113,-0.8088115190834403
-1.012,-1.012,-0.742,2.06,-0.793,-1.354,-0.906,2.06,0.971,0.155,0.155,-1.354,-1.354,0.155,0.155,-0.527,2.06,-0.793,0.155,2.06,2.06,-1.354,2.06,0.155,-0.906,0.277,-0.742,-1.354,-0.906,-1.354,-0.742,-0.906,-0.527,-1.012,-0.906,2.06,0.155,-1.354,-0.527,-0.742,-1.012,0.971,0.155,2.06,-1.354,-1.012,-1.354,-1.354,0.277,-0.793,0.155,0.277,-0.742,0.155,-1.354,0.971,0.277,-1.354,-0.906,0.971,-0.742,0.971,-1.354,2.06,-1.012,-0.793,0.9609537094785449,1.0001486751758561,-1.3674216509471795,-0.906
1.896,1.896,1.546,-0.154,0.961,-0.925,0.642,0.642,-1.053,-0.925,-1.053,-0.925,1.896,1.896,-1.053,-1.053,-0.254,-0.154,1.546,-0.254,0.961,1.348,0.961,-0.925,0.961,1.896,-0.254,0.961,0.387,-0.254,0.961,1.546,-0.254,-1.053,0.642,-0.254,-0.254,1.896,-0.154,-0.925,-0.154,1.546,-0.254,-0.925,1.896,0.387,1.348,-1.053,-0.154,0.642,-0.925,1.546,1.348,1.348,1.348,0.642,1.348,-0.154,1.348,0.387,0.36711758876809286,-1.053,1.333589327650573,1.546,-0.925,-0.9449257481703403,0.642,0.961,-0.254,1.3711076746930646,0.9475478144689929,0.6323204547908651,0.6577768998991173,0.43071408324364935,-1.067679745627585
-0.635,-0.78,-0.78,-1.085,-1.267,-1.085,-1.267,0.173,-0.635,-0.78,-0.78,-0.635,-1.117,-1.117,-0.8,-1.117,-0.731,-0.941,-0.823,-0.731,-0.941,-0.731,-1.117,-1.085,-0.635,-0.8,-0.823,-1.117,-0.78,-1.085,-1.267,-1.267,-1.117,-0.635,-0.823,-0.78,-1.267,-0.78,-0.941,-1.267,-1.117,-1.117,-1.117,-0.78,-1.267,-1.117,0.173,-0.8,-0.635,-0.941,-1.085,-0.941,-0.823,-0.78,-0.8,-0.731,-0.8356144880438807,-1.267,-1.29062391584711,-0.9557929653172732,-0.635,-0.741167770851087,-0.7109420455105651,-1.117,-0.7929122770840393
0.326,0.326,-0.64,1.805,1.805,-0.01,1.805,-1.085,0.866,0.326,-0.304,-0.64,-0.304,-0.203,-0.01,-0.203,-0.304,0.326,-1.085,0.866,-0.64,-0.01,-0.01,-0.203,-0.382,0.326,1.805,-0.64,-0.304,-0.64,0.326,-1.085,1.805,-0.331,0.326,-0.64,-0.64,-0.01,-0.64,-0.203,-0.64,-1.085,-0.203,-0.01,0.326,0.326,-0.331,-0.304,-1.085,-0.01,-0.01,-0.64,0.866,-0.018841496762802844,-0.304,-0.382,-0.203,-1.085,-0.2243732564077628,-0.3193215789369912,-1.097034529240003,-0.331,-0.16941350869010346,1.805,-0.6508722011512543,1.7881666812398367,1.8368154339009635,-0.27231118314484204,0.326,-0.3886769006133836,0.017072688652746446
-1.332,-1.332,1.246,2.066,0.53,-0.379,1.246,-0.653,1.246,0.53,0.53,1.347,-0.379,-0.379,-1.024,-1.332,-0.653,-1.332,-1.024,-0.379,2.066,-0.379,1.347,2.066,-1.332,1.347,-1.332,-1.024,1.347,0.53,1.246,-0.379,0.809,0.53,-0.653,0.809,-1.332,-1.024,0.53,1.246,2.066,-0.379,-1.024,2.066,-1.332,-1.024,2.066,-0.379,0.53,-0.3953922890239701,0.0,-1.332,2.066,-0.37954138293935047,0.809,0.7931184666211877,0.8343911595028022,1.246,-1.3474747859387302,-0.3556314367048424,-0.653,0.5209516008395421,-0.009375127027485226,0.8778806455362521,-1.024
-1.188,0.95,1.636,1.182,1.636,1.636,1.899,-1.188,-0.882,1.255,1.255,0.95,-0.882,1.182,1.899,1.255,1.636,1.636,-1.247,1.636,1.255,-0.882,-1.247,1.899,-1.247,0.95,-1.188,-1.247,-1.188,-1.188,-0.294,-1.247,0.95,-0.294,1.899,-1.188,-0.729,1.899,-0.294,-0.882,-0.882,-1.247,1.899,1.899,-1.247,1.182,1.899,-1.247,-0.294,-1.188,-0.882,1.899,-0.729,1.899,1.255,1.899,-1.247,-0.294,1.636,0.95,0.9362800599162978,1.182,-1.188,1.255,1.1673561351911887,-1.247,-0.882,1.2132603414550363,1.2442298409885681,1.2444479701741924,1.2839249389646314,1.3129683768637337,1.899
0.116,1.613,-0.812,0.116,0.615,0.116,1.137,1.137,2.736,0.615,1.137,-0.812,-0.806,0.615,-1.044,0.658,-0.277,-0.806,-1.044,0.116,1.137,1.137,-0.812,-0.806,2.736,1.613,2.736,1.613,-1.044,2.736,1.137,0.658,2.736,0.658,-0.277,2.736,1.613,2.736,1.613,2.736,2.736,-0.806,-0.277,2.736,1.613,1.137,0.615,0.116,0.116,-1.044,-0.277,-0.812,2.736,1.137,0.658,-1.044,0.658,1.137,2.736,0.116,-1.044,2.736,-1.056655438916727,2.7203841551108177,0.658,2.7667719221276474,-0.277,-1.047838564563088,0.10505658064664457,1.137,1.119164278425632,-0.2914648841247226,-0.806,1.1463378558625825,0.615
1.307,-0.967,-0.497,1.352,-0.324,-0.65,1.352,-1.078,-0.497,-1.078,-0.775,-0.53,1.307,-0.53,1.352,-1.078,-1.078,-0.967,-0.667,-0.65,-0.497,-0.65,-0.667,1.307,1.307,1.352,-1.078,-0.967,-0.775,-0.775,-0.667,-0.967,1.307,-0.65,-0.497,1.352,-0.324,-0.497,-1.078,-0.324,1.352,-0.967,-0.967,-1.078,-1.078,-0.667,-1.078,-0.324,-0.53,-0.497,-0.53,-0.667,-0.5096769941963435,-0.967,-0.541148042348809,-0.775,-0.4671510178396344,-0.42092108105655196,1.307,-0.324,-0.5178985606501326,-0.3375056445213538,-0.980800167511448,1.352,-0.9271527960696047,1.336515083910047,-0.7830118056284964,1.299503226334357
-0.6,-0.6,-0.383,0.859,0.937,-0.6,0.859,-0.383,0.828,0.859,0.636,1.478,-0.383,1.404,-0.383,0.547,-0.383,1.404,0.547,-0.383,-0.6,-0.383,0.636,-0.6,1.404,0.636,0.937,-0.6,-0.383,0.636,1.478,0.431,-0.6,1.478,-0.383,-0.383,1.404,-0.383,0.547,0.859,1.478,1.404,0.828,0.547,0.431,-0.383,0.5331834345063509,-0.3965365296735215,0.41717969761601575,0.859,0.561165759599071,0.8437827948209619,0.4546123006134192,0.4813976689248096,1.478,0.937,0.8857338624734982
1.705,-0.181,-0.181,1.705,-0.543,-0.181,2.051,-0.286,-0.286,0.625,0.625,-0.181,1.705,-0.947,2.051,-0.947,-0.006,2.051,1.296,2.051,-0.995,1.296,-0.543,2.051,1.705,-0.995,-0.947,-0.995,-0.995,-0.947,0.625,1.705,2.051,2.051,-0.286,-0.995,1.296,1.705,-0.947,-0.947,-0.286,2.051,1.296,2.051,-0.286,1.296,-0.995,2.051,-0.947,-0.286,-0.9619420158368712,-0.181,-0.920413663133413,1.296,2.0323345067507335,-0.2949754692494753,1.705,-0.18889505312821608,0.625,2.0663274968907657
-0.322,0.821,0.821,-0.322,-0.986,1.834,-0.322,-0.322,-1.031,-1.031,-0.322,-1.056,-1.031,1.643,-0.425,-0.663,-1.056,-0.322,1.834,-0.425,-0.663,-0.986,-1.031,-1.031,1.643,1.643,-1.031,-1.056,-0.065,-0.986,1.834,-1.056,1.834,-0.425,-0.663,1.834,-1.056,-0.986,-0.322,-0.322,-0.065,1.643,-0.065,-1.031,-0.986,-0.425,-0.986,1.834,-1.056,-1.031,-1.0488656415581528,1.643,-0.322,-0.065,0.821,1.6295760521157665,-0.07670078284609982,1.6750590280036144,-0.986,1.6974067943163396,-0.9970578431493065,-0.425,-1.0679466778456614,-0.9628245947776917
0.441,-0.167,-0.941,-0.941,0.441,-0.805,-1.098,-1.098,-0.167,0.441,-1.098,0.441,-0.809,-0.167,-0.167,-0.406,-0.406,-0.809,-0.737,-0.406,-0.805,0.243,-0.737,0.441,-0.467,-0.805,-0.941,-0.809,-0.737,-0.737,-1.098,-0.467,0.441,0.243,0.243,-1.098,-0.406,0.243,-0.406,-0.167,0.441,-1.098,-0.406,-0.941,-0.809,-0.467,-0.941,0.441,0.243,0.4299045241920733,-0.809,-1.098,-0.167,-0.467,-0.941,-0.8258713055229379,-0.737,0.4690953329312617,-0.805,-0.785550246530939
-0.163,-0.923,0.058,-0.923,-0.302,0.058,-0.302,-1.081,-0.991,-1.081,0.058,-0.306,-0.306,0.032,-1.015,-1.015,-1.015,-0.163,-0.923,-0.991,-0.306,-0.923,-0.991,-1.081,-0.903,-0.991,0.032,-0.991,-0.903,-0.903,-0.923,-0.302,0.032,-0.903,0.032,-0.991,-0.306,-0.306,-1.015,-0.163,0.032,-0.903,0.032,-1.081,0.032,-0.302,-0.302,-1.081,-0.306,-0.923,-1.081,-0.991,-0.302,-0.306,-0.3276764436584073,-0.923,0.058,-1.081,-0.935918619721515,-0.9092854754037388,-0.29680438475036447,-0.991,-1.0003312260624067,0.032,-0.24203067035777306,-1.089419610622473,0.021951909140666033,-1.0460124184197974,-0.8658741282924607,-1.015
-0.52,-0.534,-0.534,0.258,-0.534,-0.534,0.258,-1.055,-0.52,-0.534,0.258,0.0,-0.374,0.742,-0.52,0.258,-1.055,-1.025,-0.52,-0.374,0.0,0.0,-0.534,0.0,-1.025,-0.52,-1.025,-1.025,-0.374,0.604,0.604,-0.374,-1.055,-0.374,0.0,-1.055,-0.374,0.604,-0.374,-0.374,-0.534,-0.534,-1.055,0.258,0.258,-1.025,0.0,-1.025,0.604,0.604,0.0,-0.534,-1.055,-0.52,-0.5323163119551185,0.5895170612159973,-1.025,-1.0437566131925613,-1.0637005416348664,-0.008256286259311402,-0.5103377674472442,-0.49355157677321015,0.742,-0.374,-0.5470557156050557,0.0
-1.035,0.304,0.433,-0.481,1.161,1.161,-0.404,0.304,1.082,-1.035,-0.996,1.161,1.161,-0.481,-0.018,-0.996,0.304,-0.018,1.161,1.082,0.433,-0.996,0.433,-0.481,-0.996,0.304,-0.124,-0.481,-0.481,-0.996,0.433,-0.996,-0.124,-1.035,-0.124,0.304,-0.481,0.433,1.082,0.433,1.082,-1.035,-1.035,-0.018,0.304,-0.481,-0.124,1.082,1.082,-0.996,-1.035,-1.035,-0.996,0.433,-0.481,1.082,-0.4965321435772222,-0.124,-0.4748144844971801,0.304,1.161,1.0719874041598285,0.2916980372653722,-0.13549014134116535,0.33047777602857403,-0.09809312142447571,-0.018
-0.933,0.264,0.741,0.741,-0.862,0.38,1.011,-0.933,-0.919,1.011,-0.933,-0.919,0.741,-0.85,-0.021,-0.021,0.741,0.741,0.38,1.011,-0.933,0.264,-0.862,0.741,0.264,1.011,1.011,-0.85,-0.862,-0.904,-0.904,-0.919,-0.904,-0.862,-0.862,-0.85,0.38,-0.021,-0.904,-0.933,-0.85,0.38,0.38,-0.021,-0.904,-0.85,0.38,0.264,-0.933,0.2541493823807698,-0.030353758545870184,0.02104243830608417,0.741,-0.942174677055009,-0.919,-0.9125219530418638,-0.865205136692756,-0.862,-0.8605622740752373,0.2861913426286474,0.06373615444324514,-0.9111030433989675
-0.258,1.261,0.176,1.261,-1.232,0.331,-0.258,0.176,-0.928,0.154,0.176,-1.232,-1.232,0.49,-0.928,0.331,-0.431,-0.928,-1.232,0.154,-1.232,-1.232,0.331,-1.232,1.261,-0.431,1.261,1.261,-0.34,-0.34,-1.232,-1.232,-0.431,-0.928,-0.34,0.176,0.331,0.176,0.176,-0.928,-0.431,0.49,0.176,0.331,-1.232,0.3218582070818823,1.261,0.154,0.13710053166347105,-0.258,0.17102034107691566,-1.2410464163972494,1.2474379258919714,-0.431,-0.27349628032216133,0.206173126723459
-0.912,-1.208,-1.208,-0.87,-0.87,-1.208,-0.846,-0.659,-0.846,-0.935,1.182,1.182,-1.247,-0.912,-0.912,-1.247,1.182,-0.87,-0.364,1.182,-1.247,-0.182,-1.247,-0.659,-0.912,1.182,-1.247,-0.87,-0.935,-1.208,-0.364,-1.208,-0.935,-1.247,-1.208,-0.846,-0.935,-0.87,1.182,-0.659,-0.182,-1.247,1.182,-0.364,-0.912,-0.364,-0.935,-1.247,1.182,-0.9536418567376745,-0.912,-0.9274209189990775,-0.659,-0.846,-1.208,-0.8971958504326546,1.1696954456301298,-0.6726641618781428,-0.6532320005232535,-0.182
0.706,0.516,-0.455,-0.698,0.516,-1.089,-0.244,0.516,-0.792,-0.455,-0.455,0.706,-1.089,-1.18,-1.089,0.516,0.516,-1.089,-0.244,0.516,-1.18,-1.18,-0.244,-0.698,0.516,-1.18,-1.18,-0.792,-1.089,-0.244,-0.698,-1.089,-1.18,0.706,0.516,-0.203,-1.18,-0.792,-0.455,-0.455,0.621,-0.455,-0.698,-0.698,-1.18,-0.244,-0.203,-0.22138634543425534,-0.244,0.706,-0.792,0.516,-1.18,0.621,-0.18668374761677647,-0.801892527697719,-0.455,-1.1953964839986797,0.6944051275973774,-1.1763126687956542
-0.051,-0.173,0.602,-0.173,1.288,-0.525,0.171,-0.361,1.288,-0.051,-0.051,-1.045,-1.129,0.602,-0.173,-0.525,-0.361,-0.173,0.171,-0.525,-0.525,-1.129,-1.045,-1.129,-1.045,-0.173,-0.525,-1.129,-0.525,-1.129,-0.051,-0.525,1.288,-0.525,-1.129,-0.173,-1.045,-1.129,0.602,-1.129,-0.361,-1.045,-0.173,1.288,-1.129,-0.173,-0.361,0.602,-1.045,-0.051,-0.525,-0.37387320827676374,-0.06688755962239082,-1.0555218558991937,-0.5404812867656589,-1.129,0.0,-0.3435133516535619,-1.1399492700046618,0.5915754491866291,1.288,-0.18103426975514397,1.2740108259892988,-1.106515286603736
-0.868,-0.635,-0.868,1.628,-0.725,-0.813,-0.13,0.002,-0.725,1.628,1.628,1.638,-0.388,-0.813,1.628,1.628,1.638,1.628,-0.813,0.002,1.638,-0.813,-0.635,-0.13,-0.635,0.368,1.638,1.628,-0.635,1.638,-0.725,1.628,0.002,-0.868,0.368,1.638,-0.813,-0.868,1.628,-0.725,-0.868,0.002,-0.13,1.638,-0.009695007821058978,-0.635,0.02019403973362662,-0.14581226562115066,-0.388,-0.725,-0.4042287852468909,1.628353169240972,-0.6398335709156109,-0.3655963787344407,-0.7382739412133137,-0.813
-0.842,1.653,0.416,-0.832,2.355,2.355,1.653,0.063,-0.996,-0.419,2.355,-0.419,-0.419,-0.774,1.653,-0.419,-0.996,2.355,-0.996,0.416,-0.444,-0.996,-0.774,-0.842,-0.832,-0.832,-0.842,-0.996,0.063,2.355,-0.842,-0.419,0.416,0.416,-0.842,-0.832,-0.419,-0.832,-0.832,-0.842,0.416,-0.832,2.355,-0.996,-0.774,-0.842,-0.444,2.355,1.653,-0.842,0.416,2.355,1.653,-0.996,-0.419,-0.832,0.063,-0.444,-0.842,-0.774,-0.45534366930288184,-0.851157416523424,-1.0047907928312967,-0.43039188681320406,-0.7831987182081199,1.6402697572800653,-0.43165254475256093,1.6743798063432853
0.045,-0.507,-0.694,-0.064,-1.074,0.591,0.591,-0.694,-0.1,-1.074,-0.873,0.591,-0.507,-0.1,0.591,0.137,-0.357,-0.357,-0.1,-0.1,0.591,-0.357,-0.1,-0.507,0.045,-0.507,-0.507,-0.873,0.045,-0.1,-0.873,-0.1,-0.507,-0.1,-0.1,-0.694,-0.1,0.137,-1.074,-0.357,-1.074,-0.873,-0.507,-0.357,-0.507,0.591,-1.074,0.591,-0.507,0.591,0.045,-0.873,-1.074,-0.1,-0.694,0.033177912024832355,0.5800828176623518,0.5969421033190444,-0.064,-0.507,-0.11031135184669544,-0.5235421716103142
-1.224,1.197,-0.136,0.768,-1.224,-0.551,-0.222,-0.105,-0.109,1.197,-1.224,0.768,0.768,-1.224,1.197,-0.105,-0.222,-0.136,-0.551,0.768,-0.485,-0.109,0.768,-0.136,-1.224,-0.109,-0.136,0.768,-0.136,-0.551,-0.485,1.405,-0.222,1.405,-0.105,-0.105,-0.105,-0.551,1.197,1.405,0.768,-0.109,-0.222,0.768,1.405,-0.109,-0.222,-0.136,1.197,-0.109,-1.224,-0.136,-0.551,-0.222,-0.109,-0.1347759486734298,0.768,-0.485,1.197,-1.224,-0.2323778536576437,-0.09312542860490135,-0.08495493439716051,-0.5013813060444118,-0.03183589831291655,-0.136,-0.105,-0.12520416543662016,1.405
0.252,0.708,-0.476,-0.933,-0.752,-0.82,-0.179,-0.752,1.384,-0.82,0.252,1.384,0.708,0.979,0.252,-0.179,0.979,1.384,1.384,0.979,-0.933,0.252,0.252,0.252,0.213,-0.752,-0.933,-0.476,1.384,0.708,-0.752,0.708,-0.752,-0.82,-0.82,0.708,-0.82,-0.933,1.384,0.252,0.708,-0.82,0.708,-0.933,1.384,1.384,0.213,-0.933,-0.82,0.252,-0.933,-0.179,-0.82,-0.752,0.252,0.213,0.979,-0.767913531739235,-0.933,1.384,-0.7399697136394505,1.365061017022718,-0.476,0.708,-0.82,0.20550342294600116,-0.9450617492284888,-0.179,0.23586521471494748,-0.487808022889135,-0.4375544866033893
-1.215,-1.215,-0.914,0.936,-1.215,0.127,-0.737,-1.215,-1.215,-1.19,0.732,-1.19,0.936,-1.215,1.269,-1.19,-0.508,1.269,-0.914,-1.215,-0.508,1.269,-0.914,-1.19,0.936,0.936,-1.215,0.71,0.127,-1.19,0.71,-0.737,-1.215,-1.215,-1.19,0.127,0.936,-1.19,0.732,-0.737,-1.215,0.936,0.732,0.732,-0.914,1.269,0.936,-1.215,-0.508,-0.914,0.127,0.936,0.9196250180646627,-1.19,-1.215,-0.929736425462248,0.11965734921886301,0.71,0.6853823231649282,-0.8990221716661281,0.15713504701108919,1.269,-0.508,-1.2281612298937217
-0.973,-0.88,1.066,-0.48,1.479,-0.973,1.479,-0.475,1.066,-0.973,-0.48,-0.919,-0.475,-0.919,-0.919,1.066,1.066,1.479,-0.603,-0.973,1.479,-0.518,-0.603,-0.88,1.479,-0.88,-0.48,-0.475,-0.518,1.066,-0.919,1.066,-0.475,-0.973,-0.88,-0.48,-0.518,-0.368,-0.603,-0.919,-0.475,-0.919,-0.973,-0.475,1.479,-0.973,1.066,-0.973,-0.518,-0.368,-0.48,-0.3784202959100312,-0.4979200467187276,-0.353932918140016,-0.603,1.479,-0.6160665020613162,-0.5932204237560427,-0.44560156770937975,-0.5597895749789326,-0.42407673562687914,-0.3958945551443059,-0.88,-0.919
-1.065,-0.594,-1.085,1.631,0.857,0.868,0.868,0.424,0.868,-1.065,0.868,-1.085,-0.152,1.631,-0.152,-0.152,0.496,-1.085,0.496,0.857,1.631,2.2,-1.065,2.2,-1.085,-0.594,-0.594,2.2,2.2,1.631,2.2,-1.065,1.631,2.2,0.496,2.2,0.496,-0.152,2.2,-1.085,0.868,0.857,0.868,0.857,2.2,-1.085,-1.065,0.868,0.424,-0.594,0.857,-1.085,-0.152,-0.60627221271322,-0.5669265203061932,0.8388222423128947,-0.5288350579571097,-1.0980449264290846,-0.1701759035178897,0.868,-0.46216504909256756,1.631,-0.14737531966699233,-1.0470663202445356,2.2,0.496
-1.055,0.538,-0.802,0.538,-0.461,-0.461,-0.284,-0.706,-0.802,-1.055,1.091,-0.284,-0.186,-0.284,0.538,-0.706,-0.802,-0.773,-0.706,-0.284,-0.802,-0.284,-1.055,-0.461,-0.461,-0.773,-0.284,-1.055,0.538,-1.055,-0.773,-0.773,-0.41,1.091,0.538,-0.186,-0.284,-0.802,-0.186,-0.802,-0.773,1.091,-0.461,-1.055,-0.461,-0.284,0.538,-0.773,0.5272747249062018,-0.186,0.5677205891308041,-0.19749701996935393,-0.7802775816416265,-0.461,-0.41,1.091,-0.47724489293860406,-0.802,-0.706,-0.7185403956046293,-0.7465200185842843,-0.7091191269850139,-1.055
0.228,0.172,-0.587,-0.176,-0.435,-0.169,0.228,-0.484,-0.176,-0.827,0.172,-0.827,-0.827,-1.027,-0.169,-0.587,-0.435,-1.027,-1.027,0.651,-0.827,0.172,-0.484,-0.169,-0.169,-0.169,-0.169,-0.484,0.172,0.651,-0.827,0.172,-0.176,-0.176,0.172,0.651,0.651,-1.027,-0.484,-1.027,-0.484,-0.587,-0.484,-0.169,-1.027,0.651,-0.169,-0.484,-1.027,-0.176,0.228,0.2136530905171501,0.651,-0.587,-0.18833511653639132,-0.49735521677237726,-0.18315243580922294,-0.827,0.6408525876649702,-0.4615428367743162,-1.0432603702681078,-0.5975143390135443,-0.8417311203392175,0.2518293344253838
-0.847,-1.196,-0.1,-1.142,-1.196,-1.142,-0.847,-0.274,-1.196,-1.142,0.017,-0.989,0.046,-0.847,-0.135,0.017,-1.142,-1.196,-1.196,-1.196,-1.142,-0.989,0.017,-1.142,-1.142,-0.135,0.488,-0.135,-0.135,-0.847,-1.196,-0.274,-1.142,-0.274,0.046,-0.989,-1.142,-0.989,-0.989,-0.274,-0.135,-0.135,-0.135,-0.989,-1.142,-0.989,-1.196,0.488,0.046,-1.142,-0.1,-0.847,0.017,-0.11585122667814007,0.477769706281318,-0.08287985122995578,-0.135,0.033514184617289666,-1.1585659250623381,-0.989,0.005727221132979174,-1.196
0.523,-0.509,0.615,-0.518,-0.843,-0.811,0.523,-0.518,-0.509,-0.843,-0.853,-0.416,-0.811,-0.843,-0.853,0.615,0.523,0.615,-0.416,-1.047,0.615,-0.509,-0.518,-0.518,0.615,-0.518,-0.811,-0.518,-0.416,-0.509,-0.843,-0.509,0.615,-1.047,-0.509,-1.047,-0.416,-1.047,-0.518,0.615,-0.843,0.615,0.615,-0.518,-0.853,-1.047,-0.853,0.615,0.615,-1.047,-0.416,0.0,-0.843,-0.416,-0.853,-0.011695131106378886,0.02534354516338974,-0.43293560044257245,-1.047,-0.8664314724614849,0.05065428012629515,-0.8533258123784881,-0.8337974987090871,-0.509,-0.518,0.523,0.615,-0.5214120655057232,-0.788641652327856
1.319,-0.8,0.684,-0.937,0.597,1.111,-1.158,1.051,1.051,1.319,-1.158,1.109,-0.937,-1.158,-0.8,-0.8,1.111,1.111,0.684,1.319,-1.158,0.684,0.597,-0.937,1.109,-1.158,-1.158,0.597,0.684,0.684,0.684,1.109,-0.937,1.111,1.319,-0.8,-0.937,-0.937,0.684,1.109,-0.937,0.684,-0.562,-0.937,-0.562,1.051,0.684,-1.158,1.319,0.684,0.597,-0.8,0.5819025557467783,-0.8095589896283829,-0.776145389877497,0.684,0.6672191962130686,1.051,1.319,1.111,0.7099758047122362,-0.562,-0.5771229549905086,-0.5422017146351547,-0.5314177726293453
-1.083,-0.129,-0.129,-0.72,-1.083,-1.083,2.474,2.474,-0.307,-0.36,-0.129,-0.992,2.474,-0.307,2.474,-1.073,-1.073,1.292,-1.083,2.474,-0.992,-1.083,2.474,-1.083,-0.188,2.474,-0.72,-1.073,-0.992,-1.083,1.292,-0.307,-0.36,-1.083,-0.992,-0.188,1.292,1.292,-1.083,-0.307,-1.073,-1.083,-1.073,-1.073,-1.073,2.474,-0.36,-0.307,-0.188,-1.073,-0.992,-1.073,1.292,1.2719629012058367,2.474,-0.129,-0.188,-1.073,-0.992,-0.72,-0.36,2.4667364794757094,2.4984765666127355,-0.3726310928996976,1.3126075574366411,-0.14206384398839123
-0.76,1.844,0.095,0.31,-0.76,1.826,1.844,-1.297,-0.359,-0.359,1.844,1.844,0.095,1.826,1.844,1.826,-0.705,0.095,1.826,-1.297,1.844,-1.297,-1.297,-0.76,-0.705,-0.359,-0.705,0.31,-0.705,-0.084,1.844,0.31,0.31,-0.359,0.31,-1.297,-0.359,1.826,-0.031,-1.297,0.31,-1.297,-1.297,0.095,-1.297,0.095,-0.76,-1.297,-0.705,-0.76,-0.7694988008606418,1.844,1.8250911584169327,-0.084,-0.7279364120721392,-0.359,1.826,-0.7158832308341131,-1.310684625487887,-1.2662722563345326,-0.031
-0.382,-0.021,-0.773,-0.382,-0.773,-0.399,-0.773,-0.773,-0.687,-0.687,-0.773,-0.619,0.623,-0.673,-0.773,-0.773,-0.399,-0.619,-0.93,0.623,-0.673,-0.72,-0.93,-0.673,-0.72,-0.382,-0.72,0.623,-0.687,0.623,-0.619,-0.673,-0.773,-0.93,-0.619,-0.773,-0.93,0.623,-0.619,-0.673,-0.72,0.623,-0.673,-0.021,-0.619,-0.773,-0.382,-0.3936296810217539,-0.93,-0.9482214408462769,-0.7884991883921741,-0.687,-0.9293650420312254,-0.629838314294857,-0.3586898018812296,-0.7373532324337364,-0.8948774134016926,0.623,-0.399
-0.272,-1.046,1.547,1.547,-0.181,1.547,-1.079,0.7,0.7,1.129,-0.181,-0.687,1.531,1.531,1.129,-1.046,-1.046,1.129,0.7,-0.181,1.129,0.7,0.7,-1.046,-0.272,1.531,-1.079,1.531,-0.857,-0.181,-1.079,-1.046,1.547,-1.046,-0.857,1.547,1.129,-1.079,1.547,-0.272,-0.181,1.531,-0.857,1.129,-1.079,-0.687,-0.857,1.531,-1.046,1.129,-1.046,0.7,-0.687,1.547,-1.046,-1.0551533191193692,-0.272,1.129,0.7,1.547,-0.181,1.531,0.6905893175885954,-0.1943777181961874,-0.857,-0.687,1.5325981137411273,-0.696985560848888,-0.17134197821275854,-0.13341848332955075,0.7324124072101846,0.7755749561195502
-0.447,1.302,-0.823,-0.806,-0.806,1.302,-0.565,-0.592,1.302,-0.565,-0.806,-0.276,-0.592,-0.087,0.122,-0.565,-0.592,-0.592,-0.087,-0.447,0.122,-0.087,-0.437,-0.437,-0.592,-0.823,-0.823,-0.276,0.122,-0.087,1.302,-0.437,-0.437,-0.276,0.122,-0.087,-0.823,0.122,0.122,-0.276,1.302,-0.087,-0.823,-0.823,0.122,-0.806,-0.565,-0.592,-0.087,-0.8186425409075996,-0.5752692559193987,-0.447,-0.437,-0.09654052209036347,0.122,-0.276,-0.056541572920545694,-0.5293416596492233,-0.4501584553786911
-0.942,0.798,-0.42,-0.42,0.798,-0.911,-0.685,-0.42,-0.919,-0.42,1.632,-0.787,-0.685,1.632,-0.787,-0.42,0.017,-0.42,0.017,-0.685,1.632,-0.911,0.798,-0.42,1.632,-0.942,0.017,-0.42,-0.942,0.798,0.771,0.771,-0.919,-0.942,1.632,-0.919,1.632,0.771,-0.942,-0.685,0.771,-0.919,0.798,-0.787,0.771,-0.42,-0.911,-0.787,-0.685,0.017,-0.7004740460229473,0.771,0.798,-0.6726614449616352,0.008558396726458155,-0.919,1.632,-0.911,0.06462434956117735,-0.92933571524081,-0.787,-0.6266722486129928
0.942,-1.41,-0.738,-0.908,0.942,-0.137,-0.908,0.942,0.227,-0.077,-0.908,0.227,0.527,-0.738,-0.077,-0.137,-0.203,-0.203,-1.41,0.227,-0.908,-0.046,-0.077,0.527,0.527,0.942,-1.41,-0.046,0.227,-0.908,0.942,0.227,-1.41,-0.077,-1.41,-0.137,-0.046,-0.137,-0.137,-1.41,-0.908,-0.203,-1.41,-1.41,-0.203,-0.137,-1.41,-0.046,0.227,-0.137,-0.738,0.942,-1.41,0.942,-1.41,0.942,0.527,-0.203,-0.137,0.5097858090411161,0.227,-0.21805403878638252,-1.4186819043298913,-0.1916081230644285,-0.14825933415913278,0.21852825323915015,0.5414296153591972,-0.077,-0.046
0.73,0.737,-0.828,0.077,-0.908,0.143,0.077,1.636,-0.828,-0.529,0.077,-1.074,1.636,0.143,1.636,0.077,0.73,-0.529,1.636,-0.828,-1.074,-0.828,0.077,0.737,0.73,-0.529,-0.908,-1.074,-0.529,-1.074,0.077,1.636,0.077,-0.566,0.737,-0.828,1.636,-0.566,-0.908,-0.828,0.737,-1.074,0.737,-1.074,1.636,1.636,-0.529,0.737,0.077,1.636,-0.566,0.143,-0.5785397394278488,1.6219929068893826,1.6600283736736534,-0.5461132732949829,-0.908,0.12763699225666003,-0.5191229627196549,0.7254162049173463,-0.529,-0.828,0.14386551870926473
-0.196,-0.196,0.938,-0.901,-0.376,-0.705,-0.901,-0.196,-0.596,-0.705,-0.629,-0.376,0.938,-0.376,-0.705,-0.596,-0.901,0.996,-0.376,-0.196,-0.196,-0.376,-0.901,-0.705,-0.901,0.996,0.996,-0.629,-0.705,-0.196,-0.092,-0.596,-0.376,-0.376,-0.596,0.938,0.526,-0.705,-0.596,-0.629,-0.196,-0.596,-0.596,-0.705,-0.092,-0.596,0.938,-0.901,-0.092,-0.901,-0.901,-0.376,-0.3949454941163934,-0.196,-0.901,0.526,0.5132345629076424,-0.20245965187203804,-0.9153364007259356,0.540749434328988,-0.705,-0.183786066538059,0.938,0.599127204821494,-0.14309797402863228
1.104,1.698,-0.844,-1.306,-0.719,-1.306,-0.789,-0.844,-0.789,-0.514,-1.306,-0.844,-0.032,1.698,-0.514,-0.514,-1.306,-0.124,-0.032,-0.789,1.104,-0.585,1.698,1.698,-1.306,1.698,-0.719,-0.585,1.698,-0.514,-0.032,-1.306,1.104,-0.124,-0.032,-0.124,-1.306,-1.306,-0.514,-1.306,-0.719,-0.844,-0.032,-1.306,1.698,-0.789,-0.124,-0.844,-0.844,-0.585,-0.124,-0.514,1.698,-0.13644156658936205,-0.5257368262151395,-1.306,1.104,-0.10046797755591452,-0.789,-0.032,-0.5021754317649633,-0.05838306696785611,-0.48657023903862495,-0.4450205634945911,1.0890073801121922
2.079,2.079,-0.631,1.074,1.232,-0.153,0.775,1.074,0.649,2.079,0.775,2.079,-0.517,1.074,1.074,2.079,1.074,2.079,-0.631,2.079,1.232,1.074,-0.631,1.232,0.649,-0.646,1.232,0.649,2.079,0.775,-0.153,1.074,-0.153,-0.517,-0.517,-0.631,1.074,1.232,-0.646,-0.631,-0.029,-0.631,0.775,-0.029,0.775,-0.646,1.232,-0.517,1.232,-0.631,-0.534575117619537,-0.6499598808798951,-0.029,-0.05041703793719807,-0.153,-0.4823340569929079,-0.001921634231014031,0.649,2.079,2.057828481841887,0.028918026479198077,1.2195313566267378
0.027,-0.106,-0.307,0.244,-1.066,0.244,0.027,-0.193,-0.106,-0.784,1.558,-0.945,1.558,-0.193,-0.888,-0.307,-0.945,-1.066,-0.784,-0.945,1.558,-0.307,0.244,-0.307,0.244,-0.784,-0.888,-1.066,0.027,-0.193,-0.784,-0.945,-0.307,-0.106,0.027,-0.888,0.244,0.244,-0.106,0.027,0.027,0.244,-0.193,-0.888,-0.784,1.558,-1.066,-0.888,-1.066,-0.784,-1.066,1.558,-0.784,1.558,-0.193,-0.945,-0.2117090443207985,0.244,-0.307,-0.17909165237832161,-0.784,-0.106,0.2306477566834396,0.27304353725348857,0.31436199198462283,-0.3151269806519796,-0.9568562520619863,-0.888
-0.431,2.459,-0.431,1.312,-0.431,0.936,-0.447,0.936,0.936,-0.431,0.589,-0.527,-1.296,-1.296,2.459,-0.431,1.312,-1.296,1.312,-0.447,2.459,0.589,0.45,-1.296,-1.296,2.459,-0.527,-0.431,0.936,0.589,-1.296,0.589,-1.296,-1.296,-0.447,0.589,2.459,2.459,-0.431,1.312,2.459,2.459,0.936,1.312,0.589,1.312,2.459,0.589,1.312,0.45,0.0,-0.447,2.445930115709933,0.936,-1.296,2.483770131715044,-0.010307309618376635,0.023286058035025085,1.2966440795727996,-0.527,-0.431,-1.3114989266990282,-0.45846026946312185,1.3264266684216184
0.674,-0.757,1.449,0.585,1.171,1.449,-0.941,0.674,-0.941,0.674,0.163,0.674,-0.757,0.963,1.449,-0.941,-0.757,0.585,0.963,0.742,1.449,-0.757,0.585,1.171,0.53,0.742,0.963,0.163,-0.757,0.742,0.585,0.963,-0.941,0.742,-0.757,0.53,1.171,1.171,1.171,-0.757,0.963,0.742,0.742,-0.757,0.963,-0.757,0.585,0.53,0.674,-0.757,0.585,-0.757,0.163,0.163,0.163,1.449,0.674,-0.757,-0.7683654310650506,0.963,1.171,0.66188346688698,1.4392716314955771,0.53,-0.7212899875585433,0.703887747590307,-0.941,0.742
-0.049,-0.517,-0.759,-0.049,-0.759,-1.024,-0.687,-0.495,-0.687,0.44,0.44,-0.814,0.44,-0.814,-0.687,1.349,-0.687,-0.759,-1.024,-1.024,-1.024,-0.759,-0.495,0.025,-0.049,0.025,-0.687,-1.024,-0.814,1.349,-0.687,-0.814,-0.759,-0.049,-0.495,-0.495,-0.759,-1.024,1.349,-0.814,-1.024,-0.517,1.349,0.44,-0.495,-0.517,0.44,-0.814,-0.759,-0.495,-0.814,1.349,0.44,-1.024,-0.687,-0.759,-0.517,-1.0407655270233775,-0.5320682192315532,-0.7042523349671448,-0.9948517345421974,-0.4838535659442614,-0.448693139433167,-0.6680354783359307,-0.6439362853614166,-0.9689667653645075,-0.7724681875846724,-0.814,-0.7403912221812207
0.996,-0.273,-0.759,-0.759,-0.696,-1.032,-0.291,0.687,0.687,-1.032,-0.096,1.424,-0.096,-0.759,0.687,0.996,0.687,0.25,-1.032,0.996,-0.696,0.996,1.424,-0.759,0.996,0.25,-1.032,-0.273,-0.696,-0.291,-0.759,0.687,0.25,-0.291,0.25,1.424,-1.032,-0.759,0.687,-0.759,-0.696,-0.291,-0.096,1.424,-1.032,0.687,0.687,-0.273,0.6738368796476488,-0.759,-0.291,-0.696,0.25,-0.7731998035546895,-0.096,0.7058145706041858,-0.28482826813890477,-0.24329043974210748,0.23363342651378452,0.7377700959643188,-0.7106764857106257,-0.19554158811301492,1.424,1.4063916355348773,1.4398846314233946,-0.6619790281003062,-0.6393822693203646,-1.032
-0.689,1.898,-1.244,0.85,-0.424,-1.244,-0.424,-0.873,-0.689,1.043,0.85,-0.424,-0.424,0.85,0.931,-1.071,1.043,-1.244,1.898,-0.873,-1.071,-0.689,-0.873,-1.071,1.898,-0.424,-1.244,0.931,1.043,-1.071,-1.071,-1.244,1.898,-0.873,-1.244,-1.244,-0.425,-0.424,-0.873,-0.689,-0.424,0.85,-0.425,-0.425,-1.071,-1.071,0.85,0.8387846815727296,0.8824554701639347,-1.0806527185299188,-0.873,-1.0322962270412384,0.931,1.898,-0.689,-0.8860002713539685,-0.424,-0.7056240653656555,1.043,-1.244,-0.9777407931893871,0.9154828633015598,1.8824657813273966
-1.152,-0.141,0.899,-0.141,-0.931,-1.0,0.899,-1.057,0.899,-0.638,0.899,-1.057,-1.057,-0.638,0.712,-0.141,-1.0,0.712,0.38,-0.931,-0.141,-0.437,0.38,0.899,-1.057,-0.437,-1.152,-0.141,-0.141,0.38,-0.931,-1.152,-0.437,0.899,-1.0,-1.152,-0.931,-0.437,-0.141,-0.931,-0.141,-1.057,-0.638,-1.0,-0.437,0.899,-1.152,-0.141,-0.437,-1.0,0.899,-0.141,0.712,0.899,-1.057,-0.638,0.8870035832536486,-0.437,-0.6508926669334124,-0.6177782262730048,0.9192636406625355,-0.6008657204293156,-0.931,-0.141,-1.0,-0.5694073099254349,-0.942829200292623,0.712,-0.44482395242236356,-1.152,-0.41185094795040383
-1.07,-1.07,0.213,0.213,-0.521,1.722,-0.713,0.213,0.432,-1.07,-0.815,-0.521,-0.713,0.432,-0.815,0.213,1.722,1.722,0.432,-1.016,0.432,-1.07,0.213,-1.016,-1.016,-0.521,0.432,0.428,-1.016,-1.016,-0.815,-0.713,0.432,-1.07,0.432,0.509,0.432,1.722,0.432,0.213,-1.016,0.432,1.722,1.722,0.432,-1.016,-0.713,-0.7328162465144948,-1.07,0.213,0.509,0.19851370783634095,-0.6844695380495388,-0.815,-0.6592289652279915,-0.6296458533038551,-1.0301796386688058,0.4241515869386309,-0.521
1.52,-1.002,0.778,1.52,-0.958,1.566,1.566,-0.284,0.82,-1.002,1.566,1.35,1.35,0.778,-0.958,-0.383,1.566,1.566,1.566,-0.284,-0.383,-1.002,1.566,1.566,-1.002,1.35,-0.284,0.778,1.35,-0.284,-0.284,-0.958,1.35,0.82,1.121,0.778,-1.002,0.778,0.778,1.566,1.566,-1.002,1.121,-0.284,0.778,0.778,1.52,1.566,-0.958,-1.002,1.566,1.52,0.778,-0.284,1.121,1.52,0.82,-1.002,0.778,-0.284,0.7607116464167851,0.8093665980912028,-0.958,1.121,1.52,1.1120334793242388,1.5062751808308856,1.132385845517435,-0.383,1.35,0.7840656279794715,0.8504386719711649
0.215,-0.72,0.463,-1.039,0.463,0.463,-0.723,-1.039,-0.72,0.215,1.5,-0.25,-0.361,-1.039,-0.925,-1.039,-0.25,-0.72,-0.723,1.5,0.463,-0.361,0.215,-0.72,1.5,-0.361,-0.113,1.5,-0.925,0.215,-1.039,-0.723,-1.039,1.5,-0.925,-0.925,0.463,-0.925,0.215,0.463,0.215,-0.925,-0.925,-0.72,0.463,-0.72,-0.113,-0.723,-0.13229555684038014,0.463,-0.25,-0.7348675513076243,-1.039,-0.06320704634528976,-1.0555156476319356,-0.925,0.45381404009984483,-0.361,-0.371134728799237,-1.0201767830052135,-0.72,-0.34136463863336225
0.283,1.215,-0.754,1.215,0.489,0.489,1.033,-1.252,1.215,1.033,-1.252,-0.754,1.215,0.283,1.215,0.283,0.283,-0.992,-0.992,-1.252,1.215,-0.754,1.627,-0.676,1.627,-0.754,-1.252,-0.992,0.206,1.033,1.215,1.627,-0.676,1.627,-1.252,-1.252,-0.992,1.627,-0.992,0.206,1.627,-1.252,0.489,-0.992,0.489,0.489,1.215,-1.252,0.206,0.206,-0.676,-1.252,-0.992,-0.754,1.033,0.283,1.627,-0.6863091759287834,-0.650596329299248,1.0230582342994214,-0.7649726415817937,1.6154693138190048,-0.720035099855003,1.215,1.0464264769350373,1.0889163782478977,-0.6763935823295335,-1.0027476512028488,-0.6347725896240525
1.245,-0.202,0.075,1.245,1.404,-0.407,1.55,0.054,-0.407,-0.202,1.55,0.054,-0.407,1.245,0.677,1.55,0.677,1.55,-0.843,1.55,0.677,1.245,1.245,-0.407,-0.407,-0.407,0.677,0.356,1.55,1.245,-0.407,-0.843,1.404,0.677,1.404,0.075,-0.843,0.677,1.404,0.054,0.356,1.55,0.677,1.245,1.2370445171282254,0.356,-0.202,-0.2156178109506164,0.33639191806711205,1.404,0.054,0.03929948447394521,-0.843,1.26504380829296,-0.17337798033587332,0.075,1.3096803579418268,1.330262117395062,0.07206386658852038,0.38136676089846505,0.05877857204485072
-0.278,-0.822,0.951,-1.154,0.477,1.047,0.951,-0.278,-1.288,-1.154,-1.288,0.046,-1.288,1.047,1.047,0.046,0.743,-1.154,0.951,-0.822,-1.154,-0.831,0.951,-0.831,1.047,0.046,1.047,-1.288,0.743,-1.288,-1.288,-0.822,-1.154,-1.288,-0.822,-0.278,-0.831,0.477,0.951,0.477,-1.154,0.743,0.477,0.951,0.951,-1.154,-0.822,0.743,-1.288,1.047,-1.3026867981899175,0.046,1.0327150484507148,0.730254419884962,0.477,-0.8342699743510162,0.7822185748899255,-1.260092153608935,-0.831,-0.7998422893663156,0.032015117407812925,0.46264673639679393,0.8024390821447435,-0.278
1.454,-0.874,-0.877,-0.874,-0.881,-1.011,-0.874,1.454,-0.068,-0.881,-0.874,-0.207,-1.011,-1.011,-0.877,-0.877,-0.877,0.483,-0.874,-0.881,-1.011,-1.011,-0.936,-0.877,-0.936,-1.011,1.454,-1.011,-0.881,-0.207,-0.068,-0.881,-0.207,-1.011,1.454,-0.068,-0.068,1.454,0.352,-0.936,-0.936,-0.936,0.352,0.352,-0.068,-0.207,-0.068,-0.881,-0.874,0.483,0.352,-0.936,-0.8868875723922658,-0.08110623690931187,1.454,1.4295225835711867,-0.95097971617209,-0.877,-0.053321055215004035,-1.011,-0.001959607027974538,-0.8956660592388128,0.3385795614980845,1.4492239774664983
-1.402,-0.876,0.317,-0.851,0.851,-1.402,1.148,0.851,-0.876,0.317,0.851,-0.851,0.851,-1.402,-1.402,-0.851,0.317,0.735,-1.402,0.851,-1.402,0.851,-0.567,-0.902,0.735,0.851,-0.851,-0.876,0.851,-1.402,-0.876,-1.402,-0.567,-0.851,1.148,0.851,0.851,-1.402,0.317,-0.902,1.148,1.148,-0.902,-0.876,-0.902,-1.402,1.148,0.851,0.317,0.297991405093853,-1.4107567837702966,-1.3629410496888723,1.137398773281287,-0.876,0.0,-0.8897746561005374,-1.3264389976050994,-0.567,-0.5872271579603904,-0.018507045664122198,-0.851,-0.5431936270080743
-1.02,0.085,-1.563,-1.279,-0.809,-0.809,-1.563,1.139,1.999,-0.809,-1.053,-1.02,-1.02,-0.16,1.999,1.999,-1.563,-1.279,-1.563,-1.279,0.888,-1.279,-1.053,-1.279,1.139,-1.563,1.139,-1.279,-1.563,-0.16,-1.053,1.999,-1.279,-1.563,1.999,-1.02,-1.053,0.085,-1.279,-1.279,-1.053,-1.563,-1.563,1.999,-1.563,0.085,-1.563,0.085,-1.279,-1.053,-1.563,-1.563,-1.563,1.999,-1.02,0.888,-1.563,1.999,-1.279,1.139,1.1204576243482227,-0.809,0.888,0.8744840546105949,0.922404033417037,-0.16,-0.81817862185363,-1.02,1.999,1.9861810806289373,2.0204159545621505,-0.16785165077497627,-1.032956229316318,-1.563,-1.0039454570672355
-0.114,2.344,-1.232,-0.442,1.11,-1.232,1.188,1.33,-1.232,-0.104,1.33,-0.104,2.344,-1.232,-0.104,-0.114,-0.104,-1.232,2.344,2.344,1.33,1.07,2.344,-0.114,1.11,-0.104,1.188,-0.442,2.344,-1.232,1.33,1.33,1.33,-0.027,-1.232,-0.027,-0.027,1.07,1.188,-0.027,-0.104,1.07,-0.104,1.33,2.344,-0.104,1.07,1.11,-0.027,-0.114,-0.03759114311519371,-0.442,1.0577867712338098,-0.4602147159205336,1.0997081412201772,-0.11240394116240339,1.0660712272604904,1.1499896535812035,1.188,1.105974873652803
-0.122,-1.066,-0.086,-0.829,-0.989,-1.066,1.623,-0.989,-1.148,-0.989,1.623,-0.827,-0.122,-1.066,1.623,1.623,-1.066,-0.827,-1.148,-1.066,-0.122,1.623,-0.827,-0.122,-1.066,-1.066,-0.827,-0.989,1.623,-0.989,1.623,-0.989,0.557,-1.148,-0.122,-1.148,0.557,0.557,-0.829,-0.829,-1.066,-0.989,-0.827,-1.148,0.557,0.481,-1.148,-0.086,-0.827,-1.066,-0.086,-0.989,-1.0854852318491903,0.481,0.4664706586430088,-0.09664468564759636,-0.122,-0.829,0.557,1.623,0.498186916102908,1.6081958990722884,-1.0541656299176871,-1.00154834951934,-0.13883849563745532,-0.8413056316157236,-0.10372586458316843,-0.9851377951064558,-1.0312555064160824,-0.949767334175315
-0.053,-0.762,1.257,0.709,-1.078,1.995,-0.802,1.995,-0.762,-1.078,1.995,-0.053,1.995,-0.21,1.995,-0.2,-1.078,-1.099,-0.802,1.257,1.257,-0.762,1.257,0.709,-0.053,-1.099,-1.078,-1.078,-0.802,0.709,-1.099,-0.762,1.257,0.709,-0.802,1.257,1.995,1.995,-1.078,-0.21,-1.099,1.257,-1.099,-0.21,-1.078,-0.762,-0.21,-1.099,1.257,1.995,1.995,-0.762,1.257,-1.078,1.995,-1.099,-0.802,-0.2,-1.089209245406888,-1.040270915399299,-0.8152475595079395,1.9837070506387342,-0.7859765862082737,-0.7709919297266865,-0.053,-0.7508399283988968
0.009,1.313,0.494,0.053,1.829,0.053,1.829,0.425,1.829,0.443,0.053,0.053,1.829,0.009,1.829,-0.725,1.313,0.989,0.494,-0.725,1.313,1.829,0.989,-0.725,0.425,0.494,1.313,-0.198,0.425,0.009,0.425,0.494,0.494,1.313,0.009,0.425,0.009,0.989,0.009,0.053,-0.725,1.829,0.425,0.494,0.053,0.009,-0.198,0.053,-0.21443614024825447,-0.725,0.009,0.443,0.989,1.829,-0.15963859433093042,1.313,-0.735927768606421,0.494,0.425,1.3025166373900325,0.9785026371589808
-0.866,-1.268,0.412,0.131,-1.423,0.386,-0.882,0.378,-1.423,-1.268,0.386,-0.866,-0.209,-0.689,0.412,0.412,-0.866,-1.423,-0.689,-1.423,-1.268,-1.268,0.131,-0.689,-0.882,-1.268,-0.209,-0.689,-1.423,-1.268,-1.268,0.131,0.386,-1.423,-0.209,-0.882,-1.423,-1.268,-1.423,-0.866,0.131,0.412,-1.423,-0.866,0.131,0.378,-1.268,-0.209,-0.209,0.378,0.3619808203192141,0.412,-1.423,-0.882,-1.4405550191529046,-0.8991720439332442,-0.689,0.3976425620446239,-0.8492900356904647,0.386,-0.209,-0.7990010446897664,-0.7744491707340401
1.424,0.304,0.842,0.354,-0.267,-0.267,0.842,-1.209,-0.056,0.842,-1.209,-0.818,1.424,-1.209,-0.818,-0.267,1.963,1.963,0.842,-0.267,-1.209,0.842,1.963,-0.005,-0.005,-0.056,1.424,-1.209,-0.056,1.424,0.304,0.842,1.963,0.354,-1.209,1.424,-1.209,0.354,-0.005,1.963,-0.056,-0.818,0.354,-1.209,-0.818,0.842,1.424,-1.209,1.424,-1.226747304234366,-0.056,-1.1973858723286672,-0.07120288787068668,-0.037892054855569055,1.4086022305273906,-0.005,0.304,0.2846565431737889,-1.1557874760940507,0.842,0.012586488480944633,-1.127477946659486,0.8274115468489841,0.32873394870041295
-1.138,-0.588,-0.754,-0.947,-0.588,0.666,-0.947,-0.227,-0.785,-0.227,0.666,0.603,-0.785,-0.93,-1.138,-0.947,-0.588,-0.947,0.054,0.054,-0.754,-0.227,-0.754,-0.754,-0.785,-0.947,-0.588,-0.93,-0.947,0.666,-1.138,0.603,-0.227,0.666,0.603,-0.785,-0.93,-1.138,-0.93,0.054,-1.138,0.666,-0.227,-0.785,-1.138,-0.588,0.666,-0.785,-0.93,-0.588,-0.785,-0.93,-0.9512286184294984,-0.754,-0.7730887755223274,0.666,-1.138,0.6510988399694955,-0.227,0.603,-0.237218881482611,0.5840764503071223
-1.085,0.308,-0.807,-0.807,0.702,0.702,-0.461,-1.085,-0.971,-0.769,-0.461,0.157,0.146,-0.461,-1.085,0.702,0.308,-0.971,-1.085,-0.769,-0.807,0.702,-0.807,0.157,-0.461,-1.085,-1.085,0.308,-0.971,-0.769,-0.461,-1.085,-0.971,-0.971,0.516,0.157,-0.971,-0.461,-1.085,-0.769,0.146,-0.769,0.308,-1.085,0.308,-0.769,0.702,-0.971,-1.085,0.6860806031383313,-1.0974075497634044,0.516,0.146,-0.7817005320707893,0.725337512188587,-0.9855703395778346,-0.807
-0.871,-1.072,-0.656,0.254,-0.852,-0.871,-1.197,-0.852,-0.871,1.712,-1.072,-0.656,-1.197,1.712,-1.197,-0.548,1.712,-0.656,-1.072,-1.197,-0.871,-0.982,0.416,-1.197,-1.197,-0.656,-0.656,-1.197,-1.072,-1.197,-1.072,0.254,-0.982,-0.852,-1.197,-0.656,-1.072,1.712,-0.982,-1.197,-0.548,-0.871,-0.656,-1.072,0.254,0.254,-0.982,1.712,-1.197,-0.548,-1.197,-0.982,0.254,-0.9986440438799907,-0.656,-0.548,0.416,-1.072,-0.6675714759828213,0.4009847655894431,0.4333925639280621,0.46392102076160946,-1.0882096869441715,0.5110634277748051,0.2435553652838548,-0.852
1.559,-0.815,-0.447,-0.802,-0.815,-0.681,-0.447,0.056,-0.107,-0.812,-0.907,1.223,-0.802,-0.681,0.056,-0.802,1.559,-0.447,0.056,1.559,-0.681,-0.802,-0.812,-0.812,-0.812,1.223,-0.812,-0.681,1.223,1.223,-0.907,-0.812,-0.907,-0.107,1.223,-0.107,-0.812,-0.815,-0.802,-0.907,1.223,1.223,-0.681,-0.107,0.056,-0.907,-0.802,1.559,-0.681,1.559,-0.681,-0.107,-0.681,-0.6945244663329334,-0.6487634379419026,-0.815,1.559,-0.8283633481515864,-0.7812351665533739,0.056,1.549330247203102,-0.7409808100021442,-0.907,-0.6952315727958204,-0.598490379521894,-0.5655946141236803,1.5745371614426933,-0.812,-0.9187850711279588,1.612512228082795,0.04805411501460754
-0.566,-1.187,-0.572,0.669,-1.261,0.313,-1.187,-1.009,-1.261,-1.009,-0.566,-1.187,-1.187,-1.261,-1.009,-0.826,0.669,-1.187,-1.009,-0.566,-1.261,-1.187,-0.753,-1.187,-0.692,-1.261,-0.572,-1.261,-1.009,-1.187,-1.261,0.669,-0.826,-1.261,-1.187,-0.572,-0.826,-0.826,-1.261,-0.753,-0.826,-0.753,0.669,0.313,-0.753,-0.692,-1.009,-0.572,-1.187,-0.692,-0.826,-0.753,0.669,-1.261,-0.692,-0.572,-0.7086570937737311,-0.566,-0.5837717252765466,-0.560647726913511,-0.5821316375273908,-1.009,0.6550859995474632,-1.187,0.6998644826772508,-1.2770311238033136,0.7379315863415069,-0.7627558055885273
-1.083,-0.501,-0.743,-1.083,-1.083,-0.501,-0.501,-0.685,1.132,-0.743,-0.515,-0.994,-0.501,-0.968,-0.501,-0.685,-0.146,-0.994,0.515,-0.968,-0.685,-0.743,-0.685,1.132,-0.968,-1.083,-0.968,-0.994,-0.501,-0.146,-0.685,-0.515,-0.501,0.515,-0.994,-0.994,-0.994,1.132,-1.083,-0.685,-0.968,-0.685,-0.685,-1.083,-0.743,-0.968,-1.083,-0.685,-1.0955201180934382,0.515,-0.515,1.132,0.49746189405420943,-0.6975956417616889,-0.7598453446470732,-0.146,0.5497184483446853
-0.764,0.668,0.76,0.76,-0.764,0.668,-1.409,-0.172,-1.409,-1.409,0.188,0.668,0.372,0.851,-1.043,0.668,-0.764,0.668,0.188,-1.409,-0.172,-1.043,0.706,-1.409,0.706,0.372,0.372,0.188,0.188,0.372,0.188,-1.043,-1.043,0.76,0.706,-1.043,0.668,-1.409,-1.409,0.188,0.706,-1.409,-0.764,-1.043,0.372,0.851,0.706,0.188,-0.764,0.76,-1.409,0.372,-0.764,0.706,0.76,0.6849972922275481,0.7261606792188409,0.7627108156132096,0.668,0.3615015235879616,0.188,-1.4217954771135195,-1.3810867662283635,0.851,0.37795864909718185
0.076,-0.851,1.881,-0.521,-0.235,1.881,1.881,-0.851,0.076,0.076,-1.133,-0.235,-0.05,-0.822,-0.851,-0.875,-0.851,0.939,-0.235,-1.133,-0.822,-0.851,-0.05,1.881,1.881,1.881,-0.05,-0.05,-0.822,-0.851,-1.133,-0.875,1.881,-0.875,-0.822,-0.05,0.939,-1.133,1.881,-1.133,-0.521,-0.05,0.939,-0.875,-0.235,-1.133,-0.851,-0.235,0.076,-1.1500387139177628,-0.05,-0.521,-0.24996546962404548,-0.06626564797765838,-1.0962625185456556,-0.875,-0.822,-0.2237944251958705
0.071,-0.798,-0.515,-0.718,2.002,2.002,-0.172,0.433,-0.932,-0.718,-0.798,0.775,2.002,2.002,0.131,0.775,-0.798,-0.798,0.775,-0.932,0.775,0.131,-0.515,2.002,-0.932,-0.172,0.071,-0.172,0.775,0.131,-0.718,0.131,0.433,0.775,-0.172,-0.515,0.775,0.071,2.002,0.775,0.775,0.433,2.002,0.131,2.002,-0.798,-0.932,0.775,0.775,0.131,2.002,-0.172,0.7571337332665672,0.433,0.7801178822403241,0.118844241595648,-0.798,-0.18513658022773125,1.9847126706438634,0.8015748028426293,2.015607939262944,-0.718,-0.12394711997854307,0.071,-0.8172978256231068
-0.61,1.011,-0.61,-0.61,-0.61,-1.139,1.011,-1.139,-1.139,-0.521,-1.139,-1.139,0.673,0.673,0.48,-1.139,-1.139,-1.139,-0.473,-0.759,-0.521,0.48,-1.139,-0.521,-0.891,1.011,0.673,-0.473,-1.139,-0.473,0.48,-0.891,-0.473,-1.139,1.011,-0.891,-0.891,0.48,-1.139,-0.759,0.48,-0.473,-0.521,-0.891,-0.759,-0.891,-0.521,0.673,0.48,-0.521,-0.473,-1.139,-0.521,-0.48561498910878814,1.011,-0.61,-0.534393400215604,0.9944273006227071,-1.139,-0.759,0.673,-0.891,-0.7679676239950151,0.661225861846041,-0.7398797402366697,-1.146665885214431,0.6945573075593235,-1.1496281408503906
-0.69,1.335,0.182,-0.079,2.123,2.123,-0.079,0.49,-0.318,2.123,0.49,-0.318,1.226,1.335,1.335,2.123,-0.079,-0.446,1.335,0.182,-0.46,0.182,1.226,1.335,-0.46,-0.079,2.123,-0.318,0.49,-0.46,-0.446,-0.318,-0.69,0.182,-0.446,2.123,-0.69,1.335,0.49,0.49,-0.46,2.123,-0.69,-0.318,-0.318,2.123,-0.446,-0.69,-0.69,1.335,-0.318,1.226,-0.079,1.32170924164393,-0.446,-0.69,-0.08513519636281162,1.2151380852375722,-0.04285136121443446,2.123,-0.46,1.36058518726354,-0.7050148085410108,0.49,-0.4552586253057809,-0.32947271895073516,-0.4258099567361525
-0.396,0.383,0.013,0.289,-0.396,-1.028,0.383,0.289,-0.322,0.383,-0.031,-1.028,-1.028,0.383,-1.261,0.817,-0.396,-1.261,0.013,0.817,-0.322,-1.261,0.731,-0.322,-0.396,0.013,0.817,-1.261,0.383,0.289,0.731,-1.261,-1.028,0.383,-1.261,0.383,0.731,0.731,-1.028,0.013,0.731,0.289,0.289,0.383,-0.322,0.013,0.817,-0.396,0.289,0.013,-1.028,0.817,-0.031,-0.4131719007283641,-0.322,-0.3332197905805424,-0.04261518204549453,0.731,0.7107144244593777,-1.0395223487919256,0.27535525422830204,0.32439933824202255,-0.004297229742001885
-0.645,-0.713,-1.089,-0.268,-0.516,-1.089,0.746,-0.516,-1.089,-0.098,0.688,-1.089,-0.516,-0.268,-0.098,-0.268,-1.089,-0.268,-0.268,-0.268,0.746,-0.268,-0.9,-0.9,-0.268,-1.089,-0.527,0.746,0.688,-0.268,-0.9,-0.713,0.746,-0.645,-0.713,-0.9,-0.527,-0.713,-0.098,-0.9,-0.645,0.746,-0.9,-0.645,-0.9,0.746,-0.268,-0.9,-1.089,-0.9,-0.9,0.688,-0.713,-0.516,-0.516,-0.268,-0.9,-0.5308730406886538,-0.9206718887339043,-0.645,-0.6746089509234935
1.307,-1.127,-1.047,-1.127,0.005,-0.674,-0.674,-1.111,-1.047,-1.047,-0.084,1.307,-1.111,-1.127,-1.111,-1.111,-1.127,-1.047,-1.127,-0.084,1.369,1.369,-1.111,-1.127,1.307,-1.127,-1.111,-0.084,-1.047,1.307,-0.084,-1.127,-1.047,-0.084,-0.084,0.735,0.735,-1.111,1.369,-1.111,-0.674,0.005,-0.085,-0.674,-1.127,1.369,-0.084,-1.111,0.735,-1.1296892476405747,-1.0854124334453386,-0.674,1.307,0.7204594606955629,1.2937289795616453,0.7698529275716258,-0.09559199180930958,1.369,-0.08025012242616875,0.8131977301556561
-0.667,0.386,1.672,0.386,0.386,-0.667,-0.786,-0.505,-0.786,-0.505,-0.688,0.386,-0.502,-0.667,-0.688,-0.667,-0.667,-0.26,1.915,0.386,-0.667,-0.502,-0.505,1.672,1.915,1.672,-0.505,-0.667,1.915,-0.667,-0.786,-0.26,1.915,1.915,1.672,-0.688,1.672,1.915,-0.502,-0.667,0.386,-0.786,-0.505,1.672,-0.26,-0.667,-0.688,-0.7032885715848208,-0.26,1.915,-0.505,0.386,-0.6552305825668749,1.672,-0.6229384068449122,-0.5822612817763337,1.657544769228537,-0.786,0.0,-0.502,1.901449907217873,-0.667,-0.6850243611748471,1.9380030218370679,-0.5182314636984435
2.143,0.782,2.143,0.139,0.609,-0.632,1.162,1.049,-0.23,1.162,0.975,1.162,-0.632,-0.23,-0.23,0.975,0.609,1.162,-0.632,2.143,0.609,0.139,0.782,-0.047,-0.047,1.049,0.975,0.975,2.143,0.609,-0.23,-0.23,-0.047,-0.632,2.143,2.143,0.975,0.609,2.143,-0.047,2.143,-0.632,-0.6457345022731301,-0.23,1.162,-0.24547689168533668,0.139,-0.21934866902593478,-0.047,2.143,0.609,0.782,1.1526593478376357,0.595910229714966
-0.897,0.926,-1.038,-0.897,-0.854,0.869,-1.038,-0.774,-1.038,-0.854,-0.854,0.926,0.926,0.804,-1.038,-0.897,0.869,0.563,-0.774,-0.774,-0.854,-0.854,0.804,-0.774,-1.038,-0.897,0.804,-0.681,0.804,0.804,0.869,0.624,-0.681,0.926,-1.038,0.926,0.804,-0.774,-0.897,0.926,-0.774,0.869,-0.774,-0.774,-0.774,0.926,0.926,-1.038,-0.774,0.869,0.624,0.563,-1.038,-0.854,0.6137284882566236,0.8581337418020183,0.549886298358658,0.804,-0.774,0.8751656459284377,-0.7904167788748359,-0.8663665701547407
0.904,-0.644,-0.644,-1.243,0.069,-0.787,-0.871,1.046,-1.243,1.046,-0.871,-1.243,-1.243,-1.243,0.904,-0.644,1.004,-0.871,-0.787,-0.742,-0.742,-0.742,-1.243,0.069,-1.243,-0.742,-1.243,-0.644,-0.644,1.004,-0.666,-0.666,-0.644,0.904,-1.243,1.046,1.046,-0.742,-0.742,-0.666,-0.644,1.004,-0.742,-1.243,-1.243,-0.871,0.904,-0.871,1.004,-0.787,1.004,1.046,-0.871,-1.243,-0.787,-0.8052220197301994,-0.644,-0.6568897238036815,0.9928091019723804,0.069,0.904,-0.6194897236653694,-0.5878929900315095,-0.742,-0.666
-0.858,1.279,-1.254,-1.254,-0.858,-0.296,-0.296,-1.254,-0.858,1.279,-0.296,1.622,1.279,1.533,-0.835,-0.858,-1.254,-1.254,0.504,1.533,-0.296,1.533,-0.835,-1.089,-0.858,1.533,1.622,-0.296,1.533,-0.296,-1.089,-1.089,1.622,-0.835,-1.254,1.622,-0.835,1.533,-1.254,-1.254,-1.089,-0.296,-1.254,-1.254,1.622,1.279,-1.254,-0.835,1.622,-0.858,-1.089,-1.089,-0.296,1.622,1.533,-1.254,-0.296,1.5111810500878846,-1.089,-0.858,1.622,1.6029917274438152,1.5538639516979602,-0.30835942469172734,-1.100497662193233,0.0,1.5923443146157925,-0.27584194970610626,1.279,-1.2664315687085872,-0.2229688644307811,1.6468993436009287,0.504
1.176,-0.456,-0.065,1.176,1.362,1.77,-1.125,1.362,1.362,1.77,0.085,-0.329,1.77,1.362,-0.065,-1.332,-0.065,0.085,-1.332,-1.332,-1.125,-1.125,-1.125,-1.125,-0.329,-1.332,-1.125,-0.329,-1.332,1.362,-1.332,-1.332,1.362,-0.456,-0.456,-0.372,-1.125,0.085,1.176,-0.329,1.362,1.77,-1.332,-0.456,-0.329,0.085,0.085,1.176,1.362,-0.065,1.342047997019664,-0.456,-1.332,-1.344579884311767,-1.125,1.1635237511598084,-0.329,1.77,-1.139220876406757,1.385301129090183,1.4203412127790314,-0.0744021288393075,-0.03147147570509154
-0.763,0.642,-0.23,-1.065,-1.065,-0.763,-0.763,-0.763,1.308,-0.23,-0.501,-0.81,0.139,-0.501,-0.23,-0.501,-1.065,-0.81,0.642,-0.763,-0.501,0.642,-0.81,-0.81,0.941,1.308,-0.501,-0.763,0.279,-0.23,0.941,-1.065,0.279,-0.23,0.279,-0.501,0.642,-1.065,-0.501,-0.501,0.139,-0.501,1.308,0.941,-0.81,1.308,0.279,-1.065,-1.065,1.308,0.642,1.280649443523288,0.279,1.3137903033244027,1.3446122276232297,0.6302695497303581,-0.23,-0.501,-1.071475289597049,0.6892104669700299,-0.81,0.2624189305268193,0.139,-1.0309857553612731,0.12964146177708258
-0.988,-0.988,-0.988,0.983,-0.8,-0.097,-0.8,1.043,0.412,-0.266,-1.082,-0.8,-1.082,-0.266,0.682,-1.082,-0.068,-0.988,0.983,-0.068,-0.097,0.682,0.682,-1.082,-0.266,0.682,-0.988,1.043,-1.082,-0.068,-0.266,-0.097,0.682,-0.988,-0.068,-0.097,-0.8,1.043,0.983,0.682,-1.082,-0.988,-0.8,-0.266,-0.266,-0.097,-0.068,0.983,-0.266,-1.082,0.682,0.412,-0.8,1.043,0.3997929329772554,-0.27848762848133435,-0.2591801837048075,0.983,-0.097,-0.988,-1.0018897699155351,-0.9824110856793528,1.0307101257994422
1.55,-1.077,-0.914,0.037,-0.649,-0.343,-0.914,-0.914,-1.077,-0.755,1.304,-0.755,-0.914,1.55,-0.755,1.304,-1.077,-1.077,-0.755,-0.649,-0.649,1.304,-1.077,0.037,1.304,-0.343,1.55,-1.077,0.037,0.037,-1.077,0.439,-0.343,-0.755,1.55,1.304,-0.343,-0.343,-0.755,-0.794,-0.343,-0.343,-0.755,1.304,-0.343,1.55,1.55,-0.794,-0.914,0.037,-0.794,-0.794,0.037,-0.755,1.55,-0.914,-0.7667805676588201,-1.077,-0.7406837226917131,0.021362331421871685,-0.9267748535718712,-1.0908367140470416,1.304,-0.649,-0.7135423217249611,-0.8784189522442176,-0.6650160215487809,-0.8551298252553035,-0.6303923430807392
1.326,-0.987,0.074,-0.987,0.676,0.209,-1.11,0.676,0.209,-1.11,1.326,1.84,1.84,-0.987,-1.11,1.84,-1.11,0.01,1.059,0.074,1.059,0.209,0.209,0.209,0.074,-1.11,0.01,-0.987,1.059,-0.987,1.84,1.84,0.393,-1.11,1.84,-1.11,0.676,0.676,1.84,0.393,0.01,1.059,0.01,0.074,0.074,0.676,0.393,0.01,-0.987,1.059,-1.11,0.074,-1.002431930586531,-1.1296429171455558,-1.0962970878410139,0.209,0.19148368108805786,0.676,1.326,-1.0406848615468203,0.23705437689845957,0.06335270242355245,0.393,1.84,1.3144484707819224,1.0468673163533997
0.043,0.628,-1.18,-0.137,-0.822,0.86,0.284,-1.18,-0.822,1.462,1.462,0.043,0.628,0.785,-0.822,0.284,0.043,0.284,0.628,-1.18,-0.461,0.785,-1.18,0.86,0.284,1.462,1.462,0.86,0.043,-1.18,-0.822,-0.461,0.86,0.284,-1.18,-1.18,0.043,0.284,0.785,0.86,0.043,0.785,-1.18,0.86,-0.461,0.284,0.628,1.462,1.462,0.284,0.284,1.462,0.284,-0.461,0.86,0.043,-0.822,-0.8397293904806638,-1.18,-0.4762556280643663,0.2751251609587087,0.02538559904780964,0.04661132824406565,0.06924505989595246,1.462,-0.8027112700680777
-0.719,1.28,1.405,-0.777,0.321,-0.636,-0.636,1.28,-0.719,0.321,-0.636,0.321,1.408,-0.636,-0.777,1.036,-0.1,1.408,1.408,-0.719,-0.777,-1.083,1.28,-0.636,-0.719,1.036,-1.083,-0.777,-0.719,-1.083,-1.083,1.405,-1.083,1.408,-0.636,-1.083,1.408,-0.636,1.405,-0.719,-0.636,0.321,1.036,-0.636,-0.719,-0.636,-1.083,1.28,0.321,1.2618809744561605,-1.0982727278921591,1.036,-0.1,-0.11164032243454694,0.30332729209288767,0.3305582113462492,1.3071167462386422,-0.636,1.3358869866611824,-0.777,1.408,0.37066678480904786,-0.7845280547831774,-0.6470452667389023,1.3711254473455885,-1.0782031222931916
-0.079,-0.782,-1.392,-0.337,-0.83,0.778,0.856,0.818,-0.079,-0.83,-0.337,-0.079,0.856,1.677,0.778,0.856,0.856,-0.83,-1.392,1.677,0.856,-1.392,-1.392,1.929,1.677,1.929,-0.83,-1.392,-1.392,-0.782,-0.782,1.929,-0.83,0.856,-0.337,-0.83,0.818,1.677,-1.392,-0.079,0.856,1.929,0.856,-0.83,-0.079,-0.782,-0.83,-0.337,0.856,-1.392,0.856,1.677,-0.83,0.856,-0.337,0.778,-1.392,-0.782,0.778,-0.7984393892764506,-0.337,-1.392,1.677,0.7638179171100458,0.856,1.6577574134786108,-0.7619378181971782,-0.83,-0.34709812846155963,0.818,-1.411704868431375,-0.079
-0.658,-0.205,-0.205,0.767,2.04,1.491,1.582,0.844,2.04,1.491,0.844,-0.658,0.317,0.767,-0.117,-0.205,1.582,0.844,-0.727,2.04,1.582,-0.727,-0.205,0.767,0.767,2.04,0.844,-0.205,1.491,-0.117,0.767,-0.727,2.04,0.317,1.582,0.767,2.04,-0.658,1.491,1.491,-0.727,-0.117,1.491,-0.727,1.582,-0.658,0.767,0.767,-0.205,0.317,-0.22300454579771214,0.767,-0.727,1.582,2.04,-0.117,-0.658,2.023128985570591,2.0531399746387744,1.491,1.5691151877486842,0.3030254213509805,-0.13020882692146293,2.0840224961634695
-1.091,-0.476,-0.476,1.173,-1.008,-1.091,-1.008,-1.008,-0.204,1.425,1.173,0.513,-1.091,-0.476,1.173,-0.643,0.513,-1.008,-0.643,-0.756,-1.008,-1.091,-0.476,1.425,-0.204,-0.756,-0.756,-1.091,0.513,-1.091,0.513,-1.091,-1.008,0.382,-1.091,1.425,0.513,1.173,-0.756,-0.476,0.513,1.425,0.382,-0.204,-0.643,1.173,1.173,1.425,-0.204,0.382,-0.756,-0.771483143820675,1.173,-1.008,1.425,-1.0247258669792618,-0.476,0.3694650600449926,-0.643,-0.204,0.513,0.4133612462893902,-0.9832788435859153,-0.9660698206306235,-0.9222138878388186,-0.8886104926082522,0.45341722859758143
0.503,-0.795,-0.795,-1.207,-0.788,-1.095,-1.095,2.47,-1.207,0.095,0.233,0.095,-1.095,-1.207,2.47,-0.795,-1.163,-1.095,-1.095,-1.163,0.095,2.47,-0.788,0.095,2.47,-1.095,-1.095,-0.795,-1.095,-1.207,0.095,-0.466,-0.466,-1.095,-1.207,-0.788,-0.466,0.233,-1.163,2.47,-0.795,-1.095,-0.788,-1.163,0.095,-0.466,-1.207,2.47,-0.795,-0.466,2.47,0.503,0.095,2.47,-1.163,-1.207,0.095,-0.466,-0.788,-1.163,0.503,0.233,-1.095,-0.466,0.4865217431679058,-0.788,-1.108610949943818,-1.207,-0.4757127526144381,0.095,0.5299586737576014,2.47,-0.795,0.5807248820729562
-1.005,-0.904,0.791,-1.005,-0.214,-0.69,0.791,-0.343,-0.69,0.791,-1.017,-1.005,-0.438,0.791,-0.69,-0.904,-1.017,-1.005,-1.017,-0.69,-0.214,-1.005,-0.69,0.238,-0.246,-0.438,-0.438,-0.246,-0.69,-0.904,-0.69,-1.005,0.791,-1.005,-0.69,-1.005,-0.904,-0.343,0.791,0.238,-0.214,-1.017,-0.69,-1.005,-1.017,-0.214,0.791,-0.69,-1.005,0.238,-0.438,0.22337462994608723,-0.23282815459998876,-0.246,-1.0219807448057008,0.7815276827127797,-0.45482567529371626,-0.7012068865952592,-0.9801314664477642
-0.859,1.034,1.834,1.115,0.09,-0.917,1.034,0.858,1.115,-0.851,0.858,0.09,-0.917,-0.851,1.834,-0.859,-0.859,0.644,1.115,-0.859,-0.917,0.858,-0.917,1.834,-0.851,1.034,-0.191,0.858,0.858,-0.859,-0.851,0.644,-0.859,1.834,-0.917,0.644,-0.859,-0.851,-0.859,-0.917,1.034,0.644,1.034,-0.917,0.858,1.115,-0.859,1.834,-0.191,1.115,-0.917,-0.859,0.644,0.858,1.818969033691165,-0.8694448010781646,1.1080466544676182,1.156848912016892,1.18976150081148,0.09,-0.9282589911383519,-0.851,1.8435315519974396,0.6323613092942785
-0.769,-0.538,-0.538,-0.995,-0.538,-0.769,-0.769,-0.995,-0.538,-0.431,0.865,-0.995,-0.117,-0.769,0.865,-0.909,-0.431,-0.769,-0.909,-0.769,-0.842,-0.538,0.865,-0.842,-0.182,-0.909,-0.538,-0.842,-0.182,-0.53,-0.117,-0.769,-0.995,-0.53,-0.538,-0.842,-0.995,0.865,0.865,-0.117,-0.53,0.865,-0.538,-0.769,0.865,-0.995,-0.431,-0.4489367246422194,-1.0071760184565612,-0.182,-0.117,0.865,-0.909,-0.40014853799160655,-0.769,-0.7925252365511722,-0.7622781512262192,-0.9273297285035972,-0.358970921992011,-0.9722763314856371,-0.538,-0.842,0.852916308033302,-0.5455585133341762
2.726,2.726,-1.202,-1.202,-0.709,0.286,0.286,-0.709,0.018,0.018,1.189,0.474,0.286,-1.202,1.189,1.189,1.189,1.189,-0.481,-1.202,-1.202,-0.898,1.189,0.018,0.474,0.286,0.018,0.286,0.018,1.189,-0.709,-0.709,2.726,-1.202,2.726,0.018,-0.481,-0.898,-1.202,0.474,-1.202,-0.898,0.018,2.726,2.726,0.286,1.189,0.474,0.286,-0.709,1.189,1.1712332120951674,0.474,2.726,0.018,2.709755793793765,-0.481,2.7361303690061853,-0.5007603558713842,1.2051216413299066,-0.898,-0.7211621630743815,-0.4687217463533672,-0.6974335600701451,-1.202,-0.6588694767881706
-0.678,0.3,-0.209,0.3,-0.848,0.38,0.096,-0.346,0.3,0.3,-0.209,-0.848,0.3,1.249,-0.678,0.38,0.3,-0.848,-0.848,0.3,0.3,1.249,-0.209,0.361,0.38,0.361,0.3,0.3,0.38,-0.678,1.249,0.422,0.38,-0.209,-0.678,0.38,0.096,-0.848,0.422,-0.209,0.38,-0.346,1.249,-0.848,0.3,0.36897708830666276,-0.22210521938897795,-0.17913005495571924,-0.36013663648485095,0.4052928836465694,0.361,1.239922903676186,0.43024157255647055
1.976,-0.699,-0.903,-0.712,-0.978,-0.978,-0.184,1.335,-0.184,-0.184,-0.078,-0.699,-0.551,-0.903,-0.184,1.335,-0.903,-0.712,-0.184,-0.551,1.335,-0.978,-0.184,1.335,1.976,-0.078,-0.184,-0.078,1.976,-0.903,-0.712,-0.078,1.976,1.335,1.976,-0.699,1.335,-0.712,-0.903,-0.903,-0.978,-0.184,-0.078,-0.978,-0.712,-0.184,-0.712,1.335,1.976,-0.551,-0.978,-0.699,-0.078,-0.903,-0.9218702473743832,-0.09295906082724643,-0.712,-0.551,1.335,-0.9874555059651685,1.3191271276169425,1.976
-0.765,0.477,1.527,0.477,0.477,-1.056,-0.644,-1.056,1.122,-0.765,-1.093,0.477,1.122,-0.765,1.527,0.62,-0.765,-0.644,-1.093,-0.557,-1.056,-0.72,-0.644,1.122,-1.093,-0.557,1.527,-0.72,-1.093,1.122,-1.093,-0.644,-1.056,1.527,1.122,1.122,-0.557,-1.056,-0.557,-0.644,-1.093,-0.557,-0.557,-0.644,-0.557,-1.093,1.527,-1.093,1.122,-0.72,-0.557,-0.644,-0.557,-1.056,0.477,-0.765,-0.6604739692968502,-0.72,-0.617217382837727,-0.5581892785120549,0.62,-0.5121562106190093,-0.48489053048504516,-1.093,-1.0676325463783196,-0.5709611211957588,-0.5434025559634218,-0.7766524710475302,0.463135413352107
-0.468,-0.468,-0.002,-0.981,-0.868,-0.981,-0.867,-0.468,-0.002,-0.002,-0.002,-0.002,-0.468,-0.002,-0.002,-0.468,-0.468,-0.867,-0.868,-0.867,0.038,-0.002,-0.981,-0.867,-0.981,0.038,-0.468,0.038,0.045,-0.868,0.01,-0.867,1.716,-0.868,0.038,-0.981,-0.468,0.045,1.716,-0.867,-0.468,0.639,0.045,0.01,1.716,-0.868,-0.867,-0.981,1.716,0.639,-0.867,0.038,-0.8821534419709669,0.024118413910676043,-0.8578214157814426,0.045,1.716,-0.868,-0.468,0.623964540462424,0.6508882022968981,-0.8119522091673153,0.681373113960022,0.7227411336097973,-0.4838847259619064,0.05235037301767316,-0.7467193760084991
-0.264,1.873,-0.752,-0.264,-0.143,-0.143,1.873,1.873,-0.818,0.73,1.241,-0.752,1.241,-0.752,1.241,-0.981,0.73,-0.586,-0.818,-0.264,-0.752,-0.752,-0.752,1.873,-0.752,-0.143,1.241,0.73,-0.264,-0.981,0.345,-0.752,-0.752,-0.586,-0.752,1.241,1.873,-0.981,0.345,1.241,1.873,0.73,0.73,-0.981,1.241,1.873,-0.586,-0.818,-0.818,-0.143,-0.143,-0.818,1.873,-0.8254491045551193,-0.752,-0.981,1.8554041778788946,-0.586,-0.7683364305540331,-0.7430744256799554,1.241,1.2290020884422665,1.2543245889959247,-0.143,-0.7288428073417414,1.8983162801098323,-0.99084906324728,-0.6849221828576906,1.9401323159680774
1.403,-0.183,1.524,-0.606,1.403,1.463,0.492,-0.687,-0.183,1.403,0.422,1.403,1.403,0.422,0.533,-0.606,-0.183,1.524,-0.183,0.533,-0.183,0.492,-0.687,0.533,0.422,1.463,0.422,-0.687,1.463,0.492,-0.403,0.492,1.403,1.524,0.492,0.533,0.422,1.524,-0.183,-0.183,1.524,0.492,1.524,1.463,1.463,1.524,0.492,1.403,0.422,1.463,1.393282816766081,0.4097552818377208,1.524,-0.183,-0.19971899926219586,-0.16679611611774697,-0.687,-0.403,-0.41951538816778566,-0.1420321432277429,-0.1007987089752773,0.48227292203607225,1.4382037092118112
-0.846,-0.651,-0.651,-0.704,-0.279,2.319,-0.846,1.174,-0.704,1.174,-0.651,2.319,-0.704,-0.651,-0.651,2.319,2.319,-0.434,-0.659,-0.279,-0.279,-0.651,2.319,1.174,0.469,-0.279,1.174,-0.279,-0.434,-0.659,0.245,1.174,-0.704,-0.846,-0.279,-0.279,-0.434,-0.704,-0.704,-0.434,2.319,-0.846,2.319,-0.434,-0.846,2.319,0.245,-0.846,-0.651,-0.6632392678505414,-0.704,2.319,1.174,0.245,0.469,-0.6323565045527917,2.303723584239025,2.328355708844507,-0.5807667290821938,-0.659,-0.8566497027456863
0.907,-0.394,0.907,-0.912,1.473,-0.748,0.958,-0.912,-0.748,-0.566,1.473,-0.748,-0.566,-0.835,-0.031,-0.566,0.907,-0.912,0.907,-0.031,-0.031,-0.031,-0.748,-0.566,0.907,1.473,-0.835,0.907,-0.031,0.907,1.473,0.907,-0.394,-0.323,0.907,-0.912,-0.031,-0.835,-0.566,-0.566,-0.566,-0.748,1.473,0.958,-0.912,0.907,-0.912,0.907,0.958,-0.394,-0.912,-0.9301511031302653,-0.835,-0.4111695441073739,1.473,-0.3581076648850657,-0.566,-0.748,-0.58137192548153,-0.30574160635802966,-0.850866093189183,1.4657949648158284
-0.458,-1.088,1.415,-0.629,0.091,0.024,0.091,0.091,0.024,-0.458,-0.629,-0.615,-1.088,0.091,0.024,-0.516,-0.458,-1.088,0.091,0.091,0.091,0.091,0.091,-0.516,-0.629,-1.088,-0.516,1.415,-0.629,1.415,0.091,-0.508,-0.458,-1.088,1.415,-0.615,-0.458,1.415,0.091,0.024,0.024,1.415,-1.088,0.091,-0.458,-0.362,-0.615,-0.629,-1.088,-0.508,-0.458,-0.362,-0.629,-1.088,1.415,-0.458,0.024,-0.615,1.4044223978723058,-0.508,-1.088,1.445414999025538,0.091,0.077271086748798,-0.6297648277822161,0.10468621102352212,-0.5882943718993565,1.4960375671119268,-0.4669372329839123,1.5138971296099375,-0.5452181223516913
2.123,-0.894,-1.162,-0.99,-1.162,-0.99,0.355,-0.99,0.355,0.355,-1.162,2.123,1.565,1.565,-1.086,1.565,-0.041,-1.086,-0.775,1.565,-0.041,-0.041,-0.99,-0.775,-0.775,-1.162,0.355,-0.99,-0.894,0.355,-1.162,-0.894,0.355,-1.086,2.123,-0.143,2.123,1.565,-0.894,0.355,2.123,0.355,-0.99,-0.99,1.565,2.123,-0.894,-1.086,1.565,-0.99,-1.162,-1.086,1.565,-0.775,-0.041,-0.7895331631260869,0.355,-1.086,-1.162,-1.1802979814315695,1.565,-0.05451588744432358,-0.894,0.34249630852031016,-1.1026747636659597,-1.0870212880542773,-1.0497753405293662,-0.99,-0.143,-0.15616520591907831
2.48,-0.427,-0.849,-0.427,-0.849,2.48,2.48,-0.471,2.48,-0.392,-0.785,-0.471,2.48,-0.471,-0.471,2.48,-1.135,-0.427,-1.135,-0.427,-0.785,0.417,-1.135,-0.379,-1.135,-1.135,-0.888,2.48,2.48,-0.849,2.48,-0.785,-1.135,2.48,-0.785,-0.379,2.48,2.48,-0.427,-0.471,0.417,-0.785,-0.379,-0.427,2.48,-0.785,-0.888,-1.135,-0.849,-0.888,-0.379,-0.888,-0.427,-1.135,-0.4383559596375906,2.48,-0.9022164859132297,-0.3919835130810882,-0.785,-0.7998423957768507,-0.471,-0.392,0.417,-0.4033281412779867,-0.8481436770329781,-0.8348789857547583,-1.1465072535183916
-0.841,0.175,0.277,-0.349,0.17,0.537,0.277,0.277,0.19,-0.349,0.19,0.632,0.61,-0.841,0.175,0.632,-0.349,0.537,0.17,1.431,1.431,0.537,0.19,0.277,-0.841,0.61,0.277,1.431,0.61,0.277,0.537,0.632,0.632,0.19,-0.349,0.19,0.175,0.632,0.61,-0.841,0.19,-0.349,0.537,-0.841,1.431,0.19,0.17,0.632,0.632,-0.349,0.61,0.17,0.15024499386500023,0.175,0.277,0.5973490667602915,0.6226275465566774,0.26462162905911213,1.431,0.6460175146577878,1.4184797490118382,0.6171694804814657,-0.841
1.818,-0.964,1.221,1.221,1.818,1.82,0.041,1.818,-1.254,1.535,0.041,0.756,-0.964,-1.254,-0.964,1.221,-1.254,0.041,1.82,0.073,1.82,1.535,1.535,-1.254,1.818,1.82,-0.964,0.041,1.818,-1.254,-0.397,1.818,0.756,0.073,-1.254,0.756,1.818,1.535,1.818,-1.254,0.041,0.756,-1.254,0.041,1.221,1.82,0.756,-0.397,1.221,1.8070243012517742,1.818,1.7923645457045607,0.7412660735270256,0.073,1.535,0.041,-0.964,1.8275142342994624,0.060280590479436284,-1.254,1.8321245813989468,1.883371732733055,1.921142806027264,-1.2676308693725964
0.994,-1.457,-0.209,0.994,1.879,-0.501,1.389,1.389,-1.457,1.879,1.879,1.879,-1.457,0.994,1.389,-0.324,1.389,-0.324,0.994,0.414,-0.209,1.389,1.539,1.879,1.539,0.994,1.539,-0.501,-1.457,0.414,-1.457,-0.076,1.539,0.994,-1.457,-0.501,1.539,-1.457,1.879,-0.501,1.539,-0.324,-0.209,-0.209,-1.457,-0.209,1.879,-0.324,0.414,0.994,-0.209,-1.457,0.414,0.994,-0.324,1.389,-0.501,-1.4709959923452434,0.980256222018263,1.879,-0.5193334022926337,-1.4334620719129427,1.0202344382895785,0.4046132221257107,1.0673327315629804,1.539
-0.991,1.896,0.385,1.321,1.251,0.385,1.123,1.251,1.896,0.385,0.611,1.251,0.611,1.38,-0.567,1.321,1.896,0.611,1.321,-0.567,1.251,-0.567,1.38,-0.368,1.123,1.321,0.385,1.896,1.251,1.38,1.123,-0.991,-0.991,-0.991,1.896,0.611,0.611,-0.991,1.123,-0.991,1.251,0.385,1.123,-0.567,1.896,1.38,-0.567,1.123,0.385,-0.368,1.123,1.38,1.38,1.38,1.896,1.38,1.321,1.251,1.123,-0.368,-0.991,1.2377633374437307,1.3674217112481664,0.385,1.387031774478865,-1.0051314915185592,-0.9746479396756927,1.1107991656794107,1.2592351870986578,-0.9259467503961506,0.611,0.5935785053317737
-0.61,-1.194,1.143,-0.88,-0.343,-0.61,1.143,-0.61,-0.771,-0.579,-0.343,-0.88,-0.343,-0.88,-0.61,0.569,-0.483,-1.194,-0.771,-1.194,-0.343,-0.343,-1.194,-0.579,-0.343,1.143,-0.483,-0.343,-0.771,1.143,-0.343,-0.61,-0.343,-0.61,-1.194,1.143,-0.771,1.143,-0.579,-0.579,-1.194,-0.88,-0.343,0.692,-0.61,-0.343,-0.771,-0.61,0.692,-0.88,-0.771,-1.194,1.143,-0.88,-0.579,-0.483,-0.343,-1.2056465923863662,1.1341278964121684,1.1702841629388112,-0.49521405109745464
-1.084,-0.778,-0.695,0.437,-0.695,-0.826,-0.636,0.244,-0.695,1.292,-1.084,1.292,-0.695,-0.636,0.437,-0.11,-1.084,0.244,-0.11,-0.636,-0.636,-0.695,-1.084,-0.695,-0.11,0.437,-0.695,-0.636,-0.636,-0.778,-0.778,0.437,-1.084,-0.778,-0.695,-0.826,-1.084,-0.636,0.437,1.292,-0.778,0.443,-1.084,1.292,-0.826,-0.826,1.292,0.443,0.437,-1.084,-0.636,-0.695,-1.0994086564306027,-1.0710208219735329,-0.778,-0.11,-0.6512902430251507,0.244,0.4291555414832545,-0.826,-0.12391579651884704,-0.7126031973556635,0.2301200096112489,0.2784610501703369,-0.6860096480673826
0.925,0.816,0.067,-1.04,-1.04,0.925,0.736,-0.624,0.261,-0.624,-0.275,-0.175,0.067,0.067,-0.175,0.261,0.816,0.639,0.736,-1.04,0.816,-1.04,0.736,0.261,0.261,-0.624,0.639,0.261,0.261,-0.624,-1.04,0.067,0.925,0.067,-0.175,0.816,0.736,0.816,0.067,0.925,0.816,0.816,0.816,0.925,0.816,0.261,0.736,-0.275,-0.624,0.639,-0.175,-1.04,0.067,-0.28921705076280957,0.7239614207686762,-1.0573590136675495,0.2504163233365276,-0.2506399419609273,0.7662567155202403,0.9163559744882075
1.098,0.242,1.098,0.739,1.996,1.098,-0.254,1.996,1.184,-0.83,1.184,-0.254,-0.254,1.996,0.739,-0.982,1.098,-1.069,0.22,0.242,-0.982,1.996,0.739,0.739,-0.83,1.184,-1.069,-0.982,-0.254,-0.254,-1.069,0.242,-0.982,-0.83,-1.069,1.996,0.242,-0.83,-1.069,0.739,1.184,-0.982,-1.069,1.184,1.184,-0.254,-0.83,-1.069,0.242,-0.254,-0.254,-0.254,1.184,0.22,1.996,0.22,-0.254,1.996,-1.069,0.242,-0.982,-0.83,0.22844541208567642,-0.846937931757739,1.098,1.9858623311571164,0.2800015187733565
0.036,1.26,0.519,0.519,-1.014,-1.014,-1.014,-1.014,0.036,0.606,0.512,1.703,0.606,-1.001,0.036,0.512,0.606,0.606,-0.047,-1.001,0.519,1.26,1.078,-0.047,1.26,1.078,-1.001,1.703,1.078,1.078,1.703,1.26,0.606,1.703,0.606,1.703,0.606,1.078,1.078,-1.014,0.606,-1.001,-1.001,-0.047,-0.047,-0.047,-0.047,1.26,0.512,-0.047,1.703,1.249143905313847,1.6907953061748646,1.7297106011028889,0.519,-1.001,0.4984531658011425,0.036,0.5431780265553395,1.078,-1.0147484065987205
-0.703,1.287,-0.793,-0.67,-0.641,-1.019,0.456,1.287,-0.641,-1.019,-0.236,-0.793,0.456,-0.904,-0.115,-0.115,-0.793,-0.793,-0.703,-0.703,0.456,0.456,-0.236,-1.019,0.456,-0.236,0.456,1.287,-0.904,-1.019,1.287,-0.904,-0.703,-0.703,-0.703,-0.641,0.456,-0.703,-0.904,-0.904,-0.793,-0.67,0.456,-1.019,1.287,-0.236,-0.641,-0.703,-0.641,-0.236,-0.703,1.287,0.456,-0.904,-0.67,1.2732300778203454,0.4384388745899362,-0.7167846856482585,-0.115,-1.019,-0.911076386101225,0.47151496609561194,-0.6557834687139147,0.489664060691219,0.5158682391995238
-0.544,1.704,0.985,-0.987,0.985,-0.715,0.644,-0.196,-0.987,0.985,1.09,-0.196,1.704,-0.926,-0.926,-0.987,-0.196,1.704,-1.016,-0.926,-0.715,-0.987,-1.016,-0.715,1.704,-0.987,-0.544,0.644,-1.016,1.704,1.704,0.644,-0.196,-0.926,1.09,-0.987,-0.926,-1.016,-0.544,-0.544,0.644,-1.016,0.985,-0.926,1.704,-0.544,0.9727862293527733,-0.987,-0.9996548547758793,1.0284893218537565,-0.5578097899461961,1.09,1.6904391384034818,1.0834415393764933,-0.938536865926865,-0.715,1.7313083110454206,0.644
-0.908,-0.908,1.702,0.284,-0.908,0.423,-0.991,-0.991,-1.017,-0.554,-0.063,1.702,-0.991,-1.017,1.702,-1.017,-0.063,1.702,-0.063,1.702,0.512,0.339,0.339,-0.908,-1.017,1.702,-0.908,1.702,0.284,-0.991,-1.017,0.339,1.702,0.339,0.284,0.339,-0.063,-0.991,-0.908,0.284,0.284,1.702,-0.554,-0.991,1.702,0.512,0.339,1.702,-0.554,1.688959838853798,-0.908,0.284,0.3248678825796975,-0.9260914478118323,-1.017,0.27179651388192233,0.5012306773324957,0.36409679650268856,-0.063,-1.0280328416971496,0.5322584724446233,-0.8727531685339448,-0.991
-0.187,-1.317,-0.663,1.105,1.105,-1.026,1.623,0.448,-0.974,-0.238,0.448,-0.974,0.871,-0.663,-1.317,0.871,-1.317,-0.187,-1.026,-0.238,-0.974,-0.238,1.623,0.448,0.871,-1.317,-0.974,-0.187,1.105,-0.187,-1.026,-1.317,-1.317,1.105,1.623,-1.317,1.623,-0.974,-1.026,0.448,-1.317,-1.026,-0.663,-0.238,-0.187,1.623,-1.026,-0.238,0.448,1.105,1.623,0.448,-0.974,-1.026,0.871,0.854058725269324,-0.187,1.6134351919450942,-0.20405241585398243,-0.663,-1.317,0.8964708235184612,1.0944621337853664,0.9185663456653078,-1.3306983110479709,-0.16561817294180045,-0.238,-0.13113340559746509,1.6538666622691856,1.1185876683674572
1.113,1.258,1.773,-0.163,-1.22,1.113,-0.163,0.629,0.629,1.113,-0.163,-1.22,1.773,-1.095,-1.095,1.773,1.773,1.258,-1.095,-1.302,0.629,1.349,-0.446,-1.22,0.629,1.258,1.349,-1.095,1.258,-1.302,1.113,1.258,-0.446,1.349,-1.302,-1.22,-1.095,1.349,1.258,1.113,1.773,0.629,-1.302,1.349,1.113,-1.095,-1.22,-1.302,-1.22,-1.095,-0.446,1.349,-1.302,-1.22,1.349,1.349,-1.095,1.258,1.3328069469166928,1.773,-1.302,1.113,-1.1077219013645914,0.629,1.1026437712503014,1.2463735094851163,-1.3166745983979888,1.2683698050606076,0.6161671868093768,-1.2735515722256723,1.1359936390942604,-0.163,-0.17311929756663302,1.379720681001877
-0.759,0.869,-0.599,-0.759,-0.599,-0.759,-0.759,-0.47,-0.933,-0.039,-0.759,-0.288,-0.759,-0.288,0.869,-0.933,-0.687,-0.328,0.869,-0.47,1.267,0.869,1.267,-0.759,-0.933,-0.47,-0.288,-0.288,-0.039,-0.687,-0.288,-0.759,-0.288,-0.599,-0.759,-0.759,1.267,-0.687,-0.47,-0.933,-0.759,1.267,-0.759,0.869,-0.687,-0.687,-0.47,-0.933,0.869,-0.48793084730495506,-0.599,-0.7019335143721656,-0.759,-0.288,-0.6729121460332799,-0.7697982269307208,-0.44627870057867547
2.598,2.598,1.731,-0.73,2.598,1.731,1.731,1.731,-0.869,2.598,-0.702,-1.015,-0.869,1.731,0.552,0.552,-1.015,0.552,-0.73,2.598,2.598,1.64,-1.015,2.598,1.64,1.731,2.598,2.598,1.64,2.598,0.552,-0.73,-0.963,2.598,1.64,1.64,-0.963,-1.015,2.598,-0.963,1.64,-0.963,-1.015,-0.73,-0.869,1.731,-1.015,0.034,2.598,-0.869,-0.702,-0.702,0.034,-0.963,0.034,-0.869,1.731,-0.702,1.713189526860894,1.7706053173556635,2.598,-0.73,-0.7148608138071085,0.034,2.5843629867912026,-0.8818133927123385,1.64,0.0239331851912815
0.419,0.419,1.734,-0.005,1.734,-0.005,-1.038,-0.54,-1.038,1.734,1.734,1.734,0.419,0.419,-0.804,-0.934,1.351,0.419,1.734,0.926,1.351,-1.038,1.734,0.926,-0.804,0.429,-0.934,0.926,-1.038,1.351,0.926,-0.005,-1.038,0.419,-0.934,1.351,1.734,-0.005,0.419,-0.005,-0.804,-0.934,-0.54,-0.005,0.926,-0.54,-0.005,-0.934,-0.804,0.429,0.419,0.926,1.351,0.40744734637751057,-0.8181937251541689,1.3405537701979404,-1.038,-0.7828519287435951,1.3575076548529148,1.378514528995085,1.4072890087560554
2.166,-0.938,-0.735,2.166,1.279,0.783,2.166,-0.641,2.065,-0.735,-0.046,2.166,-0.735,2.166,-0.641,-0.734,-0.938,-0.046,-0.938,2.166,-0.734,-0.046,0.783,2.065,-0.938,2.166,-0.046,0.783,2.065,2.065,-0.735,-0.641,-0.098,-0.734,2.065,-0.046,2.065,-0.046,-0.734,1.279,-0.938,0.783,-0.735,-0.735,2.065,2.166,2.166,2.065,-0.938,-0.046,-0.734,2.065,-0.735,-0.938,-0.9564981667187281,-0.7447184169756236,-0.05737603241503146,-0.9196978844915339,0.783,-0.02700317255749072,1.279,-0.641
-0.846,0.099,-0.306,-0.272,-0.262,-0.306,-0.262,-0.362,-0.285,-0.846,0.099,-0.306,-0.306,1.284,-0.262,-0.387,-0.306,-0.306,-0.387,-0.306,-0.387,-0.285,0.099,1.284,-0.362,-0.272,-0.846,-0.306,-0.516,-0.262,0.099,-0.516,1.284,-0.272,-0.272,1.284,1.284,-0.846,-0.846,0.099,-0.272,0.099,-0.516,-0.516,-0.272,-0.262,-0.846,-0.387,-0.8570586426665779,-0.306,-0.3165439664802977,-0.272,1.284,-0.516,-0.2718075277397449,-0.3986570728595125,-0.285,-0.22484105519255607
1.601,-1.523,-1.523,-0.143,-0.31,-0.31,-1.523,1.671,-1.523,1.671,-1.523,-1.086,-1.523,-0.496,1.601,0.195,-1.523,-1.086,0.742,-1.035,1.671,-1.523,1.601,-0.496,0.195,-1.086,1.601,-1.523,-1.086,-1.035,-1.523,-1.086,-1.035,1.601,0.742,-1.086,-1.086,1.671,1.601,0.742,1.671,0.742,1.601,-1.035,1.601,-1.035,-1.086,1.671,1.671,-1.035,-1.523,-1.035,-1.523,0.742,0.7273322926841611,-0.143,0.195,-1.0445652292702787,-1.5339380890263872,1.671,-0.496,-1.086,-1.0101393610698373,-1.4821715655384915,-1.0964525903698648,-0.31,-0.9730595519935699,0.7642956413054639,-1.436659102761183,-1.4175068109702837,-0.32253231133176713,-1.0604599902117504,0.18259463975848897
-0.258,-0.569,-0.564,-0.602,1.412,-0.847,-0.847,-0.521,1.412,-0.847,-0.564,-0.847,-0.521,-0.602,-0.222,-0.564,-0.564,-0.564,-0.258,0.163,-0.521,0.163,-0.564,1.48,-0.258,-0.569,-0.258,-0.602,-0.258,-0.222,-0.602,-0.222,-0.564,-0.569,-0.847,1.48,-0.258,1.412,1.48,1.48,-0.564,-0.222,-0.847,1.412,0.163,0.163,1.412,-0.602,0.163,-0.521,-0.6151364051333318,1.48,-0.569,-0.847,-0.564,1.4673292309682369,-0.8647285432723928,0.15555933696809543,-0.5604522833294935
0.129,-1.124,-0.342,-1.164,-1.164,-1.124,-1.124,-0.342,0.304,-0.692,-1.124,0.129,-0.692,0.304,-0.342,-0.669,-0.543,-1.164,-1.164,-0.342,-0.261,-0.82,-0.543,-0.82,0.129,0.304,0.129,-0.82,-0.543,-0.342,0.304,-0.692,-0.669,-0.543,-1.124,-0.692,0.129,-0.82,-1.164,0.304,-0.669,-0.669,-0.261,-1.164,-0.82,-0.342,0.304,-1.164,0.304,-0.543,-0.5655543531826975,-1.1790696745229288,-0.539532075448137,-0.342,-0.669,-0.49275960310865086,-1.1240044292093196,-1.1066548758458825,-0.35524324408945207,-0.44970464722838555,-0.40139076257312845,-0.82,-0.3602310658243232,-0.692,-0.261
-0.767,1.309,-1.16,0.42,-1.16,0.233,0.374,-0.228,0.397,-1.16,0.233,-0.707,0.42,0.233,1.309,-1.16,-0.767,0.374,-0.228,-1.16,-0.228,0.233,-0.707,0.374,0.397,-0.221,0.233,0.374,-0.221,-0.767,-0.767,0.42,-0.228,-0.221,0.42,0.374,0.233,1.309,0.374,1.309,0.397,0.42,0.397,-0.707,-0.228,-0.221,0.42,-0.221,-1.16,-1.16,0.42,0.42,-1.16,0.374,-0.767,0.397,0.3800802053596348,0.233,0.374,-0.7826667648005129,0.42,-0.228,-0.7592549056006236,-0.221,-1.16,0.40160803472226114,0.4460459909657323,0.4153926815807996,-0.7435629360410191,-1.1694270435654233
0.134,-0.839,0.361,0.134,-0.895,-0.762,-0.762,-0.762,-0.424,-0.319,-0.895,0.293,-0.535,0.134,0.361,-0.895,0.134,-0.839,-0.535,0.361,-0.424,-0.762,0.134,-0.895,-0.895,-0.839,0.293,-0.535,0.361,-0.319,-0.535,-0.762,-0.762,0.781,-0.424,-0.319,0.134,-0.319,-0.839,0.134,0.134,-0.424,-0.535,-0.535,0.134,-0.424,0.781,-0.535,-0.319,-0.762,-0.839,-0.5517295388503799,0.7659987213811839,0.293,-0.895,-0.7730336286793871,0.134,-0.5173354088028604,-0.8496759985864423,0.361,0.11910604072010303,0.3469234575045649
-0.374,-0.903,-1.13,-1.062,-0.052,-1.13,0.704,-1.13,-0.374,-0.087,-0.052,2.134,0.792,-1.062,-1.13,0.704,-1.13,-0.785,-0.903,2.134,-0.052,2.134,-0.374,-0.903,-1.062,2.134,-0.374,-1.062,-1.13,-0.087,-0.785,-0.374,0.704,0.792,-0.052,-1.13,0.792,-1.062,-0.903,2.134,-0.785,-0.087,-1.13,-1.062,-0.785,-1.13,-0.374,-0.374,-0.374,-0.903,2.134,-0.785,-0.087,-1.062,-0.7950715648872586,0.704,-1.0797706099861273,-1.0526895511533225,-1.13,-1.0096436604289178,-0.919774149980341,-1.1450929095747249,2.120276616198285,-0.9032429494441729,-0.09892197594100885,2.1719252816789525,0.6847812062612025
-1.275,1.907,1.907,-1.275,-0.837,1.25,1.25,1.907,-1.275,-1.275,-1.062,-1.062,-1.275,-1.062,-0.098,0.68,-0.304,1.907,1.25,1.25,1.907,-0.304,1.709,1.709,1.709,1.709,1.25,-0.304,-0.837,-0.304,1.907,-0.837,-1.275,1.709,1.907,1.709,-1.062,1.907,-1.275,0.488,1.709,1.709,0.68,1.907,-1.062,-1.275,-1.275,-0.837,1.25,-1.062,-0.304,1.907,-0.3170334877680951,0.68,-1.062,-1.0736271410357845,1.709,1.8932927873678254,0.6666403082923863,0.488,0.47684045294213506,0.5136934512357115
-0.626,1.653,-0.606,0.493,0.493,-0.295,1.418,0.493,-0.724,-0.295,-0.704,1.203,-0.704,-0.724,1.203,0.493,1.653,-0.626,-0.626,1.614,-0.626,-0.606,-0.704,0.493,1.203,1.653,-0.606,1.653,1.418,1.614,1.614,-0.626,-0.626,1.203,0.493,1.614,1.203,-0.606,-0.724,-0.626,1.653,1.203,1.418,0.493,-0.295,-0.606,1.418,-0.295,1.653,1.653,-0.704,1.614,0.493,1.614,1.6067575223503723,-0.626,1.203,1.1821266857118689,-0.6410838955752102,-0.6155166851135346,0.493,-0.704,1.64993108191604,-0.606,1.6786962154972842,1.653,-0.5928547878203226,-0.5664788133947782,-0.7175663784147994,1.7184598731148824,1.6389766466025477,1.7378748179582364,-0.295,0.4802118449426559
0.461,0.762,0.945,0.762,0.663,0.762,1.829,0.663,-0.601,-0.637,-1.16,0.461,-1.16,0.663,1.829,0.461,0.945,-0.027,1.26,0.945,-0.027,1.26,-0.601,-1.16,0.461,0.663,1.829,-0.601,-0.027,0.461,-1.16,0.945,-1.16,0.663,-1.16,0.945,0.461,0.762,-1.16,1.829,-0.027,-1.16,1.829,-0.027,-0.637,0.663,-0.601,-1.16,1.26,1.829,0.762,0.663,-0.027,-0.637,-1.16,-0.0435792364603097,0.461,0.011341001207888168,-0.601,0.762,0.446139957100309,1.26,1.829,0.4890754965484963,1.2493534584551265
0.697,-0.481,-0.27,1.032,1.073,0.366,0.027,-0.27,0.274,0.027,1.032,0.697,0.274,-1.155,0.274,0.027,0.027,-0.481,-0.481,0.697,0.697,-1.155,0.027,-0.481,-1.155,1.073,0.274,-0.587,-0.27,1.073,1.032,-1.155,1.073,-0.587,-1.155,-0.481,1.073,0.027,0.697,-1.155,-0.481,0.274,0.697,-0.587,-0.481,0.366,0.027,0.366,-0.27,0.697,0.366,-0.587,-0.27,1.032,-1.155,0.6815994560355426,1.0207264027795562,0.027,-0.28556425122786,0.01437544205994371,0.3522745545320805,-0.2518581815216432,0.7181668460541116,0.39059203357527567,0.274,-0.481,-0.5065531088874383,0.2614688114570169
0.825,1.956,0.357,1.956,-0.563,-1.166,1.025,0.357,-0.79,-1.051,-1.051,-1.166,-1.041,-0.82,-0.563,1.956,0.357,0.825,0.825,-1.166,-1.041,-0.82,-0.82,-1.051,-0.563,1.956,-1.051,-1.041,0.825,0.825,1.956,1.025,-0.79,0.825,-1.051,1.956,0.825,0.825,-1.041,1.025,1.956,1.956,-1.166,0.825,-1.166,-1.051,-1.166,-0.563,-0.79,-0.563,-1.041,1.025,-0.79,-1.051,-0.82,-1.166,-1.051,-0.563,-0.5772701268530648,1.025,1.956,-1.041,-1.166,-0.79,-0.8201942020487184,1.943864941768577,1.006728005810369,-1.0642429709630725,0.357,-1.043940371143833,-0.82
-1.149,0.966,-0.281,-0.689,-0.689,-0.865,-0.88,-0.281,-0.974,-0.281,-1.125,-0.974,-0.411,0.966,-0.974,0.966,-0.35,-1.125,-1.149,-0.35,-0.88,-0.974,-0.411,0.966,0.966,-0.281,-1.125,-1.149,-0.865,-0.974,-1.125,-0.974,-0.281,-1.149,-1.149,-0.88,-0.281,-0.35,-0.411,-0.281,-0.411,-0.865,-0.689,-0.35,-0.411,-0.974,-0.411,-1.125,-1.149,-0.689,-0.281,-0.35,-0.411,-0.88,-1.149,0.966,-1.125,-0.974,-0.281,-0.8946275228540412,-0.8699225439043451,-0.4216408838048433,-1.1361112433562515,-0.689,-1.1614867647298759,-0.2919142157827237,-0.9836700533294442
-0.146,1.481,2.843,1.481,-0.16,-0.16,-0.874,-0.874,-0.791,-0.146,-0.16,1.708,1.481,1.708,-0.669,-0.874,2.129,-0.669,2.129,2.129,2.843,1.708,2.843,-0.874,-0.791,-0.669,-0.791,-0.669,2.129,-0.791,1.481,-0.146,1.708,0.435,-0.669,2.843,-0.874,2.843,1.708,-0.791,1.481,2.129,-0.146,-0.874,2.129,-0.874,-0.791,2.843,1.708,2.843,0.435,-0.669,1.481,-0.16,2.129,1.4719127355026584,-0.17586489976229217,-0.874,0.4255860429895428,-0.146,1.708,1.5173828662085083,1.6957588765676563,2.843,1.56671655993056,1.7242122834547742
-0.878,-0.878,0.878,2.684,-0.9,2.684,-0.552,-0.9,-0.552,0.878,-0.66,-0.878,-0.9,1.781,-0.193,-0.717,-0.878,-0.226,-0.552,-0.9,-0.717,-0.193,-0.717,-0.878,-0.717,-0.226,-0.226,-0.9,-0.552,1.781,0.878,0.878,1.781,-0.193,-0.66,1.781,-0.226,1.781,-0.193,-0.717,2.684,2.684,-0.552,2.684,-0.717,-0.717,-0.878,-0.226,-0.9,-0.552,2.684,-0.717,-0.878,-0.8957216817505865,-0.552,-0.226,2.684,-0.193,-0.9,-0.7330907060731209,0.878,1.781,1.764778185120319,2.671334750425249,-0.8617804491791574,-0.9149251377383042
-0.341,1.835,-1.104,1.835,-0.848,-0.848,1.029,-0.728,-1.064,1.835,-1.104,-1.104,-0.728,0.945,1.029,-1.064,-0.341,0.945,-1.064,-1.104,-1.064,-1.104,1.835,1.029,-0.904,0.945,-0.728,-0.904,1.029,-0.848,-0.904,-0.341,1.029,0.945,0.945,-0.904,0.945,1.029,-0.341,-1.064,-0.407,-0.341,-0.341,-0.341,-0.848,-0.848,1.029,1.835,-0.341,-1.064,1.029,-1.104,-0.341,1.835,-0.904,1.0171755335018542,-0.728,-1.1153658311576238,1.0646031073677387,1.0820281553436661
-0.588,-1.121,1.256,-0.81,1.459,-0.878,-0.673,-0.673,-0.588,0.146,0.146,-0.673,0.146,-1.121,-0.274,-0.878,1.459,-0.274,1.256,-1.121,-0.878,0.146,-0.878,-0.81,-0.274,1.459,-0.588,-0.81,0.419,0.146,1.256,-0.274,-0.81,-0.878,-0.274,-0.878,-0.274,1.459,-0.81,-0.673,1.256,-1.121,-1.121,-0.274,-0.878,-0.878,1.256,1.256,-0.878,-0.81,1.459,0.419,-0.8243362158962384,-0.274,1.256,-1.121,-0.28694484604478654,1.239791446666596,-0.673,0.40487022086233754
-1.031,-0.035,1.189,-0.035,-0.035,1.189,-1.031,-1.031,0.004,-1.031,-0.035,-0.961,0.004,-0.479,-0.961,1.189,-0.479,-0.961,0.927,1.189,0.004,-0.874,-0.961,0.004,-1.031,0.927,-0.035,0.927,-0.874,0.927,-0.55,0.004,-0.035,1.076,1.076,-0.55,1.076,-0.874,-0.479,1.189,-1.031,1.189,-0.55,0.927,1.189,1.1716446582228892,1.1925809860448597,-0.479,-0.961,0.9189632733483001,1.076,1.0620126879528868,1.084052471788556,-0.49362755667934655,-0.035,-0.46969767828182885,-0.5604935369131575
1.486,1.486,-0.978,-0.307,-0.307,-0.862,-0.757,0.935,1.094,-0.978,0.055,0.935,-0.978,-0.757,-0.757,-1.074,1.486,-0.862,-0.862,-0.307,-0.307,0.055,-0.862,-0.307,-1.074,1.094,-1.074,1.094,-0.862,-0.757,1.486,-0.862,0.935,-0.978,-0.771,-1.074,-0.978,-0.757,1.094,-0.771,-0.771,-0.978,0.935,0.935,-0.771,0.055,1.094,1.076751206656922,-1.074,-0.978,-0.7863326980677579,1.486,0.924168603938649,1.4673055149697556,1.113849484145839,0.9605806818568443,-0.7481687688775716,-0.7149710677413937,-0.6766060519267748
-0.248,-0.993,-1.032,-0.966,-0.993,-0.248,0.43,1.642,-1.032,0.879,1.642,0.349,-0.248,-0.966,0.879,-0.248,0.277,1.642,1.642,-1.032,1.642,0.277,-0.248,-0.993,0.277,-0.422,-0.966,-0.966,0.349,-0.993,0.277,-1.032,-1.032,-1.032,-0.966,-0.993,-1.032,-1.032,-0.993,1.642,-0.248,-1.032,-0.966,1.642,0.879,-0.993,0.879,-1.032,1.642,0.349,-0.966,0.32825166204259165,0.277,-0.9786657336087523,0.43,-0.9369389684171724,-1.0486750431772125,0.3512441241762674,0.26269304827519535,0.41351603849503066,-1.0072128511922231,-0.9891642363682923,-0.9127925191081856
-0.752,-0.879,0.165,0.784,-0.959,-0.503,-0.794,-0.636,-0.878,0.165,0.733,0.165,-0.879,-0.794,-0.752,-0.503,-0.794,0.165,-0.959,-0.794,0.784,0.733,0.733,-0.879,0.733,0.165,-0.959,-0.959,-0.636,-0.959,-0.959,-0.503,-0.794,0.784,-0.959,0.165,-0.879,-0.878,-0.636,0.784,-0.752,-0.878,-0.636,0.165,-0.636,-0.878,-0.794,0.784,-0.878,-0.879,-0.959,-0.752,-0.636,-0.503,-0.8860561489098998,-0.970398432606449,0.165,-0.6442979615972855,0.784,-0.6015423512250162,-0.5642401631920848,0.7700373608691107,-0.9293405979880914,-0.7646404298851723,-0.5243084372687066
-0.79,-0.165,-0.345,-1.038,-0.345,-0.79,-0.454,-0.583,-1.45,-0.345,1.267,-0.805,-1.45,-0.79,1.267,-0.337,-0.165,-0.583,-0.345,-1.038,-0.337,1.267,-1.45,-0.165,-0.345,-0.805,-1.45,-1.45,-0.583,-1.45,-1.45,-1.038,-1.038,-1.038,-1.45,-1.038,-0.79,-1.038,1.267,-1.038,-0.345,-0.165,-0.165,-0.805,-0.454,-0.79,-0.805,-0.583,-1.45,-0.583,-0.165,-0.805,1.267,-1.45,-0.345,-0.337,1.2565447318970866,-0.454,-0.8189583328871864,-0.76738558896933,-0.7196861868195853,-0.7015683837514101,-1.4680855553584298,-0.165,-1.438228868188396,-1.4000428052483251,-0.1750225612999058,1.2966384138597942,-0.35008763957397804,-0.31882736035247744,-0.79,-0.2951511251003555
0.194,-0.972,-0.604,-0.603,-0.603,-0.604,-0.315,-0.603,0.039,-0.315,0.194,0.039,0.194,-0.664,0.194,-0.664,-0.972,0.194,0.194,-0.603,0.194,-0.664,0.039,-0.603,-0.504,-0.664,-0.315,-0.972,0.039,-0.603,-0.424,-0.664,0.194,0.039,-0.664,-0.315,-0.603,-0.972,0.194,0.656,0.194,-0.424,-0.315,-0.504,-0.604,0.194,0.194,-0.604,0.1792065104440651,-0.972,-0.424,-0.504,-0.603,-0.315,-0.664,-0.32556551230581093,-0.4343467443024228,-0.6732435044104874,-0.5195506427059292
-0.564,-0.037,-0.037,-0.315,-0.315,1.495,1.768,-0.883,1.768,1.768,-0.618,-0.883,-0.883,-0.618,-0.809,1.495,-0.883,-0.964,-0.964,-0.315,1.495,-0.618,-0.964,-0.883,1.495,-0.964,1.495,-0.964,-0.564,-0.809,-0.809,-0.037,-0.883,-0.883,1.495,-0.964,-0.564,-0.809,-0.809,0.391,1.495,0.391,-0.315,-0.883,-0.809,-0.9019933801962821,1.495,1.4845495427037652,-0.873759374860539,1.5319067554791705,-0.037,-0.05941127862647885,-0.618,-0.564,1.548370184449392,-0.6319244153727017,-0.964,-0.9821138384538685,-0.5942831146990951,-0.315
1.51,-0.622,-0.465,1.289,0.872,-0.952,0.872,-0.952,-0.622,-0.203,0.757,0.872,1.51,1.289,0.872,0.872,0.755,-0.952,-0.203,1.289,0.757,1.51,1.289,0.757,-0.465,0.872,0.755,-0.465,-0.952,1.51,-0.706,1.51,-0.203,-0.706,-0.952,-0.465,-0.706,-0.622,-0.952,-0.706,-0.7239988339046078,-0.622,0.755,-0.6399639122139759,1.289,0.7421784044995734,0.7891418924717528,0.8165702423727215,-0.203,1.51,-0.9658249006817887,0.757
0.053,-1.078,1.13,1.13,-0.922,-1.164,-1.164,0.778,-1.164,-1.164,-1.154,0.778,1.13,-1.078,0.778,-0.922,0.778,-1.154,-1.078,0.053,-1.164,0.019,-0.463,-1.078,-0.922,-1.164,1.13,-1.078,-1.164,-1.154,-1.078,0.778,0.778,-0.922,-1.154,-1.154,0.778,-1.078,0.778,0.019,0.019,-1.154,-1.078,0.778,0.778,-1.164,-1.164,0.019,-0.463,0.0,0.019,0.053,-0.463,-0.922,-1.154,0.002604385504476961,0.04067337114880471,-1.164,-0.011018081676954387,1.13,0.778,-1.078,0.08677614312171772
-0.956,-0.834,-0.876,-0.834,-0.517,-0.956,-0.938,-0.938,-0.517,-0.104,-0.938,-0.502,0.723,-0.502,-0.938,-0.956,-0.834,-0.834,-0.502,-0.938,-1.018,-0.517,-0.502,-0.956,-0.938,0.723,-0.956,-0.956,-0.517,-1.018,-1.018,-0.956,-0.073,0.723,-0.104,0.723,-1.018,-0.834,-0.517,-0.938,-1.018,-0.956,-0.502,-0.834,-0.956,-0.876,-0.502,-0.104,-0.956,0.723,-1.018,-0.876,-0.834,-0.938,-0.502,-0.104,-0.834,-0.5082789982382769,-0.073,-0.9534126096481014,-0.956,-0.91502355861041,-0.11611810732700378,-1.018,-0.517
-0.699,-1.07,-0.943,1.463,0.618,-1.07,-0.768,-0.054,-0.943,-0.435,-0.699,-0.699,-1.07,-0.699,-0.943,-0.943,1.463,1.463,0.618,0.567,0.618,1.463,-1.07,-1.07,-0.054,-1.07,-0.943,-0.699,-0.054,-0.435,0.618,-0.699,-0.699,0.511,-0.768,-1.07,-0.699,-0.943,0.567,-0.054,0.567,-0.943,-0.768,-0.943,0.511,-0.699,0.567,-0.054,0.618,-0.768,0.5002698669853743,0.558915660030589,-0.7067512021240012,-0.7805319741850137,0.5333543928200487,-0.7402275133967201,-0.435,0.5620366969454015,-0.6553318094859839
-0.606,-0.135,1.418,1.603,-0.662,0.729,-0.606,-0.885,-1.277,1.418,1.603,1.418,-1.277,1.113,-0.662,-1.277,-1.277,-0.885,-0.885,1.418,0.729,-0.606,-1.277,-1.277,1.113,1.418,1.603,1.113,-0.662,-0.135,-0.662,1.113,1.418,-0.885,-1.277,-0.606,-0.135,-0.885,1.113,1.603,-0.662,-1.277,-0.662,1.418,-0.885,-0.606,1.113,0.729,-1.277,-0.662,-1.2933117066298352,-0.662,-0.6772721153428899,1.418,-0.6142695994315014,-0.6767695338054968,-0.6327239597422275,-0.5956414990671711,1.0969709456757815
0.735,-0.89,-0.641,-0.641,-0.777,1.67,-0.389,-0.641,1.33,-0.389,1.67,-0.89,0.048,-0.218,-0.389,1.33,0.048,-0.89,-0.218,1.67,-0.708,1.67,-0.641,-0.777,-0.218,-0.708,0.048,0.048,-0.218,-0.641,-0.89,0.048,1.67,1.33,-0.89,1.67,-0.389,0.735,-0.218,-0.389,-0.777,-0.708,0.048,-0.777,1.67,-0.218,1.33,-0.218,0.735,0.7197536543376768,-0.777,0.048,-0.89,0.03434800330582115,1.67,-0.708,0.7598537624541539,1.6564159548109954,-0.218,-0.641,-0.7235012403014868
-0.49,0.312,-1.223,-1.223,-0.886,-0.246,-0.49,-1.223,-1.358,-1.358,-0.886,-1.358,-0.246,-1.358,0.312,-0.49,0.312,-0.886,-1.223,-1.223,0.312,-1.358,-0.246,-0.886,-0.886,0.163,-1.223,-1.358,-1.358,-0.025,-1.358,-0.025,0.458,-1.358,-0.886,0.312,0.014,-0.025,0.312,0.163,-1.358,0.458,-1.358,-1.223,-0.246,-0.886,-0.246,0.014,0.163,0.458,0.14799781180657778,-1.358,-0.886,-1.3711625321546181,0.014,-1.223,0.312,-0.025,0.29944521711919986,-1.3377644834716957,-0.03939412502078393,-1.237746976605457,-1.3097083059563495,0.447368026847062,-0.9019052083425182,2.1645611594766842e-05
1.782,1.475,0.416,0.416,-0.985,1.782,1.782,1.782,1.113,0.416,-0.74,1.475,1.014,0.416,-0.985,0.416,0.416,-0.985,1.113,-0.693,-0.224,-0.693,1.014,1.782,-0.74,1.113,1.475,0.416,1.475,1.782,-0.74,-0.224,-0.693,-0.985,-0.74,-0.985,-0.74,-0.985,-0.224,-0.693,1.014,1.014,1.014,-0.985,1.014,-0.693,1.475,1.014,1.014,-0.985,-0.224,-0.74,0.0,0.416,-0.7579367503457649,1.782,-0.7182184822032053,-0.9965918221880421,-0.6909874184542026,1.113,0.999599057077606
-1.115,2.417,-1.115,-1.115,0.543,-1.115,0.543,2.417,1.32,0.673,1.203,-1.014,0.543,-0.593,0.845,-1.115,0.673,2.417,0.673,1.32,1.32,2.417,2.417,2.417,-0.593,0.673,2.417,0.845,1.203,1.32,-0.593,-1.115,1.203,0.845,-0.328,-1.014,1.203,0.845,0.673,-1.014,1.32,-1.014,1.203,-1.115,1.203,0.673,0.673,2.417,2.417,-0.593,0.673,1.203,2.417,1.18600280979811,1.2104085639377073,-1.014,0.664005474436624,0.6825616382752482,1.32,-0.328,0.845,0.543,1.2333980532081674,-1.115,0.7210942179036484,0.8305702151169396,-0.6061713997059631,1.2819074049161634,-0.5666078408312601,2.405288514062651
0.073,0.571,0.571,0.571,-0.407,-0.926,1.208,0.131,-0.835,-0.926,0.131,0.571,-0.926,0.571,-0.407,-0.95,-0.835,0.571,1.208,0.131,0.131,0.571,1.208,-0.95,0.131,0.073,-0.835,1.208,-0.407,-0.926,-0.652,0.692,1.208,-0.407,-0.407,-0.95,-0.95,0.692,-0.95,-0.652,-0.407,0.692,1.208,-0.407,-0.835,-0.835,-0.407,0.073,0.692,-0.95,-0.407,0.073,0.692,1.208,-0.926,0.073,1.208,0.054287760674348276,1.192452035491449,0.0957969282375687,-0.652,-0.835,1.2244564170566006,-0.8518114711476864,0.131,-0.6596948768219717,0.692,-0.926
0.29,-1.242,-1.16,1.529,2.149,-1.081,0.795,-1.16,0.803,0.795,-1.081,1.499,0.795,1.529,-1.16,0.795,1.499,-0.348,-0.348,2.149,-1.242,-1.16,2.149,2.149,1.529,-1.242,-1.242,-1.242,0.795,0.803,-1.16,2.149,0.803,1.529,0.803,0.795,-1.081,1.499,0.795,2.149,0.803,-1.081,-1.081,1.529,2.149,0.803,-1.242,0.29,0.795,-1.081,0.795,-1.242,1.499,-1.16,-1.242,1.499,0.803,-1.242,-1.242,2.149,1.529,0.795,-1.16,-1.242,-0.348,0.795,1.499,-1.081,0.7766055821063278,0.803,-0.364216271118176,-1.1698489237064413,2.149,-1.0945449165964278,0.8171708231423116,-1.071688643185949
-0.409,-0.603,-0.603,0.824,1.253,1.253,1.583,1.73,0.019,1.253,0.714,0.714,1.253,0.714,0.824,1.583,-0.409,-0.603,-0.413,0.019,0.714,0.714,0.824,-0.746,1.73,0.714,1.73,1.73,0.019,1.73,1.73,-0.746,-0.603,1.253,-0.746,0.824,-0.603,1.253,0.019,1.583,1.583,-0.746,1.583,1.583,-0.603,0.714,-0.413,0.6982271304174613,-0.746,0.7106046968613038,-0.409,-0.603,1.583,0.824,0.7105409171065399,-0.7581290807443797,-0.7274296076365013,-0.43166664569843355,-0.6746141438609143,1.5695987770852706,0.019
-0.95,0.289,-0.036,-0.837,0.289,-0.865,-0.036,1.145,-1.05,0.289,-0.837,-0.865,-0.837,-0.95,-1.05,-1.05,0.033,-0.002,1.145,-0.002,0.033,-1.05,-0.95,-1.05,-0.002,1.145,1.145,-1.05,-1.05,0.289,0.033,-0.837,-0.865,-0.95,-0.865,-1.05,-0.036,1.145,-0.036,-0.837,-0.95,0.033,-0.865,-0.95,1.145,0.289,-0.002,0.0,1.1337448850563803,-0.837,1.1688151844525114,0.033,-0.017000757042949687,1.2287438941011917,0.27598987140767856,-0.95,-1.05,-0.865,-0.036,-0.055745958800812054,-0.02406303826126272,1.2633288941074055,-0.8798355563677138
-0.679,-0.635,0.37,-0.635,-0.609,-0.635,-1.181,-0.635,-0.1,-1.033,1.52,-0.635,-0.679,0.37,0.37,-0.635,-1.181,-1.181,0.129,0.878,0.129,-1.181,-0.679,-0.1,-1.033,1.52,-0.679,0.129,-0.609,-0.635,0.878,-0.635,0.878,0.878,-1.181,1.52,-0.635,0.129,-0.1,-1.181,1.52,-0.1,-0.1,0.129,-1.033,-1.033,0.878,1.52,-0.609,0.878,-0.635,-0.679,0.37,-1.033,0.8599219280314212,0.129,-0.6470265500238152,0.9080905575774416,-1.0400183816691917,-0.6108043664633562,-0.9983189909829592,0.3601199663382002,-0.5722086408095333,0.11543351723863415,-0.6218954687898788
0.628,-0.088,-0.813,0.535,2.178,-0.813,-0.813,-0.088,0.535,2.178,0.628,-0.635,-0.855,1.139,-0.855,0.535,-0.088,0.628,2.178,-0.635,0.535,-0.813,0.292,0.535,2.178,-0.855,0.535,2.178,1.139,2.178,0.628,-0.207,-0.635,0.535,-0.635,-0.813,-0.635,0.535,1.139,1.139,0.292,-0.207,0.628,0.628,2.178,-0.855,0.628,0.292,2.178,0.628,-0.855,-0.813,-0.8686655842747957,-0.207,1.139,1.1209885552786867,-0.635,-0.649970987694742,-0.8252037126398569,-0.088,1.170224714954153,0.6177987717634278,0.535
-0.442,-1.119,-0.442,-0.858,-0.888,-0.338,-0.442,1.368,-0.338,-1.119,-1.22,0.033,1.368,1.368,-0.442,-1.087,0.033,0.036,-1.119,-0.442,-0.442,-0.858,1.368,-1.087,0.033,0.036,-0.888,-1.087,-0.858,1.368,-1.119,-1.119,0.033,-0.858,-1.22,-1.22,-0.338,-0.338,-0.888,-0.858,-1.087,-0.858,-0.888,-1.22,-0.442,-1.087,-1.22,-1.119,0.036,-0.888,0.036,-0.338,-0.442,1.368,-1.119,1.3522890625961186,-1.22,-0.45577897531668415,-1.087,0.016296916977148388,-0.888,1.3890852417040578,-0.4243053330988226,0.033,-0.35094883768644336,-1.1002786282068189,-0.39729088561092335,-0.858,-1.0634214453719923,-0.36648305153557476,0.019158718058793198
-0.697,-0.789,-0.949,-0.104,-1.322,-1.322,0.414,-1.322,-1.322,-0.104,-0.949,-0.612,0.095,-1.322,-0.104,0.095,-0.949,-0.181,-0.789,0.095,-0.181,0.414,-0.342,-0.697,-1.322,-0.104,-1.322,-0.181,-0.949,-0.949,-1.322,-0.697,0.414,-0.181,-0.612,-1.322,-0.104,-0.181,-0.697,-0.342,-0.789,-0.949,0.095,-0.789,-1.322,-1.322,-0.612,-1.3337515630877577,-0.789,-0.104,-0.181,-0.949,-0.19654051020057964,-0.16838266975444202,-0.6269865279474388,-0.13324553779156637,-0.342
-1.167,-0.994,-1.018,-1.018,-0.994,-0.994,-0.678,1.052,0.013,0.306,0.306,1.648,-1.018,0.013,1.052,-0.678,0.013,-0.111,1.648,-0.111,-1.167,-1.018,-0.678,-1.167,1.052,0.871,-1.018,-0.994,0.871,1.052,-1.167,-0.994,-0.111,-1.167,1.648,-1.018,-1.167,-0.678,1.052,1.052,-0.994,-0.678,1.648,-0.994,-0.678,1.648,0.306,0.871,1.634104018678701,-0.678,-1.167,0.29293877377144706,1.052,-1.1787415099173673,-1.018,1.038612536932836,-0.111,1.0550249379437986,-0.1281661361691494,-1.030109019252005,-0.994
-0.677,0.923,-0.951,-0.956,0.923,-0.951,-0.143,-0.451,0.923,-0.677,-0.956,-0.766,-0.951,-0.956,-0.451,-0.677,-0.956,1.331,1.22,1.331,-0.451,0.923,-0.451,-0.451,1.22,-0.766,1.331,-0.956,-0.951,1.331,-0.451,0.441,-0.451,-0.451,1.331,-0.143,1.331,-0.956,0.923,-0.766,1.22,1.22,-0.766,0.923,0.923,-0.956,-0.951,-0.451,0.923,0.441,0.42663975119201664,0.923,1.331,-0.951,0.4593818029347498,-0.677,1.3142356648514661,-0.6890966244954827,0.5014672071570478,0.9094757973177819,-0.660688820886578,-0.956
1.082,0.941,0.48,0.973,-0.856,0.941,-0.973,1.082,-0.874,-0.874,0.48,0.973,0.193,-0.392,-0.874,-0.973,0.48,1.082,0.48,0.48,-0.856,-0.856,-0.973,0.973,0.193,-0.973,0.48,0.193,0.973,-0.392,0.193,0.48,-0.973,0.973,-0.856,0.973,0.941,0.904,0.904,-0.973,-0.856,1.082,-0.874,0.973,0.941,-0.392,1.082,0.48,-0.874,0.941,1.071198120767254,0.973,0.9579640514980365,0.904,0.4678356126608939,-0.973,0.5135762271618597,-0.9928268914650468,-0.9823628409835315,-0.887525098519472,0.9319746168606642,-0.392,0.9839829620420364,0.9620264749978034
-1.026,-0.901,-1.008,0.165,-1.026,-0.766,-0.766,1.791,1.791,-0.766,-1.008,-1.008,0.165,-0.901,-0.901,-0.572,0.149,-1.008,-0.901,-0.572,1.525,-0.766,1.791,1.525,-0.572,-0.572,-0.572,-1.026,1.791,-0.199,-0.901,-1.008,-0.572,-1.008,1.791,-1.008,0.149,1.791,-1.026,1.525,1.791,-1.026,-1.008,1.525,-1.026,1.791,-1.0368264677494259,1.7731326005745724,-1.012943336478166,1.7872982272160285,-0.766,1.518154100075473,1.521277196006173,-1.008,0.149,-0.9772801272838703,-0.7784526682181659,1.8339209999946455,-0.7415176414986935
-0.714,1.044,1.044,1.044,0.2,-1.029,1.485,-1.029,1.485,-0.667,-1.029,-0.637,0.2,0.255,-1.029,-0.637,-0.667,0.2,0.2,-0.714,-1.029,1.485,0.109,1.044,-0.714,-1.029,0.255,0.109,-1.029,-0.667,-0.637,1.485,0.2,-0.794,-0.667,0.2,-0.794,0.109,1.044,-0.794,0.255,0.109,1.044,0.255,-0.714,0.255,0.2,1.044,-0.714,-0.637,1.485,0.109,0.2,-0.667,1.031303405343322,-0.7251038180645037,0.18361469817445494,0.090845839731422,1.471339081500183,0.22482074897125873,-0.794,1.511529934477655,1.0842111049691507,1.5580013172930836
-1.03,-1.153,1.663,-1.03,-1.038,-0.176,-0.118,-0.06,-1.153,-0.176,-1.038,-1.153,-1.038,-1.03,-0.176,1.663,-1.03,1.304,-1.038,-0.176,-1.153,-1.038,-1.153,1.304,-0.118,-1.03,-0.685,1.304,1.663,-1.03,1.663,0.467,-1.038,1.663,-1.03,-0.118,1.304,-0.685,-1.038,-0.118,-1.153,-1.153,0.467,1.663,1.304,-1.153,-1.03,-1.1634769784738133,1.663,0.467,1.292290827903103,-0.176,-0.685,-0.19138653986788326,-1.038,-0.118,-0.15105923931304702,1.323371488307739,1.6470173793563978,-1.0514520603892314,-1.0418633027161017,-1.127820517223976,-1.0098837097012048,-0.9666030174147856,-0.12932763874032194
-1.446,-1.446,-1.068,-0.671,-0.051,-0.483,-0.671,-0.051,-0.051,-1.446,-1.068,-0.511,-0.671,0.405,-0.051,-0.483,-0.933,0.452,-1.068,0.486,-0.933,-0.483,-1.068,-0.051,-1.068,-0.933,0.486,0.486,-1.446,-0.671,-0.051,0.486,-1.446,-0.051,-0.051,0.405,-0.933,-0.051,-0.511,-1.446,-1.446,-0.511,0.486,-1.446,-1.446,-0.511,-1.446,-0.051,-0.511,-1.446,-1.068,-0.671,-1.446,-0.483,-0.671,-0.6879920000793303,0.452,-0.483,-1.068,-0.656402355198449,-1.446,0.405,0.3876824746156324,0.4417066962560858,0.486,-0.051,-1.4588134281002139,-0.49400915117169353
-0.733,-1.228,-0.733,2.43,-1.228,1.768,-1.013,1.854,-1.228,-0.865,-1.013,2.43,-1.013,2.43,2.43,-0.844,-1.013,2.43,1.854,-0.844,-0.865,-0.844,-0.844,2.43,-1.228,-0.733,0.697,2.43,0.751,0.697,-1.013,0.751,-0.865,1.768,-0.733,0.697,1.854,1.768,1.854,1.768,1.768,2.43,-1.228,2.43,1.854,-1.228,-1.228,1.768,-0.865,-0.733,-0.865,1.768,2.43,1.854,1.768,-1.228,2.43,-1.013,0.697,-0.733,1.768,-0.844,-0.865,1.7556483740831144,2.4181958340935643,1.7992420099595305,0.751,-0.74854778089727,-1.228,-1.2457686593864938,0.7285413539735062,0.6868197488838547
1.153,0.856,-0.785,0.856,-0.195,0.856,1.193,-0.785,1.153,-0.9,0.527,-0.9,-0.785,-0.504,1.153,-0.785,-0.9,1.54,-0.195,1.153,-0.504,1.193,-0.9,-0.195,0.527,1.153,1.54,0.41,0.527,1.54,-0.9,-0.785,-0.785,-0.504,1.54,-0.785,1.153,-0.195,1.193,1.54,-0.785,0.41,0.39401149908301103,1.54,-0.504,-0.9,1.153,0.856,0.527,-0.9195984764045915,1.193,-0.785,-0.5102842676273176,1.529480336516257,0.4422905548299231,-0.4716877851670664,0.4966065866587047,-0.797375837494992
2.312,-0.93,-0.978,-0.978,1.102,-0.553,-0.612,-0.978,-0.93,2.312,-0.978,-0.764,-0.612,-0.612,-0.93,-0.764,2.312,-0.93,-0.553,-0.553,-0.553,1.102,-0.553,2.312,-0.553,2.312,-0.978,-0.553,-0.142,-0.764,-0.612,-0.553,-0.553,1.102,2.312,-0.93,1.102,-0.287,-0.287,-0.612,-0.93,-0.553,2.312,-0.287,-0.553,-0.93,0.483,1.102,-0.553,-0.612,1.102,-0.978,-0.553,-0.142,-0.287,-0.93,-0.612,-0.1496150182610697,-0.978,-0.6214301576311662,-0.30012618146101233,-0.11324944432503022,1.102,-0.5862545913483166,-0.764,-0.5438543667953243,1.0895787340251681,-0.9434909030763344,-0.9884293069245733,-0.06780080045205504
-0.884,0.762,0.762,-0.86,0.372,2.088,-0.159,-0.86,-0.508,-1.305,0.702,0.762,-0.581,0.762,0.762,0.702,-0.159,-1.305,2.088,-0.508,2.088,0.762,-1.305,2.088,-1.305,0.372,-0.508,-0.86,0.372,0.702,-0.884,0.702,-1.305,-0.581,-0.884,0.372,-1.305,-0.581,-1.305,0.372,-0.159,2.088,2.088,-0.159,2.088,-1.305,0.372,2.088,0.762,-0.159,0.702,-0.86,-0.581,-0.5931426168903586,-0.508,0.762,0.6877514400272295,0.372,-0.173146173240968,-0.8673085363632337,-0.5231290384551092,0.3596601206248164,-0.13949265935537988,-0.884
-0.9,-0.9,1.824,0.317,1.824,1.824,-0.476,0.317,0.051,-0.9,1.824,1.788,-0.9,1.788,-0.367,-0.905,-0.367,-0.367,0.88,1.788,0.317,-0.814,-0.476,-0.476,0.317,0.317,-0.814,0.051,1.788,-0.476,0.317,1.824,1.788,0.88,-0.9,1.824,-0.476,-0.905,0.88,-0.814,-0.905,-0.814,0.317,0.317,-0.9,-0.9,-0.367,-0.814,0.317,1.824,-0.9,0.3031791181319905,-0.38289400301850834,1.8070877063468178,-0.31949821455387356,1.788,0.88,-0.905,-0.9144554842669621,0.33656128649205136,-0.2691336043383011,1.775825209663309,-0.9216213280782012,-0.8869085162070658
1.159,-0.948,-0.055,0.994,0.546,-0.948,0.712,1.393,-1.01,1.393,-0.948,0.546,-0.387,0.994,-0.387,-0.948,1.159,-0.055,-0.948,0.994,-0.387,0.994,0.712,-1.01,0.712,0.424,-1.01,-0.055,-1.01,1.393,-1.01,0.424,-0.948,-0.387,1.159,-0.948,1.159,-0.948,-1.01,0.546,1.159,-1.01,0.994,0.994,1.159,-0.948,0.546,0.424,0.546,-0.055,-0.055,1.393,1.393,1.159,0.424,1.159,0.424,0.994,-0.948,0.994,0.712,0.424,-0.387,1.393,0.6967785859680193,-0.948,0.4129791414532096,0.994,-0.055,1.159,1.1443233440236409,0.46348622144612756,0.48448861628487,-0.40290781875492654,0.5236987043421731,0.9812815260913924
0.317,0.317,-0.75,-0.75,0.317,0.317,-0.751,0.317,-1.045,-1.045,-1.045,-0.751,0.193,-0.456,0.193,-0.456,0.193,-1.045,-0.452,-0.75,-1.107,0.193,-0.452,-0.456,-0.751,-0.456,-0.456,-0.456,-1.045,-0.371,-0.371,-1.107,0.317,-1.045,-0.75,-1.107,-1.107,-1.045,-1.107,-0.751,0.174,-0.75,-0.751,0.174,-0.456,0.193,-0.75,0.16844915431962088,0.184007405398809,0.317,0.30157371465894744,-0.751,0.174,0.21750038847184688,0.3355561716417362,-0.371,-1.107,-0.3809772269901643,-0.36201636197273207,0.3844592820065538,0.15758482799887474
-0.651,-0.651,-0.411,-0.879,0.743,-0.651,0.162,-0.651,-0.879,0.162,-0.651,1.429,1.429,0.743,-0.674,-0.879,-0.977,-0.977,-0.674,1.268,0.162,-0.977,-0.725,-0.411,-0.651,1.429,-0.725,-0.725,0.162,0.743,1.429,-0.674,0.162,0.162,0.162,-0.725,1.268,-0.651,-0.651,0.162,-0.879,-0.879,0.743,-0.977,-0.725,0.743,1.429,-0.977,1.268,-0.879,1.429,-0.725,-0.411,0.743,-0.879,-0.8908605512965604,-0.977,1.268,-0.651,-0.6596925138074814,0.727224715540171,0.162,-0.725,1.429,-0.6174027291318946,0.7661673816853037
-0.15,1.559,0.655,1.369,1.543,0.655,-0.138,1.559,-0.138,-0.554,-0.881,0.655,1.369,-0.138,-0.554,1.369,-0.881,1.369,0.527,1.543,1.543,-0.15,1.543,-0.519,1.543,-0.881,1.559,0.655,-0.881,1.559,-0.519,-0.881,1.369,-0.15,1.543,1.369,-0.881,-0.554,1.559,-0.519,1.369,-0.138,-0.554,0.655,1.369,0.527,0.655,-0.519,1.559,0.5168345779424377,1.5465360376863149,1.3542402773039224,-0.15,-0.138,-0.881,-0.1641454024483131,-0.5269186321957402,1.543,0.6387695423798584
-0.019,-0.225,-0.019,-0.985,1.064,-1.092,0.106,-0.985,-1.092,-0.019,-0.019,-0.203,-0.225,-0.62,-0.985,-1.092,-0.203,1.064,-0.62,1.297,-1.092,1.297,-0.019,-0.225,1.064,1.297,0.422,0.106,0.106,1.064,-1.092,-0.62,-1.092,1.064,-1.092,-0.62,-0.203,-0.203,-0.985,-1.092,-0.985,-0.62,1.297,-0.62,-0.019,-0.203,1.064,-0.62,-0.225,-0.6391793113018878,-0.019,0.106,-0.2354804295648097,-0.985,-0.030978428231565023,0.004209202637815174,0.422,-0.203,-1.0017733736002072,0.09249216337219217,0.027417740679240892,-1.092,-1.1076068901452518,0.11416554993343123
-0.384,2.154,-0.403,-1.201,-1.032,0.401,1.724,-0.384,0.401,-1.201,1.552,-0.403,-1.032,2.154,1.724,-1.032,-1.201,-0.695,1.552,0.421,0.401,2.154,-1.201,-1.201,2.154,-0.403,1.552,0.401,0.401,1.552,0.401,0.401,-1.032,2.154,2.154,-0.695,2.154,0.421,0.421,-0.695,-0.403,1.552,2.154,-1.201,-1.032,-0.403,1.552,1.724,1.724,-1.032,-0.384,-0.695,-1.201,1.552,2.154,-0.384,-0.3997972530925966,2.154,2.1291600726155306,1.552,-0.695,-1.201,-0.403,2.162132927058528,1.724,-0.7073594264402417,-0.6760604284915552,-1.2127216997967414,-0.3467205458906518
1.709,1.709,-0.748,-0.199,1.43,-0.878,-0.084,-0.748,-0.843,1.447,1.43,1.43,-0.843,-0.748,-0.878,-0.843,1.709,-0.199,-0.878,-0.425,1.709,-0.748,1.447,-0.425,-0.748,-0.555,-0.843,-0.878,-0.084,-0.425,-0.555,1.709,1.447,-0.555,-0.748,-0.555,-0.843,1.43,-0.084,-0.199,-0.425,1.447,-0.878,1.43,1.447,-0.555,1.447,1.43,-0.555,1.43,-0.425,-0.4437805352338485,-0.084,1.447,-0.10554771533877048,1.4189370180145486,-0.843,-0.199,-0.555,1.709,-0.21440275259635708,-0.878,-0.05647864581228518,1.4260369555914139,1.433415756504082,1.6931735889215673,-0.5716864915014401
-0.852,0.064,0.442,-0.698,2.142,-1.141,0.442,-0.764,-1.141,0.064,2.142,-0.375,0.064,0.064,-0.698,-0.345,-0.375,-0.764,0.442,-0.698,-0.698,0.064,-0.852,-0.345,-1.141,-0.375,-1.141,2.142,-0.698,-0.698,0.442,-0.764,-0.852,0.442,-0.764,0.428,0.064,-1.141,-0.764,-1.141,-0.852,0.442,0.064,-1.141,-0.764,2.142,-1.141,2.142,-0.698,-0.375,-0.375,0.064,0.442,-1.141,0.056420680789959765,-0.38616661736877556,-0.852,-0.764,-0.345,0.428,-0.3579293603497746,-1.1542117897722246,-0.3523462796406892,0.429578307123684
-0.309,0.92,-0.531,-1.212,-0.521,-1.212,0.92,-1.212,-0.095,-1.212,-0.521,0.916,0.916,1.129,-0.901,-1.212,-0.901,0.916,1.33,-0.309,-1.212,0.916,-1.212,-0.901,1.33,-0.901,1.33,1.129,-1.212,-0.521,0.916,-1.212,0.92,-0.309,0.916,1.33,-0.901,-1.212,0.92,-0.521,-0.901,0.916,1.33,-0.531,0.916,-0.521,0.92,-0.095,-1.212,0.916,1.33,-0.531,-0.901,0.9021841173048752,1.129,-0.521,0.9385300605497999,0.9860549793535751,-0.5386095314136976,0.92,1.1152553660192437,-0.095,0.9049480036861609,-0.5390573299040015
-0.317,2.22,-0.822,0.793,0.452,0.452,0.793,1.33,1.22,-0.317,-0.317,-0.822,-0.795,-0.352,2.22,2.22,-0.317,2.22,-0.352,1.22,0.793,0.793,-0.352,-0.317,0.793,-0.352,1.22,0.452,0.793,1.22,-0.822,-0.795,1.33,-0.795,-0.317,2.22,1.22,0.904,1.33,0.904,0.452,0.452,-0.822,0.793,-0.795,2.22,1.22,2.22,0.904,-0.317,-0.317,-0.352,-0.822,1.22,0.904,0.452,0.43954133957842595,1.2088180296814388,0.88875930185381,0.9059565219139374,2.22,2.203888470193708,0.466691599568501,0.793,2.233700441197858
0.141,1.501,1.957,1.28,-0.849,-0.457,-0.386,1.28,-0.386,1.957,1.678,1.28,-0.308,-0.386,1.501,-0.735,-0.386,-0.457,-0.735,-0.308,0.141,1.28,1.957,0.141,1.957,-0.849,-0.849,-0.308,-0.457,-0.386,-0.735,-0.308,0.141,1.28,0.141,1.678,-0.849,0.141,-0.849,1.678,1.678,1.678,1.957,1.678,1.501,1.957,-0.849,-0.386,0.141,-0.457,-0.386,-0.849,-0.4684435679039948,-0.308,-0.8581576011801552,-0.32551343217502804,-0.45142153301657345,-0.4065508370287154,-0.735,-0.3952534988726678,1.957,-0.28892079993897096,1.28
-0.889,-1.15,-0.535,0.459,-1.096,-0.946,-0.889,-1.15,-0.946,-1.096,-0.946,-0.928,-0.889,-0.946,0.459,-0.928,0.459,-0.928,-1.096,-0.928,-1.096,-0.535,-0.928,0.459,-0.946,-1.096,-1.096,-1.15,-0.535,-0.946,-1.15,0.791,-0.946,-0.928,-0.889,-0.928,0.459,-0.889,-1.15,0.552,0.552,0.552,0.791,-0.506,-1.15,-0.506,-0.928,-0.946,-1.15,-0.928,-0.506,-0.889,-0.5223905000791959,-1.096,-0.535,0.552,-0.5532580605638426,0.459,-0.5118075779030946,0.44747451134072935,-1.1095130461095246,0.5011011977351228,-1.0827214533778526,0.53043405585128,-1.0578642874815858
-1.172,-0.053,-1.352,-1.352,-1.352,-1.172,-1.172,-0.053,0.157,0.157,-0.379,-0.053,-0.379,-0.755,-1.352,-1.352,-1.352,-1.352,-1.172,-0.755,-1.172,-0.542,0.465,-1.352,-0.542,-1.172,-0.755,0.465,0.925,0.925,-0.542,-1.352,-1.172,0.157,-0.379,0.925,-1.352,-0.755,0.925,-0.755,-1.352,-1.352,-0.053,-0.053,-0.755,-1.352,0.925,-0.755,-0.542,-0.053,0.157,0.9147977145893055,-1.352,-0.5476107936216352,-0.06408550282076882,-0.7665266122664762,0.9331960806325459,-0.037285002929797556,0.465,-0.024821681565493,0.010511713139643913,0.05029162823797269,0.14311017517631866,-1.172,-1.365888894446666,-0.7272287300200891
1.409,-0.571,-0.475,-0.571,-0.571,-0.556,1.736,1.295,-0.571,-0.556,-0.475,-0.556,-0.783,-0.556,1.032,-0.475,-0.556,-0.783,-0.475,-0.783,1.409,0.463,0.164,-0.556,1.736,1.409,-0.556,0.463,0.463,0.164,0.463,-0.571,1.736,1.295,1.736,-0.571,1.736,1.032,-0.783,-0.475,-0.571,1.409,1.295,1.409,1.736,1.736,0.164,0.463,-0.556,-0.475,1.295,-0.783,-0.4888925262616469,-0.571,-0.5719731320710253,1.283362828984369,0.1494773341541683,1.3140297084691626,-0.7937705184406666,0.4537861223742991,1.409,-0.7452285653826987,-0.5320089780930838,-0.5830590949173576
-0.731,0.004,-0.993,0.677,0.595,-0.698,-0.993,-0.975,-0.993,0.487,-0.975,-0.731,-0.993,-0.993,0.487,0.324,-0.975,0.595,-0.975,0.677,-0.698,0.487,0.487,-0.731,0.677,0.324,-0.975,0.004,-0.975,0.487,-0.218,-0.218,-0.698,0.004,0.487,0.004,-0.731,-0.975,-0.698,-0.993,0.595,-0.218,0.677,0.487,-0.218,0.487,-0.698,0.47200549284582327,0.324,0.3031107680344208,0.595,-0.975,-0.993,0.004,-0.02596651996647729,-0.00981364807767476,0.677,-0.7146284405588892,0.3406186131638989,0.5798622128566971,0.37524791004546226,0.5176622094479374,0.5644489201840956
1.18,-0.068,1.383,-0.068,-0.445,1.18,1.18,0.968,-0.445,2.081,1.383,0.221,-0.291,1.383,2.081,2.081,0.283,1.383,2.081,-0.291,-0.445,1.18,-0.068,0.221,2.081,0.968,1.383,-0.107,-0.445,-0.291,0.283,0.283,1.383,0.221,-0.107,-0.445,-0.107,-0.107,-0.068,0.221,0.283,1.383,-0.068,2.081,-0.107,0.968,0.221,0.283,-0.068,-0.445,1.383,-0.291,-0.31051522676186155,-0.12148982078298057,-0.2682784355864346,-0.0855583938078521,1.18,-0.2410657167918955,-0.4561356319473049,-0.2089583714344585,-0.06929692701005928,-0.041860515454826316
1.867,-0.823,-1.159,-1.159,-0.737,0.847,1.585,1.867,-0.331,-0.417,-0.906,-0.823,-1.153,-1.159,0.847,0.847,1.585,-0.417,-1.159,1.585,-1.159,-1.153,-1.153,-0.906,1.867,-1.153,-0.737,1.585,1.585,-0.417,-1.153,1.585,-1.159,1.867,-1.159,-0.823,-1.159,1.585,-0.331,1.585,-0.331,-0.737,-1.153,1.867,-0.823,-0.417,-0.737,-0.417,0.847,1.867,-0.737,-0.331,0.847,-0.906,-1.153,-0.331,1.585,-1.153,-0.906,-0.417,-0.823,1.585,-1.159,-0.737,1.5647191516058054,0.847,-0.7511215122112117,-1.1688714566087919,-1.153,-0.8330242494089635,-0.8179700833298729,-0.7257716666070033,-1.1725088843140947,0.8348280939823578,-0.7767952231751281,-0.906,0.8731877671508588
-0.092,0.39,-0.092,2.009,0.676,2.042,0.39,0.676,2.042,2.009,-0.695,2.042,0.092,0.092,-0.307,2.042,2.009,-0.695,0.39,2.009,-0.695,0.676,2.009,2.042,2.042,0.676,2.042,0.39,0.092,0.676,-0.678,-0.695,2.042,-0.092,2.009,0.676,2.009,-0.678,2.042,0.676,0.39,0.45,2.042,0.092,2.009,-0.695,0.676,2.009,2.009,-0.695,2.042,-0.7028468720316708,-0.307,-0.6418541634922648,2.0271410089297235,0.45,-0.678,2.0001449373583347,-0.092,0.676
0.149,2.301,-0.479,1.606,2.301,-0.52,1.606,-0.213,2.283,-0.52,0.443,-0.52,1.606,1.606,2.283,-0.52,2.283,-0.479,1.606,-0.168,2.301,2.301,0.149,2.301,2.301,-0.168,-0.52,0.149,1.606,2.301,2.301,-0.415,-0.52,2.301,-0.168,2.283,2.283,-0.415,2.301,2.283,-0.168,-0.213,2.301,2.283,-0.168,-0.415,2.301,2.283,-0.52,-0.52,-0.168,1.606,-0.213,-0.52,2.283,-0.415,-0.5323364609730602,-0.479,-0.1727378327170646,0.149,1.5921277511125664,-0.13069298954947414,-0.09041530837811508
-0.665,-0.582,-0.353,0.237,2.476,-0.665,2.476,-0.353,-0.582,-0.665,0.237,-1.027,-0.612,0.502,-1.027,2.476,0.237,-0.582,-0.612,-0.353,2.476,-0.582,1.273,2.476,0.237,-1.027,0.162,1.273,-0.353,1.273,-1.027,-0.665,2.476,0.237,2.476,-0.665,-1.027,0.162,-0.582,-1.027,2.476,-0.665,1.273,-0.665,-1.027,0.162,-1.027,-0.612,1.273,-0.582,-0.353,0.237,-0.582,-1.027,-0.353,-0.665,0.162,0.502,-0.5934301012664647
1.536,-1.061,-1.061,-1.232,1.536,-0.926,1.536,-1.061,-1.232,-0.17,1.536,-0.926,-1.232,-0.943,-1.232,-0.17,-0.17,-0.926,0.835,-0.943,-1.232,0.204,-1.061,0.405,-1.232,0.835,0.835,0.835,-1.061,-0.943,-0.17,-1.232,-0.17,1.536,0.835,-1.061,-0.328,-1.061,0.835,-1.232,1.536,-0.943,-0.17,0.204,-1.232,-0.943,-0.17,0.405,-1.232,-1.2517298122429628,1.536,-0.943,-0.9539357151548302,0.835,1.5209116357042718,0.8190431143356512,-1.2125976842020518,-0.1802569884454106,-0.328,0.204,0.393625460196413,-0.14051927927602886,-0.33992662747412444,1.5442195110516668
-0.054,-0.003,-0.054,-1.122,1.629,-1.122,1.192,1.355,-0.697,1.192,-1.122,-1.122,-0.018,-0.003,-0.003,-0.705,1.355,-0.678,1.629,-0.697,-0.054,-0.018,1.355,1.629,1.192,1.629,-0.678,-0.018,-0.705,1.629,-0.054,1.629,-0.054,1.355,-0.697,-0.678,-1.122,1.192,1.629,-0.003,-0.705,-0.018,1.629,-1.122,1.629,1.355,1.192,1.192,-0.678,1.355,-0.678,1.629,-0.054,-0.678,-0.697,1.355,-1.122,-0.705,1.629,-0.697,-0.054,-0.7173124657613117,1.3453503749279914,-0.07148145708213022,-0.003,-0.678,1.3971099020448154,1.6118709867685483,1.192
0.388,-0.982,-0.855,-0.794,-0.982,-0.855,0.987,-0.982,0.388,-0.79,0.508,0.187,-0.79,-0.79,0.508,0.388,0.508,-0.982,0.508,0.599,0.388,0.599,-0.79,0.508,0.987,-0.27,-0.982,0.187,-0.794,-0.855,-0.27,0.987,-0.982,0.508,-0.794,0.599,-0.794,-0.27,-0.855,-0.79,0.599,0.987,-0.8085676696283743,-0.766054020671712,-0.7231859017064755,0.5890611754929534,0.973984825615937,0.388,0.6236552851257013,0.37180070547113614,-0.982,0.508,0.187
-1.225,-0.237,-0.489,-0.028,-1.225,-1.351,-1.351,-0.737,0.475,-0.028,0.475,-0.489,-0.237,-1.225,-1.225,-0.737,-1.225,-0.489,-0.028,-0.836,-0.737,-0.489,-0.489,-1.351,-0.737,1.866,-1.225,-1.225,1.866,-0.489,-0.237,-1.351,1.866,1.866,1.866,-0.237,-0.836,-1.351,-1.351,-1.351,-0.836,-1.225,-0.489,1.866,0.475,-1.351,-1.225,1.866,-0.489,-0.028,0.738,-1.351,0.738,-0.737,-1.351,0.475,-1.225,-0.237,0.738,0.7217919950054787,-0.489,0.7649946160690781,0.7873404192797693,-1.3642599694201503
-0.613,2.17,-0.608,-0.608,-0.613,-0.613,-0.988,2.17,-0.746,-0.608,2.17,1.884,-0.228,1.74,-0.608,-0.988,1.74,-0.988,1.884,-0.988,1.884,-0.746,1.884,0.728,0.728,2.17,-0.746,-0.228,1.74,-0.228,-0.228,-0.613,-0.988,2.17,-0.228,-0.746,-0.608,1.74,1.74,1.884,-0.746,0.728,-0.608,-0.613,0.728,0.771,2.17,2.17,1.884,-0.228,0.771,-0.746,1.74,-0.613,-0.746,-0.608,-0.228,1.74,-0.7575181954163756,0.771,-0.7392184758908098,1.884,-0.6191963694968408,-0.23681114095635675,1.870147776340383,-0.19917016352028263,2.17,1.9205310802062123,1.7311404787696392,1.7468638324396606,-0.5786594900063201
-0.683,-0.693,-1.362,-1.3,-1.3,0.938,1.976,1.976,-1.362,0.938,-0.693,1.976,-1.337,-1.337,-1.362,-1.362,-1.3,-1.3,-0.683,-1.337,-1.337,-1.3,0.938,0.095,0.938,-0.693,-1.337,-1.362,-1.362,-1.362,-1.362,-0.693,0.095,1.976,-1.3,0.095,-1.362,-1.3,1.976,-0.683,-1.3,0.095,0.938,0.068,-1.337,-1.337,-1.337,1.976,0.068,1.976,0.068,-1.337,-0.683,-0.7025981037801041,1.976,-0.693,0.05533668032462697,-0.7173070481116072,-0.6828377404967158,-1.3497737475772256,-1.320557894300578,1.9673809519009318,-1.2796645942145726,0.0,-0.6232523302406602,-0.5978909276800454,0.938
0.023,1.22,0.449,0.449,0.022,0.022,-0.299,-0.993,0.464,0.022,-0.299,0.023,0.022,-0.993,-0.795,0.449,0.449,-0.993,0.022,-0.993,1.22,0.022,-0.993,0.674,0.022,0.674,-0.795,0.84,0.84,-0.795,-0.299,-0.795,0.84,0.674,-0.993,1.22,-0.299,0.464,-0.795,1.22,0.023,0.84,-0.993,-0.299,-0.993,0.449,0.4318211449148754,0.023,-1.0092109757082264,0.674,1.22,-0.795,1.2060379011054692,0.84,-0.299,1.2184109694129162,0.022,-0.3117086017393628,1.2798481420936738,0.6606959054334283,0.464,-0.8115485405146837,0.011435144416191652,0.013401045871260401
-0.974,-0.423,-1.272,-0.603,-0.423,0.943,1.78,-0.974,-0.16,-0.109,-0.423,-0.16,-0.672,-0.603,-1.272,1.78,-1.272,-0.974,-0.423,-1.272,0.943,-0.127,-0.974,-1.272,1.78,-1.272,-0.423,-1.272,-0.16,-0.974,-0.672,1.78,1.78,-1.272,-0.974,1.78,-0.127,-0.16,-0.672,-0.16,1.78,-0.603,-1.272,1.78,-0.423,-0.16,-0.423,-0.16,-0.1826925710367725,-0.423,-1.272,-1.2865168221503382,-0.672,-0.127,-0.6822032013913653,-0.6448740862379918,-0.4397092285730909,-0.6277266252745687,0.943,-0.13867249216459498,0.9334630998420664,-0.15628233951645393
-0.992,-0.488,-0.975,-0.992,-0.938,-0.488,-0.9,-0.468,0.183,0.489,-0.9,-0.24,-0.975,-0.938,0.489,2.023,-0.938,-0.975,2.023,-0.9,-0.992,2.023,-0.938,-0.468,0.183,-0.938,-0.9,-0.992,-0.975,2.023,-0.992,-0.24,-0.975,-0.938,-0.938,-0.468,0.183,-0.938,2.023,-0.488,0.183,-0.488,-0.488,-0.488,2.023,-0.992,-0.468,-0.9,-0.9,0.183,-0.938,2.023,-0.488,-0.468,-0.975,-0.938,-0.938,-0.9614059797031209,-0.488,-0.5027716791907252,-0.9243699592519247,-0.975,-0.8894911352260986,-0.9857544862304045,-0.8671964137495938,-0.24,-0.992,0.489,-0.2524148442277153,-0.9,-0.21653152837275674,2.023,-0.8123122380058849,-0.9095091091423232,0.47713512080147596
-1.086,-0.524,-0.847,-0.591,-0.083,-0.7,-0.847,-0.974,-1.086,-0.7,-0.558,-0.974,-0.827,-0.827,-1.086,-0.863,-0.591,-0.083,-0.083,-0.591,-1.086,-0.591,-1.086,-0.083,-0.827,-0.827,-1.086,-0.591,-0.974,-0.863,-0.591,-0.974,-1.086,-0.847,-1.086,-1.086,-0.591,-0.974,-0.863,-0.558,-0.847,-0.863,-0.974,-0.083,-0.591,-0.863,-0.591,-0.083,-0.591,-0.524,-0.558,-0.847,-0.524,-1.086,-0.083,-0.09582690263468172,-0.5655116624787716,-0.5352490416441368,-1.1008753431268812,-0.8619329916813553,-0.827,-1.0647060267215545,-0.050801493820857684,-0.008653165959925331
0.024,-0.731,0.055,-0.313,0.216,-0.93,0.055,-0.955,0.055,-0.93,-0.711,-0.313,-0.711,-0.711,0.024,0.055,-0.711,-0.711,-0.313,-0.313,-0.313,-0.642,-0.731,-0.313,-0.642,0.055,-0.313,-0.642,-0.93,-0.711,-0.313,-0.731,-0.955,-0.313,-0.93,0.216,0.055,-0.313,0.055,0.216,-0.642,-0.955,-0.955,0.055,0.055,0.024,-0.642,-0.93,-0.93,0.055,-0.9469660011703438,-0.711,-0.642,0.024,0.216,-0.9153487448588635,0.04848429276864644,0.0,-0.731,0.011202851524564562
-0.654,1.699,-0.995,-0.852,1.311,1.699,1.434,-0.995,-0.335,-0.335,-0.852,1.311,1.311,-0.05,1.311,-0.852,-0.852,-0.995,1.311,0.391,1.434,-0.995,1.434,-0.654,1.699,-0.7,-0.995,-0.7,1.699,-0.995,-0.05,-0.7,1.699,0.391,-0.995,1.434,1.699,0.391,-0.335,1.434,0.391,1.434,-0.852,-0.335,-0.852,-0.654,-0.995,-0.852,-0.05,-0.852,-0.995,-0.995,0.391,1.434,-0.852,1.699,-0.05,-0.7,-0.995,1.311,1.2856263351086386,1.4223245492419248,1.686689607350291,1.3321312420616496,-0.8625287218174754,-0.7104450405847669,1.4664278163907696,1.732179113941074,1.5134986497441845,-0.06234665582230437
0.142,0.659,-0.978,-0.408,0.465,-0.978,0.525,0.465,-0.775,0.465,0.086,-0.408,-0.408,0.578,0.525,0.525,0.142,-0.927,-0.978,-0.978,-0.978,0.465,0.525,-0.408,0.465,-0.775,0.525,0.659,0.142,-0.978,0.659,0.659,0.086,0.659,-0.978,0.525,0.142,0.142,0.086,-0.927,-0.927,0.142,-0.927,-0.775,-0.775,0.578,-0.408,0.659,0.525,0.086,0.5099152730942288,-0.408,-0.978,0.07133663984867773,-0.4219258872865619,-0.775,-0.9894282397981358,0.578,-0.927,-0.7830871866562822,-0.9403841587412093,-0.9484487019281599,0.5378833100535723,0.465
0.305,-0.428,-1.085,-1.085,-0.892,-0.428,0.305,-0.416,-0.428,-1.085,-0.892,0.305,-0.428,-1.085,0.399,-0.892,-0.591,-0.177,-0.608,-0.892,-0.428,-0.677,-0.177,-0.677,-0.591,0.305,-0.677,-1.085,0.305,0.305,-0.416,-0.677,-0.892,-0.177,-0.428,-0.892,-0.591,0.305,-0.177,-0.892,-0.608,0.399,0.305,0.399,-0.892,0.305,-0.428,-0.591,-0.677,0.399,-0.43847199017083466,-0.4084786753454113,-0.608,-1.085,-0.6051445063706012,-0.36193115643425794
-0.817,-1.081,0.888,-1.081,1.19,-0.055,-1.081,1.667,-0.817,0.7,-1.081,-0.055,2.4,-0.055,1.19,0.7,0.7,1.19,-1.081,0.7,0.7,-0.817,2.4,-1.081,2.4,-0.817,0.888,1.667,2.4,-0.458,-0.817,0.7,2.4,1.667,-1.081,-0.748,1.19,2.4,-0.817,-1.081,1.19,-0.748,-1.081,-0.458,0.7,-0.748,2.4,1.667,1.667,-0.748,2.4,-0.748,1.667,-0.055,1.667,1.6507746792833533,0.7,-1.081,-1.1061108276717855,1.19,0.688166962244624,-0.748,1.1794065484564957,-0.7685265878968393,0.7066372847515532,1.224793743497342,2.4,-1.07170937651455,-0.817,-0.06834092760017024,1.708468999845529,2.386091983752955,-1.0128457978991823,0.888,0.7377821530353837,-0.7282403848992188
-1.088,0.053,-0.777,-0.923,0.897,-0.923,-0.923,0.053,0.897,1.696,0.791,1.696,0.897,-0.777,0.053,1.696,1.696,0.791,1.696,0.791,1.469,0.897,0.897,0.791,-0.777,0.897,0.053,1.091,1.696,0.791,1.469,0.897,-0.781,1.469,-0.781,0.791,0.897,-0.923,1.091,1.091,-1.088,1.696,1.091,1.696,-0.777,1.091,0.053,-0.923,0.053,1.469,1.696,1.469,-0.781,0.053,0.897,-1.088,-1.088,-1.088,-0.923,-0.781,0.897,-1.088,0.791,-0.923,-0.777,-1.088,1.696,-1.1006042637016369,1.091,-0.9367724332622226,-1.0936593257923315,-0.7866248360897499,1.0742920373598122,0.7769447200880997,-0.7309584482871503,0.7994190158410207,-0.9157618703714728,1.6782229900909613
0.039,0.039,-0.982,-0.982,1.688,-1.222,-1.15,-1.15,-1.222,-0.982,0.405,-1.222,-0.17,-0.982,0.444,1.688,1.688,-1.222,1.688,-0.17,1.688,0.365,1.688,-0.777,1.688,-0.777,-1.222,-1.15,0.444,-0.17,-1.15,1.688,-1.15,-0.777,-0.17,-1.222,-1.15,0.365,-0.982,1.688,0.444,-0.777,-0.777,-1.15,0.444,0.444,-1.222,0.039,0.444,0.42235983677620437,-1.15,-0.777,-0.982,0.039,1.688,-1.1655180752326912,-0.7917191814954246,-1.0005372986535994,0.022623596355619658,-0.17,-1.222,0.365,0.45351637831249336,-1.2343633263535703,-0.18425039771479446
-0.082,-1.005,-0.082,0.587,1.862,-0.661,-0.752,-0.752,2.145,0.587,-0.082,-0.661,0.587,1.09,1.054,2.145,-0.752,1.054,1.054,2.145,1.862,2.145,1.862,1.862,1.862,1.054,2.145,1.054,1.862,-1.005,-0.752,-0.661,1.862,-0.422,0.587,-0.752,2.145,1.09,-1.005,-0.752,-0.082,-0.752,-1.005,2.145,2.145,-1.005,1.054,1.054,-0.752,2.145,2.122472134318764,-1.005,1.054,2.1601353820803935,-0.422,0.587,-0.752,0.5723807138221606,-1.0167563296735824,1.862,1.841918075687472,1.8701665221890034,2.190715409256876,-0.661,-0.9731980687860591,-0.082,-0.09771750724353438,2.248646201934925,2.2963674017512985
0.028,-0.444,-0.918,-0.444,1.348,-0.713,1.348,-0.444,-0.713,1.348,0.533,-0.44,-0.918,0.99,-0.444,-0.524,-0.713,-0.44,-0.524,0.028,-0.85,-0.713,-0.713,-0.918,1.348,0.99,-0.713,-0.444,-0.85,0.99,0.99,0.028,-0.44,1.348,-0.444,-0.44,-0.713,-0.85,1.348,-0.444,0.028,-0.918,-0.44,0.533,0.028,-0.85,1.348,-0.8688216261581618,1.3301901250140749,1.3712688855655213,-0.4496616305540066,1.393811074132098,-0.713,-0.7296111560811747,-0.918,-0.9347522992222775,0.5277045487213832,0.99
-1.007,-0.933,1.059,-1.007,-0.985,-1.007,1.059,-0.933,0.29,-0.801,1.059,-1.007,-0.801,0.29,-1.007,1.059,0.29,1.059,-1.161,-1.007,-0.985,-0.985,0.29,-0.933,-0.933,-0.801,-1.161,-0.801,0.701,-1.161,-0.985,-0.985,-0.933,-1.161,-0.985,0.29,-1.161,-0.425,-0.801,0.086,0.701,-0.801,-0.801,-0.801,-1.161,-0.425,-0.425,-0.801,0.086,-0.933,-1.007,1.059,-0.985,0.701,-1.161,0.29,0.268099201944834,-0.425,0.086,1.0480540379014638,-0.933,1.0883264376520074,-0.801,-0.43570433541789405,1.117524388592825,-0.9409537988098879,-1.1754027952941293
-0.677,-0.173,-0.328,-0.173,1.407,-0.677,0.436,0.134,1.681,-0.173,1.487,-0.173,1.487,1.434,1.407,-0.173,1.681,-0.173,-0.677,1.434,0.436,1.407,1.407,0.436,1.681,-0.328,1.487,0.619,0.436,0.134,1.487,1.487,0.619,-0.328,1.681,1.487,0.619,-0.328,1.681,1.434,0.134,0.436,-0.173,0.436,-0.677,-0.6993089109222033,-0.6754629367395097,1.407,1.487,-0.328,1.434,-0.173,-0.34091939102990204,-0.6251182829284118,-0.60532869263371,0.4250980849340713,1.3980986338276242,0.134,1.681,-0.5752507282270304
-1.159,-1.01,-0.338,1.449,-1.01,-1.06,-0.338,0.02,0.02,-0.538,-1.159,-0.813,-0.538,-1.06,1.449,-1.01,-0.538,0.722,-0.813,-1.159,0.762,0.722,-0.538,-1.06,-1.01,0.722,1.449,-0.538,-1.01,-0.813,0.722,-0.338,1.449,0.762,0.762,-0.813,1.449,-0.338,-0.338,-1.06,-1.159,0.762,-0.538,1.449,0.02,-1.01,1.449,-1.06,0.02,0.02,-1.159,-1.06,-1.159,-0.813,-1.159,-1.01,-1.06,-0.538,-0.338,0.02,0.762,-1.0209474373485308,-0.9824121945041911,0.0028812705349541175,-0.5504275204965263,1.449,0.722,0.7029147690361748,-1.1724565181163995
2.449,0.006,1.938,-0.717,-0.909,-1.016,-1.016,-1.016,-1.016,0.906,0.906,1.131,2.449,-0.717,-1.016,-1.016,-0.717,-1.328,-1.328,-0.657,1.131,-1.328,-0.909,1.131,-1.328,1.938,1.938,-0.909,2.449,-1.328,1.938,1.131,-1.328,2.449,1.131,-0.657,-0.909,2.449,2.449,-1.328,-0.657,-0.717,2.449,2.449,0.006,2.449,1.131,-0.717,-1.328,-0.657,-0.909,1.131,-0.9224752266095625,0.006,2.449,-1.328,1.938,-1.016,2.4380870025650903,-0.6700290126107327,1.9257284643067938,-1.3427085406277144,-1.029888240133683,-1.310547336854666,-0.006572631864185599,-0.8807120654761776
-0.748,1.546,-1.24,1.546,-0.748,-0.748,-0.748,1.546,1.061,-1.24,-1.112,1.546,-1.112,1.061,1.546,0.013,0.422,-0.748,-1.24,-0.748,0.677,-0.457,1.546,0.677,1.061,-1.112,-1.112,-0.457,0.013,0.013,-0.748,1.546,-0.544,0.422,0.677,-0.544,0.422,0.422,-1.24,-1.112,-1.24,-1.112,1.546,-1.24,-0.544,0.422,-0.748,-0.748,-1.112,-1.24,-1.112,-0.544,-0.457,-0.748,1.546,1.061,-0.7643809782958232,-0.7233722749784882,1.0408433146802158,-0.5586747306438219,0.677,-0.5107549947226513,0.013,0.422,0.4003536779261144,-1.24,0.6665941667886365,0.4463216266720938,0.4621744912235495,-1.2547835250321757,0.6927590898412057
0.104,-0.921,-0.921,0.337,0.104,-0.989,-1.04,0.337,-1.014,-1.04,-0.83,0.104,-1.04,-0.921,-1.236,-1.04,-1.014,-0.921,-1.04,-0.989,-1.014,0.104,-0.83,-1.236,0.104,-1.236,-0.921,-1.014,-1.236,-0.272,-1.04,-0.272,-0.136,-0.83,-0.272,0.104,-1.236,-0.272,-1.236,-0.83,-0.989,-0.989,-1.236,0.104,-1.04,-1.014,-0.83,0.104,-0.921,-0.83,0.337,-1.236,-0.136,-1.2539005970792494,-0.272,0.337,-0.921,0.3252499246978628,-0.989,-0.2843322171077877
-0.249,1.644,0.182,0.182,-0.249,0.769,-0.9,-0.235,0.182,-1.17,1.644,-0.9,-0.476,0.769,-0.476,-0.9,-0.235,1.257,-1.17,-0.235,-0.9,-1.17,-1.17,-0.9,-0.9,0.182,-0.235,-0.9,-0.249,1.257,1.644,-1.17,-1.17,-0.249,-0.9,-0.235,-0.118,-0.9,1.644,-0.249,1.644,1.257,1.644,-0.118,-1.17,-0.249,0.769,1.644,-0.476,0.769,0.754557541195008,1.644,1.6225058351028487,-0.9,1.257,-0.249,-1.17,1.6695428016914406,-0.476,1.238371499796494,0.182,-1.1827652103703254,-0.26277386487228355,0.15964429771015418
0.271,-0.601,0.415,-0.555,1.717,-0.536,0.415,-0.555,-0.555,-1.143,0.271,0.271,-1.143,0.415,-1.143,-0.536,-1.143,1.717,-0.555,-0.44,0.415,0.415,-1.122,-1.122,-1.143,1.717,-1.122,1.717,1.717,-1.143,-0.555,0.271,-0.601,-1.143,-1.143,-1.122,-0.44,-0.555,-1.122,-0.536,-0.536,-0.601,-0.536,-0.44,1.717,-0.44,-0.601,-0.555,-1.122,-0.555,-0.601,0.415,-1.143,0.271,-1.1557572079741318,0.2540555259043923,-0.6149625031154423,0.27421742095512786,-0.536,-1.122,0.40122380829717186,0.41494907069789644,-0.5635877268397156,-1.1175466858244976,0.0,-1.1298468296612456,0.4426949578619145,-1.0872077027082943,-0.015089321973499634,-1.0466543102860233
-0.918,-0.831,1.133,-0.831,1.078,-0.918,-0.918,1.315,-0.88,-0.831,-0.88,0.512,1.533,1.078,1.078,-0.88,1.078,1.533,-0.831,-0.316,1.315,0.512,-0.918,-0.477,1.533,1.533,1.078,1.133,1.133,1.133,-0.831,-0.88,1.315,1.133,-0.831,-0.88,-0.918,1.133,-0.477,-0.477,1.315,-0.88,1.078,1.315,-0.918,-0.316,-0.918,1.533,1.078,1.5103268046752165,1.315,-0.88,-0.8976097630583819,-0.831,1.5444050001814065,-0.858549269687033,1.0617773922122007,1.303714536969158,1.5978252967485043,1.6473410062909313,0.512,-0.8505835967973999,-0.477
-0.866,-1.372,-0.394,-1.372,-0.071,-0.866,-0.866,-0.073,-0.9,-0.071,-0.9,0.048,-1.372,-1.372,0.685,0.048,-0.573,0.048,-0.573,-0.073,-0.227,-0.9,-0.073,-0.573,-0.573,-0.073,-1.372,0.685,0.685,-0.227,-0.866,-1.372,-1.372,-0.573,-1.372,0.048,-0.394,0.048,-0.9,-0.073,-0.394,-0.073,0.048,-0.394,-0.071,-0.071,-0.573,-0.09181843310799148,-0.09319383357580796,-0.227,-1.372,0.048,-0.073,-1.3879942130738567,-0.08606153388579432,-0.07537133746736452,-0.0529856754382529,-0.04153955949101136,-0.00845996908458994,-0.5851333749116534
1.316,0.45,1.316,1.839,-0.044,1.839,0.36,-0.842,-0.842,-0.044,1.48,1.839,0.36,-0.044,-0.613,-0.663,1.48,-0.044,0.36,0.36,-0.663,-0.537,1.839,-0.044,1.839,0.36,0.36,-0.663,1.839,1.48,1.839,0.36,1.48,1.316,-0.842,-0.537,1.48,1.839,-0.044,-0.842,-0.842,1.839,1.48,-0.613,-0.613,0.36,-0.537,1.48,-0.5528993427331464,1.839,1.4677847290467763,1.5160731010669402,0.36,1.5300948229321665,-0.663,-0.842,-0.613,0.45,-0.6790814032468002,-0.5309197402747602,-0.6431060288302588,0.43942977859168036
1.018,-1.1,-1.1,1.018,-0.633,-1.1,-0.495,-0.495,1.382,-1.1,-0.5,1.382,-1.1,-1.1,-1.1,-0.495,0.353,-0.5,1.018,-0.633,1.74,1.382,-1.1,1.74,-0.471,1.018,-0.495,1.382,-0.471,-0.495,-0.5,1.382,-0.633,1.74,0.353,1.74,-0.495,1.74,-0.471,0.0,-0.5,1.74,-0.633,1.7206079916843338,0.353,1.018,-0.471,-0.5131444830548727,-0.646693994418701,0.3313721352336123,1.001901429149179,-0.495,-0.5142998843171256,-0.48125367951612624,-0.01162339696944747,-1.1,-0.4860510014607593,1.755554241096202
-0.834,0.943,2.076,1.156,-1.117,1.156,-0.625,1.156,-0.834,1.156,-1.117,1.156,2.076,-0.47,2.076,0.927,-0.625,-1.117,1.156,2.076,-1.117,0.943,2.076,-0.47,0.927,-1.117,-1.117,1.156,-0.625,2.076,2.076,-0.834,-0.47,0.927,0.351,0.943,-0.625,2.076,0.351,0.927,0.943,-0.834,0.943,0.533,1.156,2.076,0.533,0.927,-0.625,-0.6379294626626287,1.1465174324975556,-0.47,0.943,-0.48302720218184075,0.5190240853463408,-1.117,-0.834
-0.457,-1.059,1.706,1.706,1.866,1.706,0.058,0.188,1.866,-0.279,1.866,0.517,-0.457,-1.059,1.866,0.517,1.866,0.188,0.517,-0.324,1.706,-0.279,-0.279,0.188,-0.457,-1.059,-0.324,1.866,1.706,0.516,1.706,0.058,0.058,0.517,0.517,0.517,-0.324,-0.279,-0.457,0.517,0.517,0.188,-1.059,0.188,-1.059,1.706,-0.457,0.058,0.517,-0.4721216369944586,-1.059,0.5039661716797486,1.866,-0.4368826351472219,-0.3921477017201236,-0.3600376040724132,0.188,-1.0724573367969705,-1.0225364044542506
1.687,-0.957,1.687,0.95,0.95,-1.347,0.47,0.95,1.687,-1.347,-1.347,0.47,-1.347,-1.003,0.505,-1.347,-0.339,-0.957,1.687,-1.347,-1.347,-1.347,-1.003,-1.003,-0.45,-0.957,-1.003,0.505,-0.957,-1.347,-0.45,-0.316,0.95,-0.957,0.47,-0.957,-0.339,-0.45,0.505,-0.339,-0.339,-0.957,-0.45,-0.316,-1.003,-1.0139036713361944,0.95,0.47,-0.957,-0.3257126174394243,-0.9676769728216088,0.505,-0.9838315929840511,0.9409579194269323,0.48731239264975973,0.9780246278948832,1.687,-1.347,-0.339,-1.356620611356939
1.562,-0.428,-0.479,-0.428,1.562,1.591,-0.5,-0.479,-0.836,-0.5,1.562,1.591,-0.428,1.562,1.591,-0.895,1.624,1.562,-0.836,1.591,1.624,1.624,0.163,-0.895,1.562,-0.5,-0.836,-0.895,1.562,0.163,1.562,1.562,1.562,1.624,-0.567,1.624,-0.836,-0.479,-0.5,-0.479,-0.428,-0.567,0.163,1.624,-0.428,-0.836,0.163,-0.836,-0.836,1.624,-0.567,0.163,-0.428,-0.895,0.15151526263532222,0.16952174776764056,-0.5,-0.8456199967551032,1.591,-0.5154994629365973,-0.47167120412108793,1.5778085155929602,1.6083586294571994,-0.42782093437436125
1.679,1.123,-0.985,-1.31,-0.52,-0.601,1.951,1.679,-0.985,1.951,-0.651,-0.985,-0.388,1.123,-0.52,-0.985,1.123,1.951,-1.31,1.679,-0.7,-1.31,-0.7,-1.31,1.951,-1.31,-1.31,-0.985,-0.985,1.679,-0.7,-1.31,1.679,-0.651,1.679,-0.651,-0.985,1.951,-0.985,-1.31,-0.601,-1.31,-0.52,1.679,-0.601,-1.3218702484865135,-0.388,1.6651157028056336,1.951,1.6986199062217175,-1.2868979925509652,-0.651,-0.6117180774976716,-1.2604720458573735,-0.5833041974411746,1.123,-1.2351564957083268
0.589,0.589,-0.353,0.589,-0.382,-1.015,0.589,-1.015,-1.015,0.792,-0.353,-0.873,-0.232,0.68,-0.124,0.589,-0.232,0.68,0.589,-0.873,-0.124,-0.353,-0.124,-0.644,-0.644,0.589,-0.232,-0.124,-0.353,-0.353,-0.873,-0.873,-1.015,-0.124,0.68,-0.232,-0.382,-0.124,-1.015,-1.015,-1.015,-0.353,0.792,0.68,0.6592273867710071,0.589,-0.36990457497136686,-0.873,0.6742512028508522,0.5805389700238114,0.7831163338858842,-0.644,-1.0255358882056567,-0.232,0.6247422867613803,0.8375530254650733,-0.983071152742843
1.369,-0.923,1.228,1.228,-0.362,-0.923,-0.152,1.369,1.369,1.369,-1.082,-0.672,-0.672,-0.634,-0.923,1.943,1.943,-0.672,-0.672,-0.152,-0.362,-1.082,-0.634,-0.123,-0.672,-0.634,1.369,-0.123,1.228,1.369,1.943,-0.634,1.369,-1.082,-1.082,1.943,-1.082,-1.082,-0.923,-1.082,-0.923,1.369,1.943,-0.152,-0.923,1.228,1.228,1.369,1.361037530521148,1.2143237400876699,-0.672,1.943,-0.123,-0.1383523069832807,-0.152,-0.1649253162723454,-0.923,-0.362,-0.12686007418130849
-0.461,1.077,1.055,1.077,-0.461,1.001,0.725,-1.005,1.001,-0.461,1.001,0.49,0.725,0.49,0.039,0.039,-0.3,1.077,1.001,-0.461,-0.388,1.055,0.49,0.039,-1.005,-0.388,-0.461,1.001,1.077,-0.388,-1.005,1.055,-0.388,-1.005,1.055,-1.005,1.001,-0.388,-0.388,-0.388,-0.3,1.077,-0.3,0.039,0.725,0.7019360613192839,1.055,1.0656801517448482,-0.31554777623240887,-1.005,1.0407233042646107,-0.27808164034209737,0.49,1.001,-0.388
0.115,-0.616,-0.59,-0.616,-0.031,1.775,-0.73,-0.031,-0.031,0.115,-0.907,1.775,1.775,-0.73,-0.907,-0.907,-0.59,0.115,0.115,-0.465,1.775,-0.465,-0.59,-0.73,-0.031,-0.465,-0.349,-0.907,-0.031,1.775,-0.907,-0.349,-0.031,-0.782,1.775,-0.349,1.775,-0.616,-0.349,-0.616,0.115,-0.782,-0.349,-0.782,-0.349,-0.73,-0.465,-0.59,-0.73,-0.465,-0.031,-0.7407427710444748,0.115,-0.782,-0.907,1.775,-0.9210664204641682,-0.4760034426516385,-0.8732238119996552,-0.6939747297820311,-0.04259780170242348,0.10089083307977975,-0.7918827458595508
-0.951,0.681,-0.951,-0.951,0.969,-0.951,-0.22,-0.951,-0.681,-0.936,-0.936,-0.22,1.573,-0.681,1.573,-0.936,-0.951,0.918,1.573,0.918,0.969,0.681,-0.936,0.969,0.431,-0.681,-0.936,1.573,0.918,-0.22,-0.936,-0.327,1.573,0.681,0.918,0.681,-0.22,-0.951,0.969,-0.936,-0.936,0.681,-0.22,0.918,0.431,0.4127582495814208,-0.951,-0.327,0.969,0.681,0.6644194494622098,0.9595472436688933,-0.9634476705528807,-0.22,0.9994063471691926,0.4275011095027705,1.573,0.47252695822727714,-0.936,-0.2346480634197614,0.918,-0.9494979233344292
-0.903,-0.903,-0.698,0.96,-1.044,0.545,1.714,-1.018,0.185,-1.018,1.714,-1.044,1.159,-0.957,1.714,-0.698,1.714,-0.698,0.185,0.96,1.159,-1.018,-0.957,1.159,-1.018,-1.044,-0.957,0.185,0.185,-0.957,0.545,1.159,0.185,1.714,1.714,0.185,-0.903,1.714,-0.957,0.185,-1.044,-0.903,-1.018,1.159,-1.044,0.545,0.545,-0.957,0.185,-1.044,1.159,0.96,1.159,-1.044,1.159,0.185,-0.903,-0.957,-0.698,1.1483335041598477,0.96,-0.9194639145834681,0.17414567072161807,-1.018,-1.0371242116325403,-0.7129554182970809,1.714,-1.019700583433111,0.9516595337700346
-0.962,-0.549,-0.068,-1.091,-1.137,-0.962,-0.973,-0.441,-0.441,0.706,0.706,-1.091,-0.973,-0.487,-0.068,-0.441,-0.962,0.706,-1.137,-0.549,-1.091,-0.549,-0.441,-1.091,-0.549,-1.137,-0.973,-1.091,-0.441,-1.091,-1.091,-0.441,-1.137,-0.068,-1.091,-0.973,-0.962,-0.487,-0.068,-0.441,-0.441,-1.137,-0.973,-0.973,-0.549,-0.068,-1.137,-1.137,-0.973,-1.091,-0.487,-0.441,-0.973,0.0,-0.45568371093267296,-0.4297344136106544,-0.068,0.706,-0.549,-1.091,-0.079482291485723,-0.006079503508307189,-0.5620086924425819,-1.099665389692326,-0.37958459509597664,0.03382586665350231,-0.9843698149492632,-0.3475075656881996,0.0661659793751172
0.882,1.732,0.882,0.601,-1.132,1.395,-0.733,-0.361,-0.733,1.732,1.395,-0.733,-0.733,0.214,-0.361,0.914,1.395,1.395,1.395,0.882,0.914,-0.932,-0.932,-0.361,-0.361,-0.361,-0.361,-0.932,1.395,1.732,1.732,1.395,-1.132,1.395,-1.132,-0.932,-0.932,1.732,0.601,-1.132,-0.733,-1.132,1.732,-0.733,-1.132,0.882,-1.132,0.601,0.601,-0.361,0.882,0.214,0.914,0.914,-0.733,-0.932,1.395,0.601,-0.733,-0.361,-0.7470577386796,-1.132,-0.9433563159767991,0.914,-0.37912179701410614,-1.1508369894710222,-1.109963921526671,-0.8995631725691353,0.214,-0.708149761750066,0.5884899015726883,0.5933418771052202,-0.6835068879355055,1.732,1.380846165674426,-0.6400814925090821,0.882,-0.8725318464664779,1.407178809701049,0.6417053427487648
-0.666,-0.418,-0.264,1.384,-0.666,1.384,-0.666,0.389,-0.824,1.384,-0.776,-0.781,-0.666,-0.666,-1.016,0.445,-0.781,-0.264,0.445,-1.016,-1.016,-0.418,-0.781,0.445,-1.016,-1.016,0.445,0.445,-0.776,-0.824,-0.264,-0.418,-0.264,-0.824,-0.264,-0.824,-0.666,0.445,0.389,1.384,-0.776,-0.264,-0.781,-0.776,0.445,0.426040068865829,-0.7947001357603811,-0.7883489920673835,-1.016,-0.418,0.389,-0.7467767664588051,-0.264,-0.824,0.38029744724917874,-0.27896594690052884,0.4556996431989935
-0.114,-0.726,1.015,-0.107,-1.055,-1.055,-1.055,0.908,-1.055,0.908,0.908,-0.769,1.015,-0.414,-1.055,-1.055,0.908,-1.055,-1.055,0.592,-0.769,0.592,1.015,-0.769,-0.769,-1.055,-0.726,-1.055,-0.114,-0.115,-0.726,-0.114,-0.414,0.592,-0.115,0.592,-0.726,0.908,-1.055,-0.769,-0.114,-1.055,-0.115,-0.769,0.592,-0.769,1.015,-1.055,-0.114,-1.0706700437555141,-0.7799137758633315,-0.13483382338942917,-1.0350452066156666,0.592,-1.0023330275519386,0.5799729041261298,1.0054498850991698,-0.107,-0.115,-0.9431896023171632,1.0420205717682458,-0.414,-0.7473850501741856,-0.12479630866015594,-0.726,1.0697528535452956,-0.1004601902070302,-0.12540987556988759,-0.7074756468094344
0.134,1.329,-1.11,-0.595,-0.88,0.057,0.057,-0.205,0.134,1.74,1.062,-1.11,-1.11,-0.965,-0.965,1.329,1.74,0.057,-0.88,-0.965,1.329,-0.88,-0.205,1.329,-1.11,1.74,0.057,-0.205,1.74,0.134,-0.965,-0.88,1.329,1.062,0.134,1.329,-1.11,0.057,-0.88,-0.88,-0.205,-0.965,-1.11,-0.595,-0.205,-1.11,-1.11,1.74,1.74,-0.595,-0.965,-1.11,-0.205,0.134,-0.965,-0.88,1.062,0.11850582036880848,-0.595,-0.8909810178154335,1.74,-0.6118032759382294,-0.97573104117423,0.13747975908739318,-0.21861837306654622,1.7259607077917019,1.0536262549845758,1.0718679735743444,1.329
-0.506,-1.095,0.641,-0.506,0.171,-0.506,-0.705,-0.809,-0.705,0.171,0.641,0.171,1.226,1.226,1.366,-0.809,0.525,1.226,0.525,1.226,-0.809,0.525,-1.095,0.641,0.171,0.525,0.699,0.699,-0.506,-0.506,0.641,1.366,0.171,0.525,1.366,-1.095,1.366,-1.095,0.525,0.699,-0.705,-1.095,0.699,0.525,0.699,0.699,0.525,-1.095,1.366,1.226,-0.705,-1.095,-1.126037435506984,-0.506,0.641,1.3539388411757693,-0.7230973470834955,-0.5183401510868377,-0.6872877722010413,-1.0828832056661355,-1.0614242859534357,1.4030650131125741,0.525,1.2170495721189807,0.699,1.443880694263584,0.6239814824674494,0.5102262060368391,1.2667078768120636
1.704,-0.89,-0.635,0.988,1.704,-0.477,-0.89,-0.89,-0.635,0.988,1.304,-0.563,1.704,-0.635,-0.89,1.704,-0.477,1.704,-0.709,-0.635,-0.563,1.304,-0.477,0.988,-0.709,0.988,-0.477,0.988,-0.709,-0.635,1.304,-0.89,-0.563,-0.709,-0.563,1.704,1.304,-0.89,-0.143,0.0,-0.477,-0.89,1.704,-0.48793888012047865,0.988,-0.563,-0.4497868492602147,-0.4074172658939006,1.6905767741675355,1.7354585585316116,-0.8975310041804684,-0.847853892611148,1.7718413032910834,-0.5733831683631495
-0.721,-1.229,-1.229,-1.229,1.719,-0.06,1.719,0.333,-1.229,-1.114,0.786,-1.114,0.991,-0.721,-1.229,1.565,0.955,0.955,-0.06,0.991,1.565,0.991,-1.114,0.333,0.786,-1.114,0.955,-1.229,0.786,1.565,-0.06,1.719,0.333,0.991,0.955,0.955,-0.06,-1.114,-0.721,1.565,0.955,-1.229,-1.114,0.333,0.955,0.333,-1.229,1.719,0.955,0.786,0.333,0.7716932435693513,0.991,-0.721,-1.114,0.955,-1.1291273186892106,1.719,0.9372783811870375,1.703068084139952,0.8213470925538382,0.9758569167074144,1.565,-1.229,-1.2497420516140174,1.7455266062427806
0.279,-0.654,0.279,0.486,-0.027,0.279,0.279,-0.691,1.488,0.279,0.279,-0.691,-0.475,0.374,1.488,-0.654,-0.027,1.488,-0.126,-0.027,-0.691,0.279,0.279,1.488,-0.027,-0.654,-0.475,0.279,0.374,-0.654,0.279,-0.475,0.374,0.98,1.488,-0.027,-0.475,-0.475,-0.654,0.98,-0.475,-0.475,0.374,0.486,0.374,1.488,0.279,1.4732954993956326,-0.691,0.98,0.374,1.5135261191636744,-0.027,-0.03978812583611607,-0.007790244649085058,0.486,-0.475,-0.7037805826063772,0.015623716882914286,0.9646561442809081
-1.208,-0.243,-0.243,0.164,0.889,0.3,0.446,-0.412,-0.412,-0.869,-1.208,-0.671,0.889,0.889,0.889,0.889,-1.208,0.164,0.446,-0.641,-0.869,-0.412,-0.641,0.3,-0.412,0.164,0.889,-0.869,-0.641,-0.869,-0.671,-0.641,0.446,0.889,-0.243,-0.412,-1.208,0.446,-0.641,-0.671,-0.412,-1.208,0.889,0.3,-0.869,-0.412,-0.243,-0.8853582324459949,0.889,0.8685571693123745,-0.42911714025273634,0.446,0.9034065055712087,-0.39891948346459283,0.2865007929826653,0.9342523643936205,-0.25832324201017287,0.3173301529789935
0.126,2.016,-0.054,2.016,-0.454,1.828,-0.957,2.016,-0.065,-0.414,2.016,-0.185,2.016,0.126,-0.054,-0.065,-0.185,0.126,-0.054,-0.957,-0.185,1.828,-0.054,0.022,2.016,1.828,0.022,-0.414,-0.185,-0.957,-0.414,1.828,0.126,-0.454,-0.065,-0.054,2.016,1.828,-0.957,-0.054,0.126,-0.957,2.016,-0.054,2.016,-0.454,-0.065,1.828,-0.065,-0.414,-0.185,1.828,-0.414,-0.065,-0.957,1.8186433793712118,-0.185,0.126,-0.9691326131344309,1.862800146231451,-0.454,0.1122966840810607,-0.19782744674755193,0.14640114067860124,1.8991346153386834,1.917165921836252,2.016,-0.4721291124911073,2.0047417475882967,2.0419770220649442,0.022,1.9594085969849195,-0.0781351949149978
-1.025,1.2,-1.064,1.2,-1.025,1.017,0.435,-1.034,1.007,1.017,-1.064,-1.064,-1.064,-0.141,-1.025,-1.034,1.007,-1.034,1.2,-1.064,-0.141,-1.025,1.2,1.2,1.2,1.2,1.007,-1.025,-1.025,-1.064,-0.141,-0.156,1.017,1.2,0.039,1.017,-0.141,-0.141,0.039,1.2,-0.141,-0.156,-0.141,-1.034,-1.025,1.017,1.2,1.188113742455122,0.039,-1.0414538896865688,1.2293923118850587,-0.141,0.019297940254741755,1.0016284899484618,-1.064,-1.0719998975401157,-0.156,-0.16975388475977674,-1.034,-0.15394653320147222,-1.0406149014446466,0.435
-0.243,-0.664,-1.286,-0.243,0.034,-0.921,-0.847,-0.664,-1.286,0.034,-1.286,-0.243,0.034,0.994,0.034,0.034,-0.243,0.115,-1.286,0.115,-0.243,0.034,-0.847,-0.921,-0.305,-1.286,-0.847,-0.847,-0.847,0.034,-0.305,-0.664,-1.286,-0.921,0.034,-1.286,-0.243,-1.286,-0.847,-0.847,-0.664,0.994,-0.243,-0.305,0.994,-0.847,-0.465,-0.465,-1.286,0.034,-0.465,-0.305,-0.921,-0.847,0.034,0.014924876573377918,-0.664,-0.8616916766701245,-0.243,0.994
0.129,1.089,1.509,-1.211,-0.512,0.339,-0.682,-1.211,0.277,-0.682,0.129,-1.211,-0.682,0.756,0.277,1.089,1.089,0.454,-0.512,1.509,0.454,1.509,1.089,0.277,0.277,0.756,-0.512,-0.512,-1.211,0.454,-0.512,1.509,-0.512,0.756,-0.682,-1.211,0.756,1.509,0.339,1.509,0.339,0.454,-1.211,0.454,0.129,1.089,0.277,1.509,0.339,0.129,-1.211,-1.225158874022755,1.089,0.2625265036853875,0.29651382910250584,0.756,0.329659519820919,-0.512,-0.682,-1.1947189067888713
0.686,-0.991,0.587,1.545,1.545,-0.44,1.72,1.545,0.686,1.315,0.119,1.481,1.72,1.481,1.72,0.587,-0.44,1.315,-0.44,1.72,1.481,0.686,1.315,1.481,0.587,-0.44,1.545,0.686,0.686,1.481,1.72,1.481,1.315,1.72,-0.991,1.545,0.686,0.119,0.626,1.545,0.587,0.587,-0.991,0.686,-0.991,-0.991,1.72,1.481,1.545,1.481,1.72,1.545,1.315,-0.44,1.315,-0.45655056998980315,1.545,0.587,1.72,-0.3933417997479497,0.626,-0.3411675432285912,-0.2941356093074473,0.686,-0.2578327388620012,0.6726316125245628,1.7053595877964534,1.3024863414771541,-0.991
-0.613,-0.634,-0.948,1.318,-0.613,-0.634,0.393,-1.012,-0.948,1.318,-0.634,-0.948,-0.613,-0.948,-1.003,-0.194,-0.387,-0.948,-1.012,-0.948,-0.634,-0.948,-0.194,0.393,-0.948,-0.948,-1.012,-0.613,-1.003,-0.761,-0.634,-0.613,1.318,-0.613,-1.012,-1.003,-1.003,1.318,-0.948,-0.634,-0.761,-0.613,-0.761,-1.003,0.393,-0.948,-0.194,-0.634,-0.387,-0.634,-0.194,-0.387,-1.012,-0.761,-0.761,-0.387,-0.761,-0.613,-0.6259599356754463,-0.948,-1.012,0.393,-0.7749737283424386,-0.7433243405018056,-0.9570447961954035,0.37727484135951694,-0.194,1.318,-0.9222326015104398,-1.003
-0.626,1.108,-1.502,-1.502,-0.771,-1.255,-0.969,-1.255,1.108,-0.856,-0.969,-0.497,-1.502,0.519,-1.255,1.108,-0.856,-0.626,0.519,-0.969,-1.502,-0.969,-1.502,-0.771,-1.502,-0.8,-0.626,-1.502,-0.497,-1.502,-0.771,-1.255,-1.502,-1.502,-0.626,-1.502,-0.771,-0.8,-0.856,0.519,1.108,-0.497,-1.255,-0.771,-0.856,-1.255,-1.255,1.108,-0.8,-1.255,1.108,-0.969,1.108,-0.771,-0.8,-0.7861260066998921,-0.7419828979507597,0.519,-1.502,-0.6903690845918952,-0.6482522708630926,0.5073885083091486
0.765,-1.1,-1.1,1.039,-0.407,-0.83,-0.57,-1.1,-0.407,0.039,1.039,1.039,-0.83,0.765,-1.1,-1.1,-0.957,0.62,-0.957,-0.957,-0.83,1.039,0.039,0.765,-0.83,1.039,0.765,0.765,-0.957,0.765,-0.57,-0.57,-1.1,-1.1,0.765,-0.957,-0.957,-0.57,-0.57,0.765,1.039,-0.324,0.765,0.7543705834633966,0.039,1.039,-0.957,0.02382063438330736,-0.407,0.06867056032096196,0.11017042237126172,0.62,-0.4200960884305187,-0.57,-0.9679551243361275
-0.388,-0.183,-1.078,-0.299,-1.093,-0.388,0.922,0.922,-0.299,0.639,-1.033,-1.078,-1.003,-1.093,-1.093,-0.388,0.639,-1.033,-0.183,-1.078,-1.003,0.639,-1.033,-0.183,-0.388,-0.183,-1.093,-0.183,-1.093,-1.093,-0.183,-0.299,-0.183,-1.078,-1.078,-0.299,-1.033,0.639,0.922,-0.299,-0.388,-1.033,-1.093,-1.003,-0.299,-1.033,-1.093,-1.078,-1.033,-1.003,-1.078,-1.093,0.0,-1.003,0.639,-1.093,-0.011367065501320191,-1.033,-1.057788662119182,-1.011004095152425,-0.183,-0.388,-0.9998776189391764,0.013143015516415262,-0.40907732223393695,-0.299,-0.19920037436972685,-0.9587794721947845,0.922
1.222,1.115,-1.039,-0.616,1.115,1.222,1.222,0.098,1.73,1.73,0.098,-0.198,1.552,-1.039,-0.2,-0.616,0.744,1.552,-0.616,1.552,1.115,-1.039,0.098,-1.039,1.115,1.73,0.098,1.73,0.098,1.73,0.098,1.552,1.552,1.115,1.222,-1.039,0.744,1.73,0.744,0.744,1.552,-1.039,-1.039,-1.039,-1.039,1.552,0.098,0.744,-1.039,1.73,1.5388643473720267,1.5599723054624512,1.7173011673330283,0.08733639523375772,-0.198,-1.054308708327414,1.115
-0.831,-1.087,-1.253,-0.713,0.402,0.871,-0.953,-1.087,-0.988,-0.929,-0.713,-0.922,-1.087,0.871,-0.713,-1.087,-0.988,-1.087,0.871,-1.253,0.871,-0.953,-1.087,0.402,-0.988,-1.253,-1.253,-1.253,0.871,-0.929,-0.831,-0.713,-0.929,-0.953,-1.253,-0.713,-0.953,-1.087,-0.953,-0.953,0.402,-0.922,-0.988,-0.922,-0.929,-1.253,-0.922,-1.253,0.871,-0.831,-0.988,-0.953,0.402,0.38735032280126747,-0.929,-0.988,-0.953,-1.087,-0.9664843690650065,-0.831,-0.713,-0.922,-1.253,0.4001242670156359,0.4272190404565172,-1.0977643010365519,-0.9435313334588376,0.47982521627620184,-0.7318258509014764,-1.043388896096003,-0.8977007305131525,-0.8699968293895619,-0.8182254318707625,-0.92580860417447,-1.265668932635804,-0.874411521780009,-1.2293895325749211
-0.989,0.071,-1.189,-0.169,-0.944,-1.189,-1.189,-1.189,-0.436,-1.189,-1.004,0.071,0.214,-1.189,0.071,-0.663,0.214,-0.989,0.214,-1.189,-1.189,-0.944,0.214,-1.004,0.214,-0.169,-1.004,-1.189,-0.5,-0.169,0.214,-1.004,0.214,-0.5,-0.663,-1.189,-0.944,-0.989,-1.004,-0.989,-0.169,-0.436,-0.944,-1.189,0.214,-0.663,-1.004,-0.989,-1.189,-1.2002305541089184,-1.145035912721773,-1.004,-1.0191234211257447,0.071,-0.436,-1.1029208037037168,-1.0572741849681673,-0.45212736069854237,0.214,-0.989,-0.9870709651466754,-1.0170799607632102,-0.9547830459211901,-0.916998421498846,-0.169,-0.5
0.938,-0.643,-0.481,-0.261,1.044,-0.891,0.938,-0.643,0.084,-0.112,0.938,-0.112,0.938,-0.481,-0.643,-0.481,0.084,-0.261,1.044,-0.481,-0.112,0.938,-0.481,1.044,-0.483,-0.891,-0.483,-0.481,-0.398,0.084,-0.891,1.044,-0.112,-0.483,-0.891,-0.643,0.938,-0.483,-0.261,1.044,-0.261,0.084,-0.643,-0.112,1.044,0.938,-0.643,0.084,0.084,0.084,-0.483,-0.112,0.06625815407057199,0.10280648528700748,0.13781209792926724,-0.891,-0.1250784346882208,0.938,-0.481,-0.49824588696529715,0.9235283657363231,0.16094351879127813,1.044,-0.261,1.0343172068499542
-0.189,-0.339,-0.785,1.107,-0.9,-0.339,-1.14,-1.027,1.107,1.289,1.714,-1.027,-0.599,1.107,-1.14,1.107,-0.9,-1.14,-1.14,1.289,-1.027,1.289,-0.785,-1.027,-0.189,1.107,-0.785,-0.339,-1.027,1.107,1.107,-0.599,-0.9,-0.339,1.714,1.714,-0.9,-1.027,-0.189,-1.14,-1.14,1.107,1.714,1.107,-0.599,-1.14,-0.339,1.714,-0.785,-0.7992431441371035,-0.599,1.7013973608486987,-0.7556236797089357,1.289,-1.14,-0.189,-0.3502581479194696,-1.151468048878904,-0.9,-0.1964336728512033
1.49,-0.93,1.654,-0.93,1.654,0.104,1.654,1.654,-0.094,-0.97,-0.88,-0.97,-0.88,1.654,1.654,0.104,-0.93,0.45,-0.88,-0.93,1.654,0.502,-0.93,-0.97,-0.88,-0.97,1.49,-0.97,0.104,-0.88,-0.93,1.49,0.416,0.104,-0.97,1.654,-0.88,-0.88,1.49,-0.88,0.104,0.416,0.104,0.104,1.49,-0.88,-0.094,0.104,1.654,1.643402874961298,0.0948220907912472,0.416,-0.93,0.502,1.6967378608308052,0.1642138268240396,1.49,1.4712432148793642,0.49045502778925054,0.5157562028904207
-1.039,1.38,-1.076,1.763,0.224,0.751,1.763,-0.151,0.199,0.751,-0.151,-0.151,-0.151,-1.076,-1.039,-0.595,1.763,1.38,-0.151,1.763,-0.919,0.199,1.38,-0.595,1.38,-1.039,0.224,1.763,0.199,-0.151,-1.039,-1.076,-0.595,1.38,-1.076,-0.919,-1.076,-1.039,1.38,1.38,1.38,-0.151,0.224,-0.919,-0.919,0.199,-1.039,-1.076,-0.919,-0.595,-1.076,1.38,0.224,-1.076,-1.0947677138928393,0.199,-0.919,0.18861490833662004,-1.0580352655644387,-1.0199535958012427,0.751,-0.9284115478549461,0.7365189500357645,-0.151,-0.15947500550529564,-0.1345728748183668
1.384,0.503,1.384,-0.006,1.398,-0.729,-1.101,1.389,0.503,1.607,1.398,1.389,0.503,1.389,1.398,1.384,-0.175,-0.175,-1.101,-0.175,-0.175,1.398,1.607,0.503,-0.729,-1.101,1.389,1.607,-1.101,-0.729,-1.101,1.607,1.384,-1.101,0.991,1.607,-1.101,1.389,1.384,1.389,1.607,-0.729,-0.175,0.991,0.991,1.398,1.384,-0.729,-0.175,0.991,0.9800744150644718,-0.7448174454526161,0.503,1.398,1.389,1.3871523212114671,-1.101,-0.7115223300825091,0.4911749389693457,1.607
-1.197,0.906,1.837,-1.197,-1.094,1.837,-1.094,0.906,1.391,1.391,-1.094,0.034,-1.094,-1.072,1.391,0.485,1.391,1.837,-1.072,-1.072,0.034,-1.072,1.837,0.485,-1.094,-1.094,-1.197,1.391,-0.07,1.38,1.837,0.485,0.906,-1.072,0.906,1.837,1.837,-1.197,1.38,-1.197,-1.197,0.485,-1.197,1.38,-1.072,1.391,1.3758169185611038,0.906,1.837,0.485,-1.072,1.4334545496769542,-1.094,0.894525074255623,-1.1072181809733643,1.38,1.3610804026847103,1.479819013293914,-1.0833881346011383,0.034,0.9054034403517831,-1.0470405470378494
-0.126,-0.987,-0.987,-0.56,-0.027,-1.223,-0.987,1.51,-0.386,-0.987,1.51,1.11,0.508,-0.386,1.51,-1.223,1.51,1.51,-0.386,1.51,-0.56,1.51,-0.126,-0.56,0.508,0.508,0.462,1.11,0.508,1.11,-1.223,-0.56,-1.223,-1.223,-1.223,-0.987,-1.223,-0.386,-1.223,-0.56,-1.223,-0.027,-1.223,-0.386,1.11,1.11,-1.223,1.1018999690622393,-0.126,-0.386,1.1374264971899164,1.1380968084740037,0.508,-0.4007635424033177,-1.231157262344137,0.462,-0.3719079556600756,0.448124061712585,-0.13752342572486304,-0.56,1.51
-0.53,-0.838,0.783,-1.124,0.951,-1.124,0.577,-1.031,-0.358,-0.715,0.577,-1.031,0.783,-0.358,-0.296,-0.296,-0.296,-1.031,0.951,-0.715,-1.124,-0.358,0.951,-1.031,-0.296,-0.53,-1.031,-1.031,-1.124,-1.124,-1.124,0.951,-0.838,0.951,-0.53,-0.358,-0.296,-1.124,-0.838,0.951,0.951,-1.031,-0.838,0.951,0.577,-0.838,-1.124,-0.296,0.951,0.577,0.951,-0.838,-0.715,-0.358,0.783,-1.124,-0.53,0.9437451561187621,-0.3720344071795985,-0.5415587793852399,-0.32561358420006614,0.565626861012062,-0.5053651715400961,0.9820192094418109,0.6114751620163217
-0.747,-0.525,-0.199,-0.1,2.121,2.121,-0.192,0.058,0.058,2.121,-1.158,-0.747,-1.158,-0.192,-1.158,-0.192,0.058,0.838,2.121,-0.199,2.121,-0.199,-1.158,-0.199,2.121,-0.192,-0.747,-1.158,-0.192,0.838,2.121,-0.199,-1.158,-1.158,0.058,-0.525,-0.525,-0.329,-0.525,-0.329,2.121,0.058,-0.329,-0.192,0.058,2.121,2.121,2.121,-1.158,-0.747,2.121,2.121,-0.192,0.058,-0.1,-0.192,0.838,-0.329,-0.199,-0.747,-1.158,0.8253334658057202,2.121,-0.11596940800335347,-0.525
-0.796,0.787,0.729,1.557,0.268,0.729,-0.927,0.787,-0.158,0.729,-0.796,1.557,1.001,0.268,1.001,-0.927,-0.158,1.557,-0.927,1.001,0.183,1.557,1.001,0.729,-0.067,0.183,1.557,0.268,0.268,1.557,-0.067,-0.927,0.729,1.557,1.001,-0.067,-0.796,1.557,-0.158,1.557,-0.067,-0.927,-0.796,0.268,-0.158,0.183,0.268,1.557,-0.067,0.729,1.001,1.545767798897913,0.787,1.5900310055830371,0.258046204126701,-0.927,0.7777676191615492,1.6234333906678893,0.9888865159410722,0.17441955754510016,1.656715113690035,-0.08040655961192215
-0.792,-0.764,0.803,-0.792,0.803,-0.094,0.9,0.65,0.65,-0.409,-1.217,0.9,0.803,1.298,0.9,1.298,0.803,-0.764,0.803,0.65,-1.217,1.298,1.298,-0.094,-0.792,0.803,-1.217,0.415,-0.764,0.9,-0.409,0.65,-1.217,0.803,-1.217,-0.764,-0.764,0.803,0.803,0.803,-1.217,-0.764,-0.094,0.65,0.65,1.298,-1.217,-0.792,-0.764,0.415,-0.409,-1.2317911232610452,0.9,-0.8029597060973638,-0.4198593949461822,0.65,0.6364380831542185,0.6817274538354882,0.7099064415941608,-1.2023054457618347,0.7554896275102478,0.7680524874963954,0.803,1.298
1.06,-0.858,-1.104,1.06,-1.104,-0.463,-0.858,-0.612,-0.612,-0.858,1.06,-0.979,-0.979,-0.214,-0.612,-1.104,1.06,-1.104,-0.549,-0.549,-1.104,-0.549,-0.979,-0.549,-0.612,-0.549,-0.979,-0.858,1.06,-0.378,-0.463,-0.858,-0.378,1.06,0.378,1.06,-0.858,-1.104,-0.549,-0.378,1.06,-0.378,0.378,1.06,1.06,1.06,1.06,-1.104,-0.858,-0.979,-0.612,-1.104,-0.979,-0.6253758021156246,-0.9901331430438983,-0.5842977375439276,-0.5579426914299928,-1.1157039457503186,-0.378,1.06,-0.549,0.378,-0.5257368276315688,-0.39057848190842254,-0.5644914188671865
-0.524,1.815,-1.307,-0.089,1.815,-1.029,1.717,-0.373,0.057,-1.307,0.988,-0.373,0.057,1.717,0.958,0.958,-1.307,0.958,0.988,-0.089,1.815,-1.029,-0.524,1.815,-0.373,-1.029,-0.373,-1.029,1.815,-1.307,1.717,-0.373,1.717,-1.307,0.057,-1.029,1.815,-0.089,-1.307,-0.524,-1.029,-0.524,-1.307,-1.029,1.717,-0.089,-0.524,-0.524,0.958,0.057,-0.089,-0.5384423244485523,1.717,0.04265621889468882,0.9465838997322276,-0.09993024252549765,1.6999574463792628,-0.373,-0.06507021286253979,0.988,-0.39613753810678365,1.815,-0.3526729967984009
0.497,0.497,-0.675,-0.701,0.497,-0.504,-0.508,-0.508,-0.508,-0.696,-0.675,-0.696,-0.508,-0.153,0.324,-0.504,-0.508,-0.675,-0.675,-0.696,-1.178,-0.696,-0.153,-1.178,-1.178,-0.701,-0.696,-0.153,0.497,-1.178,-0.504,-0.508,-1.178,-0.508,0.324,-0.696,-0.153,-0.675,-0.153,0.497,-0.701,-1.178,-0.504,0.0,0.497,0.48545376624551584,0.5141676567429859,-0.701,-0.696,-0.7157201243886901,-0.6871399058857518,-0.675,-1.1840011437340532,-1.1528866271546068,0.324,-0.508,-0.013257328857425444,0.5631306944565333,-0.705277605105186,0.6034579104981146,-0.687034982334681
0.704,0.197,-0.416,0.773,0.197,0.773,0.197,1.291,0.197,0.442,1.129,1.291,1.129,-0.653,0.442,1.129,-0.621,1.129,1.291,-0.653,-0.621,-0.271,0.773,0.197,1.291,0.704,0.197,0.704,0.197,0.704,0.442,-0.653,0.442,0.773,0.442,1.291,1.129,0.704,-0.271,1.291,0.197,-0.621,-0.621,-0.621,0.704,1.129,-0.416,1.129,-0.621,-0.621,1.291,0.773,-0.621,-0.653,0.773,-0.621,-0.6690113609878706,0.704,1.291,0.442,0.6930911579957775,-0.6291851445684226,0.718704416196416,-0.416,-0.5962392686807839,-0.5728460085811624,1.2779914071445917,-0.5430567579722794,0.197,0.4297140387043831,-0.6369126462644641
-0.874,-0.803,0.117,0.457,-0.803,0.457,0.804,-0.231,-1.06,-0.231,1.732,-1.06,0.457,0.117,0.117,1.732,-0.892,1.732,-0.803,0.117,0.804,1.732,0.117,-0.231,-0.231,0.457,0.457,-0.892,-0.874,-0.892,-0.803,-1.06,0.457,1.732,-1.06,-0.815,-0.231,1.732,-0.815,-0.815,-0.803,-1.06,-1.06,-0.874,0.804,1.732,-0.874,1.732,-0.803,-0.803,0.804,-0.231,-1.06,-0.231,-0.815,1.732,-0.803,-0.874,-0.815,-1.06,1.732,0.457,-0.892,0.804,-1.0796032865229837,-0.8317584424390891,0.117,0.7865080698033076,1.7182075949159752,0.1046940209384143,0.16734244460400874,1.7430684312075087,-0.803,0.44450804950733735,0.8129699826451809,-0.231,-0.8862751454328199
-0.745,-0.995,-0.995,-1.542,-0.99,-1.542,-1.542,-0.823,-0.99,-0.99,-0.99,-0.99,-0.869,-0.869,-0.618,-0.823,-0.06,-0.99,-1.542,-1.542,-0.995,-0.674,-0.588,-0.869,-0.588,-0.618,-0.588,-0.99,-1.542,-0.674,-0.588,-0.06,-0.995,-1.542,-0.674,-0.995,-1.542,-0.823,-0.99,-0.869,-0.823,-0.99,-0.745,-0.674,-0.995,-1.542,-0.823,-1.542,-0.745,-0.588,-0.618,-0.618,-0.674,-0.745,-0.588,-0.823,-0.869,-0.880693315014502,-0.618,-0.6874607922734307,-0.8385914342676437,-0.8039158390663627,-0.995,-0.6408386352792982,-0.99,-0.6093292001724326,-0.8567231108828482,-0.5986518354383334
1.522,0.259,-0.765,1.522,-0.705,0.305,-0.895,0.609,-0.765,1.522,-0.942,-1.078,-0.895,-0.765,-0.705,-1.078,-0.942,-0.942,-0.507,-0.895,0.305,0.259,-1.078,-0.895,-0.705,-0.705,-0.942,0.609,-0.895,1.522,-0.765,0.609,0.259,-1.078,1.522,-0.765,-1.078,-0.895,0.609,0.609,-0.942,-0.705,0.305,0.305,-0.507,-0.765,0.305,-0.705,0.609,0.305,-0.507,0.259,-1.078,-0.507,-0.895,0.609,-0.942,-0.9070951263266505,-0.5204492448888058,0.5985297396632011,-0.8796377693059133,-0.9569200824557221,0.305,-0.765,0.259,0.6626898965390758,-0.7805100243348418,-1.0936225634132897,-0.7329041489612939,1.522
-1.042,-0.352,-0.352,-0.352,0.06,-0.363,0.413,-1.042,1.298,1.802,-0.884,0.574,1.298,0.413,-0.884,-0.352,-0.352,1.802,-0.352,-1.042,-0.884,1.298,-1.042,0.413,-1.042,0.06,-0.884,-0.352,-0.352,-0.884,-0.363,1.802,0.413,-1.042,1.298,0.06,1.802,0.413,-0.363,-0.352,-0.3729329236958937,1.802,-1.042,0.574,0.5536005930145665,0.5763079346366738,-1.0537523635301795,1.298,0.413,-0.3308459429128273,-0.884,1.7877552728855197,-0.8944335661725873,1.8268891064047763,0.06,0.04244862135269192
-0.671,-1.296,0.466,0.466,-0.671,1.239,-1.07,-1.07,-0.465,-1.07,-1.296,-1.42,-1.42,-1.42,-0.143,-1.296,-1.07,-1.42,-1.42,-1.07,-1.42,0.817,-1.07,0.466,-1.42,-1.07,-0.465,-1.42,0.817,1.239,-1.42,-0.671,-0.671,-1.42,-1.296,-1.296,-1.42,1.239,0.466,-1.296,-1.07,-1.07,-1.42,-1.296,0.466,1.239,1.239,0.481,0.481,0.46616603221454855,0.4978399806766471,0.817,0.5377512119555897,-0.143,-1.296,-1.3080487474388978,0.5752405936856237,0.466,0.4492487875169691,0.49220251340829213,-0.15436537544558088,-0.671,0.5329645250410326,-0.6861035723385248
0.145,1.098,-0.371,0.145,-0.005,-0.005,1.098,-0.165,1.098,0.787,-0.005,0.145,-0.005,-0.241,-0.005,-0.371,-0.439,-0.165,-0.439,1.098,0.437,0.787,0.787,-0.583,-0.241,1.098,-0.371,0.787,0.145,-0.005,-0.583,-0.165,-0.005,0.145,0.787,-0.439,-0.005,0.787,-0.005,1.098,0.145,-0.371,1.098,-0.165,-0.583,0.145,-0.583,-0.371,-0.165,1.098,0.1296896147488634,-0.1752567928572269,-0.5950295016093459,-0.3882706471226887,-0.14455387840442027,0.437,-0.241,-0.005,-0.5469720771647913,-0.3518548009264085,-0.2593764191317779,0.17120936846681212
-0.788,-0.788,1.345,-0.788,0.176,-0.788,-0.788,1.468,-0.788,-0.802,-0.802,-0.788,-0.695,0.912,0.912,-0.802,-0.177,-0.695,1.345,0.912,0.176,1.345,-0.788,1.725,1.345,-0.695,1.468,-0.788,1.725,-0.788,0.912,-0.788,1.725,1.725,0.176,1.725,-0.788,1.468,1.468,-0.788,-0.788,1.345,-0.788,-0.802,-0.788,-0.788,-0.695,-0.695,-0.788,1.468,-0.802,0.912,-0.788,-0.788,0.8990192609957469,-0.695,-0.806812262109435,-0.8142454627112823,-0.7771049784555758,1.725,1.7031792405735935,1.345,1.468,1.453191493823667,-0.7396047263310009
0.598,0.626,-1.137,0.626,-1.083,-0.851,-1.112,-0.851,0.626,1.826,0.626,0.598,-1.112,-1.137,-0.015,1.826,-1.137,-1.083,0.626,-1.083,1.826,-0.015,-1.112,-1.137,-0.851,-1.112,-1.083,0.598,-0.015,1.826,-0.851,0.598,-1.083,0.598,0.598,-1.083,-1.112,-0.851,-1.137,-1.137,1.826,-1.137,0.626,-1.112,-1.083,1.826,-1.112,0.626,-1.137,-0.851,-0.015,0.598,-0.033100630930052694,0.598,-1.137,-1.1594048817302434,-1.112,1.826,0.58379027240707,-1.137259493528588,-1.083,-0.851,1.8154198301060371,-1.1103514888284245
0.07,-0.651,-0.98,-0.827,-0.754,0.56,-0.854,-0.862,0.56,-0.854,-0.862,-0.854,-0.98,0.694,0.56,0.694,-0.651,-0.754,0.694,0.56,-0.513,-0.98,-0.862,-0.513,-0.98,-0.98,-0.513,-0.862,-0.854,0.694,-0.862,-0.862,-0.862,-0.854,-0.98,-0.862,-0.854,-0.827,0.07,0.07,-0.651,-0.862,-0.754,-0.827,0.56,-0.862,0.56,0.56,-0.827,-0.862,-0.854,-0.872367575382941,-0.8769131701529047,-0.754,-0.98,-1.00161584489817,-0.513,-0.8434918994848517,-0.8127778366884677,0.694,-0.9396111103949515,-0.827,-0.8984772603687484,-0.5246600059860279
1.815,-0.957,-0.553,1.815,-1.033,1.612,1.424,1.815,0.012,-0.957,1.815,-1.033,1.552,1.424,-1.033,-1.033,0.012,1.552,-0.553,1.815,1.552,0.012,-0.516,-1.033,1.815,0.549,0.012,1.815,1.424,-0.553,1.552,-0.957,-1.033,1.612,1.612,-0.516,1.424,1.424,1.612,1.612,0.012,1.612,1.612,-0.957,0.012,1.552,-0.553,1.612,-1.033,1.612,1.612,-0.957,0.012,-0.969991403506799,-0.516,-0.553,1.5970038466093348,-0.9138100684395924,1.552,1.6177442458030356,-0.5293605630468515,1.64870043685127,1.536644522437611,-0.8874327329556863,-0.4924386076610498,1.6868286896256524,-0.8412692130267587
-0.851,2.29,-1.249,-1.023,1.072,-0.963,-1.249,-1.249,-0.963,1.54,-0.851,-1.249,2.29,2.29,-0.323,-0.323,2.29,-1.023,-0.963,1.157,2.29,1.54,-0.714,-1.023,-1.249,-0.963,1.157,-0.963,-1.023,-0.963,-1.249,2.29,-1.023,2.29,1.072,2.29,2.29,-0.963,1.54,-0.851,1.54,-1.249,-1.249,-0.851,2.29,-0.714,-1.023,-0.851,-1.023,-0.851,1.54,-0.714,1.157,1.072,-1.023,-1.249,-0.323,-0.963,1.54,-1.0334821160972414,-0.714,-0.7339302946004356,1.157,-0.33554883363085186,-1.2606180667477234,-0.3017631038238456,-0.684715767607778,-0.851,-0.8688234159904108,-0.6323616031018181,-1.0034069696427645,-0.9751079872860203
0.675,0.879,0.879,-1.345,0.303,0.675,-0.331,0.253,0.675,-0.739,-0.834,0.675,0.253,0.879,-0.331,-0.739,-0.276,-1.345,-0.739,-0.331,-0.834,-1.345,-0.739,-0.739,1.518,-0.331,1.518,0.303,1.518,-1.345,1.518,-0.834,0.303,-0.739,0.879,-0.834,0.303,-0.331,0.879,-0.739,-1.345,-1.345,-0.331,0.253,1.518,-0.834,-0.331,-1.345,-0.834,1.518,-1.345,-0.276,-1.345,-0.834,-0.276,-1.345,0.303,-0.739,0.675,0.253,-0.2835254044628357,-0.331,0.663138665645918,-0.34915748621496984,0.23645623757385748,0.7216192370099942,0.29465027837855273,0.24580297098264234,1.518
1.572,2.265,1.804,1.572,1.866,1.572,2.265,-1.179,-1.179,1.804,1.572,-1.179,1.866,0.461,-0.671,1.866,-0.671,2.265,1.6,1.866,-0.691,1.572,2.265,-1.179,-1.179,-0.671,0.2,1.866,0.2,-0.671,-0.691,1.6,2.265,2.265,1.6,-1.179,-0.671,1.804,2.265,1.572,-0.691,1.6,1.866,1.804,-0.691,0.461,-1.179,1.804,0.4503511532519371,-0.671,1.572,-0.6879890306958253,-0.6581073087234736,-1.1867215559073223,1.5606838373487126,1.866,-0.7018545660768043,1.5855489620332415
-1.077,-0.878,-0.422,-0.95,0.237,0.237,-0.878,-0.878,-1.077,-0.95,-0.878,-1.077,-0.422,0.237,-0.51,-0.51,-0.878,-0.422,-0.422,-0.95,-0.95,-0.439,0.755,-0.878,-0.51,0.237,-1.077,-0.95,-1.077,1.257,-1.077,-0.95,-0.878,0.237,0.755,-0.439,1.257,-0.51,-0.422,1.257,-1.077,-0.439,-0.439,-1.077,0.755,-0.422,0.755,-0.422,-1.077,0.237,1.257,1.257,0.755,0.237,-0.878,-0.439,-1.077,1.257,-1.0976058661234855,-0.95,-0.51,1.242238960509843,-0.4473119827719026,0.0,0.22337307533897865,-1.0672886663899612,-0.9651956585598402
-0.654,-1.107,-0.654,-0.944,-1.107,-1.239,-1.239,-1.239,-1.107,-0.944,-1.239,-1.108,-0.371,-1.108,-0.371,-0.654,-1.239,-0.944,1.282,-0.542,-1.108,-0.371,-1.108,-1.239,1.282,1.282,-1.107,1.833,-1.108,1.833,-1.239,-0.371,-1.239,-1.107,-1.239,1.833,-0.654,-0.371,1.833,-0.542,0.331,-1.107,1.833,-1.108,-0.371,-0.944,-0.944,0.331,-1.107,-1.108,1.282,-0.654,-1.107,-1.123419599779882,0.331,-0.6678294278027362,-0.542,-1.108,-0.6235900922487879,-1.239,1.273928488513349,0.32097560610025855,-0.5555815885697697,1.3152579712014532,-1.1211229274738348,0.35397725990515266
0.587,-0.805,-1.375,-0.885,-0.805,-0.838,-0.872,-0.885,-0.922,0.228,-0.922,-0.872,-0.805,-0.872,-0.249,-0.885,-0.249,-1.375,-0.885,-1.375,0.587,-1.375,-0.922,0.587,-0.885,-1.375,0.228,-0.838,-0.872,0.587,-0.922,-0.885,-0.838,-0.249,-0.922,-0.448,-0.885,-0.872,-0.805,-1.375,-1.375,0.587,-0.448,-0.885,-0.448,-0.885,0.587,-0.249,0.587,-1.375,-0.838,-1.375,-0.448,-0.922,-0.9394243974347075,-0.872,-1.3873617872708044,-0.885,-0.805,-0.850703755144917,0.228,0.587,-0.8846331207505441,-0.8891496768108407,-0.45446066074471386,0.2136621662555531
-0.751,-1.234,-1.234,0.761,-0.751,-0.523,1.544,1.544,-0.083,-0.083,-1.038,1.544,-0.083,-0.523,-1.038,-0.523,1.092,1.092,-0.523,-1.234,0.761,0.761,-1.038,-1.038,1.544,-1.234,-0.523,-1.234,-0.751,-0.912,1.544,-0.083,1.092,-1.234,-1.038,-1.038,1.544,1.092,1.092,-0.912,-1.234,-0.523,1.092,-0.912,1.544,-0.912,-1.234,-1.038,-0.083,0.0,-0.912,-0.009559668613622297,-0.0958615163681226,-1.234,-0.059624162763723676,0.021361075634014678,1.092,-1.038,1.0735157820853134,-0.523,-1.0504977206441992,0.761,-0.5352505085933029,0.7433551299968194,-0.751,-0.49975142582556803
0.097,1.137,1.04,1.04,-1.059,-1.059,0.097,1.137,1.04,1.135,0.097,1.139,1.135,-0.415,-1.059,0.097,1.139,-1.059,1.04,-0.879,1.139,-1.059,1.139,1.139,-0.684,-0.189,-0.415,-0.879,-1.059,1.04,1.139,1.139,-0.879,1.137,-0.189,1.135,-1.059,-1.059,0.097,-0.189,1.135,1.137,1.135,-0.684,-0.189,1.04,1.135,0.097,1.137,1.04,-0.684,1.04,1.135,1.137,1.139,1.1233692520267582,-0.415,1.128408680954978,0.097,1.135,1.04,-0.879,-0.8960284889802488,-1.059,1.1712045487987675,1.212451593852891,-1.0735779848311764,1.0239132049471684,-0.4258237595345529,1.1210946521445948,-0.684,-0.8411194782473107,1.2428096046433352
0.799,-0.571,0.799,0.8,0.563,-0.571,-0.108,1.162,-0.941,0.799,-0.941,-0.337,-0.337,-0.268,0.563,0.799,0.8,-0.571,0.799,-0.268,-0.941,-0.769,-0.337,0.8,0.563,0.799,0.8,0.8,-0.268,-0.769,0.563,-0.108,-0.941,-0.268,-0.941,-0.941,0.563,0.799,0.8,-0.769,-0.337,-0.108,-0.941,1.162,1.162,0.8,-0.337,1.162,0.8,-0.3538999156728694,-0.769,-0.268,-0.3089750349729281,-0.28297038219850673,-0.108,0.563,0.7901368125862824,-0.23362052141621933,-0.2289313306615406,-0.12145662551115825,-0.941
1.396,1.396,1.09,1.09,0.004,-0.749,0.669,-0.191,-1.082,-1.082,0.811,0.669,-0.191,-0.27,-0.749,1.396,-0.057,1.09,-0.749,1.09,1.09,-1.082,-0.191,-0.27,0.004,0.004,-1.082,1.09,1.396,1.09,1.09,-0.057,-1.082,-1.082,-0.191,-0.27,-1.082,0.669,1.09,-1.082,-0.191,0.669,1.396,1.396,0.811,1.396,0.004,-0.057,-0.749,1.396,0.811,-0.749,1.09,0.004,0.004,1.09,-0.057,1.0797445819652578,-0.06930671226160548,-0.191,-0.27,-0.20593077408880422,-0.004950644416979915,-0.749,1.396,-1.082,0.669
-1.018,0.73,-0.564,-0.612,0.166,-0.564,-1.306,-1.306,-1.306,-1.306,0.73,1.043,1.342,-0.612,-1.129,-0.612,-0.903,-0.903,-0.612,-1.306,-1.129,-0.903,-1.306,1.043,1.043,-0.564,-1.129,-1.018,0.166,1.342,0.73,1.342,-0.564,-0.903,-1.018,-1.129,1.342,0.73,-0.612,-1.306,-1.018,-0.903,-1.306,-1.129,1.043,1.043,-1.306,-1.129,1.043,0.166,-0.612,-1.306,0.166,1.342,1.043,-0.6284502364210125,1.0230685277311562,-1.018,1.0401182079799978,1.08756707373345,0.73,-1.129,-1.1425209439232236,-1.316895049308892,-0.5826856769104337,-1.1049998796014537,1.1004557917757611
-1.043,-0.73,-1.079,-1.043,0.837,1.475,-0.152,-0.73,-0.565,-0.152,1.475,-0.81,-0.152,-0.73,0.837,-0.565,-0.565,1.475,-1.043,-0.81,-1.079,-1.079,-0.73,0.837,-1.079,1.475,-0.81,-0.565,-1.079,-0.565,0.764,-1.043,-0.81,-1.043,-0.152,-1.079,1.475,-0.565,0.837,0.837,0.441,0.764,0.837,0.764,-0.152,0.441,1.475,0.4292925193810293,-0.73,-0.1693271939227908,-0.565,-1.079,1.459160474915695,-0.5741001082646611,-1.0950893611207915,0.837,-0.5415832479869148,0.764,-0.5077188056381429,0.747119634962141,-1.043,-0.47837259797647635
0.163,-0.862,-0.825,-0.825,-0.414,-0.418,-0.689,0.701,-0.326,-0.862,-0.825,-0.326,-0.862,0.679,0.679,0.163,0.679,-0.862,0.679,0.701,-0.326,0.163,-0.414,-0.689,0.679,-0.689,0.679,0.701,0.679,-0.414,0.163,-0.418,-0.825,-0.326,-0.862,0.163,0.679,-0.326,-0.414,-0.689,-0.862,-0.143,-0.825,-0.414,-0.825,-0.326,-0.689,0.679,-0.689,0.701,-0.143,0.6883370300126379,-0.418,-0.7013611535672277,0.163,-0.414,-0.15386089275569242,-0.42956579107836135,0.7349364378370532,-0.862,-0.43110301677067236,-0.42044139144300435
-1.181,-0.746,-1.181,-0.263,0.407,-1.181,0.407,-0.746,-0.746,-0.263,0.407,-0.263,-1.181,-0.263,-1.181,-0.93,-1.181,0.46,0.46,-1.181,1.799,-0.746,-0.746,1.799,0.46,-0.93,-0.746,-1.181,-0.688,-0.688,0.508,1.799,0.407,-0.688,-1.181,0.46,1.799,-1.181,-0.746,-0.93,-0.93,-0.407,-0.746,-0.263,0.46,-0.688,1.799,0.407,-1.181,-0.263,-1.1937529217065348,1.799,-1.1683423619049484,-0.746,0.46,0.407,0.4397414665500302,0.3929260242059066,0.4258601737638508,0.4717728348250267,-0.93,-0.688,-0.407,0.5087999858914964,0.508,-0.9401784751996652,-0.7577074126110518
0.313,-0.89,1.878,0.85,0.803,1.001,1.001,0.313,1.601,1.001,1.001,-1.076,-0.89,1.001,-0.89,1.601,1.472,1.472,1.001,1.001,0.85,0.313,0.85,1.001,-0.89,-0.754,0.313,1.878,0.313,-0.89,1.601,1.878,-0.89,0.313,-1.076,1.001,-0.754,-1.076,1.878,1.472,0.803,-0.754,-1.076,1.601,1.472,1.472,0.803,-1.076,1.878,1.001,1.8666377179574083,0.79092519389437,-1.0810376551747196,1.472,1.4503481762664616,1.601,0.983546974563357,-1.0456056685745323,1.8926269693093452,0.313,1.4835173874131422,1.9343276971804269
-0.526,-0.846,-0.78,1.708,1.344,-0.511,0.078,1.576,1.708,-0.526,-0.846,1.576,1.576,1.708,-0.526,1.576,0.078,-0.643,-0.846,0.273,0.078,-0.643,1.576,-0.526,0.273,-0.78,-0.526,-0.78,0.273,1.576,-0.526,1.576,-0.643,1.344,0.078,0.078,1.576,0.078,0.273,-0.511,-0.846,0.273,-0.526,-0.526,0.078,1.708,0.273,0.078,1.708,1.344,-0.526,-0.643,0.078,-0.5420226562307354,-0.6554986504997481,0.06311734755844503,-0.511,1.708,0.273,1.344,-0.5265329704242829,0.08322372530174263,-0.78,-0.846,1.576,1.6957173536313541,-0.8601070273340287,1.7412806564230052,-0.7931499855960064,-0.827246808022668
-0.36,-0.886,-0.416,-0.314,-1.374,-0.679,0.551,-0.416,-0.679,-0.314,-0.338,-0.679,-0.886,-1.374,-1.374,-0.314,-1.374,-0.85,-0.314,-1.374,-0.36,-1.374,-0.679,-0.314,-0.416,-1.374,-1.374,0.551,-0.85,-1.374,-0.886,0.551,0.551,-0.019,-0.416,-0.886,-0.679,-0.416,-0.338,-0.338,-1.374,-1.374,-0.85,-0.886,-0.314,-1.374,-0.019,-0.85,0.551,-0.679,-0.314,-0.36,-0.886,-0.3769901701898682,-1.374,-1.3879821696353363,-0.6947578332483603,-0.416,-0.034118953590518614,-0.44050901101573653,-0.32872329740183026
0.425,-0.703,-0.922,0.425,-1.03,-0.922,0.291,0.425,-0.703,-0.922,0.291,-1.03,-0.922,0.194,1.258,1.258,-1.068,0.291,-1.03,-1.03,-1.068,1.258,-0.703,-1.03,0.477,0.194,-1.068,-1.068,-0.623,-0.922,1.258,-1.068,0.291,-0.623,-1.03,-1.068,-1.03,0.194,-0.922,-0.922,-0.922,1.258,-0.703,0.291,-0.623,-0.922,1.258,-0.922,-0.703,0.291,0.425,-1.068,1.258,0.41616876348653936,-1.03,-0.623,0.4521105995200259,0.49597993733776286,0.194,0.291,0.477,1.2437314696160124,0.27441363332382473,-1.0789077633689914,0.2987243485778612
-0.435,-0.435,-0.413,1.345,0.62,0.62,-0.222,-0.131,-0.807,-0.913,1.345,-0.222,0.62,-0.413,-0.849,1.345,-0.413,-0.435,-0.913,0.589,0.589,1.345,-0.413,-0.435,-0.913,-0.913,-0.807,-0.131,-0.807,-0.849,0.62,1.345,-0.913,-0.435,-0.849,0.62,-0.131,0.589,0.589,0.589,-0.807,0.62,-0.913,-0.849,-0.9223822068257216,-0.9095076881546222,0.6043220360431795,1.345,-0.435,-0.8680898799416172,0.6377419227708336,-0.4456349363070507,-0.131,-0.4060160115787472,-0.8386934422408178,-0.8757569216535828,-0.222
0.991,-0.937,-0.382,1.971,0.728,2.176,-0.937,-0.522,2.176,1.971,0.728,2.176,-0.522,0.195,-0.577,-0.459,-0.937,2.176,-0.459,2.176,-0.382,2.176,-0.937,-0.459,2.176,-0.577,0.195,-0.382,0.195,-0.577,0.991,0.728,-0.459,0.195,1.971,0.991,1.971,2.176,0.991,2.176,0.991,0.195,1.971,0.195,-0.382,0.195,-0.522,2.176,0.728,0.991,0.195,-0.459,-0.5313867776834932,1.971,0.9792946126179396,-0.476182115675311,-0.382,-0.577,-0.39468416736191164
1.879,-0.835,-0.496,-0.576,-0.216,-0.496,-1.096,-0.835,-1.096,-0.906,1.879,-0.576,-0.409,-0.576,1.879,1.879,-0.496,-0.835,-1.096,-1.096,-0.906,1.879,-0.216,-0.216,-0.835,-0.906,-0.496,1.494,-0.835,1.879,-0.216,-0.576,-0.496,-0.576,-0.576,-0.216,-1.096,-0.906,-0.906,1.494,-0.576,-0.119,-1.096,-0.835,-0.216,1.494,-0.409,1.494,1.879,-0.496,1.494,1.879,-0.496,-0.216,-1.096,-0.496,-0.835,-1.104576134866301,-1.0545564544439716,-0.409,-0.576,-0.119
1.171,1.171,1.845,1.845,-1.04,-1.04,-0.598,-0.423,-0.669,1.171,-0.423,-0.797,0.851,0.797,-1.04,1.845,-0.626,-1.04,1.171,1.845,-0.626,0.797,-0.423,-1.04,0.851,-0.423,-0.669,-1.04,-0.797,-0.423,0.851,-0.797,-0.626,1.845,0.797,0.797,-0.797,-0.423,-0.423,-0.423,-0.797,-0.423,-0.626,1.845,1.845,-0.423,-0.598,-0.669,-1.04,-0.6834028641021234,1.845,1.171,-0.797,-1.053360647722252,-1.0303258332151985,1.8358610158226527,-0.6412594862479062,-0.423,-0.44477102342545505,0.851,1.8647580256102252
1.039,0.663,-1.218,0.663,1.039,-0.663,-0.663,1.039,-0.889,-0.889,-1.198,-0.373,-0.889,-1.218,-0.889,1.039,-1.198,0.156,0.663,1.559,-1.198,-1.218,0.156,-0.701,-1.218,0.156,0.663,-1.218,1.559,-1.198,1.559,-1.218,-1.218,-0.889,-1.218,1.039,-0.889,-1.218,0.156,1.559,-1.198,-0.663,1.039,0.663,-0.701,-0.889,-1.218,-0.373,-1.198,-1.198,1.559,-0.889,1.039,-0.663,-0.6815916563587501,0.663,-0.9034535182816483,-1.198,-0.6672681898170737,0.6511726211713176,-1.218,-1.2405316882195527,-0.373,-0.6297928981555829,1.559,-0.8435428522468637,-0.701,-1.2121077707140893,-1.2122326872165767,0.7050227133141708
1.252,1.617,0.987,-0.602,1.507,1.507,0.579,0.987,1.252,0.472,1.323,0.579,1.252,1.323,0.579,1.507,0.472,1.252,1.252,-0.602,0.579,-0.156,1.252,1.507,-0.156,1.617,1.617,-0.156,0.406,1.323,0.472,0.579,0.406,0.472,1.252,1.617,0.987,0.472,-0.602,1.617,0.579,-0.602,0.579,1.507,1.617,1.599903821201548,0.987,1.252,0.472,-0.602,0.406,-0.156,-0.6224867735017724,1.6408345638022785,0.9747499938720827,1.4937529197156822,-0.578601321967223,1.323,1.5244519029312584
-0.679,-0.115,-0.8,-0.115,-0.846,-0.77,-0.682,-0.197,-0.846,0.681,-0.115,0.942,0.942,-0.679,-0.8,0.942,-0.679,0.942,-0.8,-0.682,-0.679,-0.679,-0.846,0.681,0.681,-0.8,-0.77,-0.846,-0.208,0.942,-0.682,-0.208,-0.197,0.681,-0.846,-0.679,-0.679,-0.679,-0.846,-0.846,-0.846,-0.8,-0.77,-0.115,-0.208,-0.197,-0.682,-0.846,0.942,-0.77,-0.682,0.9279257435870536,0.681,-0.6940178356433219,0.6663481982396464,0.6859437640062113,0.7324388074726945,-0.679,0.9481892902650012,-0.6413868920465552,-0.115,-0.6927358040552268,-0.7818640730802501
1.093,-0.116,1.198,-0.735,-1.005,-1.005,0.995,-0.735,1.093,0.835,-0.116,0.835,0.835,1.093,-0.735,1.198,1.093,-0.735,-0.818,-0.116,-0.735,-1.005,-0.735,-0.116,-1.005,0.574,-0.435,1.093,1.198,0.835,1.093,-1.005,0.835,0.835,-1.005,-0.818,-0.435,-0.818,1.093,0.995,0.995,-0.818,0.835,-0.116,-0.116,-0.735,-0.818,-1.005,0.995,0.574,-0.8317606266644019,-0.7937282316057237,-0.435,0.9872344126129261,-0.116,-0.7479298673967959,1.198,-1.0157907545756182,1.1765953449758362,-0.7082399275337006,-0.735,1.093,-0.13169422668772093,0.835,-0.4448122851612961,0.8198505521373073,1.083611230491365
0.47,-0.592,-0.605,-0.592,-1.139,1.587,-1.139,-0.057,-0.143,-1.139,0.47,-0.571,-1.139,1.172,-1.139,-0.571,0.47,-0.605,-0.057,-0.057,-0.173,-0.592,-0.057,1.172,1.587,0.47,1.587,-0.057,1.587,-1.139,-1.139,1.587,0.47,-0.605,1.587,-0.173,-0.571,-0.057,-1.139,1.172,-0.143,-0.592,-0.605,-0.173,0.47,-0.6175560497619063,-0.5841767121961695,-0.5561443088205891,-0.5757785246313096,-0.18609933720409758,-0.1632050352597322,1.1631807087221866,-0.15679628817574362,-1.154026055576105,-0.5334409890509328,-0.0695616452435307
2.626,-0.098,-1.09,-0.944,-0.754,2.626,0.821,-0.77,-1.09,-1.09,2.626,2.626,-0.944,-0.098,-1.09,-0.944,0.821,-0.098,0.821,-1.09,-0.098,0.394,0.821,-0.77,-0.77,0.821,-0.754,-0.098,0.142,1.276,-0.944,-0.77,-0.754,2.626,-0.098,1.276,-0.77,-0.754,1.276,-1.09,-0.944,1.276,-1.09,-0.77,-0.944,0.394,2.626,0.821,-0.77,-0.944,2.626,0.142,-1.09,0.821,-0.098,0.142,-0.10768166550481988,-0.06947021198455686,0.8093308864835292,-0.754,-0.77,-0.7682134311766234,-0.7424145177903754,-0.7810933432949736,0.1332541570658242
0.952,-1.148,1.599,2.3,0.391,-0.538,-0.738,0.391,-0.036,0.952,0.014,0.014,0.014,0.952,0.014,2.3,-0.036,-0.538,0.952,-1.148,-0.831,0.014,2.3,2.3,-0.036,-0.738,1.599,2.3,0.391,2.3,0.014,0.014,1.599,2.3,-0.831,-1.148,2.3,2.3,0.952,-1.148,0.391,2.3,-0.738,1.599,-1.148,-0.831,-1.148,2.3,0.014,0.391,2.3,2.3,2.3,-0.036,0.952,1.599,-0.738,0.9355826838805179,-0.831,-1.148,1.5818023309888511,0.391,0.014,2.293346283948998,-1.1601885794722886,-0.004068213893336664,-0.8459554416926891
0.134,1.444,0.134,0.463,0.053,-0.327,-0.337,0.134,1.444,0.053,-0.327,-0.785,-0.463,-0.785,-0.337,0.28,-0.327,0.134,-0.785,0.808,-0.327,0.808,0.28,-0.463,-0.337,0.808,-0.337,0.053,1.444,0.053,-0.337,0.808,0.463,0.053,-0.337,0.463,1.444,-0.785,0.053,0.808,0.463,-0.463,-0.327,-0.785,0.463,0.134,0.463,0.44563143796648297,-0.327,-0.785,0.808,-0.463,-0.337,-0.47984732487057946,0.053,-0.338227718802503,-0.7925844647651881,1.444,-0.35188825802300305,0.48085161593970405,1.4260569639046126,-0.4408071570810241,0.28
0.502,1.047,0.924,0.924,-0.327,0.79,-0.272,2.357,-0.945,0.79,-0.272,0.79,-0.945,2.357,2.357,-0.945,1.047,-0.633,-0.327,0.924,0.502,-0.945,1.047,0.79,-0.272,0.706,-0.633,0.502,0.79,2.357,-0.945,-0.272,0.502,-0.327,-0.272,2.357,-0.945,0.502,0.502,2.357,0.924,-0.945,0.706,0.502,2.357,-0.327,0.502,0.502,-0.633,-0.272,0.79,2.357,0.706,1.047,-0.6435128006395974,-0.327,-0.945,2.350436054144568,0.490684236828997,1.0368728174829998
-0.999,-1.111,-0.276,-0.829,-1.111,-1.091,-0.276,0.1,-0.276,-1.079,-0.829,-0.956,-0.829,-1.111,-1.111,-0.948,-1.111,-1.091,-1.111,-1.079,-0.276,-0.948,0.1,-0.956,-0.628,-1.091,-1.091,-0.999,-0.628,-0.948,-1.091,-0.948,-1.091,-0.999,-0.956,-1.079,-0.956,-0.628,-1.091,-1.079,-1.091,-1.111,-1.091,-0.276,-1.079,-0.829,-1.091,-0.956,-1.079,-0.948,-1.111,-1.079,0.1,-0.999,-0.948,-0.829,-0.948,-0.829,-0.628,-0.956,0.1,-0.6428227183048123,-0.276,-0.844971152864095,-0.28939776932074474,-0.999,0.08550265487070834,-0.9707408507312506,-1.111,-0.6073177599332832
-1.097,-1.097,-1.006,-0.262,-0.337,-1.097,1.377,0.808,-0.262,0.808,-1.025,-1.025,-0.262,-1.097,1.09,1.09,0.808,-0.337,-1.006,-1.097,-1.097,0.808,-0.262,-1.025,-0.337,0.808,1.377,1.377,-1.097,-0.337,1.09,-1.006,1.377,-1.025,-1.025,-1.025,0.306,0.808,0.306,-1.006,1.09,-0.337,0.808,0.306,1.09,-1.006,-1.025,0.0,0.306,-0.008435141146863749,-0.262,-1.041974852119626,1.09,-1.0154822520475797,-1.006,1.377,0.808,-1.0174577693103424,0.02414654784381017,1.0743984355779979,0.7878780890193057,-0.337,0.2961179503140273,1.365322687663683,-0.9818596337703938
0.534,-0.687,0.656,-0.449,0.656,0.641,0.115,-0.204,-0.399,-0.399,-0.449,0.641,-0.204,0.534,1.569,0.534,1.569,-0.449,-0.399,0.641,0.534,0.115,0.534,-0.204,0.115,-0.204,-0.709,-0.399,1.569,-0.709,1.569,0.656,-0.399,-0.449,0.641,1.569,-0.449,1.569,0.656,0.115,-0.687,0.656,-0.399,-0.399,-0.709,0.656,-0.449,-0.709,0.656,-0.204,-0.687,0.656,-0.449,1.569,-0.709,-0.687,1.569,-0.7230363312361163,0.641,-0.6972377117872234,-0.6540081800906724,0.6309879915485761,1.5503688192442282,-0.449,-0.6806506849475211,0.656,-0.46558486547367856,-0.4251351805723084,0.640281556450958,0.7012456395268339,-0.6264158854955881,1.591173638628597,-0.6026886517274151
0.58,-1.345,-1.345,-1.092,-0.228,-0.228,-1.345,-0.96,1.096,0.58,0.58,-0.228,0.58,-1.345,0.019,-1.345,-1.092,0.58,0.58,-0.96,-1.092,-0.246,-1.042,1.096,-1.345,-1.092,-1.345,-1.042,-1.345,0.443,-1.042,0.019,-0.96,-0.228,0.58,0.019,-0.246,0.58,0.58,0.58,-0.96,-0.228,-1.042,0.58,1.096,1.096,-1.042,-0.246,0.58,-1.092,-0.228,-0.246,-1.092,-0.96,-0.228,-0.96,-0.228,-1.345,-1.345,0.443,0.58,-0.228,0.019,-0.24418695189222944,1.096,0.0027556464306696185,-0.96,-0.2129681991208841,-1.3598518130823702,-1.092,-1.1086848001674865,-0.9777111326776015,1.0822232557564313,0.05066668592996625,-0.17797949184856582
-1.217,1.122,1.494,-0.232,1.509,-0.624,-0.624,-1.217,1.122,-0.232,0.67,1.494,-1.217,0.16,0.16,-0.414,0.665,0.665,1.509,1.509,1.494,-1.217,0.67,-1.217,1.494,1.122,-0.624,-1.217,-0.414,1.494,-1.217,-0.414,0.665,1.509,0.665,-1.217,1.509,1.494,-0.414,0.16,-0.624,0.665,0.665,-1.217,0.665,0.665,0.67,-0.414,1.509,1.494,1.4719522799375842,-1.217,-0.624,-0.414,0.16,-0.232,0.14617742316276422,1.5195559895262796,0.665,1.563857363961924,-0.42208434805289646,-0.6329773434312537
0.741,0.483,-1.132,0.741,2.398,-0.979,-0.881,2.398,-0.527,-0.722,-0.881,-1.132,-0.881,-0.11,-0.527,-0.11,-0.722,-0.979,-0.979,2.398,-1.132,-0.722,-0.979,2.398,0.036,0.741,0.741,2.398,-0.979,0.036,-0.527,-1.132,-1.132,-1.132,-0.881,2.398,-1.132,-1.132,0.741,-0.979,-0.979,-0.11,-1.132,-0.979,2.398,-0.979,-0.881,2.398,0.741,-0.11,-0.13528833533394968,-0.979,-0.527,-0.722,-0.881,-0.5427715328474987,0.483,-0.7340499375141988,-0.07496001008078079,2.398
0.875,-0.929,-0.316,0.212,-0.82,-1.023,-0.82,-0.929,-0.929,0.875,-0.929,-0.151,-0.82,1.575,-1.023,-0.82,1.575,1.575,-0.929,-0.929,-1.023,-0.929,0.212,0.875,-0.151,1.575,-1.023,0.875,-0.82,-0.929,-1.023,-0.053,1.575,-0.929,-0.151,-0.82,1.575,0.875,-0.031,-0.82,-0.151,0.875,-0.929,-1.023,-0.929,-0.151,-0.316,-1.0325656965443637,1.575,-1.0136345391460482,-0.16218329246683957,0.875,0.8650798649691687,-0.9430140931903432,1.5638867798823657,-0.9013588159179518,1.6072344119499002,-0.82,1.6552781039682185,0.212
-0.842,-0.91,1.47,0.163,0.163,1.054,1.533,-0.91,-0.91,-0.613,-0.91,1.47,-0.091,-0.613,1.002,-0.842,0.163,1.47,1.47,-0.91,1.47,-0.91,1.054,-0.302,0.163,-0.302,-0.302,-0.302,1.533,0.163,1.002,-0.613,-0.842,1.533,-0.613,-0.091,-0.302,1.533,-0.302,-0.842,1.054,0.163,1.002,0.163,1.002,1.054,1.054,-0.091,-0.091,1.533,1.054,-0.091,-0.613,1.0404570020422128,-0.302,-0.842,-0.6276912710836543,-0.3210080018495779,-0.5998554710976735,1.0743709162282178,1.47,0.163,1.1264724284463423,1.1565897882755187,0.15396854218568698,1.533,-0.5674813175903801,-0.8513078615889582
-0.591,-0.606,-1.039,-0.606,1.751,0.804,1.462,-0.606,0.61,0.743,1.059,0.851,-1.039,0.804,1.751,1.751,1.059,-0.606,1.751,-1.039,-0.606,1.751,0.743,-1.039,0.61,-0.606,1.059,0.743,0.851,-1.039,0.61,-0.591,1.751,0.743,0.851,0.804,1.751,-1.039,-0.606,-1.039,1.462,0.851,1.462,0.743,-0.591,0.743,-0.591,-0.591,1.751,0.743,-1.039,0.851,0.7283141042618487,-0.606,1.059,1.0455609814801865,0.760002972234961,-1.049790135792986,1.751,-0.591,-0.6111477041982408,1.7384434536486078,-0.6171638038521366,1.7821741349751457,1.7983026168674094,-1.0157390068868368,0.61
1.681,1.681,-0.41,1.698,0.564,0.752,1.681,1.681,1.698,1.217,1.036,-0.41,1.036,-0.787,-0.787,1.698,0.752,1.698,1.681,-0.522,1.698,-0.15,1.698,1.681,0.752,0.752,-0.41,-0.787,1.698,0.752,1.217,1.217,0.564,-0.41,0.564,-0.522,-0.41,1.217,0.752,0.752,1.217,0.752,1.036,-0.15,1.681,-0.41,-0.522,-0.16877370636407185,-0.787,1.217,-0.42037931772766407,1.669970374208416,1.036,1.0193306204675243,-0.13307160599994947,1.05519179873294,-0.09389643004369211,-0.5347454820339287,-0.800610234095442,1.698,0.752,1.7331941375833229
-0.775,1.206,-0.775,-1.106,1.261,1.213,-0.755,-1.039,-0.775,-0.658,-0.775,-1.106,-0.658,-0.84,-0.84,-0.189,1.213,1.206,-0.189,-0.775,-1.039,-1.039,-1.039,-0.84,-0.775,1.261,-0.84,1.206,-0.755,-0.755,-0.775,1.213,-1.106,1.213,-0.755,-0.775,-0.658,-1.106,-0.189,-1.039,1.213,-0.84,-0.755,-0.755,-0.775,-0.775,-1.039,1.213,-0.658,-1.106,1.261,-1.106,-0.658,1.206,1.1903745164312085,-0.6768351509024118,-1.106,1.2318272098510221,-0.775,-0.755,-0.6476522115180481,-1.1211986233916418,-1.0656443793698283,-0.189,-0.84,-0.7703691618457459,-1.0446994153518319,-1.039,1.213,-1.0518976086310676,-0.7907560294383218,-0.5977946653148349,-0.7639674706934041,-1.0102267136593084
0.124,-0.244,2.447,0.124,-0.979,0.909,0.08,-0.013,-0.013,-0.979,0.909,2.447,2.107,0.08,2.447,-0.244,2.447,-0.979,0.124,0.124,-0.979,2.107,0.574,-0.244,0.909,0.124,0.909,2.447,-0.979,2.107,2.447,0.08,0.08,0.212,-0.013,0.124,-0.013,2.107,0.08,0.909,2.447,2.447,2.107,0.212,0.909,2.447,0.124,0.08,2.107,0.124,2.107,0.212,0.1936388782753624,-0.013,0.08,0.124,0.2316888493977079,2.447,-0.02094671385178551,0.1125922175077998,-0.979,2.4341043955144017,2.464465110795817,2.09608739379695,2.4893445343354594,0.06712004251414344
0.932,-0.068,0.735,0.409,-0.084,-1.003,0.932,1.053,-1.003,-1.003,-1.003,1.053,0.932,-1.074,0.409,-1.074,-0.084,-1.074,-1.169,0.932,0.932,-0.068,1.053,-1.003,-1.169,-0.084,-1.074,0.409,-1.074,0.735,1.053,-1.003,-0.068,1.053,0.735,-1.169,-0.305,0.409,-1.003,1.053,-0.068,1.053,1.053,-1.074,-0.084,1.053,0.932,-1.169,-1.169,-0.068,0.932,-1.169,0.932,0.932,-0.068,1.053,0.932,0.932,-1.003,0.932,-0.068,0.932,-1.169,-1.003,-1.074,0.9128377224674361,-1.0906591449552419,-0.084,-1.1844866234481621,-0.07867010449766096,-0.10019261115994249,0.9463882790027883,0.9799061162383971,-1.0648059134923873,-0.06355358004297144,0.409,0.3892807353353835,-1.1527416838300726
0.415,-0.733,0.415,0.415,-0.654,-0.088,-0.088,-0.268,-0.733,0.592,-0.739,-0.268,-0.733,-0.209,1.148,-0.209,-0.209,0.592,1.148,0.592,-0.367,-0.088,0.592,-0.739,-0.739,-0.654,-0.209,1.148,-0.088,-0.088,-0.733,0.592,1.148,-0.268,-0.739,-0.733,-0.268,-0.209,0.592,-0.268,-0.209,-0.209,-0.654,-0.209,-0.209,0.592,-0.733,-0.654,-0.739,-0.209,-0.268,-0.22564345406023475,-0.367,-0.733,0.415,-0.38526557451914417,-0.1998436825636618,-0.16719550602786837,-0.654,-0.6681951922502813,-0.13945845485757352,0.592,1.148,-0.6265973946201064,-0.739,-0.088
0.48,0.365,2.164,0.459,0.48,-0.066,0.753,0.459,2.164,0.753,-1.078,-0.151,-1.078,-1.078,-0.82,0.365,-0.82,0.459,0.753,-0.448,-1.078,-0.448,0.365,0.365,-0.151,0.365,0.48,-1.078,2.164,-0.151,-0.066,-0.151,0.48,-0.448,2.164,-1.078,-0.82,-1.078,0.459,0.48,-0.448,-0.066,2.164,0.459,-1.078,0.459,2.164,0.753,-0.448,0.459,-1.078,2.145850206093829,0.44150992110311427,2.1734549897472446,0.4624896616144892,-1.0958841392912684,2.189972846284827,2.2210601998292594,-0.4543711893701568,2.2536860486477024,-0.066,0.7373685974383621,-0.151,-0.43778489899497647,-0.16083359819771462
1.569,0.456,0.832,-0.536,-0.051,0.272,1.569,-0.051,-0.11,-0.536,0.832,0.272,0.456,0.456,-0.343,-0.051,1.569,-0.536,0.832,1.164,1.164,0.272,1.569,0.832,1.569,0.272,-0.671,1.569,-0.536,1.164,-0.11,-0.536,-0.11,1.164,-0.671,-0.11,1.164,0.272,-0.11,-0.051,0.832,0.272,0.456,1.164,0.272,-0.11,-0.11,0.272,-0.343,-0.536,1.569,0.456,-0.051,0.832,0.272,1.569,-0.06515773156820212,0.4429260553590385,-0.671,-0.536,-0.343,-0.11,1.164,-0.00938985071577494,0.81881396714888,-0.3509547565627671
-0.464,-0.464,1.427,1.953,0.76,2.212,-0.865,1.427,0.431,1.778,1.778,2.212,1.953,1.427,1.953,2.212,0.296,1.778,2.212,0.296,1.953,1.953,-0.865,1.427,-0.865,1.427,-0.865,0.76,-0.464,2.212,-0.865,1.778,0.488,1.778,2.212,0.76,2.212,0.296,0.76,1.427,1.953,1.778,0.431,-0.865,0.4183217401549356,2.212,-0.8781554665809819,-0.8482883824071517,1.778,1.427,0.76,0.7451158922804973,1.953,-0.464,1.9365148320164018
-0.771,-0.908,1.139,-1.022,-1.022,-0.182,-1.022,-0.182,1.139,-1.022,-0.908,-0.182,2.201,1.157,2.201,1.157,1.157,0.49,-0.771,1.139,2.201,-0.232,2.201,-0.771,2.201,2.201,-1.022,-0.771,-0.908,2.201,1.234,1.234,-1.022,-0.232,-0.182,-1.022,1.157,-1.022,-0.771,-0.908,-1.022,1.234,1.157,-0.771,-0.182,-0.1937610032184909,2.201,-0.232,-0.908,-0.14693040399884102,-0.24332734212319798,-0.19548941187362362,-0.12061857564746253,-1.0342710322115194,1.139,-1.0232328134674598,-0.7798402552759982,1.2247806779981887,0.49,2.1904986744167028,-0.09991409211724561
0.119,-0.955,0.432,-0.756,-0.756,-0.955,2.024,-0.699,-0.756,-1.112,-0.967,0.432,2.024,-1.112,-0.955,-0.967,0.432,1.587,2.024,1.587,2.024,-0.74,0.119,-0.967,-1.112,0.119,0.432,-0.955,1.587,0.432,-1.112,1.587,-1.112,1.587,0.432,-1.112,-0.74,0.432,2.024,0.119,0.432,-0.74,-1.112,-0.967,0.432,-0.955,-0.699,-0.967,2.024,-0.967,0.432,-0.699,-0.967,-0.7096675321201429,2.024,-0.9796362559645359,0.119,2.0037018663063346,2.042961385917261,-0.756,-0.6712186234023387,2.0999130221045292,-0.955,-1.112,-0.7693186457679413,1.587
-0.614,-0.614,-0.089,-0.089,0.468,-1.026,1.176,1.176,1.176,-0.789,-0.089,-0.789,-0.614,-0.089,-1.026,-0.563,-0.789,-1.159,-0.789,-0.563,-1.159,-1.159,-1.159,-1.026,-1.026,0.586,-1.026,-0.614,-0.614,-1.026,0.586,-1.159,-1.159,1.176,-0.563,0.462,1.176,-0.789,0.586,-0.789,-1.026,-0.614,-0.789,-0.789,0.468,0.462,-1.159,-1.181446323717871,-1.026,-0.614,-0.6309636790759141,-0.089,0.586,-1.1314542636754625,0.5682669439211229,-0.789,-1.1112937581285225,1.176,-1.0659661196976629,-0.563
-0.745,-1.015,-1.341,2.386,-0.85,2.386,-1.015,-0.85,-1.015,-1.341,-0.648,-1.341,2.386,-0.85,-1.015,-0.85,-1.341,0.24,-1.015,2.386,2.386,-1.341,-1.015,0.24,-1.015,2.386,-0.85,-0.85,-0.648,-0.648,-0.36,-0.85,-0.85,-1.341,-0.745,-1.015,2.386,-0.85,-1.015,-1.341,-0.745,2.386,-0.85,2.386,0.24,0.24,2.386,0.24,2.386,-1.015,-0.745,0.24,-0.85,2.386,-0.8672751119671939,0.0,-0.648,-0.6633962862529683,2.3712456108421094,-1.015,-0.6281099188143631,-0.36,2.4022232213892987,-0.8496395505202531,0.0,-0.8087294884999571,-1.341,-0.016564976976193604,0.23243916046858992,-0.765431351383141,-0.7183240457835414,-1.026791315722147
-0.196,-0.944,1.49,-0.944,-0.269,0.908,-0.196,-0.407,-0.269,-0.196,-0.196,0.908,-0.269,-0.269,-0.269,0.491,1.49,-0.269,0.908,1.354,0.908,0.462,1.49,-0.196,-0.196,-0.944,1.49,1.354,0.908,0.491,0.491,-0.196,0.491,0.465,-0.196,-0.196,-0.269,-0.196,-0.944,0.491,0.908,-0.196,0.908,0.465,0.465,0.491,0.491,1.354,0.908,0.9001945489043223,0.491,-0.407,1.354,-0.196,-0.944,0.465,-0.269,0.4751849453642235,0.9529432842534152,1.49,0.4907507844270286,-0.9562395174813436,-0.21070238186579646,-0.42326008621365113
0.34,1.164,-0.052,-0.669,1.164,0.941,0.2,-0.927,1.164,-0.253,-0.253,-0.669,-0.253,1.953,1.953,0.34,0.2,0.34,0.941,1.953,0.111,0.111,-0.052,0.34,-0.927,-0.927,0.941,-0.253,0.34,-0.052,1.953,-0.052,0.941,-0.669,-0.253,-0.253,-0.253,-0.253,-0.052,0.941,1.953,-0.669,0.941,1.953,-0.052,-0.927,-0.669,0.34,0.3206708066208073,-0.253,0.111,0.08782125907736406,1.953,-0.6832123659036001,1.164,-0.9347625798607501,0.941,-0.2640032555885361,0.3574790816145105,1.9411044270113444,1.9999572843964482
1.783,0.647,-0.302,1.707,1.373,-0.776,-0.302,-0.302,1.783,0.977,-0.776,-0.378,0.977,1.707,-0.378,-0.302,-0.222,0.977,-0.222,1.707,-0.378,1.373,-0.222,0.647,1.707,1.783,-0.222,1.783,-0.378,0.647,-0.778,0.647,-0.776,1.707,-0.378,1.707,-0.778,-0.302,0.977,-0.778,-0.378,1.783,-0.776,-0.378,1.373,1.373,-0.222,0.977,-0.778,-0.23432820955284725,-0.302,1.373,-0.378,1.707,0.9631661727706988,0.989589620307361,-0.7954960233527135,1.3610421144681377,1.6888712026597716,1.3854356632544143,0.647,1.783,1.4218612648352156,-0.20018907091762306,-0.7568056075398677,1.7685674115767687
-1.02,1.826,1.252,0.412,-0.921,1.252,1.252,-1.156,0.999,0.113,1.252,-1.02,1.826,0.113,-1.156,1.826,-0.578,1.826,1.252,0.999,0.999,-1.02,0.113,1.826,-1.156,-0.921,0.999,-1.02,1.252,-0.578,-1.156,-0.578,0.113,-0.578,1.252,-1.156,-0.921,1.182,-1.02,-1.156,0.113,1.252,-0.921,0.999,1.182,1.182,0.999,-1.156,1.826,-0.578,1.252,-1.02,1.826,-0.921,0.412,1.182,-1.156,0.999,0.9826505754007795,1.017772975288092,0.396534736837301,-0.9342388539644279,1.1727292417477442,1.2166789127216486
0.371,-0.289,-1.167,-0.41,-0.41,-0.638,0.371,-0.436,-0.681,-1.167,0.371,-0.638,-1.167,-1.167,-1.167,-1.167,-0.681,0.371,-0.681,-0.269,-1.167,-0.436,-0.269,-0.41,-1.167,-0.41,-1.167,0.371,-1.167,-0.681,-0.289,-0.289,0.371,-0.289,-0.41,-0.681,0.511,-1.167,-0.41,-0.638,-0.436,-0.681,-1.167,-0.41,0.744,0.371,0.744,-0.289,-0.638,-0.41,0.371,-1.167,-0.289,0.511,0.49470987388621,-0.30328109040575063,0.5371368033281145,0.3566433483325533,0.38980024087363363,-0.6520816878839681,-0.681,-0.41783240943098054,-0.269,-0.38847616147357455
0.631,0.208,-0.861,-1.118,1.108,1.108,-0.584,0.903,1.108,-1.118,0.208,-1.118,-0.189,1.186,1.186,0.208,-0.861,0.903,1.186,0.903,1.108,1.108,0.903,-1.118,1.108,0.903,1.108,0.903,1.108,0.631,-1.118,0.208,-0.861,1.108,-1.069,-1.069,1.108,0.903,-0.861,0.208,1.186,0.631,-1.069,1.108,-1.118,-0.584,-0.584,-1.069,1.108,0.903,1.186,-0.861,-0.584,1.108,0.631,-1.069,0.208,-0.584,0.19400859454060426,1.108,-0.861,-0.5991830322531501,1.095665211626742,-0.189,-0.5544720256769741,-1.118,-1.1421599806707767,1.186,-0.5047191023671588,0.2265583830873441
0.398,0.928,0.398,-0.686,-0.836,0.398,0.398,-0.473,-0.321,-0.868,0.398,-0.321,0.404,0.398,-0.359,-0.836,-0.686,-0.321,-0.321,-0.359,0.398,-0.321,-0.836,0.415,0.398,-0.868,0.928,0.398,0.398,-0.359,-0.868,0.398,0.928,0.928,-0.359,0.398,0.928,-0.836,0.928,0.398,-0.473,-0.836,-0.359,-0.473,-0.359,-0.321,-0.686,-0.686,-0.359,0.928,-0.473,-0.321,-0.686,-0.321,-0.321,0.398,-0.473,-0.868,0.415,-0.4887198897201915,-0.836,-0.45191110323621164,-0.8537078018966789,-0.8259152057494258,-0.8856175663596557,-0.787937715054704,0.404,-0.8426422809878819,-0.741379182115298,-0.4067567984520984,-0.321,-0.7188504473297985,0.38526705677391954
0.499,0.587,0.49,0.587,-1.014,1.989,-1.095,0.997,0.49,1.989,-0.589,-1.095,1.989,0.051,0.499,-0.589,0.587,0.499,0.997,0.051,-1.014,1.989,-1.014,-1.095,-1.095,0.051,-0.589,1.989,1.989,-1.095,1.989,0.587,-0.589,0.587,1.989,-0.589,0.997,0.49,-0.589,-1.095,-1.095,-0.589,0.051,0.49,0.051,-1.095,1.989,-0.589,-1.014,0.49,0.587,0.499,1.989,-0.589,0.051,-1.095,0.587,0.49,0.03920383491537824,0.06507039696030789,1.974919999243094,-1.1102591667414525,0.997,-1.0767499067936381,2.0201838665364864,0.4775551461941822,0.9831255204320104,-1.033832940164078,-0.9929480466755451
-0.716,-0.127,-0.958,-0.624,-0.811,-0.811,1.092,-0.029,0.35,-0.813,-0.029,1.092,-0.958,-0.624,-0.716,0.35,-0.716,-0.127,-1.268,1.092,-0.813,1.092,-0.811,-0.813,-0.958,-0.716,-1.268,-1.268,1.092,0.35,-0.029,-1.268,-1.268,-1.268,-0.811,1.092,-1.268,-0.811,-0.958,-0.127,-0.127,-0.958,-0.811,-0.811,-1.268,-0.716,1.092,-0.624,-1.268,-0.958,-0.811,-0.716,-0.624,-1.268,-0.8277246061009012,-0.7283895377092771,-0.127,-0.9665248225745865,-0.029,-0.05006840228282987,-0.6403180456056952,-1.281844897015687,-0.1401953421048101,0.35
-0.767,-0.045,-0.767,-0.018,1.825,-0.045,-0.988,-0.767,-0.978,1.185,-0.978,-0.988,1.185,1.185,1.825,-0.045,-0.78,-0.988,-0.78,-0.978,-0.815,1.825,-0.018,1.825,-0.988,-0.988,-0.978,-0.815,-0.978,-0.978,-0.815,-0.78,-0.988,-0.018,1.825,1.185,-0.78,-0.767,-0.815,-0.978,0.409,-0.767,-0.7825837148530198,1.825,-0.723657105597926,1.185,-0.988,-0.6990790139677099,-0.978,-0.045,1.1730623626396772,-0.018,-0.030815647185136366,1.217079525445517,1.2302842083356085,1.8121364393553894,1.2688326598116113,1.2904610066728672
1.691,-0.951,0.4,-0.951,1.498,0.4,-0.957,0.46,-0.681,1.498,1.691,1.498,0.47,0.47,1.907,-0.681,0.47,-0.681,0.4,0.4,1.691,1.907,0.46,0.47,-0.957,-0.681,0.4,1.907,0.47,0.46,1.498,-0.818,-0.957,-0.951,1.907,-0.818,1.907,-0.818,1.907,-0.957,1.907,1.691,0.46,1.691,-0.951,1.691,-0.818,0.4,0.47,-0.951,-0.9685938662571177,1.691,-0.9301779408984089,-0.681,-0.818,-0.6951305391758053,0.46,0.4462734485085531,-0.8804456143068342,1.498,0.4605506660994322,-0.6684955812788393,-0.6389986067762244,-0.8539227881334629,1.907,0.46398969857330097
-0.476,-0.041,-0.041,1.424,-0.041,-0.041,1.424,-0.388,-0.388,-0.388,-0.476,-0.388,1.869,-0.471,-0.041,-0.553,-0.471,1.869,1.424,1.869,-0.635,-0.041,1.424,-0.553,-0.041,-0.553,1.424,1.869,-0.388,-0.553,1.267,-0.388,1.869,-0.476,-0.388,-0.476,-0.635,-0.388,-0.476,1.267,-0.553,-0.388,-0.471,1.267,-0.471,-0.388,1.267,-0.553,-0.041,1.424,1.267,-0.553,1.2558267208382379,-0.635,-0.5695623249536215,1.869,0.0,-0.476,-0.388,-0.48740616162667594,-0.6423819641056135,1.3062562854863529,-0.011107393377282775,-0.4614835335516544,1.3573703971902287,1.8569798158518698,-0.4413881642803855,-0.5276072414615679,-0.041,-0.3974768367047594
-1.018,-0.083,1.77,-1.018,-0.725,0.759,-0.083,1.509,-0.083,0.177,0.119,-0.083,0.183,1.77,1.509,1.77,-1.018,-0.725,-1.018,-1.018,0.183,0.119,0.183,-0.725,1.509,-1.018,1.77,-0.725,0.183,1.77,1.77,0.177,0.183,1.77,1.77,0.759,-1.018,-0.083,1.509,0.183,0.759,0.759,0.177,0.183,0.16640089076510614,0.759,0.22768530346318905,1.509,-0.083,0.2591503712832907,0.7478916486948557,-1.018,0.17306167381508997,-0.0955872351909616,1.77,0.7885400352633882,0.0,1.7548156589150774
-0.348,0.079,0.621,0.003,0.44,-1.291,0.079,-0.085,-0.085,1.274,0.44,-1.291,-1.291,-1.291,0.079,0.44,-0.085,1.274,0.003,0.621,0.621,0.079,1.274,0.637,-0.348,0.637,-0.348,0.637,0.079,0.079,0.637,1.027,0.079,0.621,1.027,0.079,0.44,-0.085,0.621,1.274,0.079,0.079,1.274,-1.291,0.637,-1.291,0.079,-1.291,-0.348,-0.085,0.003,0.621,-1.291,-0.085,0.637,0.44,1.027,0.079,-0.348,0.4207184129864118,0.066997627655431,1.274,0.003,0.4550560059643829,0.628035159852607,-0.09660037392718784,-0.056943888881513915,0.6720602086591659,-0.008036542571094794
0.527,-1.031,-1.108,0.1,0.18,-0.98,1.527,-0.98,-1.088,-1.088,1.527,1.527,0.527,-1.031,-0.98,-1.108,1.686,-1.088,-1.088,-1.108,0.1,-1.031,1.686,1.527,0.527,0.527,1.061,-1.108,1.061,-0.98,1.061,-1.088,-0.98,-1.108,0.18,-1.088,1.686,-1.031,0.527,-1.108,1.527,-0.98,1.686,1.686,1.686,1.686,-1.088,-0.98,1.061,-1.031,0.527,-1.088,0.1,0.1,0.0885490528469099,1.686,-1.108,0.12921751829361797,0.527,0.5076077054020324,-1.088,0.16895993205501225,0.5267333483468403,-1.120818083302219,-1.0835303013189157,0.5553279022565105,0.20791325836884234,1.061,0.6042885563184672,-0.98
1.538,0.333,-1.056,1.289,1.11,-1.056,1.11,1.289,1.538,1.538,0.338,0.783,0.851,-0.336,0.333,0.338,1.538,-1.056,-1.233,0.333,1.289,0.333,-1.233,1.538,1.538,1.538,-1.233,0.851,0.851,0.851,-1.233,-0.336,-1.056,-1.233,1.538,0.338,1.538,-0.336,0.338,0.333,0.851,-0.336,1.538,1.289,-1.056,1.538,0.333,-1.233,-0.336,0.851,1.289,-1.056,0.783,0.851,0.333,0.851,1.289,1.11,0.338,1.272979850320478,-1.056,-1.233,1.3361222412124616,0.333,0.8384002083323163,-0.336,0.8824864185386408,-1.2463069702673775,-1.2081537565839893,-1.0693974966652395,-1.0248253864648746,1.3869131124381155,0.32492721628168564,0.913487173378282,-1.1600962503984702,0.9492579587260134,1.423330650824265
-0.882,-1.185,0.894,-0.84,-0.546,1.532,-0.84,-0.882,-0.547,-0.27,-0.84,-0.547,0.081,-0.546,0.894,-0.882,1.532,-0.84,-0.545,-0.546,-0.882,-0.27,-0.882,-1.185,-1.185,-0.27,-1.185,0.081,1.532,-0.547,-1.185,0.894,-0.546,-0.27,1.532,-0.546,0.081,-0.27,-0.545,0.894,-1.185,1.532,1.532,0.894,-0.546,-0.547,-0.545,-0.27,-0.29058463939046186,-0.5604729321269819,-0.5616460307979574,0.894,-1.185,-0.556609831178319,-0.5496495393167884,-0.882,0.081,0.8789862657199917,-0.5214863392649571,0.06142993194440817,0.9161619266222188,-0.4864503850789604
-0.663,0.301,0.056,1.754,0.056,1.754,-0.958,0.301,-0.454,1.754,1.754,-0.958,-0.454,0.22,-0.454,1.754,-0.454,-0.433,1.754,-0.958,-0.325,1.754,0.301,-0.325,0.301,0.301,-0.433,-0.663,-0.454,-0.663,0.22,0.056,-0.325,-0.663,0.301,0.301,0.301,0.301,-0.325,-0.433,0.301,0.426,-0.663,-0.433,-0.325,1.754,0.301,-0.958,0.2904519565819117,-0.4472750870912207,0.056,-0.454,-0.34361023268085483,-0.4134861525569434,0.3512284196577953,-0.6746658310802108,-0.365680130741742,-0.6410837106327286,0.22,-0.3257760846271813
0.828,0.284,1.715,1.715,-0.787,1.301,-1.04,1.301,0.284,1.715,-0.251,-1.04,0.828,-0.346,0.828,1.715,-1.04,0.828,-0.251,-0.251,-0.787,-0.251,-1.04,0.828,0.828,-0.251,-0.251,0.828,-0.251,-0.787,1.301,-1.04,1.301,0.284,-0.427,-0.251,-0.001,-0.787,1.715,0.284,-0.251,-0.787,0.828,1.301,0.284,-0.251,-1.04,1.2851129810740347,1.318524331909696,0.2723882472184028,0.828,-1.0550772392095096,-0.787
1.121,-0.512,0.216,0.612,0.216,-1.078,-1.326,-1.078,0.272,0.942,-1.326,-1.078,-1.326,-1.326,1.121,1.121,1.121,-0.512,-0.421,0.516,-0.512,-0.512,-1.078,0.272,-1.326,0.272,-1.078,0.942,-0.421,-0.512,-1.326,-0.421,-0.512,1.121,-0.512,-1.078,0.216,-1.326,0.942,-0.512,-0.421,0.942,0.272,0.942,1.121,-1.078,0.612,-1.078,-1.326,-0.512,1.121,0.942,-1.078,1.1050252171901342,-1.326,0.612,-1.345256719821648,0.516,-0.512,0.9311446415555046,-1.09301615009547,-0.421,1.1592303639838888,0.5045368866754321,0.216,-1.058430896206339,-1.2926798635510803,-1.0244230299921693,0.5498082970857879,-0.5216933149526807,0.9723420627100793,-1.26585337095967,-0.47505604788240824
-0.471,0.609,-0.72,-0.735,-0.471,0.826,0.826,-0.471,-0.155,-0.735,0.826,0.748,0.595,-0.155,0.826,-0.901,0.609,-0.735,-0.735,0.954,0.826,-0.901,-0.901,0.609,-0.735,-0.901,-0.155,-0.901,-0.72,0.595,0.595,-0.901,0.595,-0.901,0.609,-0.72,-0.72,0.826,0.748,-0.901,-0.471,0.595,-0.735,0.609,-0.901,-0.7451597712381479,0.954,0.5895740474405521,0.9390575938863379,0.826,-0.155,0.9860838915996681,-0.17260716253869365,-0.72,0.6471959108410862,0.8118212970811597,-0.471
-0.724,0.397,-1.202,-1.079,-1.079,-0.724,-1.079,-0.724,-0.724,0.397,0.397,0.397,0.004,0.113,-1.202,0.004,-1.086,0.397,-0.681,-1.086,-1.086,-0.721,0.029,0.113,0.029,-0.721,-1.086,-0.721,-1.202,0.397,-1.202,0.113,0.113,-1.202,-1.079,0.029,-1.086,-0.681,-0.721,-0.681,-1.086,-1.086,0.004,-0.721,0.397,-1.079,-1.202,-1.202,-0.724,0.397,-0.721,0.38239987599126746,0.41638054743452474,0.4466942031532544,0.004,-1.202,-0.7317606547383486,-0.681,-1.215209627615199,0.49539291504097005,-1.079,-1.185060021375502,-0.6892713635692725,-1.086,-1.1156852575768685,0.029
0.636,0.217,0.12,1.002,-1.101,0.636,0.217,0.12,-0.521,-1.041,-0.902,0.636,-1.041,-1.101,-1.041,0.217,-1.101,1.002,-1.041,-1.101,-1.041,-0.902,0.211,-1.101,-1.041,-0.521,-1.041,1.002,0.636,0.636,-1.041,-0.902,0.217,-1.041,0.636,1.002,-0.466,-0.902,0.636,0.217,0.636,0.217,0.211,0.12,-1.101,-0.521,-0.902,-0.466,0.636,-0.521,0.12,0.217,0.19604840162498516,-1.101,0.10780546766128501,0.211,1.002,-1.041,0.636,-1.05316343186956,-0.5354043033484034,-0.902,-1.0135012828617513,0.15288627873172667,-0.972011572105897,-0.4824437983022053,-1.1109247008293675
-1.133,-0.912,0.529,-1.133,1.31,0.387,0.387,-1.133,-0.684,-0.251,-1.133,-0.219,-0.251,0.524,1.31,-0.219,0.529,1.31,-0.219,-0.912,0.529,1.31,-0.912,1.31,-0.251,-0.219,0.504,-0.219,0.387,1.31,-0.684,0.387,-1.133,-0.219,-1.133,1.31,0.524,-1.133,-0.251,0.524,-1.133,-0.912,-0.912,0.387,0.524,0.524,-1.133,-0.684,-0.912,1.31,0.504,1.31,-0.219,0.387,-0.2340432756230972,0.529,0.5100340685895903,0.3706879570594485,-1.133,0.524,0.48934093391516154,-0.251,-0.912,0.5258506694566348,-0.684,0.5449849722365127,-0.9277048039616929
2.33,0.461,1.393,-0.404,-0.404,-0.404,0.704,2.212,1.393,0.704,0.601,2.212,2.33,2.212,2.33,2.212,0.461,-0.404,1.393,-0.181,2.33,-0.404,0.461,0.41,0.461,-0.181,-0.198,0.601,2.33,2.33,2.212,-0.404,2.212,2.212,0.704,0.461,0.601,0.704,1.393,0.601,1.393,0.41,2.212,0.704,0.41,-0.198,-0.21522250187500777,2.1983012873580687,2.2432585659933966,0.461,0.4445942229994208,0.6892490761276411,1.393,-0.404,0.4639962897630775,0.740067084695284,2.33,1.3822730448157325,-0.181
-0.48,0.587,-0.744,0.191,0.115,0.935,0.587,0.935,0.191,0.079,0.248,0.587,-0.749,-0.48,-0.749,0.935,-0.7,0.115,0.115,0.115,-0.744,0.115,-0.48,-0.48,0.115,0.191,0.587,0.191,-0.7,-0.749,0.935,-0.744,-0.744,-0.744,0.079,0.935,-0.744,0.587,-0.744,0.248,-0.749,0.191,0.17884910790151187,0.587,-0.744,0.115,0.935,0.2001302053764315,-0.48,-0.749,-0.7542284407624088,0.09854309609078657,-0.49607856462824845,-0.7,0.24528578002350263,0.5682792102604433,-0.4423120049755903,0.5934120090169726,0.645387031896736,0.248,0.1431608614450387
-0.789,1.814,-0.399,1.475,-0.906,-0.847,-0.906,-0.399,1.475,-0.266,1.475,-0.789,-0.399,1.475,-0.399,-1.077,-0.911,-0.847,-1.032,-0.906,-0.399,-0.906,-0.847,-1.077,-0.789,-0.847,-0.906,-1.077,-0.399,1.814,-1.032,-0.399,-0.911,1.814,-0.847,1.475,-1.077,-1.032,-1.032,-0.847,-0.911,1.814,-0.266,1.814,-1.032,-1.077,-1.032,-0.399,-0.906,-0.911,1.814,-0.789,-1.077,-0.906,-0.911,-0.399,1.475,-1.077,-0.40930622073802664,1.814,-0.847,-0.36423744190127594,-0.906,-0.34308113314889926,-0.9138289129102587,-0.8680467508117296,-0.9206548190261413,-1.032,-0.8854156527049677,-0.266,1.4646833652534512,1.4898806105905447,1.8035229128652979
1.408,-1.135,0.335,-0.403,1.065,-0.386,-1.135,-1.162,-0.386,-1.092,-1.162,1.065,1.065,-1.017,1.408,1.408,-1.092,-1.162,-1.017,1.065,-1.162,-1.017,1.408,-1.162,-0.386,-1.017,1.065,-1.135,1.408,-1.092,0.335,-1.162,0.335,-1.017,-1.135,1.065,-0.386,0.335,-1.135,-1.017,-1.135,1.408,-1.162,0.461,-1.092,-1.092,-0.386,-0.386,-1.135,-1.162,0.335,-1.135,0.335,-1.092,1.408,0.335,1.3990757579187734,-0.403,-1.135,-1.017,0.461,-1.030201230202142,-0.996632262181102,-1.1496722460038997,-0.41677287354114845,-1.162,-1.1858858911228778,1.065,-0.386,-0.3947667193911803
1.218,-0.967,-0.967,-1.106,0.706,-0.967,0.706,-1.044,-0.363,-0.54,-0.967,-1.092,-0.54,-1.092,-0.54,-0.527,1.411,-0.967,-1.044,-0.527,-1.092,-1.092,-1.092,-1.092,-1.044,-0.54,-0.54,-0.967,1.411,-1.044,-1.106,-0.54,-0.527,-1.106,-1.106,-0.527,1.218,-1.106,-1.044,-1.092,0.706,-0.527,0.706,-1.106,-0.363,0.706,1.411,1.218,-1.092,1.411,-0.363,-0.3718372663222528,-1.1056074583218707,-1.044,1.20633626945965,-1.0721166569899283,-0.967,-0.54,-0.9763887685962206,-0.527,-0.5424477317145613,-1.051397347646722,1.2241385135377667,-0.5107389840826901,-1.0348191662920287
-1.023,0.078,0.078,-1.023,-0.913,-0.057,1.427,1.427,-0.236,-0.057,-1.023,-0.913,-1.059,-0.236,1.427,0.078,0.078,-1.059,-1.023,-0.236,-0.236,0.078,-0.236,-0.913,-0.022,0.078,-0.057,-0.913,1.427,-0.057,0.091,-0.236,-1.023,-0.913,-0.913,-0.057,-0.057,0.078,0.091,-1.059,0.091,-0.913,1.427,0.078,0.078,-0.018,-1.059,-1.059,-1.059,-0.057,-0.022,-1.023,0.078,0.091,-0.913,-0.018,-0.9262848929753096,-0.022,1.427,0.06435174822981501,-0.8715822515842364,-1.023,-0.031079668888829404,-1.0420783314996687,-1.059,-0.8479825240564325,-0.8062213812126862,-0.004303086761768077
-0.39,-0.49,-1.017,-0.946,0.239,-0.39,-1.017,-1.017,-0.39,-0.946,0.959,-0.679,-0.679,0.757,-0.49,-0.946,0.757,-0.946,-1.017,0.757,0.959,0.959,-0.39,-0.946,-0.49,-1.017,-1.025,1.251,1.251,0.959,-1.025,-0.946,-0.49,-0.39,-0.39,-0.39,-1.017,1.251,-1.017,0.239,-0.39,-0.39,-1.025,-1.017,0.239,-0.49,-1.025,0.239,-0.39,-0.679,-0.49,0.757,-0.4009589979074971,0.959,1.251,0.946854150809802,1.2367182053546715,-0.49640302307786194,0.22685530482069416,-0.946,1.2754249359583112,-0.3483618960670809
-0.008,-0.816,-1.188,-0.486,1.79,-0.816,-0.816,-1.177,2.078,-0.785,-1.177,-0.785,2.078,-1.188,2.078,1.79,-0.956,-0.008,2.078,-0.956,1.79,2.078,-1.177,2.078,-1.188,-1.177,1.79,-0.733,-1.188,-1.188,-1.177,2.078,-1.188,-0.785,-0.956,-0.008,-0.816,2.078,-0.733,-0.956,-0.816,-0.486,-1.177,-0.008,-1.188,2.078,1.79,-0.956,-0.733,-1.188,-1.177,1.79,2.078,2.071290700746129,-1.188,-1.2035335594618923,-0.816,-0.733,-1.1777658447680002,-0.956,-0.7487304663654337,-0.7113257189199106,2.114970462282341,-0.8322461941699214,-0.008,-0.9665326663953117,-1.14175089487245
-0.178,0.066,0.0,0.066,-0.117,1.242,1.642,1.242,1.642,-0.796,1.642,-0.117,-1.259,1.642,0.0,-0.796,-1.259,0.066,-1.259,0.066,0.215,1.642,1.242,-0.178,-1.259,-0.117,-1.259,-0.796,-0.796,-0.178,0.215,-1.259,1.642,0.0,-0.796,0.777,0.0,0.066,-0.796,-1.259,-0.178,1.642,-0.178,0.066,0.215,-1.259,1.642,-1.259,0.066,0.066,0.777,0.066,-0.178,0.215,0.215,0.0,0.066,-0.796,0.215,-0.178,1.642,-0.014957469312540432,0.04418882514486377,0.08147255350419882,-0.117,1.6296435548639916,-0.1932830622508396,-0.1365787483977042,1.242,0.05203967139255328,-0.0808313614453248,0.20435704711466837
1.912,-1.284,0.054,0.574,0.366,0.574,-1.053,0.054,-1.053,0.011,-1.053,-1.284,-1.284,-0.406,-1.284,-0.104,-1.284,0.366,0.574,-0.104,1.912,0.574,-1.053,1.912,-1.053,-1.284,0.054,-0.406,0.366,-0.104,-1.284,0.011,-0.294,-0.294,0.366,0.366,1.912,-1.284,0.574,1.912,1.912,0.574,0.366,-0.104,-0.12383562476686431,-0.294,-1.284,0.011,-0.00413248694614759,0.054,-0.406,-0.4185723901679779,-0.3066404274121386,-0.10903734276424946,0.03787711357024252,0.366,-0.06330523104808831,0.042835194395374976,1.912,0.574
1.608,-0.98,0.91,-1.108,-0.98,-0.647,-0.266,-0.98,1.608,-1.108,-1.108,0.757,1.608,-1.1,-1.1,1.608,-1.1,-0.647,-0.98,0.33,-0.98,-1.108,0.757,1.608,-0.266,-1.108,1.608,-1.1,-1.1,-0.647,-1.108,0.33,0.91,-0.98,-1.108,0.33,1.608,0.999,1.608,0.999,0.999,-1.108,-0.647,-1.1,0.91,-0.98,0.33,0.91,-1.1,0.91,-1.1,-1.1,-0.266,-0.27337871992313706,0.33,-1.1,0.999,-1.113900590819842,-0.98,0.31922218651037815,0.9854228170690127,-1.0886138838579056,-0.9937823327932203,1.608
-0.719,0.138,-0.056,-1.229,-1.229,-0.056,-0.056,-1.229,0.96,-1.176,-1.229,-0.625,-0.925,-1.176,-1.229,-0.522,0.138,-1.229,-0.625,-0.056,-1.176,-1.176,-1.229,-0.522,-0.056,0.374,-0.925,-0.719,-0.925,-0.056,0.138,0.374,-0.625,-1.176,-0.925,0.96,-0.925,-1.176,-0.056,-0.056,0.96,0.96,0.138,-0.522,-0.056,-0.925,-1.229,-0.719,-1.176,-0.522,-1.229,-0.056,-0.925,-0.522,0.138,0.12369165610384363,-1.229,0.15988792653532638,-0.5387351816767485,-0.625,-1.176,-0.6353675906926252,-1.2425306278413932,-0.6101877271491216,0.96,-0.5995845189781676
-1.227,-0.722,-0.784,-1.078,-0.846,-0.784,-1.227,-1.078,1.461,-0.846,-0.731,-1.078,-1.227,-0.684,-0.728,1.461,-1.227,-0.684,-0.404,-0.846,-1.227,-0.722,-0.728,-0.784,1.461,-0.684,-0.728,-1.227,1.461,-0.722,-0.731,-1.227,1.461,1.461,-0.731,-1.078,-0.784,-1.078,-1.227,1.461,-1.227,1.461,-0.846,1.461,1.461,-0.728,1.461,-1.078,1.461,-0.846,-0.846,-0.722,-0.684,1.461,-0.784,-0.731,-0.7965409924771278,-0.404,-0.8587495298081431,-0.4196137716473042,-1.227,-0.37680882144033706,-1.078,-0.6959337498077498,-0.7354730365260361,1.450268444648393
-0.638,0.455,-0.633,-0.878,0.464,-0.638,-0.878,-0.785,-0.143,0.455,0.464,-0.633,-0.23,0.464,-0.65,-0.638,-0.65,-0.65,-0.984,-0.984,-0.785,-0.23,-0.633,0.455,-0.878,-0.785,0.455,0.455,-0.65,-0.984,-0.638,-0.984,-0.65,-0.65,-0.878,0.464,-0.638,-0.143,-0.633,-0.65,-0.65,0.455,-0.638,-0.878,-0.143,-0.638,0.464,0.455,-0.23,-0.65,-0.633,-0.6465378089074882,0.455,-0.785,-0.65,0.464,-0.7956766042678912,-0.7572672171364825,-0.6136989507032761,0.4521896080339751,0.44260727426275437,-0.7060447796572306,-0.23
-1.24,-1.24,0.445,1.461,-0.989,-0.046,-0.989,0.445,1.417,-0.494,0.445,0.445,-0.989,-0.046,-0.989,1.461,-0.778,-1.24,1.461,-1.24,-0.494,1.417,-0.774,0.445,1.417,-0.778,-0.774,-0.494,-1.24,-0.046,-1.24,-0.018,0.445,-0.989,-0.774,0.445,0.445,-0.494,-1.24,0.445,-1.24,-0.494,-0.774,-0.774,-0.494,1.461,-0.778,-0.046,-1.24,-0.494,1.461,-0.989,-0.778,-0.018,-1.24,1.4456402213171167,-0.792072814614006,-1.0019037498766583,0.445,1.417,-0.03049226275068061,1.4012109198765654,1.4602325553912605,-0.5058379687301487,1.4817666411041688,-0.9469438134049801,-0.774,-0.7982924985175177
0.54,0.54,-1.003,-0.273,-1.003,-0.284,-0.172,-1.294,-0.172,-0.273,-0.263,-0.911,-1.003,-1.294,-0.013,-0.273,-0.284,0.54,-0.911,-0.924,-0.013,-0.273,-0.013,-0.924,-0.924,-0.273,-0.924,-1.294,-0.911,-1.294,-1.294,-0.172,0.54,-0.284,-0.911,-1.003,-1.294,-1.003,-1.003,-0.924,0.54,-0.911,-0.911,-1.294,-1.294,-0.924,-0.172,-1.003,-0.911,-0.924,-0.263,-0.172,-1.003,0.54,-0.9383011071525357,-0.27989166321511927,-1.294,-0.013,-0.284,-0.273,-1.3052145991579043,-0.9219459594357559,0.5292493064312214,-0.025103565032640537,-0.2282273078598255
-0.394,-0.749,-0.749,0.849,-0.317,2.221,-0.888,-0.317,-0.394,1.13,-1.111,0.849,-0.888,2.221,-0.333,-0.333,-0.166,0.849,-0.166,-1.111,-0.317,-0.888,-1.111,-1.111,-0.888,1.13,-0.749,-0.317,-0.394,2.221,1.13,-0.317,-0.888,1.13,1.13,-1.111,1.13,-0.166,-0.749,-0.394,-0.333,1.13,0.849,-0.394,1.13,-1.111,-0.888,2.221,-0.394,1.13,-1.111,-0.749,-1.1206707835220284,-0.394,-1.0690632436699823,-0.7607201399445841,-0.888,2.221,1.13,2.204031643027515,0.849,-0.4041203361156989,-0.7133162690137193,-1.0169743472062553,0.8381086797987738,-0.333
-0.628,0.683,-0.974,-0.557,-0.974,2.499,-0.557,-0.628,-0.974,-0.557,0.683,-0.257,1.247,0.683,2.499,2.499,1.247,2.067,2.067,2.499,-0.538,-0.538,-0.974,0.683,2.499,0.683,-0.974,0.683,-0.974,0.683,0.683,2.067,2.067,2.067,-0.475,-0.475,2.499,1.247,2.499,-0.628,-0.974,2.067,-0.538,0.683,-0.974,-0.557,0.683,0.683,1.247,-0.628,1.2319097264526633,0.6697997932125106,2.067,-0.974,-0.6399290523848298,-0.5900596321438505,-0.9858027670850205,2.499,2.4802360717206655
-0.741,0.333,0.739,-0.741,1.171,-0.741,0.333,0.739,1.171,0.663,0.333,0.459,0.739,0.611,0.739,-0.464,0.663,0.611,0.87,0.87,0.611,1.171,0.333,0.333,0.739,0.611,-0.622,0.333,0.739,1.171,0.87,0.333,0.663,-0.622,1.171,1.171,1.171,0.611,0.333,1.171,0.87,0.663,-0.741,0.739,-0.464,-0.741,0.611,0.333,-0.464,0.87,-0.741,-0.7557465743818648,-0.622,0.3186615058368491,1.171,0.459,0.739,-0.4770759383216668,0.6009466015304408,0.663,0.4456712249208607,-0.7059165209157261,0.34071828996739273
-1.046,0.723,-1.046,-0.888,-0.457,-0.457,0.723,-0.431,-0.888,-0.888,-0.431,0.744,0.117,0.744,-0.888,-0.457,-1.046,-0.921,-1.046,0.117,0.744,-0.457,-0.888,-0.431,-0.921,-1.046,-0.431,0.928,-1.046,0.117,0.928,0.928,0.117,0.117,-0.921,-0.457,-0.921,-1.046,-0.457,-0.888,-0.189,-0.888,-0.888,-1.046,-1.0589367799823726,0.928,-0.431,0.723,-0.457,-0.9042597084147785,0.744,-0.8742730961568931,-0.189,0.117,-0.921,-0.8538803382572748,-0.47058805537034326,-0.9361576462944288
-0.847,-0.895,-0.672,-0.847,-0.768,-0.167,-0.847,-1.018,-0.621,-0.847,-0.621,-0.768,-0.847,-0.621,-0.738,-0.895,-0.738,-0.621,-0.738,-1.018,-0.768,0.099,-0.672,-0.621,-0.621,0.099,-0.847,-1.018,0.099,-0.672,-0.738,-1.018,-0.679,-0.672,-0.738,-0.679,-0.672,0.099,-0.847,-0.672,-1.018,-1.018,-0.621,-0.847,-0.672,-0.768,-0.895,-0.167,-0.895,-0.672,-0.895,-0.847,-0.860294670160181,-0.83087283516408,-1.018,-0.167,-1.0337515860600022,-0.1764394149933997,-0.621,-0.6408222440103111,-0.6019503933379836,-0.9050916351844219,-0.5746078645466256,-0.1409447784923883,-0.5468301778185711
-0.374,-0.374,-0.249,-0.873,-0.873,-0.249,0.811,1.387,1.387,-0.374,-0.544,-0.544,-0.374,-0.166,1.387,-0.521,1.548,1.387,1.387,0.811,-0.374,-0.166,-0.249,-0.873,-0.166,-0.377,-0.521,-0.377,1.548,-0.166,-0.249,-0.249,-0.166,-0.166,-0.374,-0.873,-0.873,-0.249,0.811,0.811,0.811,-0.873,1.548,1.548,1.387,-0.873,-0.521,-0.8926900114045021,1.548,-0.544,-0.5348664933773309,-0.49509338820775445,0.811,0.8027637202861779,0.8109777439969883,1.535334627335308,-0.374,-0.551944141735072,0.8361048847997468,0.858370178983944
0.715,0.11,0.715,0.11,1.509,0.644,1.675,-0.94,1.675,0.715,-1.344,1.509,-1.344,1.675,-1.344,0.644,0.11,0.644,1.509,-0.56,0.11,-0.489,1.675,-1.344,-0.94,-1.344,0.11,-1.344,-0.56,-1.344,-0.56,-0.489,-0.489,1.509,-0.56,0.11,0.11,-0.489,-0.94,1.675,-1.344,-0.539,1.509,0.11,0.11,-1.344,-0.94,0.715,-0.539,1.675,-0.94,-0.539,-0.9572465633217523,0.644,1.6682301641026813,1.509,1.4934529569469877,0.6296335048137819,0.6518938715978051,-0.912545043987767,1.5175414404232719
0.483,1.415,1.381,1.381,1.009,-1.0,1.009,1.009,-0.749,1.415,1.009,0.824,-0.749,-0.202,1.381,-0.749,0.359,0.483,0.824,-0.202,-0.202,1.381,0.483,-0.202,1.381,-0.202,-0.749,0.359,1.415,0.824,0.824,1.009,1.415,-1.0,0.824,-1.0,0.359,-1.0,-0.018,-1.0,1.009,0.824,1.009,-0.202,-1.0,1.415,0.9960641715114522,0.359,1.4024717413940657,1.381,1.031148091613455,0.3423049175102366,-1.0114679164871736,1.074030761808663,-0.21093251332361082
-0.455,1.29,-0.618,-0.618,-1.021,-0.455,-0.542,1.483,-0.12,-0.542,-0.757,-0.542,1.392,1.392,-0.757,-0.542,-1.021,-0.542,-1.021,1.483,-0.455,-0.618,1.392,-1.042,-1.021,-1.021,-0.757,1.29,-0.757,1.29,1.483,-1.042,-0.455,-0.618,-1.042,-0.542,-1.042,-1.042,1.29,1.392,1.29,-0.12,1.29,1.483,-0.12,-0.618,-1.042,1.483,-0.13105514857358477,1.4674104858598096,1.29,1.2812027327374764,1.2996662651065698,-1.021,-0.6280891541117047,-0.542,-0.5614697855695147,1.3454414318140722,-0.0795661419124087,1.5105851988229253,1.5337239805014158,-0.03850494437537953,1.392
-0.1,-0.12,-1.083,0.542,-0.924,-0.268,-1.083,0.542,-1.007,-0.12,-1.083,0.542,0.542,-0.12,-0.846,-0.924,0.542,0.542,-0.1,1.045,-1.007,-0.268,-0.875,-1.007,0.542,-0.846,0.542,-0.924,-0.1,1.045,-0.924,-1.083,-1.007,0.542,-0.875,-0.12,-0.924,-0.268,-0.1,-1.083,1.045,-0.924,-0.924,-0.924,1.045,1.045,-0.1,-0.268,-0.1,1.045,-0.268,-0.875,0.542,-1.007,-0.846,-1.083,-0.875,-1.007,0.542,-0.12,0.542,-0.924,-1.083,-1.007,-0.875,-0.1,1.045,0.5337046748986928,-1.0935137604986387,-0.846,-0.8626497477925277
-0.85,-0.392,-0.268,-0.332,-1.15,-0.268,-1.15,-0.803,-0.332,-0.803,-0.392,-0.803,0.208,-0.392,1.456,-0.85,-0.85,-0.803,-1.15,1.456,-1.15,-0.392,-0.665,1.456,-1.15,-0.268,-0.268,-0.665,-0.332,0.865,0.865,-1.15,1.456,-0.85,-0.268,-0.803,-0.268,-0.332,0.208,-0.803,-0.268,-0.803,-0.665,-0.803,1.456,-0.8155067281592399,0.208,-0.268,-0.781561823283362,1.4420713005047854,-1.15,-0.392,-0.28193792236164045,-1.161439026863046,0.19600874510976865,-0.40281881220694976,-0.85,-0.7480326077345184
1.662,0.487,-1.115,1.118,-1.323,-1.115,-1.115,0.487,1.662,1.342,-1.115,-1.323,-1.102,-1.102,-1.323,-1.115,-0.006,1.342,1.662,-1.115,-1.102,-0.795,-1.102,-0.795,1.342,-0.795,-1.323,-1.102,-1.323,1.662,0.065,1.342,0.065,1.342,1.342,-1.323,0.487,-0.795,1.342,1.118,0.065,-1.323,1.118,1.662,-1.323,0.065,0.487,-1.323,1.342,0.065,-1.323,-1.323,-1.102,-1.115,1.662,-1.115,-1.102,1.118,0.065,0.051535555639263556,-0.795,1.342,-1.323,1.108229361791816,1.3327224373418871,-1.3340865783831715,1.366783549325687,-0.006,0.09364356829654526,1.1487948618246784,-1.115,0.487,1.662
0.684,0.997,-0.519,-0.519,-0.579,1.368,1.368,0.215,0.215,-0.519,1.368,0.162,0.684,1.368,-0.519,0.684,1.162,-0.579,0.997,-0.579,1.162,1.368,0.215,1.368,0.997,0.684,0.419,0.162,0.997,1.368,0.418,0.162,-0.579,-0.519,-0.519,1.368,-0.579,0.997,1.368,1.162,-0.519,-0.519,1.368,0.997,-0.579,1.368,-0.519,0.418,0.162,1.368,0.215,0.1923616516529204,1.162,0.684,-0.579,1.353523598814449,0.419,-0.519,-0.5913743237184406,-0.5357435467622497,-0.568794205134688,-0.5247659607275784,0.40581891625599287,0.997
1.359,1.208,1.352,1.666,1.666,-0.403,1.666,-0.057,1.22,1.352,-0.057,1.359,-0.772,1.22,-0.564,1.22,-0.772,-0.772,1.359,-0.772,1.22,1.666,1.666,-0.809,1.352,-0.403,1.666,1.666,1.22,1.208,-0.057,-0.809,1.22,-0.809,-0.809,1.208,1.208,1.666,1.208,-0.564,1.666,1.666,-0.403,-0.809,-0.772,1.666,-0.057,-0.772,1.22,-0.809,1.359,-0.772,-0.809,1.208,-0.8274213378493459,-0.564,-0.5779663104818714,1.666,-0.5622285360887186,-0.7864989669056348,-0.7336290616539454,1.6509377205013982,-0.403,1.352,1.3367010144129245
-0.642,-0.642,-0.133,-0.495,-0.71,-0.133,-1.101,-0.71,-0.615,-0.615,-0.133,-0.495,-0.653,-1.101,-0.133,-0.615,-1.101,-0.642,-1.101,-0.615,1.936,-0.642,-0.864,-1.101,1.936,-0.71,-1.101,0.023,-0.133,-0.495,-0.864,-0.864,1.936,1.936,1.936,-0.864,-0.615,-0.615,0.023,-1.101,1.936,-0.71,-1.101,-0.653,-0.864,-0.864,-0.864,0.023,-0.133,-0.642,-0.615,-0.6282501364639096,-0.5992776375576777,-0.5746178474229701,-0.133,-0.5334889305697054,-0.15064138913329053,-0.5067735892521309,-0.495,-0.5176028621360803,1.936,-0.864,-0.11076307835585088,0.023,-0.46058905238938885,-0.414335038219142,-1.101,-0.47400312448325177,-0.4413638651891838
-0.835,-0.535,-0.917,-1.17,1.782,-0.917,-0.835,-0.655,-1.17,-0.917,1.782,-1.17,-1.17,-0.917,0.476,1.782,-0.048,0.476,-0.835,-1.17,-0.048,1.782,1.782,-0.283,-1.17,-1.17,-0.283,-0.535,-1.17,-0.609,-0.283,-0.917,-0.655,-0.655,0.476,-0.283,-0.283,-0.835,-1.17,-0.917,-0.917,-0.048,-0.655,-0.917,-1.17,-0.535,-0.655,-1.17,-0.283,-0.535,-0.609,0.476,-1.17,-0.835,-0.655,-0.535,-0.917,-0.6682203480697073,-0.609,-0.048,-0.283,-0.5496301411267122,-0.5130408309778391,-0.4967724450611133,-0.30041945342196935,1.782,-0.2661009592018626,-0.22719046927954367,-0.6220942108227313
-0.362,-1.25,-0.362,-1.022,-0.71,-0.71,1.024,-1.022,-0.965,-0.362,-0.965,1.009,-0.71,-1.022,-1.022,-1.25,-0.71,-0.965,0.358,-0.965,-0.478,-0.478,-1.25,-0.965,0.358,-1.25,1.024,0.762,-1.022,-1.25,0.358,-1.25,0.358,-1.022,-1.25,1.009,0.358,0.358,1.024,-1.022,-0.71,-0.965,1.024,-0.965,0.762,-0.362,-0.362,0.762,0.358,-0.71,-1.25,1.024,-0.965,-1.2617333479129813,0.34117853160349976,0.3913300300625803,-0.362,0.7486543091661778,-0.9746014970412981,-0.7205804919800587,1.0095257374813382,0.42637160706590765,-0.6806461634240033,-0.478,-0.37439448717901874,-1.022
0.076,-0.514,-0.952,-0.952,-0.952,0.587,0.587,0.076,-0.579,1.119,0.587,-0.91,-0.91,-0.91,-0.474,-0.579,-0.514,-0.897,1.119,-0.579,-0.579,-0.897,-0.474,-0.579,-0.514,-0.474,-0.91,-0.91,-0.952,-0.514,1.119,0.27,0.27,1.119,0.27,-0.474,0.27,0.587,-0.897,0.27,0.587,1.119,-0.897,-0.579,-0.952,-0.579,0.076,0.587,0.587,-0.952,-0.91,0.27,0.2506121694755177,0.587,-0.897,-0.579,0.5738724351344657,0.076,0.05964795699488308,-0.5937669988047736,-0.514,-0.5720180360673093
-0.84,2.133,-0.92,-0.19,-0.19,-0.19,0.198,0.799,-1.053,-0.84,-0.92,1.69,-0.92,-0.92,-0.84,-0.92,-0.84,0.198,2.133,-1.053,-0.428,0.198,0.799,-0.428,-1.053,-0.84,-0.92,-1.053,-0.19,0.799,1.69,-1.053,1.053,-0.428,0.799,-1.053,1.053,2.133,-0.19,1.69,0.799,0.198,-0.92,2.133,-0.19,-0.428,1.69,1.053,0.198,-0.84,-0.19,1.69,0.799,-0.19,1.053,-0.84,-0.8564381094717385,-0.428,-0.19971297606465638,-0.17750930053301153,-0.4437035547343432,2.133,0.799,2.1208566452745305,1.0406714854171382,1.0531790956447944,-0.92
1.732,1.003,-1.263,1.732,-1.275,1.003,-0.236,-1.275,-0.414,-0.236,-1.275,-0.743,-0.421,-0.743,-1.263,-0.414,-0.28,-1.275,1.164,-0.414,-1.263,-1.263,1.164,-0.28,1.003,-1.275,-1.275,-1.263,1.164,-1.263,-1.263,-0.421,-1.263,-1.275,-1.275,1.732,-0.743,1.164,1.732,1.003,-1.275,1.732,-0.743,1.003,-1.275,-0.28,-0.236,-0.421,-1.275,-0.743,-0.28,1.003,-0.236,-0.414,-0.2509310608385375,-0.4308548963256056,-0.29139648028627746,-0.2476903626339117,-0.22249847605724327,-1.263,-0.18971478743753817,1.732,-0.7515603775273793
0.431,0.431,-0.275,-0.976,-0.446,-1.02,-0.275,-0.275,-1.02,-0.446,-0.976,-0.607,-0.976,-0.607,-0.275,-0.607,-0.607,-1.02,-1.03,0.653,-0.721,-0.721,-0.607,-1.02,-0.976,0.431,-0.607,-0.212,-0.275,0.431,-0.976,-0.976,-1.03,-1.03,-0.212,-1.03,0.653,-0.212,-1.02,-0.721,0.653,-1.03,-0.446,0.431,-0.607,-1.03,-0.446,-0.976,-1.0471168168519707,-0.46188115638003313,-0.4398641352429381,0.431,-0.721,-0.9870548789631375,-1.02,-0.275,0.653,0.6371552466344022,-0.615900197380207,-1.0074326564718927
-0.825,-0.825,1.143,-0.602,-0.825,-0.668,1.609,-0.504,-0.989,-0.825,-0.928,-0.928,1.609,-0.504,-0.989,1.609,-0.928,-0.989,-0.989,1.609,-0.668,1.143,-0.989,1.609,0.944,-0.825,0.944,0.944,1.143,1.609,0.944,-0.602,-0.751,-0.504,-0.989,-0.668,-0.504,1.143,-0.751,1.143,1.609,1.143,-0.751,-0.989,1.609,1.143,-0.825,-0.989,-0.928,-0.504,1.609,-0.825,-0.751,-0.8417671287806012,-0.7632486908416812,1.143,-0.989,-0.8042082998583857,-0.757648650558278,-0.928,-1.0015801014484849,-0.602,-0.9556794058218547
1.456,1.401,0.852,0.336,1.439,1.42,0.852,-0.55,1.401,1.401,0.852,1.401,1.401,0.852,-0.55,1.439,-0.733,0.336,1.42,1.42,1.439,-0.733,0.853,1.439,1.42,0.853,1.439,0.336,1.42,0.336,1.456,-0.733,1.42,0.853,1.42,1.401,0.336,0.852,0.2,1.456,0.852,0.336,0.336,0.2,0.336,-0.733,-0.55,1.456,1.439,0.336,0.3122994858349899,0.2,1.401,0.852,0.8365992386829952,0.8744218474526617,0.9084346532133831,1.439,-0.55,1.42,1.3852101340847478,1.4275356612168317,1.4614077002651158,1.41849436990694,1.454651211483813,0.853,1.402984663768086,0.9267087202530334,1.4851968378214264
0.276,1.1,0.549,0.251,0.035,0.056,0.549,-1.029,0.276,0.276,0.251,0.276,0.276,-1.029,0.276,0.276,0.035,0.144,0.251,-0.711,1.1,0.056,1.1,-0.298,0.549,-1.029,-1.029,1.1,0.035,0.549,-0.298,0.549,1.1,-0.298,0.251,0.035,-0.711,0.276,0.144,0.056,-0.298,-0.711,0.056,0.056,0.056,1.1,-0.711,1.1,-1.029,0.276,0.144,0.035,0.144,-0.711,0.017863478738446712,-0.298,0.276,0.1312364084821102,0.17590341445642535,1.1,0.056,-0.7208797131656841,0.05776113480547392,0.26699239359922994,0.21481318713024525,0.04371471535174268,0.10637776795936676
-0.91,-0.45,-0.91,0.667,-0.745,-0.91,0.013,-0.218,0.667,1.778,1.778,1.205,1.46,-0.91,0.667,0.351,0.351,-0.218,-0.218,0.667,1.46,-0.45,1.778,1.778,0.667,0.351,-0.218,1.205,0.667,1.46,1.205,1.778,0.351,1.778,-0.45,-0.745,0.013,1.778,-0.91,1.46,-0.91,1.205,1.778,0.013,-0.745,1.46,-0.218,-0.218,1.205,0.667,-0.745,0.667,1.205,1.1918359436816806,1.46,1.2303278113369072,-0.91,0.6534625412536444,-0.45,1.778,-0.218,-0.9212228245899747,0.708853928985245,-0.8954098098349892,-0.7580480629553326,-0.7276384233500136,-0.464064554771449,0.7541002641551564,0.013,0.351,-0.7014790491970043
-0.214,-0.899,-0.816,-0.344,-0.344,-0.816,0.317,-1.114,-1.114,0.317,-1.114,-0.439,0.317,0.317,-0.214,-0.565,-0.344,-1.114,-0.393,0.317,-0.899,-0.816,1.022,-0.393,0.317,-0.214,-0.565,-0.439,-0.393,1.022,1.022,-0.393,-1.114,-0.899,0.317,-1.114,-0.393,-0.816,-0.393,0.317,-0.344,-1.114,-0.393,-0.393,-0.393,-1.114,-0.899,-0.439,-0.393,-0.565,-0.899,-0.344,-0.816,-0.4107499915709655,-0.38568093995217206,-1.114,-0.8282822014791772,-0.9092959587519609,-0.3574177492059933,-0.4520304776293846,-0.214,-0.42772217951386055,-0.3079008038240804,-0.8684908768474469
-0.628,0.537,-0.651,0.474,1.076,0.474,-1.186,0.537,0.474,1.502,-0.628,-0.675,-0.651,1.076,-0.651,-1.186,1.502,1.076,-1.186,0.474,-1.105,0.537,-1.105,1.502,-0.651,-1.105,1.502,-0.675,0.537,0.474,-0.628,-1.105,-0.675,-1.105,-0.628,-0.675,-0.628,-1.186,0.474,-1.105,-1.186,-0.651,-0.675,-1.105,-1.186,0.537,-1.105,1.502,-0.076,-1.105,1.502,-0.628,-0.628,-1.186,1.502,-0.675,0.537,-0.628,1.4886021829476954,-0.076,-0.0961325512321211,0.474,1.076,1.5398013657837273,0.45858772646993534,-0.651
-1.041,0.96,0.116,0.96,-0.981,-0.696,-0.696,0.116,1.183,0.96,1.183,-0.981,-0.696,2.152,-0.696,0.96,0.23,0.96,0.808,-1.041,2.152,-1.041,0.96,2.152,0.116,-0.981,1.183,-0.981,0.23,0.23,-0.981,-1.041,2.152,2.152,2.152,-1.041,-1.041,-0.696,2.152,0.96,0.656,0.808,-0.981,0.96,-1.041,2.152,-1.041,0.808,0.96,0.9299796079769875,-0.696,0.116,-0.7139734777991391,-0.981,1.183,-0.9920124812738509,0.23,-1.041,0.21313863173952485,0.23832075813930892,-0.9446343377277792,0.656,0.7966057538373205,-1.057283505089784
1.471,-0.502,1.112,1.471,-0.835,1.408,-0.502,1.072,1.408,-0.502,-0.502,1.408,-0.949,-0.949,-0.502,-0.502,-0.949,2.049,2.049,2.049,-0.835,-0.949,0.035,1.408,1.112,-0.502,1.408,0.035,0.219,1.408,1.408,1.112,-0.835,2.049,2.049,0.035,2.049,1.072,1.471,-0.949,1.471,-0.835,-0.502,0.219,-0.502,1.408,1.408,1.112,0.219,2.049,0.219,-0.502,-0.949,-0.835,1.408,1.112,-0.502,-0.532050684005092,1.072,1.408,-0.835,1.3948760968283016,0.035,1.420829203475878,1.471,-0.5023334719142319,2.049,1.4648712807529782,1.4566442773405164,0.219
1.323,-0.664,-0.747,-0.186,1.323,1.323,-0.05,-0.621,-0.747,-0.853,-0.747,-0.747,0.072,-0.186,-0.747,-0.05,1.323,-0.664,-0.853,0.072,-0.168,1.323,-0.747,-0.168,1.323,1.323,-0.186,-0.621,-0.664,0.072,-0.05,-0.168,-0.747,-0.621,-0.853,1.323,-0.168,-0.168,-0.168,-0.853,-0.168,1.323,-0.186,-0.186,0.834,0.834,-0.186,-0.664,-0.747,-0.664,1.323,-0.05,-0.168,-0.186,0.072,-0.17996036691845718,-0.15871785600355692,0.05363945515382881,0.834,0.816235435897766,-0.19626656412333912,-0.853,-0.06133229783553921,-0.621
1.594,-0.058,1.594,1.743,1.019,0.604,-0.058,-0.058,-0.829,1.019,1.743,-0.586,1.235,1.519,-0.829,0.604,1.743,-0.058,1.235,1.594,0.604,-0.058,1.519,1.012,1.743,1.594,1.519,1.743,1.594,1.019,1.519,-0.829,0.604,-0.058,1.519,1.743,1.594,1.235,-0.829,1.743,0.604,1.012,1.012,-0.586,1.012,1.743,1.519,-0.058,1.235,1.594,-0.586,1.519,0.604,1.019,1.5032681862020085,0.5908401370398279,-0.829,-0.06756364219775092,1.743,1.2223111074595838,1.5706316301100582,-0.042010699708432374,1.012,1.5991263979973502,-0.5966768505204695,0.6502455112424439
1.612,1.02,1.612,1.612,1.207,1.02,-0.969,1.612,-1.053,-0.83,-0.83,-0.457,1.207,-0.457,2.033,1.207,-1.053,-1.053,2.033,2.033,-0.457,-0.457,2.033,-0.457,0.169,1.612,-0.457,-0.969,-0.969,-0.457,-1.053,-0.83,-1.053,2.033,-0.969,2.033,1.612,-0.83,-0.83,-0.969,0.169,1.612,2.033,-0.83,0.169,1.02,1.598258294584179,1.6322308799972294,2.0198205057753857,2.058031840942891,1.0040941280017313,1.0440845618252201,-1.053,-1.0677947093770574,-0.8433037941019379,0.0,1.079451094394928,1.207,0.15752316638476263,-0.457
0.764,1.359,0.412,0.764,0.412,-0.47,0.764,0.561,-0.69,-1.045,-0.834,0.561,0.082,-0.69,0.764,0.082,-0.834,0.412,-1.045,-0.69,0.412,1.359,-0.667,0.764,-1.045,-1.045,1.359,-0.69,-0.69,1.359,-0.69,0.561,0.764,-1.045,-0.834,-1.045,0.082,-0.834,0.764,-0.667,0.764,0.764,1.359,0.764,-0.69,-0.834,-0.834,-0.69,-0.47,-0.69,-0.667,0.412,-0.834,0.764,-0.47,-0.69,0.764,0.082,1.359,0.7526510391059099,-0.4808195896694597,0.06644410099887094,-0.4366774362471267,1.340704696672401,0.412,0.10726997006035263,-0.834,0.1355771915194591
1.17,0.536,2.474,-1.261,2.474,-1.261,1.436,-0.82,-0.497,-0.915,1.17,-1.261,-0.915,-1.261,1.436,1.17,-0.82,-0.915,2.474,-0.915,2.474,2.474,-0.82,0.536,2.474,2.474,-1.261,2.474,-0.915,1.17,-1.261,-0.915,2.474,-0.497,-0.915,2.474,1.436,1.17,-0.731,-0.82,-0.731,-0.731,2.474,-1.261,1.17,-0.915,-0.497,-1.261,1.436,-0.82,-0.915,-0.497,2.474,-0.731,1.17,0.536,-1.261,0.5237353334704534,-0.832414914614328,1.436,1.1584096947137417,-1.2748952350161518,1.198824482699929,-0.5059971040485814,0.0,0.5687957622151969
-0.659,1.295,0.074,0.724,-0.659,0.05,0.724,1.012,0.05,-0.581,0.086,0.074,-0.659,1.012,0.05,0.724,1.333,-0.659,-0.432,0.074,1.333,1.012,1.295,0.05,0.05,0.086,0.05,1.333,0.724,1.012,1.295,-0.659,1.333,1.295,-0.581,0.724,-0.581,1.295,0.074,1.333,-0.659,-0.659,0.724,0.724,-0.432,-0.432,0.05,0.05,-0.659,0.05,-0.581,1.333,0.04421726147165352,0.074,1.012,0.086,0.061369543524637284,0.9959134807944838,0.09481840415312386,0.060075925723728024,0.13917739928945666,0.724,1.295,1.3198719578558205,0.18359750964426225,-0.59286645003222,0.22035804442048126
-0.327,0.768,0.357,0.734,0.256,-0.742,-0.627,-0.952,-0.742,0.734,0.734,1.56,0.256,-0.952,-0.952,-0.969,1.56,0.734,-0.327,-0.327,-0.969,0.768,-0.627,-0.742,-0.969,1.56,-0.969,-0.327,0.768,0.768,1.56,-0.969,1.56,0.256,0.768,0.357,0.357,1.56,-0.969,0.734,1.56,-0.952,0.768,0.768,0.734,0.357,-0.742,0.768,-0.952,-0.327,-0.3465981621527607,0.3444779526654052,-0.9637739172219568,1.56,-0.7514754899447127,0.7549452193045886,1.5509875152483856,-0.2969830188441057,-0.7259876758497875,-0.6940854320687473,-0.6695430297532999,1.5865113139234712,-0.24462156906420632
-0.537,-0.131,-1.328,-0.733,-1.328,-1.328,0.219,-1.328,-0.537,1.188,-0.131,-1.328,1.188,-1.328,-0.131,1.188,-0.131,-0.131,0.29,-0.988,0.29,0.219,-0.733,-0.988,1.188,-0.988,-1.328,0.29,-0.988,-1.328,1.188,-0.988,-0.537,0.219,-0.537,-0.537,-0.131,0.29,-1.328,0.368,-0.537,1.191,-1.328,0.29,0.29,1.191,0.368,-0.733,1.188,0.368,-0.733,-0.988,-0.131,0.29,0.368,1.191,-0.14780652614711448,-0.12120963596324252,1.1812594255568694,0.219,-0.7424869464858481,0.27523848122093747,1.188,0.20845572879636876,-1.328
1.651,-1.168,-0.865,-0.899,-1.168,0.431,1.651,-1.186,-0.958,1.651,-1.186,1.651,-1.186,0.894,-1.168,1.049,-1.186,-0.958,0.894,-1.168,0.894,1.049,-1.186,-0.958,-1.168,-1.186,-1.186,-0.958,-0.865,-0.865,0.466,-1.186,-1.186,-1.168,0.894,-0.865,1.651,-0.899,-0.899,1.049,-1.168,-0.958,-0.865,-1.168,0.894,-1.1797776842461236,0.8858993761088478,-0.865,-1.1387976961312385,-0.8823781141854633,-0.958,0.466,0.4487515151696967,-0.899,-1.0961291979004604,-1.186,-0.972614480354491,-0.9525663833255195,0.4832033793713938
-0.453,0.869,2.371,-0.453,2.371,2.371,-1.122,1.564,-0.629,-0.228,-0.228,0.165,-0.453,0.46,2.371,-0.056,1.564,-0.629,1.564,-0.056,-0.453,-1.122,2.371,-1.122,-0.228,0.869,0.869,-1.122,2.371,-0.453,0.869,-0.228,0.165,-0.056,-1.122,-0.453,1.564,-0.056,2.371,-1.122,2.371,-1.122,-1.122,1.564,-1.122,2.371,-1.1322561312510209,0.869,-0.453,-0.629,-0.4634866975735549,1.564,0.8600274934842438,1.5515733044263689,0.46,-1.0891039398203388
-0.05,-0.367,0.376,-0.789,0.455,-0.83,-0.789,-0.4,-0.789,-0.83,1.05,-0.05,0.81,-0.789,0.553,0.376,-0.367,0.455,-0.83,-0.83,-0.367,0.553,0.455,0.553,-0.83,0.553,0.376,-0.789,-0.4,1.05,-0.83,0.455,0.81,0.455,1.05,0.553,-0.367,0.553,0.376,-0.05,1.05,0.553,-0.367,-0.789,-0.38630563073388147,-0.8010976175728498,-0.4,1.0383945924704279,-0.33947987404076607,1.092072125224303,0.455,-0.4132261206556978,-0.05,-0.83,-0.06849943211893628,1.1387245956170704,-0.8408525373062709,0.81
-0.575,-0.097,-0.683,-0.619,0.254,-0.097,0.254,-0.575,-0.51,-0.926,-1.034,-0.945,-0.575,-0.097,-0.945,-0.575,-0.926,-0.945,-1.034,0.254,-0.683,-0.683,-1.034,-1.034,-0.51,-0.51,-0.926,-0.619,-0.51,-0.926,-0.575,0.254,-0.683,-0.945,-0.945,-0.945,-0.619,-0.51,-0.619,-1.034,-1.034,-1.034,-0.575,-0.51,-0.5925307028288003,-0.926,-0.945,-0.097,-0.5688528294682602,-0.9417161911246613,-0.683,-0.96063121236474,-0.9490392450098484,-0.5198783875820054,-0.49280950818642855,-1.043812296752183,-0.9084374939119864,-0.619,-0.6970319716523865,0.0,-0.10750138798997065
0.68,0.68,1.279,-0.803,1.203,1.203,-0.803,-0.189,0.846,0.86,1.279,-0.803,1.279,-0.189,1.203,1.203,-0.189,-0.803,0.846,1.39,1.39,-0.803,0.062,1.39,1.279,0.239,-0.803,1.203,-0.803,0.062,0.68,1.39,0.68,-0.189,0.86,1.39,0.062,0.062,0.68,0.846,0.68,-0.803,1.279,-0.803,0.062,0.239,0.846,-0.803,-0.803,0.062,-0.189,0.846,1.279,0.8335121780503164,0.8717646722732832,0.68,1.2693313611430979,1.203,0.6655661960538717,-0.803,0.062,1.2961763494394247,-0.8168380987118298,0.04394134359779178,0.86,0.9042966159371393,-0.201547967516698
-0.287,0.494,0.494,-0.957,-1.377,-1.377,-0.287,0.447,0.447,-0.823,-0.287,-1.377,-0.957,-0.664,0.187,-0.957,0.819,-1.377,0.494,0.494,-0.957,0.447,0.447,0.845,0.447,0.494,-1.377,-0.664,-0.823,-0.823,0.447,-1.377,-0.823,0.845,-0.957,-1.377,0.819,-0.664,-0.287,0.845,0.494,0.845,-0.664,-0.664,-0.823,0.187,-1.377,0.845,-0.823,0.187,0.494,-0.664,0.845,-1.377,0.845,-1.377,-1.3867849274850206,-0.823,-0.957,0.819,-1.3425214296307693,-0.9672710392343569,0.8019216803694652,0.447,0.187,-0.9364061099606629
-0.865,-1.002,-0.865,-0.414,-0.414,-0.865,-0.079,-1.017,0.939,1.349,-0.079,1.349,0.972,1.349,-1.002,1.349,1.349,-1.002,1.349,-0.766,-0.865,-0.865,-1.017,-0.865,0.972,1.349,-0.766,0.939,1.349,-0.766,0.972,-0.865,-1.017,0.972,-1.017,0.709,-0.414,1.349,1.349,0.709,-0.079,-1.017,-1.002,-1.017,0.939,-0.865,0.972,-0.414,0.972,-1.017,0.709,0.972,-1.017,-0.079,-0.414,-0.0963977223715289,-1.002,-0.865,0.939,0.709,1.349,0.6951478691767775,-1.0283387474591827,1.3331158558424905,-1.0055355073646475,-0.066622355328279,-0.027362247095813797,0.9265283090720896,0.7238046395604554,-0.4292429366346903,-0.876135572596604,0.013559389409339262,0.041762763792379295,0.9582895629406135
-0.465,-0.393,-0.451,-0.897,-0.451,-1.072,0.968,-1.072,1.956,-1.072,0.968,-1.072,-0.269,1.956,1.956,-0.405,1.956,-0.897,-0.451,-0.405,0.968,1.956,-0.393,1.956,1.174,-0.393,-0.405,1.956,-0.897,1.956,-0.897,1.956,-0.393,-0.897,0.968,-0.269,1.956,1.174,-0.451,-0.897,-0.451,-0.405,-0.405,-0.465,1.174,-0.405,0.968,-1.072,-1.072,-0.405,-1.072,-0.393,-0.897,0.968,1.956,-0.269,-0.2824270868179136,-0.451,-0.465,1.9428075722760154,1.970141742159711,1.174,-0.9090817704798735,-1.072,-0.8678451890448711,-1.0846219791361782,1.1553957463900935,-0.2572945270613396,-0.227747165987543,-0.405,0.9602216696931848
-0.971,1.92,0.34,0.34,-0.971,0.34,1.587,0.34,-0.494,-0.093,-0.093,-0.093,1.92,0.34,-0.971,-0.093,1.92,1.92,-0.494,1.323,1.587,0.461,-0.093,0.34,0.586,1.587,1.587,-0.093,1.92,-0.971,1.587,1.92,-0.494,1.323,-0.971,0.34,1.587,1.92,1.323,1.92,-0.494,-0.494,1.587,0.34,-0.093,-0.971,-0.971,-0.093,1.92,-0.093,-0.971,1.323,1.92,-0.494,1.587,1.587,-0.093,1.5623011849348993,0.586,1.92,0.34,-0.10563292667501784,0.5663225940840418,-0.08743125186527045,0.6035342750082517,0.6358356555916347,1.9036036678244024,-0.040097601222664724
-0.958,-0.958,-0.918,0.52,0.269,-0.918,0.743,0.52,-0.918,0.52,0.269,0.026,0.52,-0.918,-0.09,0.52,1.02,-0.958,0.026,0.026,0.173,0.269,0.269,-0.958,-0.918,1.02,0.173,-0.958,-0.958,0.52,0.52,0.026,0.52,0.173,-0.958,0.269,-0.958,0.269,-0.918,-0.958,0.026,1.02,0.52,1.02,-0.958,0.269,-0.918,1.02,-0.9315631524852719,1.0086909565971502,-0.09,0.52,0.0,0.026,-0.10106037178934686,-0.958,-0.07022064475869774,-0.02661559012660105,0.5090130606299641,0.173,-0.8862641067244372,0.1598572049908816
-0.287,0.062,-1.003,-0.287,0.062,-1.003,-0.898,-0.898,-0.898,0.144,0.105,-1.003,0.062,0.33,0.33,-1.003,-1.003,-0.898,-0.898,0.33,0.062,-0.408,-0.535,-0.287,-0.408,-0.535,0.144,0.062,0.062,0.062,0.062,0.33,0.062,-0.535,-1.003,0.33,0.105,0.105,-0.287,0.428,0.33,0.33,-0.898,-0.898,-0.535,0.062,-0.408,0.105,0.33,-0.5459653012110978,-0.287,-0.29834598317053324,0.09106527617553033,-0.2589684884623133,0.428,-0.2164345114253507,-0.17605468526897736,0.3169679009497627,-0.9116205770482939
0.354,-1.124,-0.144,-0.761,-0.98,-1.124,-1.121,-0.713,1.766,1.766,1.766,1.766,1.353,-1.124,-0.713,-0.761,-0.98,1.353,1.766,-0.761,-1.121,-0.713,0.354,1.353,-1.124,0.354,-0.98,0.354,-0.761,-0.713,-0.761,-1.121,1.766,-1.124,-0.713,0.409,1.353,-0.144,1.353,-1.121,-0.144,-0.98,-1.124,-0.144,-1.124,-1.121,1.353,-1.124,0.354,-1.124,-1.121,-0.761,1.766,-1.1397305622627791,1.7525748665262724,-0.144,1.353,1.791838614166866,0.354,-1.1316414247529343,0.3388638991893399,-0.713,-1.1189341737412113,-1.0944554643400597,1.8263640637578176,-1.0514131572225618
-0.811,-0.867,-0.867,-0.867,1.09,0.495,-0.811,0.202,-1.002,-0.811,0.495,0.361,1.09,0.495,-0.811,-0.312,-0.811,-0.312,1.09,1.09,0.495,0.202,1.09,-0.811,-0.312,0.361,-1.002,0.361,-0.312,1.811,-0.666,0.495,0.495,-0.867,-1.002,-0.666,-0.312,0.495,1.09,0.495,-0.312,-0.312,0.202,0.495,-1.002,1.811,1.811,-0.811,0.361,0.202,1.811,0.361,-0.811,-0.666,0.495,-1.002,1.09,-0.811,1.09,-0.312,1.09,-1.002,0.495,1.811,-0.312,-0.33551976106212195,0.361,-1.002,0.4820141074963825,-0.867,0.3456272240245264,-0.881587355439458,-0.31051165884190535,-0.8244271738046519,1.7968889635526422,0.5103200148571382,1.8590989059907566,-0.7819767114569972,-0.2683166459654909,1.09,-0.811,-0.833563398899501
-0.713,-0.595,-0.605,-0.605,1.087,0.822,-0.353,0.03,-0.353,1.087,0.068,0.068,0.068,0.261,0.261,-0.605,-0.595,-0.605,-0.713,1.087,1.087,0.261,0.068,1.087,-0.595,1.087,0.03,0.068,-0.713,-0.353,0.068,-0.713,-0.605,1.087,-0.605,-0.595,0.261,0.822,0.068,-0.713,-0.353,0.068,0.822,-0.595,-0.605,-0.713,-0.353,-0.6111363424739548,0.261,0.24937953840774024,1.087,0.068,0.0,0.03,0.27772822022809723,-0.6131504971222655,-0.36494683399258027,0.053625184305021424,-0.553273216563045,-0.3358031364672804,0.0786657812383979,0.8088027209111274
-0.243,-0.237,-0.207,-0.243,0.843,0.843,-1.073,-0.164,-0.852,-0.852,-0.237,-0.164,-0.207,-1.073,-0.852,0.843,-0.852,0.404,-1.073,-0.164,0.385,-0.031,0.385,-0.237,-0.207,-1.073,-0.207,-0.207,-0.164,0.385,-0.207,0.843,-1.073,0.843,-0.852,-1.073,-1.073,-0.237,-0.164,-0.164,0.385,-0.207,0.843,-0.207,-0.031,0.834349452368641,0.404,-0.2252107592341326,-0.164,-0.243,0.8875000562681038,-1.073,0.394047576124693,-0.237,-0.852,0.9325514890622046,-0.19566403449528003,-0.8654980525477551,-0.24938147360503587
1.125,-0.54,-0.772,0.011,-0.772,1.125,0.011,0.734,0.011,0.438,-0.772,0.011,-0.325,1.125,-0.325,1.125,-0.288,-0.54,-0.288,0.734,0.438,-0.288,-0.54,-0.755,0.438,-0.325,1.125,-0.54,0.734,-0.755,1.125,0.734,0.011,0.011,-0.54,0.011,-0.325,-0.325,-0.54,0.011,0.011,-0.288,-0.54,1.125,0.438,0.011,0.909,-0.755,0.909,0.438,-0.54,-0.288,-0.3031736179349909,-0.26736669051737627,1.125,0.438,0.909,0.42727474979861196,-0.755,-0.772,-0.5494844553931988,0.4806804259908663,0.8949286505197868
-1.027,-0.883,-0.567,-0.894,-0.894,-0.536,-0.586,1.292,-0.883,1.292,-0.547,-0.567,-0.547,-0.536,-0.819,-0.547,-0.894,-0.547,-1.027,-0.819,-0.547,-1.027,-0.567,1.292,-0.819,-0.547,-0.536,-0.567,-0.547,1.292,-0.894,-0.547,-0.547,-0.586,-0.547,-0.894,-0.536,-0.819,-0.894,0.533,-1.027,-0.819,-0.547,-0.883,-0.567,-0.894,-0.883,-0.536,-0.547,-0.5598209423904462,-0.883,0.533,-0.819,-0.894,-0.5109981602944705,-1.027,-0.8971568779615695,1.292,-0.4727261766819933,1.2788791055964963,-0.8657518753925686,-0.8331476860902378,-1.034861848015345
-0.839,-0.928,-0.66,0.735,0.11,-0.928,0.735,0.045,0.584,0.735,-1.132,-0.839,-1.132,-0.66,-0.928,-1.132,0.584,-0.839,-1.132,0.172,-0.66,-0.928,-0.928,-1.132,0.11,-0.66,-1.132,-0.883,-0.928,-0.66,0.735,0.11,-1.132,0.584,-0.839,-1.132,-0.66,0.11,-0.883,-0.66,-0.883,-0.839,0.735,-0.883,0.045,0.172,-0.883,-0.66,-1.132,-0.839,-1.1519524615773529,0.735,-0.928,-1.1248838043118305,0.717026814606386,0.7706879121749041,-0.6735590886097818,-0.8504045044014971,-0.7992490100899957,0.584,0.8158736766327035,0.8507342584762969,0.5661724965087594,-1.0846528848509838,0.11,-0.6467892597816142
0.755,-0.743,-0.743,-1.444,0.213,0.213,-1.444,-1.444,-0.743,1.369,1.765,-1.444,-1.444,-0.661,-0.142,-0.538,-1.444,-0.142,1.765,1.791,0.213,-1.444,-0.538,-0.142,-0.743,-1.444,-1.444,-0.661,1.369,-1.444,-0.743,-0.661,1.369,-0.142,-0.661,1.791,-0.142,-0.142,1.765,-0.538,-0.142,0.755,1.791,-0.538,-0.538,-1.444,1.791,-0.743,0.213,1.369,-0.743,1.369,1.791,1.765,1.791,-0.743,1.765,1.765,0.213,-0.142,1.7466697035485987,1.791,0.19896092165391063,1.7733367291159916,1.8061395168309102,1.8254326791923512,-0.538,1.8438905212638703,0.755,-0.5501545543981124,-0.5220579409066257,-1.444,1.891154632059493,-1.4643073815940026,-0.48969249270556264,1.9289612627047645,0.21276197159093324
0.439,0.867,-0.69,0.867,-0.997,0.364,0.364,0.439,0.364,-0.69,-0.997,0.079,-0.69,-0.997,1.957,-0.997,-0.695,0.364,-0.997,1.957,-0.997,-0.695,1.957,0.079,0.867,0.364,1.068,-0.69,-0.69,1.957,-0.695,-0.69,0.965,1.957,-0.695,1.957,1.068,0.364,1.957,0.965,1.957,-0.997,0.867,0.867,-0.997,1.068,-0.69,0.867,0.965,0.364,1.068,1.957,0.079,0.439,0.06425242264625274,-0.695,-0.7147486246172063,1.9416092633523723,-0.6669313426052434,0.364,2.004049129588839,0.867,0.10586281090992701,-0.997,0.42633477614175413
-1.012,2.036,-1.012,1.283,2.036,1.727,1.727,1.283,-1.012,-0.119,1.283,-1.012,1.727,1.727,-0.119,-0.287,-0.287,1.283,-1.012,-0.767,-0.425,-0.287,-1.012,-0.71,-0.71,2.036,-0.119,2.036,-0.287,2.036,1.563,-0.425,1.563,-0.287,-0.71,2.036,-1.012,1.727,2.036,-0.71,-0.767,-0.71,-0.767,-0.119,1.727,-1.012,-0.119,-0.287,1.563,1.727,-0.71,-0.7315114118522437,-0.425,-0.6901494133787588,-1.0242278978625328,-0.6679553545317861,1.7124784635768329,-0.9890354569860986,1.757806390355337,1.7843074576001274,2.036,-0.29815007797365345,-0.9699512883274503,-0.767
-0.534,-0.665,-0.086,-0.074,-0.074,-1.083,-0.165,-0.086,-0.074,-0.665,-0.165,-0.534,-0.697,-0.66,-1.083,0.887,-0.66,-0.534,-0.165,-1.083,-0.534,-0.665,-0.074,-0.534,-0.66,-0.086,0.278,0.887,-0.697,-0.665,-0.086,-0.665,-1.083,-1.083,0.278,-0.086,-0.074,-0.086,-0.665,-0.074,-0.074,-0.165,-0.086,-0.66,-1.083,0.887,-0.086,-0.074,0.887,-0.165,-0.697,-0.697,-0.665,-0.086,-0.10091358696672749,-0.66,0.278,-0.534,-1.083,-0.06578342032781441,-0.030452772603784956,-0.0074210698375977956,0.887,0.26206645718542015,-0.5479777845871711,-0.5180915659373465,0.02578579445154467,-0.6777191748000441,-0.074,-0.48063356269605967
1.116,1.223,-0.163,-1.071,-1.071,-1.071,0.27,-0.44,-1.075,-0.745,1.223,-1.075,-0.745,1.287,-0.44,1.287,1.287,1.223,-0.492,1.287,-1.071,1.116,1.116,1.116,-0.492,1.287,1.116,-1.075,-0.492,-0.44,-1.071,-0.745,1.287,0.27,1.116,-1.075,0.27,-0.492,-1.075,-1.075,-0.44,1.116,-1.075,1.223,-1.071,-0.492,-1.0922348479505717,1.210140082320184,-1.0848721630713645,1.231065034286514,-1.047349819046097,-1.0544305484234222,1.1100870343260714,0.27,-0.5054824910113928,-0.44
-0.29,1.883,1.883,-0.29,1.368,-0.641,-0.54,1.883,0.414,-0.758,1.883,-0.641,-0.54,0.414,-0.68,0.414,-0.29,-0.68,-0.29,-0.54,1.883,1.368,-0.54,-0.758,-0.68,0.414,1.883,0.414,-0.54,1.368,-0.641,-0.641,-0.758,-0.29,-0.402,0.414,-0.54,1.883,0.428,0.414,-0.29,1.368,-0.68,1.883,-0.54,-0.54,0.414,-0.758,-0.758,0.414,-0.54,-0.68,-0.641,-0.758,1.368,-0.402,-0.7705557624749522,-0.6568935692089347,-0.6397394398470913,-0.61763156776021,0.414,1.3532361140752374,-0.7441236923282264,0.39954751509304526,-0.5757469006825665,-0.29,-0.68,-0.3115455450378024,0.428,1.4071512232255357,0.4332251153866785
0.628,0.938,-0.398,-0.153,0.938,0.076,-0.906,1.026,-0.153,0.628,0.558,-0.906,0.076,1.93,1.026,-0.398,0.628,1.93,1.93,-0.906,0.076,1.035,-0.906,1.035,-0.153,0.076,1.035,-0.153,0.628,-0.906,0.938,1.035,1.93,0.628,0.938,0.558,0.076,0.938,0.628,1.035,1.93,0.938,1.026,0.558,1.93,-0.906,0.628,1.93,0.628,0.938,-0.398,-0.153,1.026,1.026,0.076,0.628,1.93,-0.398,-0.906,-0.153,-0.4117195729430769,-0.16481994742224776,0.06004173304491488,0.09583130767542172,-0.917878187050338,1.026,0.6171204712511151,0.654443915381859
1.115,1.115,-0.954,1.426,-0.954,-1.018,0.571,1.099,-1.018,-0.954,1.099,0.252,1.426,1.534,-1.018,-0.868,1.099,0.252,1.099,-0.868,-0.868,1.099,-0.452,-0.868,1.534,1.115,1.426,1.115,1.426,1.426,1.099,0.571,-1.018,1.534,0.571,1.426,-0.954,1.426,-0.452,1.426,1.534,0.571,1.099,-0.452,-0.954,1.426,-1.018,1.115,1.534,1.426,1.115,-0.954,1.115,1.115,0.571,-0.868,0.571,-0.452,-0.868,1.099,-0.8814098191834293,0.252,-1.018,1.426,1.0839681706606026,0.571,-0.954,-0.9660959497309529,1.534,-0.4619409611653648
-0.791,-0.788,-0.625,0.756,-0.423,-0.423,-0.423,-0.625,-0.788,0.947,0.947,-0.625,1.114,-0.257,-0.791,-0.625,-0.791,-0.825,0.947,-0.625,1.114,-0.825,-0.791,0.947,0.947,-0.625,1.114,1.114,1.114,1.114,-0.791,0.947,0.947,-0.825,0.947,-0.625,-0.788,-0.625,0.947,0.756,0.46,-0.791,-0.788,0.947,-0.825,0.947,1.114,-0.791,-0.625,0.947,1.114,0.9241250245341571,-0.6365844540892095,-0.257,-0.825,-0.8026467089166798,-0.8429638690380126,0.46,-0.788,-0.2721591123674394,-0.423,-0.813171333829458,-0.2543273754524644
-1.109,0.317,1.551,-1.109,0.317,1.106,-1.174,1.551,-0.56,1.895,1.895,-0.56,1.895,-1.174,-1.174,1.551,1.106,1.895,1.113,1.895,1.113,1.113,0.317,-1.174,1.895,-1.109,-1.109,-1.109,1.551,1.113,1.113,0.317,1.106,-1.174,1.106,1.551,-1.174,-1.109,-1.174,1.895,-1.174,1.551,1.113,-1.109,-1.1181026189653585,0.0,1.895,1.106,1.8746701827395564,0.317,1.551,1.0953431443500625,1.538041452200032
-0.891,0.328,-0.891,-0.95,-0.95,-1.085,-1.085,-0.818,-0.735,-0.678,-0.818,-0.398,-0.818,-1.085,-1.085,-0.95,-0.866,-0.866,-1.085,-0.866,-0.95,-0.95,-0.678,-0.735,-0.891,-0.866,-0.866,-0.866,-0.678,-0.785,-0.735,-0.785,0.328,-0.818,-0.735,-0.891,-0.785,-0.678,0.328,-1.085,-0.891,-0.735,-0.785,-1.085,-0.678,-0.818,-0.866,-0.8327708570306054,-0.8819011239104448,-0.785,-0.80489759362055,-0.8604356259471101,-0.735,-0.891,-0.913172582721099,-0.7436957437081425
-0.367,-0.456,-0.367,0.542,-0.415,-0.521,0.74,0.121,0.74,0.542,-0.298,0.121,1.747,-0.415,-0.415,1.747,1.747,1.747,-0.415,-0.415,-0.298,0.121,1.747,0.121,1.747,0.121,-0.197,1.747,-0.367,-0.367,-0.367,-0.197,-0.298,0.74,0.121,-0.367,-0.298,-0.456,-0.521,1.747,0.542,-0.456,0.74,-0.367,-0.197,-0.415,-0.4668460311760406,-0.38560672401788115,-0.21351722854295685,0.121,1.747,-0.521,-0.298,-0.17424768483509848,-0.5285728013006372,0.542,0.7253527666878233,-0.1199553321093313,-0.4325442877602315,-0.4274076766007934,0.7695584965437633
-0.411,-1.113,-1.113,-0.033,0.817,0.817,-1.051,-1.113,-0.033,0.167,0.167,-1.051,-0.921,-1.113,0.817,-0.033,1.354,-0.643,0.817,-1.051,1.354,-0.921,0.167,-0.411,1.354,1.354,-1.113,1.354,1.354,-0.411,-0.643,-0.921,-0.643,-1.113,-1.051,-0.411,-0.411,-0.921,-1.113,-0.033,-0.05616359381628262,-0.04727571668166525,-1.1272925104539535,-1.07947327354018,-1.0417735881132395,-0.921,-0.411,1.354,-0.4306570747287669,-1.0193872368108219,-0.9355365694746126,-0.9126279168866102,-0.643,-0.8918437763432754,0.0,1.339140264795132,-0.9639715177156056,-0.8499064427446447,1.387800724239124,-0.01270932284119693,-0.3804311558824088,-1.051,1.4419303554767269,-1.0691105560404117
0.619,-0.9,-1.097,-0.563,0.019,-1.003,-1.003,0.203,0.019,1.345,0.019,-0.563,0.732,-1.097,0.019,0.619,0.732,-0.562,-1.097,-1.003,-0.9,-0.563,-0.562,-1.097,-1.097,0.019,-0.562,-1.003,-0.562,-0.562,-0.562,-1.003,-0.9,-0.562,0.732,0.732,-0.562,0.019,-1.003,0.732,1.345,-1.097,-1.097,-0.562,0.619,-0.563,0.019,1.345,0.619,0.203,-1.003,-1.097,0.619,0.732,-0.563,-0.5759746476145444,-0.562,-0.9,0.6070902260943132,0.6410706759800231,-0.9177710961809266,0.7227877072561635,0.7002781469374043
-0.306,-0.013,-0.013,1.3,-0.993,-0.666,0.459,-0.993,1.3,-0.666,0.212,0.459,0.459,0.459,-0.993,0.212,0.265,0.726,0.459,0.265,-0.361,-0.361,-0.361,-0.361,-0.993,0.212,-0.666,0.212,0.212,0.459,-0.306,1.3,0.212,0.459,-0.013,0.212,-0.993,-0.306,-0.361,-0.666,0.212,-0.666,-0.666,-0.993,-0.993,-0.666,-0.306,0.459,-0.993,0.212,0.726,0.459,1.3,-0.013,0.726,-0.361,-0.993,-0.02429787705249624,-1.0098494356972787,0.4462246423849505,-0.306,-0.666,-0.31933839058118785,0.011951514974211645,1.286265969407234,0.482356107634086,0.04413864216271801,0.5122016271118657,-0.27373711751208174,-0.986120236866335
-0.587,0.354,-1.034,-0.955,-0.955,0.219,-0.434,-0.955,-1.034,-0.42,-0.42,0.343,0.354,-0.434,-1.034,-0.587,0.354,0.354,-0.587,0.343,0.354,0.219,-1.034,-1.034,-0.955,0.219,-0.955,-1.034,0.219,-0.587,0.5,-0.113,-0.955,-0.42,-0.434,0.343,-0.42,-0.587,0.343,0.5,-1.034,-0.955,-0.587,-0.42,-0.42,-0.955,-0.587,-0.113,-1.034,0.343,0.5,-0.42,-0.434,-0.9673737330037291,-0.9283926503293716,-0.4356962556357737,-1.0424206990644114,0.4872720294636411,-0.8698745648356463,0.506442876731485
-0.345,0.449,0.449,-1.22,1.834,-1.22,-0.345,-1.22,-0.929,1.436,-0.929,0.309,-1.22,-0.929,-0.019,1.834,1.834,-1.22,1.436,0.449,-1.22,-1.22,-1.22,1.347,1.834,-0.929,1.436,-0.345,-1.22,1.436,-0.929,1.834,1.255,1.255,1.347,0.309,1.347,-0.345,-0.019,-0.345,1.834,-1.22,0.309,-0.345,-1.22,1.834,0.309,-0.929,1.436,-1.22,-0.019,1.347,1.347,-1.22,-1.2381797212108776,0.449,-0.929,1.255,0.309,0.2916204349718718,-0.9462490417895751,-0.9021212684993698,1.2395146304528728,-0.8676914150140087
-0.728,1.751,-1.11,-1.11,-0.617,-0.728,-0.669,-0.298,-0.617,-0.695,2.123,2.123,1.751,-0.669,-0.463,-0.298,-0.298,-0.463,-1.11,2.123,2.123,2.123,-1.11,1.751,2.123,-0.298,-0.463,2.123,0.878,-0.669,1.751,-1.11,1.751,-0.298,-1.11,-1.11,-0.728,-0.463,-0.463,-0.695,1.751,0.878,2.123,-0.728,2.123,2.123,1.751,1.751,-0.728,0.878,0.8679587106806681,-0.617,-0.463,-0.6335498705174684,-0.669,-0.47800181079007137,-1.11,-0.4508061738705865,-0.5955222630302393,2.123,-0.7396406479375951,2.104948128482306,0.9124441378758114,-0.5466934823011621
-0.575,1.004,1.564,-0.539,-0.462,0.627,-0.462,0.627,-0.575,1.564,-0.539,-1.138,-0.462,-1.138,1.564,-0.312,-0.539,-1.138,1.004,-0.312,-0.575,1.004,-0.575,-0.539,1.564,-0.71,-0.312,-0.575,-0.71,-0.539,-0.312,-1.138,-0.527,-0.462,-0.539,1.564,1.004,0.627,-0.527,-0.462,-1.138,-1.138,1.564,-0.539,-0.575,-0.71,-0.575,1.004,-0.71,-1.138,-0.527,-0.462,1.004,-0.527,-0.575,-0.539,0.627,-0.585857467870101,-1.138,-0.71,0.6133817121317712,-0.7264186116691203,-0.6973451302678864,-1.1549912447489545,0.9882798615464947,-0.6635624783956986,1.564
-0.839,-1.175,-1.175,-0.839,-0.609,0.137,-0.93,-1.092,1.004,2.353,-0.93,2.353,-0.93,-0.854,2.353,0.626,-0.839,-1.092,1.004,1.004,-1.092,-1.092,-1.175,2.353,0.137,-0.839,1.004,-1.175,-1.175,2.353,0.137,-0.854,2.353,-1.092,2.353,-1.175,-0.609,2.353,-1.092,-1.092,-0.839,-1.175,1.004,-1.092,1.004,-1.092,-1.092,-0.93,-0.854,1.004,2.353,-1.175,-1.175,-1.092,1.004,-0.609,-0.854,-1.175,2.353,2.3391919940170784,0.137,2.3680760084004144,-0.622823514386955,0.12925393793090378,-0.93,-0.839,2.4110406031941993,-1.1940019206172594,0.16482734842135288,0.20470918552953882
-0.166,-0.621,-0.078,-1.03,-0.628,-0.238,-0.628,-0.628,-0.606,-0.628,-0.621,-0.238,-0.628,1.171,-1.064,-1.064,-0.166,-0.628,-0.371,1.171,-1.03,-1.03,-1.064,-0.078,-0.238,-0.628,1.171,-1.03,-0.371,-0.078,-1.064,-1.03,-0.238,-1.03,-0.238,-0.628,1.171,-0.606,-0.621,-1.03,-0.606,-0.166,-0.371,-1.03,-0.628,-0.3842203850660134,-0.621,-0.6427958964215656,1.171,1.1464886121389182,-1.043764117431115,-0.166,-1.007344919540609,-0.9920895632082061,-0.9540037818147551,-0.34859326725991174
-1.166,-0.032,-0.299,0.314,-1.166,0.006,0.006,-0.537,-1.166,0.314,-0.032,-0.992,2.25,-0.992,-0.272,0.314,2.25,-0.992,2.25,-1.166,-0.272,0.006,0.109,-1.166,-0.537,-0.537,-0.299,-0.272,-1.166,0.314,-0.992,-0.992,-0.992,-0.032,2.25,2.25,-0.272,-1.166,0.314,0.109,0.314,2.25,0.006,0.109,0.109,2.25,-0.992,0.109,2.25,-0.032,0.314,-0.537,0.006,0.09616522929401311,0.13755729749967688,-0.044763542528747466,0.3007152546153808,-0.02102833493590218,-1.166,0.19934257091420116,2.2413037573928816,0.022035727913466786,-1.1814122364262547,-1.146877877815856,-0.272,-1.1348257966638444
0.415,-1.225,-1.225,-0.335,0.416,2.089,-0.749,2.089,-0.749,1.283,-0.749,-0.749,-1.225,-0.335,-1.225,1.283,-1.225,1.166,0.316,-0.749,0.415,0.415,-0.13,0.316,-0.335,0.316,2.089,1.166,2.089,-0.13,-0.335,-0.335,-0.749,0.316,0.316,0.316,-1.225,2.089,1.283,-0.749,-0.335,1.166,1.283,-0.335,0.415,-0.335,0.316,-0.335,-1.225,0.415,-1.225,-0.13,0.415,-0.13,-0.335,2.089,-1.225,2.0770061101382713,-0.3531030655095859,1.283,1.166,-0.3187331983426472,2.123222625493222,0.416,1.269283541127428,0.415,-0.13,1.3052883524810475,-0.749,0.316
0.845,-0.503,1.117,-1.052,1.116,1.116,-1.052,0.157,0.845,0.48,0.845,-1.052,0.084,1.116,0.015,1.117,-0.824,-0.824,-1.052,1.116,1.116,0.48,0.845,0.157,0.084,-1.052,1.117,-1.052,-0.824,-1.052,-0.503,0.015,-0.824,0.084,0.157,0.015,1.116,1.116,1.116,0.845,1.116,1.116,0.48,-0.503,-1.052,1.116,-1.065625401908692,-0.824,0.845,-1.0121208498928622,-0.84077353793472,1.100853071032293,1.1330464425303481,0.8285506425304239,1.1716870645520847,-0.5180933870191419,0.48,0.084,0.06540050996207479,0.8398737537478924,0.10718653508421527,0.015,0.8898462819233073
0.932,0.355,-0.277,-0.148,-1.119,-0.983,-0.256,0.932,-0.983,-0.983,-1.119,-0.654,-0.277,0.355,-0.256,-0.911,0.932,0.355,-0.983,-1.119,-1.119,-0.277,0.932,0.355,-0.911,0.932,-0.256,1.12,-0.277,-0.277,-0.911,-1.119,1.12,-0.256,-0.654,-0.256,0.932,-0.911,-0.277,-0.277,0.355,-0.256,1.12,0.932,0.355,0.355,-0.983,-0.911,-0.983,-1.119,0.932,-0.911,-0.277,-1.1250688405812306,1.12,-1.085560140776511,1.107352405315562,0.355,-0.28757163555691945,1.1624974482647419,-0.654,-0.9229311961200912
-0.434,1.146,-0.706,-0.434,1.089,-0.706,1.146,-0.25,1.089,-0.764,-1.026,-0.434,-0.25,-1.026,-0.764,-0.25,-0.4,1.089,-0.434,-1.026,-0.4,-1.026,-0.764,-0.764,0.632,-0.706,-0.673,-0.434,1.089,-0.706,-0.434,1.146,-0.434,-1.026,-1.026,-0.706,-0.434,-0.706,-1.026,-0.25,-0.673,0.632,-1.026,-0.673,0.632,0.632,-0.4,1.146,1.089,-0.673
0.497,-0.806,-0.367,0.698,-0.367,1.036,-0.396,1.036,0.698,-0.367,0.698,0.497,-0.806,0.698,1.353,-0.806,1.036,0.57,-0.367,-0.367,-0.396,1.036,0.366,-0.799,1.036,1.036,0.497,1.353,-0.799,0.497,0.366,0.497,1.353,-0.806,1.036,1.036,-0.367,-0.799,-0.367,0.698,-0.806,-0.806,-0.396,-0.396,1.036,1.036,-0.367,0.698,0.57,1.353,-0.806,1.036,-0.367,0.366,1.0212124181182016,0.698,1.338757771028837,1.0493526492151206,-0.396,-0.8163856553842608
-0.964,1.185,-0.43,0.45,1.312,-0.964,1.185,0.382,1.312,-0.43,1.312,0.382,-0.964,-0.964,1.185,-0.061,-1.021,-1.021,1.185,-1.021,-1.021,-0.061,-0.061,-0.745,-1.021,-0.061,-0.964,-0.964,-0.745,-0.645,-0.645,1.185,0.382,-1.021,-0.061,-0.061,-0.745,-0.43,-0.061,-0.964,-0.061,-0.43,-0.645,1.312,-0.061,-0.964,-0.061,-1.021,-0.645,1.185,-0.964,-0.6608352644414482,0.45,-0.9761362278480644,-0.6394103264348074,-0.061,-0.6170835140705176,1.1743886319919703,-0.43,1.312,1.210781513046778,1.2515125522401829
0.568,0.382,0.2,-0.916,-0.891,0.502,-0.808,0.524,0.568,0.502,-0.916,1.019,0.524,-0.963,1.019,0.2,-0.891,0.502,-0.891,0.502,-0.808,0.568,-0.891,-0.963,0.568,0.502,-0.916,0.2,0.502,-0.963,0.2,1.019,0.502,-0.891,-0.916,-0.808,0.2,-0.963,-0.808,0.524,-0.963,0.568,0.502,0.568,0.382,1.019,-0.916,-0.891,-0.9314971565937854,-0.9128995711798793,-0.808,0.382,0.3685303118953806,0.2,0.524,0.18169248300734406,-0.963,0.568,-0.9759611011943997,0.5108168054044181,1.0095512427360782
-0.69,-1.029,0.329,0.437,0.437,-0.407,-1.029,-0.69,-0.011,1.552,1.261,-0.011,1.261,1.261,1.261,0.329,-1.029,-0.69,-0.199,1.552,-1.029,-1.029,1.261,0.329,-0.407,-0.011,1.261,-1.029,0.437,0.437,-0.011,1.552,0.437,0.329,1.261,0.437,1.552,0.437,0.437,1.552,0.437,1.552,-0.199,-0.69,-0.011,-1.029,-1.0409014222547806,0.329,-0.407,0.437,-0.7068188252991044,-0.02313007719861805,0.4226906136016924,-0.421018077669361,-0.199,-0.9974565802887411
0.038,-0.965,-0.85,-0.364,-0.85,0.308,-0.965,0.038,-0.965,0.038,0.038,0.348,-0.364,0.162,-0.965,-1.021,0.348,0.348,-1.021,0.162,0.308,-1.021,-0.364,-0.364,-0.85,-1.021,0.035,-0.965,-0.85,0.308,-0.85,-1.021,0.162,0.162,-0.59,-0.965,0.308,0.308,-0.85,0.162,-0.59,-0.59,0.348,0.035,-0.85,0.308,0.035,-1.021,0.038,0.348,-1.021,-1.021,0.348,0.162,0.162,0.308,-1.021,0.14660005156996692,-0.965,0.038,-0.9721419760253769,0.021029661918880678,0.2946809484437682
1.165,-0.792,-0.992,-0.992,1.165,1.165,-0.985,-0.288,-0.561,-0.877,-0.985,-0.561,0.547,-0.792,-1.164,-0.992,-1.164,-0.561,-0.985,-0.877,-0.704,-0.561,-0.288,-0.985,-0.288,-1.164,-0.288,-0.992,-0.985,-1.164,-0.877,-0.792,0.547,-0.792,-0.704,-0.992,-1.164,-1.164,-0.877,-0.985,-0.985,-0.704,-0.792,-0.992,-0.561,-0.992,-1.164,1.165,-0.704,-0.985,-0.288,-1.164,-0.877,-0.992,-0.9987075066748957,-0.2989315206626382,-1.002847569775044,-0.9714816537882309,0.547,-0.561,-0.8859215868140489,-0.9314674367979705,-0.9656089152376077,-1.1790742039112567
-0.345,1.915,1.915,1.915,-0.151,2.432,1.915,-0.151,2.432,-1.118,1.915,1.915,2.432,-1.118,0.388,0.004,-0.151,-0.823,1.915,1.915,0.589,2.432,-1.118,0.187,-1.118,-1.118,0.187,-0.823,-0.823,-0.345,2.432,0.388,0.187,-1.118,0.004,2.432,-0.151,-0.151,1.915,-0.345,-0.345,2.432,-0.823,-0.345,-0.3684728825595383,0.187,0.388,0.589,1.915,-1.118,-1.1495720580035689,0.5776828482241492,0.37594682172259725,-0.8352113465411267,-1.1149554094510716,2.432,2.414225844469941,1.9059545007452592,-0.151,2.4544430045065417,1.9256038003430167
0.24,0.24,0.753,0.369,1.607,-0.726,-0.586,-0.586,1.607,0.555,-0.772,-0.941,1.607,0.24,0.24,-0.772,-0.941,0.369,1.607,0.555,0.753,-0.772,-0.941,-0.726,-0.586,0.555,-0.941,1.607,0.555,-0.726,0.005,-0.726,-0.772,-0.586,0.24,-0.941,0.369,0.369,-0.726,0.005,-0.772,-0.726,0.555,-0.941,-0.726,0.005,-0.772,0.369,1.607,-0.941,-0.726,-0.7471759501435195,-0.005717691455257094,0.555,0.5397750604124253,-0.7873652838353906,0.753,0.24,-0.586,1.5962621991898929,0.029666074702506616
1.433,-0.657,1.675,-0.978,-1.019,-1.019,-1.019,-0.268,-0.077,0.231,-0.978,-0.978,1.433,-0.978,-0.657,-0.978,1.433,1.433,1.675,-0.657,-1.026,-1.026,-0.404,1.675,-1.026,-0.978,-0.077,-0.657,-0.657,-1.026,-1.026,-1.026,0.231,-0.077,0.231,-1.019,1.433,-0.657,1.433,1.675,1.675,-0.978,-0.657,-0.268,1.433,1.433,-0.657,-1.019,1.675,1.433,1.4147895206119303,0.231,1.675,-1.026,1.6579333579021438,-0.657,-1.019,-0.978,-0.268,-0.404,0.22037612412934204,-0.41630618030594607
-0.034,0.716,-0.712,-0.712,0.716,-0.034,-0.712,-1.31,-1.113,-0.689,-1.113,-0.365,-1.31,0.716,-1.31,-1.113,-1.113,0.807,-0.365,0.934,-0.689,-1.31,-0.712,-0.034,-0.712,-1.31,0.716,0.716,-0.689,-1.31,0.807,-1.113,-0.365,0.73,0.934,0.934,0.73,-1.113,0.73,-1.31,-0.712,0.934,-1.31,-0.365,0.807,-1.113,0.934,-0.712,-0.7278302145215022,0.807,-1.31,-0.034,-0.058116629971708106,0.934,-1.113,-0.678402726021459,0.716,0.6944903013470889,-1.1289995530483874,0.9246640492439268,-0.010579772218791927,0.7902673108650569,-0.365,0.8473219415035845
-0.845,-0.887,2.009,-0.845,2.009,2.009,-0.693,1.13,-0.372,-0.239,1.105,-0.845,-0.693,0.448,-0.887,1.13,1.105,-0.845,-0.887,-0.887,-0.928,1.105,1.105,2.009,1.13,-0.693,-0.845,-0.239,0.448,1.13,2.009,-0.928,1.13,0.448,-0.928,1.13,-0.928,-0.845,1.13,0.448,-0.928,-0.239,2.009,-0.887,0.448,-0.928,-0.8982279800888591,1.13,-0.8619784537336044,-0.372,0.4370929709279359,-0.9442133450641186,-0.239,-0.915705050336849,-0.693,1.9979788900812965,-0.8486830410560672,1.1226941488079194,-0.38622263211706603
0.579,-1.006,-0.389,-0.389,0.142,0.707,0.142,-0.424,-0.424,-0.389,-0.389,0.443,0.443,-1.006,-0.228,-0.829,-0.389,0.579,0.579,0.579,-0.829,-0.424,-0.424,-0.113,0.142,-0.829,0.579,-0.228,-0.228,-0.113,-1.006,0.707,0.707,0.142,-0.829,-1.006,0.443,0.579,0.707,-0.829,-0.424,-0.829,0.707,0.142,-0.424,0.707,0.443,-0.829,-1.006,-1.006,-0.424,0.579,-0.389,-0.424,-0.113,-0.228,-0.1279313321469576,0.579,-1.006,-1.0236343899976106,0.142,0.443,-0.09775918140784587,-0.24083572901218922,-0.06405209925263254,-0.18999058067024333,-0.15598026177689378,-0.12724172300805892,0.707
-0.713,-0.713,-1.278,-1.278,-1.195,-0.094,0.489,0.489,0.906,0.489,-1.195,-1.278,-1.278,0.489,0.008,-0.094,0.104,0.906,0.906,-0.037,-0.326,-1.195,-0.713,0.489,-0.713,-0.094,-1.195,-0.713,-0.037,0.489,0.906,-1.278,0.489,-1.278,0.489,-0.326,-0.326,-0.037,0.104,0.008,-0.037,-1.278,-1.195,-0.326,-0.037,-1.278,-1.195,-0.326,-0.713,-1.195,-0.094,0.489,0.489,0.46832830964343486,0.104,-1.195,0.906,0.8835335116718401,-1.278,-0.713,0.9285382091405616,0.950769098646097,-1.2900573762040901,-0.326,-0.731484392704092,-0.6842952558907133,-1.2604115437822316,-1.2451132606158084
0.876,-0.784,-0.276,0.817,-0.276,-0.784,0.248,-0.784,-0.854,0.817,-1.025,-0.391,-0.784,0.876,-0.854,-1.025,-0.169,-0.854,-1.092,-0.276,-1.025,-1.025,-0.784,0.248,-1.092,0.876,-0.169,0.876,-0.276,0.248,0.248,0.817,-1.025,0.876,-0.854,-1.025,-0.169,-1.092,-1.092,-1.092,0.248,-0.391,-0.854,-0.276,-0.391,0.876,0.817,0.8062582248771166,-0.784,-0.391,0.248,-1.025,-0.4025293382639356,-0.7974074774707397,0.8451190051729435,-0.169,-0.854,0.8831874831970228,-0.7671423212163182,-0.276,0.876,0.8677505408439178,-1.092,-0.28742347661362005
1.25,-1.207,-1.207,-0.256,0.207,-0.397,-1.207,0.207,-0.256,-1.254,-1.254,0.362,-0.256,-1.207,-1.254,-1.207,-1.254,0.207,1.25,-0.256,0.207,1.25,0.362,-0.888,-1.207,-1.254,-0.888,-0.397,-0.397,-1.254,0.252,0.94,0.207,-1.207,-0.397,0.362,-0.888,-1.254,0.207,0.94,0.207,0.252,-0.256,-0.397,-1.254,-1.254,-0.397,-1.254,0.362,-0.256,0.207,-1.207,0.207,0.362,-1.207,-1.207,0.362,0.207,0.1984271009602347,1.25,0.252,-0.256,0.362,0.3415479877817693,0.24164596388514697,0.24251884010728056,-0.397,0.3865578214941467,-0.41103933998726466,0.94,0.29082695910982514,1.234116532547288
1.628,0.418,0.491,1.741,1.741,1.628,0.079,0.079,1.741,0.491,-0.915,1.7,-0.487,0.491,1.741,-0.013,0.079,-0.487,-0.487,-0.487,-0.487,1.7,1.741,-0.717,1.7,-0.013,1.628,-0.487,1.7,1.7,-0.013,-0.915,1.628,0.079,0.079,1.7,1.628,1.7,0.491,-0.013,1.741,-0.717,-0.487,-0.915,1.7,-0.915,0.491,1.741,1.628,-0.717,1.7,0.491,0.491,-0.013,1.7,-0.02804584659068883,1.685766841562025,0.079,0.05467242533662481,0.491,0.418,-0.915,1.7104367787063763,0.020763278105320034,1.628,1.6130925023350149,1.741,0.0974244968875035,-0.487,-0.9231197412340588,0.05886209431261794,1.7305984534661953,1.744729637115074
-1.058,-0.257,-1.07,-1.058,1.781,-0.257,-0.877,-1.072,-1.058,1.781,-1.07,1.781,-1.072,-0.257,-1.07,-0.877,-1.072,-1.058,-0.257,-1.072,1.22,-1.07,-0.877,1.781,-1.072,-1.07,-0.257,-1.058,-1.072,1.22,1.781,-0.877,-1.07,0.531,0.695,1.22,-0.257,-1.058,-1.07,0.695,-1.072,-1.072,-1.07,-1.072,-0.06,-0.257,-0.877,-0.8913969186162553,-1.072,-1.0935927285709113,0.531,-1.058,-0.06,0.5173939878995136,0.5341552718815391,1.781,-0.8428619872597397,-0.27240803514565826,-0.8168675909059875,-0.07719953630637705,-0.2160366754043867,1.22,-0.7469599898474186,-1.0690250938570018,1.7707546394580362,-0.1854943587429492,-0.7372598137333611,-0.14401540802016843,-0.7028649214409779
1.499,1.107,0.633,1.499,0.633,-1.274,-0.999,1.499,1.13,0.87,0.87,-0.166,-1.274,-1.274,0.633,1.172,0.633,1.107,0.87,0.87,-0.999,-1.274,0.343,0.87,1.499,1.13,0.87,0.343,1.172,1.172,1.13,-0.999,1.172,-0.166,1.172,-0.166,-0.999,-1.274,0.87,1.107,0.633,0.633,0.343,0.343,0.343,1.13,0.343,-1.274,1.107,1.13,-0.999,-0.999,1.499,1.172,0.343,1.4841313760235413,1.13,0.87,-1.009065728014893,1.113503614461393,1.5503327464260777,1.5972470970797952,1.6161637847055266,-0.9738073912691445,0.3317083783752127,1.660504151863434,1.1551063471164804,1.1769586523878337,-0.166,1.705559591524523,-0.937475610032534,1.191830191141024,-0.9084079018416695
1.066,0.635,1.067,-1.24,-0.547,1.279,0.864,-0.946,0.864,1.279,1.067,0.635,0.635,-0.946,1.279,0.161,1.066,0.635,0.161,-0.547,1.066,1.066,0.161,-1.24,-1.24,0.635,-0.946,0.161,0.635,-1.24,0.864,0.864,-1.24,0.161,1.066,-1.24,0.195,0.635,-0.946,-1.24,1.279,0.864,1.066,0.195,1.067,1.279,1.066,-0.547,0.161,0.13392764260189297,0.195,0.864,-0.547,0.15786018206515418,0.8482914869928679,0.18004325562208104,1.066,0.895738484310021,-0.5607477373050579,1.048550623406794
-0.856,-0.856,0.309,-0.617,-0.883,-0.856,-0.57,0.469,-0.856,-0.617,-0.039,-0.57,-0.039,-0.883,-0.039,0.595,-0.549,-0.617,-0.883,-0.039,-0.617,-0.617,-0.883,-0.883,-0.57,-0.57,-0.883,-0.549,-0.856,0.595,0.309,-0.883,0.843,0.843,-0.883,-0.039,-0.57,-0.617,-0.883,-0.57,-0.549,-0.039,0.843,-0.883,-0.856,-0.8704133922188299,0.8303125167347074,-0.617,-0.5596771582483981,-0.57,0.469,0.8669826478374026,-0.0547681225971742,0.309,0.28761583304729343
-0.537,-0.537,-0.33,-0.33,-0.87,1.934,-0.87,-0.87,-1.248,-0.719,-0.537,1.934,1.934,-0.601,-0.33,1.934,1.934,-0.601,-0.601,1.934,-0.799,-0.278,-0.87,1.934,-1.248,0.313,-0.799,0.313,-0.799,-0.799,-1.248,-0.87,-0.799,-0.719,-1.248,1.934,-0.87,-0.33,-0.33,-1.248,-1.248,-0.278,-0.278,-0.719,-0.799,1.934,-0.799,-0.33,-0.8160314081630039,-0.601,-0.537,-0.5576865506011804,-0.6145974560388939,1.934,-1.248,-1.268050634782558,0.313,-0.769680352131067,-0.3388432724126714,-0.7443027357933758,-1.213729074659724,-0.5679422410512805,1.9241380678344522
0.084,0.781,-0.123,-0.297,1.49,1.49,0.673,0.673,-1.023,0.673,-0.814,-1.023,-0.297,1.49,-0.123,-0.123,1.49,0.92,0.92,0.673,-0.123,0.673,-0.123,0.92,0.084,-1.023,1.49,0.03,0.673,1.49,0.673,-1.023,-0.123,0.03,0.673,-1.023,-0.814,1.49,0.92,0.92,0.03,-0.814,-0.123,-1.023,0.03,-0.814,-1.023,0.673,-0.123,0.084,0.6634255291688678,-1.032880573445632,-0.814,-0.297,0.6844307605982037,0.696065101084551,-0.3081079219586561,0.7126787818143253,-0.1343530133092995
0.598,-0.921,0.289,1.605,-1.022,-0.921,0.946,-1.022,0.289,-0.638,0.598,0.598,0.598,-0.921,-0.772,-1.022,-1.022,1.151,0.598,1.605,0.598,-0.921,-1.022,0.598,1.605,1.151,1.605,1.605,1.151,-1.022,-0.638,-1.022,1.605,-1.022,0.946,1.605,0.598,0.598,1.605,0.289,-0.772,-0.638,0.946,0.289,-0.638,-0.772,1.605,-0.772,0.0,-0.921,-0.01627407241761504,1.151,-0.9342773725516111,-0.78897832084223,0.289,1.605,0.025245947401994435,0.598,1.5934270000771549,-0.8979761177481443,0.274708995338984,0.5847770039833406,-0.8468938040029135
1.465,-0.093,-0.635,-0.133,-0.133,-1.333,-1.333,-0.133,1.465,1.465,-0.093,-0.093,-1.333,-1.333,-0.474,0.033,-0.133,-0.133,-0.474,-0.474,0.558,0.558,0.558,-0.093,-0.093,-0.133,-1.333,-0.635,-0.133,-1.333,0.033,1.465,-0.093,0.033,-0.474,-1.333,0.033,-1.333,-0.093,-0.133,0.558,0.033,-0.424,1.465,-0.474,0.033,0.01117042511743703,-0.635,-0.474,0.04231076283913132,0.558,-0.093,1.465,-0.133,1.4511457981154468,-0.424,0.0,1.4780690644774621,-0.48671105482474425,1.5057925998473158,-0.6443004378454973,-0.45469206272024393,1.5379854984961328,0.09604041022751161,0.5414152758361228,1.5770672168903104
0.469,-0.939,-1.026,-0.939,-1.136,2.655,-1.136,0.469,-1.136,-1.136,-0.84,-1.0,-0.84,-1.026,1.212,-0.84,-1.0,1.212,0.193,-1.026,-0.84,0.469,2.655,-1.0,0.469,2.655,2.655,-0.939,0.469,0.469,0.193,2.655,-1.026,-1.136,-1.026,-1.0,-0.939,-1.136,0.193,2.655,-0.391,0.469,-1.0,1.212,2.655,-0.939,-0.84,2.655,-1.026,-0.939,2.655,0.193,-1.136,2.655,-0.391,0.193,0.17170127146508835,-0.391,-0.4190609681815654,0.469,-1.026,-0.37978384897743556,-1.0387691520362246,1.212,-1.0,0.19902056732795387,0.22697580317851895,-0.84,-0.3414459612678002,-1.136,0.45545393820418606,-0.9822628156914774
-0.202,0.74,0.74,0.74,1.143,-1.14,-0.202,-0.886,-0.202,1.067,-1.14,-1.14,-0.202,0.74,1.203,-0.886,-0.15,0.74,1.203,-1.14,-1.3,-1.3,0.053,-1.3,1.067,-0.202,0.74,-1.3,-0.202,-0.886,-0.886,1.203,-1.3,0.053,-1.3,1.203,1.143,-1.3,1.143,-1.14,-0.15,0.74,-0.886,-1.14,0.74,1.067,-0.15,-0.886,1.143,-1.14,0.053,-0.202,-1.1564918928624324,-1.131025339000757,0.74,1.129146840916195,1.203
-0.589,0.694,-0.795,-0.271,1.482,0.694,-0.787,-0.787,-0.533,-0.795,-0.533,-0.589,-0.271,1.482,0.694,-0.271,-0.652,-0.271,0.96,-0.639,0.694,-0.589,-0.787,1.482,0.694,-0.652,1.482,0.96,-0.533,0.694,1.482,-0.589,-0.271,-0.533,-0.795,-0.795,0.694,-0.787,-0.639,0.694,-0.652,-0.787,0.694,0.96,-0.787,-0.8056343263883671,1.482,0.6847207043796836,0.9474272079122844,-0.639,-0.6598265646477535,-0.652,-0.6694263731396576,-0.271,-0.6199151236554291,-0.7740301481748828,-0.589
0.777,2.075,2.075,-0.396,-0.815,-0.815,0.777,-0.815,2.075,2.075,-0.396,-0.222,-0.815,0.777,-0.674,-0.49,-0.409,-0.222,0.777,-0.396,-0.815,-0.871,-0.49,-0.815,-0.396,0.777,2.075,0.362,2.075,-0.871,2.075,-0.674,2.075,-0.396,-0.871,-0.815,-0.674,-0.222,-0.815,-0.871,-0.871,0.362,2.075,-0.396,-0.409,-0.222,-0.4252333369881508,2.075,2.057565688078434,0.362,-0.49,0.777,-0.3478795104206311,-0.396,2.112403485324264,-0.5064681376618743,0.7600511113023314,2.1678965794305816,-0.674,0.7939851440983776,2.2066758927793093,-0.6900084492066376,-0.670140671659868
1.471,-0.615,1.471,1.471,-0.204,1.209,-0.204,1.471,-0.204,-0.068,-0.615,-0.569,0.493,1.196,0.004,1.196,1.196,1.471,1.209,1.471,-0.068,-0.204,-0.068,0.307,1.209,1.209,1.209,0.004,-0.569,1.196,1.209,1.209,0.004,1.209,1.209,1.209,1.471,-0.615,1.471,-0.204,0.004,1.196,1.209,0.307,-0.569,-0.615,0.004,-0.6329353718706072,-0.6202245817512951,-0.6017140090103109,-0.068,0.307,-0.204,-0.5816910299459217,-0.0810277650377858,1.196,-0.21853682980296965,-0.05019519334829006,-0.5332239091004624,-0.5722738408977641
-1.077,0.588,-0.707,0.219,-1.077,-1.077,-1.149,0.588,-0.707,-0.707,-1.077,-0.685,-1.149,-0.707,-0.72,-1.149,-1.149,0.588,-0.707,-1.149,0.588,-0.601,-0.72,0.588,-0.707,-1.077,-1.149,-1.149,-0.601,-1.077,-1.077,0.588,-0.685,-0.72,-0.707,-0.72,-0.685,-0.707,0.219,-0.685,0.588,-0.601,-0.72,0.219,-0.72,-0.707,-0.601,0.219,-0.6157032199093959,0.0,-0.5912844204997882,-0.685,-1.149,-0.7178543829889835,0.588,0.20948243012493606,-0.6821658832478811
1.362,-0.958,-0.175,-1.161,-0.835,1.746,-1.161,-0.293,-1.106,0.642,1.362,-0.293,-1.161,-1.161,-0.835,-0.958,-1.161,1.746,-0.175,1.362,1.362,-1.161,-0.835,-0.958,1.746,0.642,-1.106,-0.835,-0.958,-1.106,0.642,-0.958,1.746,-1.161,-1.106,1.746,-1.161,1.32,1.32,1.32,1.32,-1.106,-0.175,-1.106,-1.106,1.746,-1.161,-0.958,-0.835,-1.106,-1.1735001783766499,-1.1567361918144232,-0.9697877252545407,-0.293,1.32,0.642,1.746,1.362,1.3305429745108692,-1.1172926757648474,-1.1167352446511705,0.6316462985736755,0.6482642222718408
-0.768,-0.768,0.06,0.04,0.04,-1.003,0.04,-0.459,-0.984,-0.984,-0.459,0.042,-0.221,-0.221,-1.003,-0.459,0.04,0.109,-0.984,-0.768,0.04,-0.459,0.042,0.439,-0.984,0.04,0.042,0.04,-0.221,-1.003,-0.221,0.04,0.04,-0.984,0.06,0.109,-1.003,0.109,-0.459,-0.984,0.06,-0.984,0.109,0.04,-1.003,0.04,-0.768,0.06,0.04,-0.7805967436660662,0.439,0.4246707416359906,-0.221,0.04221291034020842,-1.003,0.06880849816761811,-0.984,-0.9964214688646363,0.042,0.109,-0.2343464172658961
1.395,-0.775,-0.763,-0.763,-0.763,-0.862,1.395,-0.87,-0.763,-0.663,-0.252,-0.663,1.395,-0.252,0.855,0.855,0.033,-0.775,0.855,-0.252,-0.663,-0.775,0.033,-0.252,1.395,-0.569,1.395,0.033,1.395,-0.862,0.855,-0.87,-0.663,0.033,-0.569,0.855,-0.862,-0.862,-0.87,-0.569,-0.862,-0.775,-0.862,-0.763,-0.87,-0.252,-0.87,1.395,-0.87,0.855,-0.569,-0.5820281314874179,0.033,-0.5468187336296566,0.8414007945514247,-0.48956210683893064,1.395,0.023547802217730895,1.3863389098960026
2.011,-0.876,-0.696,-0.876,-0.486,0.094,0.094,0.52,-0.838,2.011,-0.458,-0.838,-0.876,-0.838,0.52,-0.486,-0.876,0.52,-0.201,-0.201,2.011,-0.838,-0.876,0.094,0.52,2.011,-0.201,-0.201,-0.486,-0.696,0.094,0.52,0.461,-0.696,0.094,2.011,-0.458,2.011,2.011,2.011,0.094,-0.201,-0.201,0.094,0.094,2.011,2.011,0.52,2.011,2.011,-0.486,-0.696,-0.838,-0.458,-0.876,-0.47044409871939397,-0.8919454104538383,0.461,0.52,-0.8593511146420675,0.094,-0.201,-0.7095583378276284,-0.848198968418255
-0.875,-0.122,-1.243,-1.243,-1.174,-0.14,-1.119,-1.243,-1.243,-0.857,-1.174,-0.122,-0.857,-0.122,-0.122,-0.122,-0.875,-0.552,0.35,-0.14,-1.243,-0.857,-1.119,-1.119,-0.14,-1.119,-1.174,0.35,-0.857,-0.552,-0.14,-1.119,-0.122,-0.122,-1.243,-0.552,-0.552,-0.857,-1.119,-1.174,0.35,-1.119,-0.875,-0.14,-0.875,-1.119,-0.552,-1.243,-1.174,-1.174,-0.122,-0.14,-1.174,-0.875,-0.857,-0.857,-0.122,-1.119,-0.875,-0.8905261373808807,-0.14,-0.13764812725272121,-1.174,0.35,-0.15465495478721408,-0.857,-0.8419711611989336,-1.1289823995602035,-0.10659081135721517,-0.8732207410486915,-0.8500725858204577,-1.184387526015054,-1.243
1.603,-0.738,-0.868,-0.515,-0.515,-0.515,-0.738,-0.639,-0.515,-1.155,-0.515,1.603,-0.515,0.623,-0.413,-1.155,-1.155,1.603,-1.155,-0.738,-0.515,0.623,-0.639,1.037,-0.231,-1.155,-0.738,0.623,1.037,0.623,0.623,-1.155,1.603,-0.231,-0.231,1.037,1.603,-0.515,-0.231,-0.231,1.603,-0.639,1.603,0.623,-0.868,-0.868,0.623,-0.868,-0.413,1.603,-1.155,-0.639,-0.738,-0.7590999794951929,-0.4242278610472959,-0.231,-0.868,-0.2482895578597112,-0.21611859331013886,1.037,-0.515
-0.958,-1.115,-1.207,0.429,-0.9,0.65,0.883,-0.958,-0.9,0.883,-1.115,0.883,0.269,-0.9,-1.207,-1.207,0.269,0.279,-1.207,0.279,-1.115,-1.207,-0.958,-1.207,0.65,-1.115,-1.207,-1.207,0.65,-1.115,-1.207,-0.958,-1.115,0.429,0.429,-0.958,0.883,0.883,0.883,-1.207,-0.9,-0.958,-1.115,0.65,0.65,0.279,0.883,0.65,0.8688194475533076,-0.958,0.6406432253064093,-0.973166191986485,0.279,-0.9342628459991315,0.9064531413787673,-0.8912018161656349,0.942956397035031,-0.865913365310315,-0.9,0.269,0.429
1.554,-0.859,2.125,0.754,0.958,-0.205,1.554,-0.506,-0.859,0.958,1.047,-0.859,-0.859,0.187,0.958,1.047,-0.205,-0.655,2.125,-0.655,0.958,0.754,2.125,-0.506,-0.655,0.187,1.554,0.958,1.554,0.958,-0.506,-0.506,-0.205,2.125,-0.205,-0.655,2.125,0.958,0.754,0.754,2.125,0.958,0.9410693228026791,-0.859,2.1111465255429325,2.1544600923760693,0.754,1.554,-0.8767085138542018,0.187,-0.205,-0.22321780713297906,-0.655,-0.18468658233980698,1.047,-0.6702336089456138,1.5393258049472966
-0.964,1.259,1.259,2.108,1.851,-0.923,-0.923,-0.923,-1.087,-1.087,1.259,1.851,2.108,-1.087,2.108,1.851,-0.964,-0.714,2.108,-0.61,-0.054,-0.054,1.259,2.108,1.851,-0.054,1.259,2.108,-1.087,-1.087,-0.923,1.259,2.108,-0.61,1.851,1.259,2.108,-0.61,-0.61,-0.714,-0.964,-0.923,-0.923,-0.923,-0.61,-0.714,-0.714,1.259,1.851,-0.964,-0.923,-0.054,2.108,2.085098161865861,2.118075105494116,-0.714,-0.06294928305011119,1.851,1.259,-0.026457440966924806,2.1546525541810144,1.245255931446284,1.8360880673398536,1.2918307272994551,-0.964,2.16632510892046,2.197896181880501,-0.9366043620199227,-0.9081663906344092,-1.087
-1.119,-0.974,-1.114,-0.895,-1.119,1.742,0.385,-1.114,0.404,-0.895,-1.119,-0.895,-1.114,0.418,-0.974,1.742,1.742,0.703,0.703,-1.119,1.742,-1.028,0.703,0.418,-1.028,-0.974,0.703,-1.119,-0.895,0.703,-1.114,-0.974,0.418,-0.974,-1.028,-1.028,1.742,-1.114,-1.028,-1.028,-0.974,1.742,-1.119,-1.114,0.418,-0.974,0.418,-1.119,-1.119,-0.895,-0.974,-1.119,0.703,-0.9844136870262133,1.742,0.418,-0.9531484563557139,0.6926473213162246,-1.1337828764132698,-1.028,1.7288195090885932,-0.904455020850224,-1.0841049461669603,0.4059050669396033,-1.0576159677705916,0.46392781253321425
1.251,-0.745,1.251,2.727,0.949,-0.899,2.727,2.727,1.251,1.251,0.949,0.949,-0.899,1.72,2.727,-0.899,1.251,-0.32,2.727,1.308,-0.745,1.72,1.251,1.603,1.603,2.727,1.72,2.727,2.727,2.727,1.72,-0.745,1.251,1.308,1.251,1.251,-0.745,1.251,1.72,-0.899,0.949,-0.899,2.727,1.603,1.251,-0.745,1.72,0.949,1.308,0.949,1.603,1.603,0.949,1.308,1.251,1.2371370257162273,1.308,0.0,-0.745,-0.899,-0.7631594659387061,-0.9057957969673757,-0.013493876748241566,-0.32,-0.7208503945027642,1.72,1.700817056661862,1.2747549209907156,1.2975912655214032
-0.071,-0.191,-0.333,-1.05,-0.333,-0.507,0.42,-0.333,-0.356,-0.973,-0.47,1.505,-0.507,-0.507,1.505,-1.05,0.42,0.42,-0.507,-0.071,-0.071,-1.05,-0.191,1.505,-1.05,-0.973,0.42,-0.973,1.505,1.505,-0.47,-0.507,-1.05,-0.333,-0.47,-0.356,1.505,-0.47,1.505,-0.973,-0.973,-0.071,-0.333,-0.191,-1.05,-0.191,-0.507,1.505,-1.05,-0.47,-0.507,0.42,-0.191,-0.2021338831618704,-0.973,-0.47,-0.071,-0.507,-0.08918507937582668,-0.05114578214192625,-0.15177727461484583,-0.333,-0.356,-0.37429777049688606,1.505
-0.066,-0.687,1.496,-0.896,1.496,-0.795,-0.066,-0.598,-1.326,-0.687,-0.896,-0.066,0.935,0.935,-0.066,-0.598,-1.326,1.496,-1.326,-0.386,-0.896,-0.598,-0.428,-0.066,0.935,-1.326,-0.066,-0.896,1.496,-1.326,1.496,-0.896,-0.428,-1.326,0.935,-0.896,-0.795,-0.795,-0.598,0.935,-0.896,-1.326,-1.326,-0.428,-0.598,-0.795,-1.326,-0.598,0.935,-0.896,-0.066,-1.326,-0.687,-0.896,1.496,-0.598,-0.7038848324167829,-0.428,0.935,1.4807628362381442,0.921907564249567,-0.795,-0.076943973720174,-0.9052968497517574,-0.8615290303635071,1.5166226164145835,-0.8074799147755447,1.559282318074774
0.719,-0.714,-0.29,0.719,-0.753,-0.579,-0.714,-0.714,-0.004,0.719,-0.753,-0.714,0.719,-0.29,0.647,-0.004,0.647,0.647,-0.714,-0.753,-0.714,0.404,-0.579,0.404,-0.628,-0.628,-0.403,-0.004,-0.714,-0.403,-0.004,-0.403,-0.29,-0.753,-0.753,-0.628,-0.714,-0.579,-0.714,-0.004,-0.403,-0.29,0.719,-0.714,-0.579,-0.403,-0.714,-0.753,-0.579,-0.7316257343945739,0.404,-0.41816022942688563,-0.6979031997198544,-0.7587738310264126,-0.6530128907166173,-0.3841670400590271,-0.6366972290063123,0.719
-0.563,-0.658,-0.776,0.072,-0.658,-0.977,-1.083,-0.977,-0.776,-1.058,-0.977,0.072,-0.819,0.072,-1.058,0.072,-0.819,0.051,-0.776,-1.083,0.072,-1.058,-1.083,-0.776,-1.083,-1.058,-0.819,-0.563,0.072,-1.083,-0.658,-1.058,-0.977,-0.977,-0.819,-0.658,-0.658,-1.083,-0.977,-0.777,-0.777,-0.777,-1.058,0.051,-1.058,-0.819,-0.658,-0.563,-1.083,-0.977,-1.083,-1.058,-0.819,-0.658,-0.977,-0.6725422757917059,-0.563,-0.5741635695136491,-1.0745500892184892,-1.0337611340694206,-0.6341682624842183,-1.000798797281239,-0.777,-0.9709341146824898,0.072,-0.833300002471877,-0.6028828308080397
-0.482,1.429,-0.868,0.67,0.984,-0.868,-0.15,0.67,0.528,0.187,-0.482,0.187,0.984,-0.482,0.984,-0.15,-0.868,0.187,-0.15,-0.868,0.67,0.187,-0.15,1.429,-1.214,-0.868,-0.736,-1.214,1.429,-0.15,-1.214,1.429,0.67,-0.482,-0.736,-1.214,-1.214,-1.214,0.187,-0.15,-0.736,0.187,0.67,-0.736,0.187,-1.214,0.187,-0.736,-0.482,0.528,-0.49311862941452944,0.5115602997754999,0.187,-0.736,0.67,-1.214,-1.2268424988693076,0.18246716954620926,0.5551631742964536,0.984,0.6578656806590496,-0.7519536040063125,0.5838711364434908,1.429
-1.029,-1.029,-1.048,1.681,-1.296,1.594,1.594,-0.69,1.681,-1.029,-1.296,1.681,1.681,-1.029,-1.296,1.594,-1.029,2.294,-1.029,2.294,-1.048,-1.296,1.681,-1.048,-0.436,-0.69,-1.296,-1.048,-0.132,-1.296,1.681,-1.029,-1.029,1.594,2.294,1.594,-1.029,-0.132,1.681,2.294,-1.029,-1.029,-0.69,2.294,-1.048,-1.296,2.294,-0.436,2.294,-1.029,-1.296,1.594,-1.029,-0.132,-1.048,1.681,-1.296,1.594,-1.048,-0.132,-1.029,-0.436,-0.44821135923810296,-0.69,-1.029,-0.4186040697154044,1.594,-0.14295505429454375,-0.7056636106996544,1.681,-0.3915634789329025,-0.10131645784841446,-1.0425002930220386,-1.0157769271339665
1.108,1.274,0.327,-0.867,-0.8,0.327,0.218,-0.918,0.218,-0.529,1.108,-0.808,-0.808,1.274,1.274,-0.8,-0.867,-0.918,-0.8,-0.529,-0.867,1.108,-0.717,1.274,1.274,0.218,1.108,-0.808,-0.918,0.327,-0.808,0.327,1.274,1.108,-0.808,-0.529,-0.717,0.218,-0.529,-0.808,1.274,-0.8,-0.529,-0.717,-0.529,1.108,1.274,1.108,1.274,-0.808,0.327,-0.808,-0.8,-0.529,-0.5485940801934154,0.218,-0.5133990441097592,0.20146795608179696,-0.867,-0.8145964007590166,-0.717,-0.918,-0.45600459109407737,1.274,-0.9360925831634883,-0.7882418422669304,-0.8208000639796227,1.108,0.2297484462426364
0.805,0.883,1.798,-0.275,2.154,0.883,0.549,1.798,1.132,1.798,1.798,0.805,2.154,1.798,0.805,0.805,1.798,0.883,-0.838,-0.952,1.132,-0.838,0.805,-0.952,0.805,2.154,-0.952,0.805,2.154,1.132,1.132,1.132,1.132,0.805,2.154,0.549,-0.359,-0.275,1.798,-0.275,0.805,-0.952,0.549,-0.838,0.549,-0.838,-0.952,1.798,1.132,1.798,1.7747637752004868,0.549,-0.359,0.883,0.805,-0.275,2.154,-0.28935492108512445,0.7883595346764513,-0.952,-0.3757485840566105,-0.838,-0.2349987376492092,1.8148461902031576
-0.997,1.547,-0.812,1.081,-0.188,-0.649,-0.695,-0.511,-0.649,-0.649,1.547,-0.812,-0.997,0.022,-0.812,-0.812,-0.511,-0.695,-0.649,0.022,1.081,-0.695,-0.188,-0.649,-0.188,1.081,0.075,1.547,-0.649,0.075,0.022,-0.695,-0.997,-0.695,1.547,1.547,0.075,-0.997,1.547,-0.695,-0.649,-0.649,-0.649,-0.649,1.081,0.075,-0.997,1.068548051136232,0.022,1.1024683167050884,-0.812,-0.695,-1.0113218629693645,1.547,-0.649,0.008077890720220105,0.025167113443647485,0.05732089739309396,-0.9608362557590115
-1.009,0.204,-0.675,1.048,-1.009,-0.675,0.261,-1.109,-0.675,-1.109,0.964,0.964,-0.39,-0.39,0.204,-1.009,0.261,-1.109,0.204,-0.927,-0.39,-1.009,0.964,0.964,-0.77,-1.009,-0.927,-0.675,0.261,-1.109,-1.109,-0.77,-0.39,1.048,-0.77,-1.109,-1.109,0.964,-1.009,-0.927,-0.675,0.261,0.964,-0.77,0.261,-1.009,-1.109,-0.7797959187326404,0.25196631479849074,1.048,-0.7476322064943569,0.2687940284378498,0.204,-0.7116636946667159,-0.675,-0.6759160673146197,-1.1215099812877134
1.681,0.29,-1.027,-1.027,-1.027,2.28,-0.581,-0.203,-1.027,-1.029,1.76,-0.581,1.76,1.76,1.681,-0.754,1.681,2.28,1.76,1.681,-0.017,1.681,-0.581,1.681,-1.029,-1.027,1.76,0.29,-1.027,-0.581,2.28,-0.754,-1.027,-0.017,2.28,1.681,-0.581,-1.029,-1.029,1.681,2.28,1.76,1.681,2.28,-1.029,-1.029,-0.754,-0.203,-1.029,2.28,-0.581,0.29,-1.027,-0.5962378275062751,0.27526281445323775,2.2702555265516606,-1.0446755104647587,1.681,1.76,-0.754,0.320555028616978,-0.017,-0.7637565610897061,-0.7408548692961641,-1.0184944086306036,-0.7302327059933515
0.52,-0.47,-0.374,-0.932,-0.47,-0.932,-1.004,0.52,1.452,-0.374,0.045,0.045,1.086,-1.004,-0.932,-0.226,1.452,-0.47,0.045,-0.374,-0.932,-0.932,0.045,-0.226,0.439,1.086,0.045,-1.004,-1.004,-0.47,0.52,-0.226,0.52,1.452,-0.374,-0.932,-0.374,-0.374,-0.47,1.086,-0.47,1.086,-1.004,1.452,1.452,-0.226,-1.004,-0.226,0.439,-0.374,-0.24308503924051283,-0.386592127650144,-0.47,1.086,-0.34892202656104826,-0.3242037732030183,-0.932,0.4258115647179607,0.045,1.452,-0.28584656441499234,-0.19857851780007793,-0.2594892400957667,0.52,-0.48447265460057437
1.305,0.833,-1.06,-0.805,-0.805,-0.805,0.984,0.833,0.833,-1.06,0.225,0.984,-0.142,1.305,0.678,-0.751,-0.014,-0.142,-0.142,0.678,-1.06,0.678,0.984,1.305,-1.06,1.305,0.225,-0.805,1.305,-0.805,-0.014,-0.805,1.305,0.678,0.225,-0.751,0.225,1.305,0.833,1.305,-0.751,-0.014,1.305,-0.805,0.678,-0.805,0.984,-0.805,0.678,0.225,0.984,0.661167308518798,-1.06,-0.8159995126016961,1.305,0.6959487491401529,-0.014,-0.7692839537989042,0.7251180881601887,-0.022925733519244346,-0.7218963426603596,-0.751
1.612,-0.587,0.72,-0.529,0.671,0.671,-0.62,0.671,1.612,0.671,-0.48,0.395,0.395,1.612,-0.62,-0.608,1.612,0.72,-0.529,0.72,-0.62,0.671,0.72,-0.48,-0.529,-0.529,-0.587,-0.62,1.612,1.612,1.612,-0.587,-0.529,0.968,-0.529,0.72,0.671,-0.608,-0.48,1.612,-0.48,-0.587,-0.587,0.968,-0.48,-0.62,0.395,0.968,-0.6296593234404776,1.612,0.3765446564892493,-0.587,-0.48,-0.529,1.599927853289111,-0.5875731570332897,0.4219736569526499,-0.49216422623886247,-0.608,1.6537927825787022,0.72,0.7031973397567155,0.7245419003603242,1.6954261870129173
1.491,-0.222,-0.222,1.153,-0.46,0.33,-0.756,-0.924,1.153,1.153,1.153,0.15,0.33,1.153,0.33,1.842,1.491,-0.654,-0.46,-0.756,1.842,0.33,1.153,-0.924,0.15,1.842,-0.654,1.491,-0.222,-0.654,1.153,1.842,1.491,1.842,1.491,1.842,1.842,-0.756,1.842,-0.46,1.153,-0.924,-0.222,-0.756,0.33,-0.924,-0.756,-0.654,-0.6763475095946212,-0.756,-0.222,-0.924,-0.6427047364896263,-0.23827034940566416,1.842,-0.46,1.8235212781342893,1.153,-0.7710235377091118,-0.4766056776275179,-0.9336890231512273,-0.7277847911292861,0.33,-0.4483382546973341,1.8609640513541423,-0.6147596924996742
-0.114,0.496,-1.144,-0.114,-0.678,-0.838,1.319,1.556,-0.838,-1.144,-0.678,-0.301,-1.144,0.496,-0.678,-0.114,1.556,-0.301,-0.678,-0.658,0.496,1.319,-0.114,0.427,1.556,1.319,0.496,-1.144,-1.144,1.319,-0.838,-1.144,-0.838,1.556,1.556,-0.678,-0.114,1.556,-1.144,-1.144,-0.838,-0.678,-0.838,-0.678,-0.658,1.319,-0.678,-0.838,-0.8566228221216514,-0.114,1.556,0.496,-0.8193118591267742,1.5414010788106336,-0.1300984266646901,-1.144,0.427,0.40638528770154386,-0.6904460067865006,-0.658
-1.02,1.634,0.705,-0.802,1.634,0.705,-0.919,0.08,0.357,-0.919,0.357,-0.393,-0.919,-1.02,1.634,0.357,1.634,-1.02,0.357,0.705,-0.919,-0.393,1.132,1.634,1.132,-0.393,-1.02,-0.393,-0.919,0.357,-0.393,-1.02,0.08,1.634,-0.802,-0.919,0.357,-1.02,0.431,-0.393,-0.393,-0.919,-1.02,0.705,-0.393,-0.802,-0.919,1.132,-0.919,-0.919,-0.802,1.634,0.431,0.4170554159036479,-0.933479625098007,0.08,-0.8100390818153894,0.06066280425452928,-0.7903955158333194,-1.02,0.357,-0.9055288236149586,0.705,0.34230004284034343,0.6913609592588277,-1.0296662048603527,1.6247201814663599
-0.716,1.412,2.127,-1.0,2.127,2.127,-0.716,1.412,-1.0,-0.348,-1.106,-0.886,-0.726,-0.716,-0.886,2.127,-1.106,-0.886,-0.886,-0.726,-1.106,1.412,2.127,-0.716,-1.106,-1.106,-0.726,1.412,-1.106,-1.0,-1.0,-0.59,1.412,2.127,1.412,-0.716,-1.106,1.412,0.355,-0.59,0.355,1.412,-1.106,-0.716,1.412,1.412,-0.726,-1.0,2.127,-0.726,-0.348,-1.0,-1.106,-0.716,-0.886,-0.59,1.412,2.127,-0.348,-0.3620828579901951,-0.726,-1.0129899627203531,-1.1183764734503812,-0.8977099241047003,-1.0758490133725924,0.355,-0.9698354770224594
-0.715,-0.715,-0.224,0.049,-0.224,0.525,-0.715,0.049,0.049,-0.715,-0.715,-0.702,1.238,-0.903,0.525,1.238,0.47,0.47,-0.715,-0.948,-0.715,-0.948,1.238,-0.702,1.238,-0.903,-0.948,0.47,-0.715,-0.494,0.47,-0.224,-0.494,1.238,-0.903,-0.702,0.47,-0.715,-0.715,-0.715,-0.224,0.049,0.049,-0.715,1.238,-0.903,-0.715,0.049,0.525,1.238,-0.948,-0.948,-0.494,0.525,0.47,0.45568213717598344,0.5119735827765446,-0.903,-0.715,-0.224,1.238,-0.24413970670221902,0.4741890032379362,0.049,0.5297295410772643,0.031938296215113286,-0.702,1.2240112177334694,-0.19679105167634658,0.08098688881567281,0.5038617015266885
-0.98,-0.98,-0.761,-0.98,-0.98,-0.371,-0.645,-0.98,-0.371,-0.98,-0.761,0.552,-0.603,-0.645,0.602,-0.603,-0.371,0.425,0.602,1.118,0.602,0.462,-0.371,-0.603,-0.371,-0.371,-0.371,0.602,-0.371,0.602,0.602,-0.645,-0.761,-0.371,0.462,-0.603,1.118,1.118,-0.603,-0.98,0.425,-0.761,0.462,-0.603,-0.761,0.425,-0.603,0.552,0.602,0.5877229415728483,0.531631937101212,-0.6167928646409523,0.6338115916103659,-0.371,-0.98,1.118,-0.645,-0.5983632529247892,0.6872793023145113,-0.9918004039679491,-0.3882839973615982
-0.639,0.814,-0.639,-0.577,-0.639,-0.826,-0.639,-0.717,-0.911,-0.826,-0.156,1.588,-0.911,-1.151,-0.826,-0.577,-1.151,-0.577,-0.639,1.588,-0.911,-1.151,0.814,-0.717,-1.151,-0.639,1.588,-0.717,-0.639,-1.151,-0.911,-0.639,-0.577,-0.639,-0.577,-0.826,-1.151,0.814,0.814,1.588,1.588,-0.826,-1.151,-0.156,-0.639,-0.577,-0.5889485837587031,-0.911,-0.6519061044249947,-0.5591437119809095,1.588,0.814,-1.151,-0.5114882234055763,0.8008262399991876,-0.826,-0.9206302823991175,0.0,-0.8748236208392033,-0.156,-0.013010177306394331,1.576689249972961,-0.6115119033081668
-0.271,-0.271,1.427,1.427,-0.588,1.287,-0.588,-1.3,-0.001,1.287,-0.382,-1.3,1.427,-0.382,1.287,-1.3,-0.271,-1.3,1.287,0.417,-0.58,-0.001,-0.001,-0.58,-1.3,-0.646,-1.3,-1.3,-0.382,1.427,-1.3,1.427,-0.646,-0.382,1.287,1.427,-0.58,-0.58,1.427,-1.3,-0.382,-1.3,1.287,-0.646,0.417,-1.3,-0.001,-0.646,-1.3092748311278348,-0.58,1.427,1.4119199636327275,1.4687672000364214,-0.590434189707874,1.287,1.5054359490492366,-1.2712286835252726,-1.2428925464009855
1.265,1.265,1.889,-0.778,-0.778,-0.778,-0.976,-0.663,-0.976,0.701,1.889,1.108,1.108,0.701,-0.669,1.889,1.108,1.136,-0.663,1.265,-0.778,1.136,1.108,1.265,-0.669,1.889,0.701,-0.778,1.108,0.457,0.701,-0.663,1.136,-0.778,-0.976,1.889,-0.663,-0.778,1.108,-0.778,-0.663,-0.976,-0.778,-0.976,1.108,1.108,-0.976,1.265,-0.778,-0.778,-0.778,-0.669,1.108,1.108,-0.669,0.457,-0.778,1.889,0.701,-0.976,-0.663,-0.988404737215317,-0.6771212107435255,1.136,1.108,-0.7881667008402046,0.44256318811994044,-0.9759728727014899,-0.7543538259054625,1.1009635335486894
-1.211,-0.912,-1.211,-0.912,-1.05,-1.211,-0.233,-1.211,-1.186,-1.186,-1.142,-1.05,-0.912,-0.233,-1.142,1.151,-0.233,-1.186,-1.186,-0.912,-1.142,-1.05,-1.211,0.448,-1.186,1.151,-0.233,-1.142,-1.05,-1.211,-1.186,-0.233,-1.211,-1.186,-1.05,-0.233,-1.211,0.877,-0.912,1.151,0.877,-1.211,1.151,-0.912,-1.142,-1.186,1.151,-0.912,0.877,0.448,0.4377211094515904,-1.05,0.47148027874936826,-0.233,-0.912,-1.186,-0.233,-1.2017327465433758,-1.0646572647958432,-0.24371505441204241,-1.0255090312284234
-0.469,-0.801,-0.801,1.232,-0.801,-0.677,-0.469,-0.043,-0.758,-0.758,-0.801,1.195,-0.967,-0.967,1.195,1.195,1.232,1.195,-0.758,-0.043,0.507,-0.801,1.232,-0.758,-0.967,1.195,-0.677,1.232,-0.677,-0.967,-0.043,-0.469,1.232,-0.801,-0.677,1.232,1.232,-0.967,1.232,-0.469,1.195,1.195,1.195,-0.043,-0.758,1.195,0.507,1.1809423873408555,1.232,0.49246543938424364,-0.677,-0.043,1.236555276097317,-0.7718119409447144,0.518145701510568,0.0,1.2178907613210548,-0.469,-0.01175285133749338,-0.967,0.5644618189436811,-0.05583506122336317,-0.6898437212047794
-0.677,-0.624,0.689,-0.518,1.516,-0.776,1.516,-0.624,-0.677,1.666,1.666,0.689,-1.028,-1.028,-1.028,1.666,-0.518,1.666,-1.028,-0.677,-0.624,-0.776,-1.235,-1.235,-0.518,1.516,0.377,1.666,1.516,-1.235,-1.235,-1.235,-1.028,-0.677,0.377,1.516,-1.028,-0.776,-0.776,1.516,1.666,-0.624,1.666,1.516,-0.518,-1.028,0.689,-1.235,-1.235,0.377,-1.235,-1.235,1.516,1.666,-0.677,1.4984709311641573,-1.2545508203469606,-1.028,-1.2182525113166722,1.5167016637132693,-1.2002932644027116,0.377,-1.1747338172488413,-0.6895902704498982,-1.1579204525594289,-0.518,-0.6582807096450484,-1.125252538767947,-1.0409880598859484
-0.862,-0.57,0.004,0.999,1.642,0.526,-0.862,1.642,1.512,0.004,0.004,1.642,-0.862,-0.392,-0.57,0.526,0.999,0.526,0.999,0.004,0.004,1.512,-0.378,0.526,-0.225,-0.378,1.512,0.004,-0.862,0.004,-0.392,-0.378,-0.392,-0.57,-0.392,1.512,0.526,-0.378,0.526,0.004,1.642,-0.57,-0.862,-0.225,-0.392,-0.392,-0.378,-0.392,-0.378,-0.378,-0.392,1.642,-0.378,-0.40206213442562677,-0.225,1.642,-0.57,-0.3640005410864428,0.526,-0.5868380077591684,-0.24223941658067172,-0.862,0.999,0.5135129839515521,-0.5614287112647652,-0.5194779426393864,0.004,-0.392,0.984511428343586,-0.3998794416627603,1.0288134447652768,-0.49517073531203454,-0.327086933110167,-0.45313564866727946
-1.247,-1.247,-1.228,-0.871,-1.228,-1.247,1.203,-0.339,-1.247,-0.888,-0.871,1.203,-0.23,-0.888,-0.339,0.085,-0.416,-0.888,-1.228,-0.772,-1.247,1.203,-1.228,0.085,-1.247,-0.871,1.203,-0.23,1.203,1.203,-0.888,-0.339,-1.228,-0.888,-0.23,-1.247,-1.228,-1.228,-1.247,-0.871,-0.772,-0.772,-0.888,-0.339,-1.228,-0.23,1.203,-1.247,-0.23,-0.23,-0.416,1.203,-0.888,-0.772,-0.23,-1.228,-0.339,-0.3611917052478142,-0.2427696475631933,0.085,-0.871,0.0762591915871888,-0.416,-0.7822594736647347,0.10055736494363055,-0.902056549669984,-0.8614686257771927
-0.251,0.02,0.125,1.434,0.587,0.587,0.043,-0.251,1.273,0.587,-0.611,0.125,-0.611,1.273,1.273,0.587,-0.557,0.587,-0.611,-0.251,1.434,-1.005,-1.005,0.587,1.434,0.043,1.434,-1.005,1.434,-0.557,0.043,0.043,0.043,-0.611,0.043,0.125,0.02,0.587,0.043,1.273,-1.005,0.043,1.434,-0.251,0.043,1.273,0.043,-0.611,0.043,0.125,0.02,0.005168195227239479,-0.611,-0.251,1.434,-0.557,-0.26298822742097655,-0.5765522371905639,0.052764942024540726,0.08084057927303664,0.10986988292393224,0.12134421355914812,-1.005,-1.0221828764705974
-0.495,-0.495,-0.291,-0.495,-0.984,-0.984,-0.128,-1.079,-0.495,-0.218,-1.079,-0.128,0.695,-1.079,-0.291,-0.049,0.218,-0.128,-1.079,-0.218,0.141,-1.079,-1.079,-0.495,-0.984,0.141,0.218,-0.291,-0.984,0.695,-0.128,-0.984,-0.984,-0.049,-1.079,-0.291,-0.128,-0.495,-1.079,-0.049,-0.495,0.695,0.218,-0.984,0.141,-0.128,0.695,0.218,-0.049,-0.06235196456496399,-0.984,-0.495,-0.04759157160108364,-0.5139991232526688,-1.079,-0.0014407968997931023,-0.128,0.2065989651768793,0.2338771388633719
-1.107,0.424,-0.749,1.048,1.048,0.467,-0.81,0.473,0.92,0.92,1.363,0.467,0.92,-1.107,-1.107,0.424,-1.107,0.473,0.473,-0.749,-0.81,1.363,1.048,1.363,0.92,-1.107,1.363,0.468,-0.81,1.363,0.92,-0.81,0.473,-0.749,-1.107,-0.749,0.467,1.048,0.424,-1.107,0.92,0.424,0.473,-0.749,-0.81,0.424,-0.8228996823399825,-1.107,-0.7623838162377298,0.41016200562547567,0.468,0.447058396168956,0.467,0.4536166424920028,-0.7690485059193155
-0.8,-0.577,1.32,0.308,0.308,-0.8,0.283,1.32,-0.141,0.461,0.698,-0.274,-0.141,0.308,0.308,0.971,0.698,1.32,-0.8,0.971,0.971,0.971,1.32,1.32,0.308,-0.8,0.971,0.308,0.283,0.308,-0.8,0.308,1.32,0.308,1.32,0.308,-0.8,0.698,-0.577,0.308,0.283,-0.141,-0.141,-0.274,-0.577,0.308,0.698,0.283,-0.141,-0.274,0.308,-0.8,0.28635584989584784,-0.8126470647965593,0.3219833454209139,-0.15283455055890277,0.971,0.283,0.9535143964035447,-0.577,0.461,0.334833883707163,0.2682967424318211,-0.2882914405727987,-0.24404789920310888
0.199,0.755,-1.34,0.755,0.186,1.288,1.757,-1.34,-1.117,1.288,0.199,-0.784,0.186,-0.484,1.8,1.288,-1.34,1.288,1.288,-1.117,1.8,-1.34,-1.34,0.186,1.757,-0.784,-0.784,-1.117,-1.34,0.186,-1.34,1.757,0.199,1.288,1.288,1.8,-0.484,1.8,-1.34,-1.117,-0.784,-1.117,1.757,-0.784,1.8,-1.34,-1.34,1.8,-0.784,-1.117,1.757,-1.1322846311724242,-1.110845473991949,0.186,0.755,-1.0683240599961612,-0.484,0.17133091518376642,-0.498052811021911,0.740245056906128,-0.784,1.7515176793026492,1.288,-0.46422912640093145,1.7814805741703523,0.7897530300555499,0.8328949282479048,0.8617208483630461
0.54,-0.902,-0.82,0.54,-0.969,-0.82,0.54,-0.902,-0.117,0.122,-0.902,-0.969,-0.969,0.957,-0.117,-0.7,0.122,-0.969,-0.82,1.114,-0.969,1.114,1.114,-0.7,0.987,-0.7,0.957,0.957,0.957,-0.902,-0.7,-0.7,-0.82,0.987,-0.117,-0.117,-0.82,-0.117,1.114,0.987,0.122,-0.7,0.122,0.987,-0.902,-0.82,-0.7,-0.7126638922027249,0.54,-0.6743031591340325,-0.6583568896966066,-0.117,0.525709875387109,-0.13226570683323943,1.114,1.098318203194474,-0.6171609304619364,1.1382162621315293,-0.8289841947734929
1.096,2.736,1.407,0.267,1.096,-0.704,2.736,1.407,-1.376,0.956,1.096,0.267,-0.877,-1.376,0.267,-0.704,-0.704,-0.704,0.267,1.407,-0.181,0.956,-1.376,2.736,-1.376,0.267,0.267,-1.376,1.407,2.736,2.736,2.736,-0.181,-1.376,2.736,-0.704,-0.783,2.736,-0.877,-0.877,2.736,-0.704,-1.376,0.267,2.736,-1.376,2.736,-0.704,0.956,-1.376,2.736,-0.704,-0.877,0.956,-0.783,1.407,-0.783,-0.704,1.407,2.736,-0.181,1.407,2.736,-1.376,1.096,-0.783,-0.877,1.407,2.736,2.724462936859362,0.267,-0.7956984634454979,2.7574622123913906,0.956
-0.442,-0.975,1.592,1.291,0.417,1.592,-0.975,-0.442,0.975,1.291,1.592,1.291,0.431,1.592,0.975,1.37,0.172,0.172,-0.975,1.291,-0.442,1.592,0.172,0.975,-0.975,-0.975,1.592,-0.975,-0.442,1.291,-0.975,1.592,1.37,0.172,1.592,-0.975,-0.442,-0.442,1.37,-0.975,0.172,-0.442,0.15018533049955773,1.592,1.5777673609031373,0.417,-0.9874690528833586,-0.45456429425903505,0.975,0.9629833648078432,0.40281937642679183,0.4485254636893456,1.609593795073167,-0.41153601114039523,1.0082202998618546,0.0,0.431
-0.432,-1.131,-0.983,1.823,-0.512,-1.059,-0.352,-1.131,-1.059,-0.828,1.841,-0.352,-1.059,-1.059,1.823,-0.352,-1.059,-0.432,1.841,-1.131,-0.512,-0.983,1.823,1.823,-0.983,-0.828,-0.828,1.823,1.841,-1.131,1.823,-0.512,-1.059,-0.512,-0.352,1.823,1.823,-0.983,-1.131,-0.352,-0.432,-0.432,-0.512,1.841,-0.432,-1.059,1.823,0.419,-1.131,-1.059,-0.512,-1.131,1.841,-1.131,-0.983,-1.131,1.841,-0.828,-0.432,-0.432,1.841,-0.432,-0.983,1.823,-0.9988442790705621,-1.059,-1.0714679812550891,-0.44526069485525377,-0.828,-0.41785136330673367,-0.8439967672175958
-1.294,-0.098,1.433,-1.05,-0.678,1.492,-1.294,-0.098,-1.134,-1.294,-1.294,-1.05,1.492,-1.134,1.874,1.322,1.874,-1.05,-1.05,-1.294,-1.294,-0.098,-1.05,-1.05,1.874,-0.937,-0.678,-0.937,-0.937,-0.678,1.874,-0.098,-1.134,-0.678,-1.134,-1.294,-0.678,-1.294,1.322,-1.134,1.492,1.874,1.433,-0.937,1.874,1.433,1.322,1.433,-0.678,1.433,-1.05,-1.294,-0.678,1.492,-0.937,1.874,1.8644627947998842,-0.678,-1.294,-1.320221506860545,-0.098,-0.6910029027837332,-0.10906205063938462,-1.2637092863019967,1.924494743566863,1.492,-0.9469219672879162,1.473965864706972
-0.608,1.576,0.951,0.391,1.576,1.275,-0.754,0.951,-0.923,1.275,0.951,1.576,1.576,0.951,0.391,0.951,1.275,0.647,1.576,1.275,-0.923,-0.166,0.951,1.576,-0.923,-0.608,0.391,-0.608,0.647,1.576,-0.754,-0.608,1.275,-0.923,-0.923,-0.754,1.275,-0.754,-0.166,1.576,1.275,1.576,1.576,0.391,1.275,1.576,-0.754,-0.166,-0.754,0.647,-0.608,-0.166,1.275,0.391,-0.923,0.0,1.576,1.5581327354096337,1.2600197332840437,0.951,1.5692764182065013,1.2992348050531513,0.6347023167395758,1.578446296088236,-0.6213257654140736,-0.1799481342642337,-0.5880732946820585
-0.668,-0.668,0.664,0.664,0.374,0.374,0.442,-0.761,0.442,-0.761,0.664,0.664,-0.072,0.664,0.664,0.664,0.784,0.664,0.784,0.784,-0.48,-0.761,-0.761,0.784,-0.668,-0.48,0.222,-0.761,0.442,0.664,-0.072,0.442,0.442,0.664,-0.761,0.664,0.222,0.374,0.222,0.442,0.664,0.442,-0.761,-0.668,0.664,0.784,-0.416,0.222,0.664,-0.668,0.442,0.6448325292339067,-0.416,-0.43711063724329097,0.6867336596588197,-0.4010174087087084,0.374,-0.34801888471041004,0.3522644184310807,0.784,0.20654325102822868,-0.072,-0.6816154039120884,0.7344957654246552
-1.038,0.7,1.096,1.096,1.096,0.012,-0.833,-0.814,-0.496,-0.833,-0.32,-1.038,-0.298,-0.298,-0.814,0.012,-0.298,-1.038,-0.833,-0.833,-1.038,-0.496,-0.32,-0.833,-0.814,1.128,1.128,1.128,-0.833,-0.298,-0.814,-1.038,1.128,0.7,0.7,-0.814,-0.814,0.012,-1.038,-0.298,1.096,-0.496,-1.038,1.128,1.128,-0.298,-0.833,1.128,0.012,-0.32,-0.833,-0.298,-0.814,-0.3275999058152765,-0.8343414678095884,-0.8459928880968778,1.096,-0.8092664898039553,-0.7753241416488901,-0.3118096340076715,1.128,-1.038,-0.2859610899221525
1.359,1.749,-0.754,1.359,0.037,0.037,1.25,-0.959,1.419,-0.754,1.749,1.749,1.359,-0.754,1.419,0.749,-0.876,1.419,-0.959,1.25,-0.959,-0.754,1.25,-0.959,1.359,-0.959,1.419,1.359,-0.669,1.749,0.749,-0.876,1.419,-0.669,-0.754,1.749,1.359,1.419,-0.959,-0.754,-0.959,-0.876,-0.876,-0.754,0.037,-0.876,-0.754,1.749,1.25,1.419,0.037,1.359,-0.876,1.404733751981694,1.7341576817350026,0.02673974070756547,-0.959,-0.8864362679716415,1.237007217505791,1.7704408277234989,0.06234580419917174,1.3460822483949195,0.749,1.374985659859766
-0.643,-0.185,-0.735,-0.534,-0.47,-0.534,0.016,-0.823,-0.823,0.103,-0.534,0.103,0.103,-0.185,-0.823,-0.534,-0.735,0.016,-0.47,-0.185,-0.47,-0.735,0.273,-0.735,0.273,-0.47,0.103,-0.47,0.427,0.273,0.427,-0.735,-0.823,-0.823,-0.735,0.427,-0.735,0.427,0.273,0.273,-0.643,-0.823,-0.643,0.016,-0.823,-0.47,0.103,0.273,0.427,-0.643,-0.735,-0.48115041370819944,0.41414202118167937,-0.4403460153834132,-0.4319142015040259,-0.381848976676387,-0.7513847182423683,-0.6517114902393975,0.452234678534219,0.09555473143934838,0.46509415881712224
0.74,-1.071,0.317,-0.515,1.853,-0.661,-0.084,0.74,1.853,-0.409,-0.409,-0.084,-0.409,-0.084,1.853,0.74,-0.515,-0.137,0.317,-0.137,-0.084,-0.661,-0.409,1.853,-0.084,-1.071,-0.107,1.853,1.853,-1.071,-0.137,-0.661,-0.137,0.74,-0.409,1.853,-0.409,-0.661,-0.515,-1.071,-0.661,-0.107,0.74,1.853,-0.107,-0.084,-0.409,-0.515,-1.071,0.74,-0.107,-0.12122879167667922,-0.07107335224566536,-0.0492267711275995,-0.515,-0.00852127367311947,0.317,1.853,-0.137,-1.071,-1.092487465869949,-0.661,0.042160354567444644,-0.409,1.839634974658263,0.06934819783490156
-0.706,-0.938,-0.938,-0.706,-0.938,-0.271,-0.938,-0.271,0.837,-0.938,0.694,-0.706,0.73,-0.938,0.837,-0.132,-0.271,-0.132,-0.132,-0.58,1.122,1.122,0.73,0.694,1.122,-0.58,0.479,-0.706,1.122,0.694,0.837,0.694,-0.938,1.122,1.122,0.694,-0.938,-0.58,1.122,0.837,0.479,-0.132,0.479,-0.132,-0.132,-0.938,0.837,0.694,0.479,-0.132,-0.706,0.837,-0.938,-0.7183735264696497,-0.9528503128968348,-0.9167250461439503,-0.9034839751600261,0.694,0.479,0.6763381690216842,-0.58,-0.6956570518351375,-0.271,-0.5963340359734296,0.8263519846758903,0.73,0.7257754401257978,-0.8629426947013226
1.31,-0.016,-1.085,0.11,0.021,-0.016,0.11,1.31,0.079,0.021,1.044,0.021,-1.085,-1.085,1.31,1.31,-1.085,-1.085,-0.715,-0.715,-0.016,-0.9,-0.9,1.044,-0.715,0.021,0.413,0.11,-1.085,-0.9,1.044,0.021,-0.9,0.11,0.079,-0.9,0.11,-0.9,1.31,-0.016,-0.715,-0.715,0.11,-0.9,-0.715,-0.9,0.021,-0.715,-0.9,0.11,-0.9,0.11,1.31,-1.085,-0.715,1.2981005135870143,-0.731780448358741,-0.9,0.079,0.021,0.413,0.39957764057956174,-0.687065232926146,0.11,0.06178853354263553,-1.1003342468357427,1.044
-1.29,-1.108,0.642,-1.139,-1.29,-1.139,-1.29,-1.108,-1.108,-0.839,-0.839,0.642,-0.409,-1.29,-1.108,-0.839,-0.839,-1.108,-0.839,-1.139,-1.139,-1.139,0.506,0.642,-1.139,-0.839,-0.782,-1.29,-0.253,-0.782,-0.409,-0.782,0.642,-1.29,0.642,-0.769,-0.782,-0.839,-0.839,0.506,-1.139,-0.769,-1.139,-1.29,-0.409,-1.29,-1.29,-0.769,0.642,-1.139,0.506,-1.1553054448197453,-1.1186764868177927,-1.29,-1.0892617069034558,-0.409,0.4933404276365485,0.6330132417596664,-0.4208290819700006,-0.3693788162194022,0.6585410488730863,-1.3099851051876326,-0.839,-1.0651200339694626
-1.072,1.006,-0.973,1.006,-1.072,-1.335,1.006,-0.973,-1.072,0.731,1.006,0.262,-0.637,0.37,1.006,-1.335,-1.072,-1.072,-1.013,-0.973,-0.738,-1.072,0.37,-0.973,-0.738,-1.335,1.006,0.731,-1.335,-1.013,-1.335,0.37,0.262,-1.335,-1.013,-0.973,-1.335,-0.637,-0.637,0.731,-0.637,-0.637,1.006,-1.335,1.006,-0.637,-1.335,-0.738,-1.072,0.731,-1.013,-1.335,-0.637,0.37,0.262,-1.072,-0.637,0.731,-0.6475472437462897,-1.0829756220485836,0.37,-0.738,-0.973,-1.335,-0.613861655247077,0.2496647517772182,1.006,-0.5844249233851803,0.9804415659764979,-1.0435315918667976,0.29678181375703283,0.32976373451190777,-1.0042825619696376
1.564,0.889,0.847,1.564,1.564,-0.69,-0.69,-0.69,-0.74,-0.355,0.847,0.847,1.564,0.847,1.471,1.471,1.955,1.471,1.471,1.471,1.471,0.847,1.955,-0.74,0.847,-0.74,1.471,-0.642,1.955,-0.642,1.955,1.955,1.955,-0.642,1.955,-0.642,-0.355,-0.835,-0.69,-0.835,-0.69,-0.642,-0.355,0.847,-0.835,-0.74,1.471,0.889,1.564,1.955,-0.355,0.847,-0.7540221887747155,-0.7048861496391765,1.9400977183978076,1.5477004744587777,-0.69,-0.642,-0.7048876078693942,1.9666580186161435,0.8350216522650749,1.4601800413013322
-1.223,-0.075,1.442,0.527,0.143,0.48,0.617,1.839,-0.075,1.839,-1.223,0.617,-1.223,1.839,1.442,-1.223,-0.075,0.564,1.839,-0.075,-0.075,1.092,1.092,-1.223,-1.223,1.839,1.092,1.442,1.442,0.617,-1.223,1.839,-1.223,-1.223,-0.075,0.143,1.839,0.48,-0.075,0.617,0.617,0.527,1.839,0.564,-0.075,-1.223,1.442,-0.09400246784862452,-1.2401458543860622,1.092,0.5552563705075813,1.8244057834786833,0.48,1.42234067847958,0.5131194704615686,-1.1922128607159914,0.46424446065376973,-1.1596988594440207,-1.1224966367807445,1.8640029702076555,0.5446590018835483,1.4572351347299453
0.26,-1.127,1.213,-0.673,-0.512,-0.673,0.5,-0.735,1.213,-0.683,-1.127,1.553,-0.513,-0.683,0.5,-0.512,0.5,-0.683,0.26,1.553,-0.512,1.213,1.553,0.26,0.5,-0.673,1.213,-1.127,0.26,0.26,1.553,-1.127,-0.512,-0.512,-0.512,-0.735,-0.512,-0.513,-0.512,-0.512,1.213,1.553,-0.735,-0.735,1.553,1.553,-0.683,-1.127,-0.673,1.553,1.553,1.213,-1.127,-0.673,-0.683,-0.512,-0.683,0.26,-0.735,1.213,1.1993945489670508,0.5,-0.512,-0.513,-1.127,-0.7451871522944452,1.2448218142809009,1.266376204355581,-0.7162139349149275,0.4855222236690184
-1.023,-0.808,-0.808,1.356,0.061,1.343,-1.023,1.356,1.343,0.061,1.031,-0.19,-0.808,1.285,-0.188,-0.19,-0.19,-0.19,1.031,1.356,-1.023,-0.188,-0.188,-1.023,0.061,-0.19,-0.06,-0.188,1.285,1.356,-0.808,1.343,-0.808,-0.188,-0.188,1.285,-0.188,1.031,1.031,-1.023,-1.023,1.343,1.031,1.356,1.285,-0.808,0.061,1.356,1.343,1.031,0.04488289835350451,1.285,-0.06,-1.023,-0.188,1.2706914013144015,1.0142907879409961,-0.19,1.3306076761607517,0.1003872397213949
-1.07,-0.864,-0.735,-0.757,-1.07,-1.293,-0.735,-0.843,-0.864,-1.129,-0.735,0.602,-1.293,0.955,-1.293,-0.735,-0.735,-0.735,-0.843,-0.735,-1.129,0.955,-1.293,-1.07,-0.735,-1.293,-0.735,-0.757,-1.07,-0.843,-1.07,-1.129,-0.843,-0.757,-1.129,-1.293,-1.293,-1.129,0.602,-0.735,-1.293,-0.843,-1.293,-0.864,0.703,0.602,-1.293,-1.129,-0.757,-1.07,-0.843,0.703,-0.864,0.955,0.9377599508193747,-1.293,-1.07,0.602,-1.129,-0.757,-1.1440306853519622,-1.0823952789348252,0.5912104900393292,-1.0302793834196606,-1.1064246764463408,-0.7682408565501206
1.917,0.339,0.339,0.614,1.917,1.917,1.917,-0.588,1.104,1.917,0.614,-0.328,0.614,1.917,1.104,0.339,1.018,1.104,0.81,-0.503,1.018,0.81,1.917,0.339,-0.328,1.018,-0.989,0.339,0.81,0.81,-0.503,0.339,-0.503,1.018,-0.989,1.917,1.104,-0.989,-0.328,-0.503,-0.503,-0.989,-0.989,1.104,1.917,1.104,-0.989,1.917,1.104,1.104,-0.588,1.104,-0.328,1.104,1.917,-0.328,1.9036721560286856,0.339,-0.33995505333627,1.0890366080848508,-0.2992271107583955,-0.989,-0.503,1.926504127041486,0.3293077026520859,-0.588,1.1236133547376888,0.614,0.81,0.3501102345974269,0.6055137352463191,1.1489625130732657,-0.9968997891483227,-0.9704923784652767
-0.795,-0.915,1.477,1.445,1.445,1.277,1.277,-0.915,-0.915,1.445,1.277,1.445,0.213,-0.46,1.445,1.477,-0.795,0.213,-0.737,1.477,1.445,1.277,1.477,0.427,-0.795,-0.737,-0.46,-0.97,-0.46,-0.915,1.477,0.427,-0.915,0.213,-0.737,-0.46,-0.737,0.213,-0.737,1.477,-0.97,-0.97,-0.915,-0.795,0.427,-0.97,-0.737,1.445,1.277,-0.7474474798443355,-0.46,0.427,0.404128467456163,0.4383590147367306,-0.97,-0.795,1.477,-0.8161302644382697,1.460131289302791,1.2650890151998797,-0.9791340071398428,1.2860582511794267,-0.9320838660034145,1.4875841002300145,1.4335356054169204,-0.7762813442022092,0.213,0.4719663382286763,0.19592311037329466,1.4655482495777452
-0.311,-0.588,-0.73,1.713,-0.73,1.713,-1.264,-0.896,1.713,0.471,-1.264,-0.311,-0.784,-0.231,-0.784,-0.73,-0.73,-0.231,-1.175,-1.264,-0.73,-0.896,-0.311,-0.896,-0.588,-0.784,-0.588,-0.896,1.713,-0.231,-1.175,-1.175,-0.784,1.713,-1.175,-1.264,-0.73,-0.311,-1.264,-1.264,1.713,-1.175,-0.231,-0.784,0.471,-1.264,-0.231,-1.175,1.713,-0.588,-1.264,-0.231,-0.784,-1.175,1.713,-0.311,1.7003373399128443,-0.24438117006305088,-1.1906070262592856,-0.73
-0.114,0.653,0.653,0.653,-0.73,-0.974,0.653,-0.73,-0.114,-0.73,1.425,-0.786,0.653,-0.974,-0.722,-0.722,0.653,-0.786,0.392,-0.974,-0.98,0.392,-0.094,-0.98,-0.786,-0.114,-0.094,-0.73,-0.974,-0.786,0.392,0.392,-0.114,-0.114,-0.786,-0.98,-0.73,-0.094,-0.094,0.653,-0.094,0.653,0.653,0.392,-0.094,-0.722,0.653,1.425,1.425,-0.98,0.392,-0.73,0.3774750536758583,-0.974,1.425,0.4193970310810175,0.46672107168857535,-0.114,-0.786,-0.7384454968782018,-0.6912106365989912,0.653,-0.98,-0.9837461143131385,0.5085053970023338
-0.095,0.464,-0.095,-0.492,0.906,0.464,-0.095,1.381,-0.492,1.233,0.852,-0.492,0.852,-0.095,0.431,1.233,1.233,-0.89,-0.095,0.852,0.091,-0.89,-0.095,-0.89,-0.492,0.464,1.381,0.091,-0.492,-0.89,-0.89,0.464,1.381,0.852,-0.095,-0.492,-0.89,1.381,0.091,0.906,1.381,-0.492,1.233,1.3659096362222733,0.431,0.464,1.2138022059116949,-0.89,0.091,-0.9018319949938981,1.2413863501856417,0.852,-0.5071478860183067,0.8414158086491349,0.42368284973209847,-0.8565382637057682
0.038,-0.937,0.776,-0.173,-0.871,-0.871,-0.937,-0.937,-0.937,0.776,-0.652,-0.652,-0.486,0.776,1.279,-0.871,-0.401,-0.486,-0.937,0.776,-0.937,-0.173,-0.937,0.038,-0.937,1.279,-0.937,0.776,0.038,-0.401,-0.486,0.776,0.038,0.809,0.809,0.776,-0.401,-0.401,-0.871,0.038,-0.173,1.279,-0.652,1.279,-0.173,-0.652,1.279,-0.937,1.2620241712712177,-0.652,-0.6682171667985365,-0.486,0.809,1.3041122579162354,-0.6204397324765843,-0.401,1.3526063647670343,0.776,-0.9535413657311947,-0.41308136905752846,0.793211993234778,-0.377520812411001
-0.817,1.723,-1.1,-1.1,-0.817,1.353,-1.153,-0.817,1.723,-0.861,-0.817,0.092,-0.861,-0.352,-1.153,-1.1,-1.153,1.723,1.353,-1.1,1.723,1.723,-0.861,1.119,-0.817,0.292,1.353,0.092,0.292,0.092,0.292,-0.861,-0.861,-0.861,0.092,1.353,1.119,0.292,-1.1,-1.153,1.723,-1.153,1.723,-0.861,-1.1,-0.352,0.092,-0.817,-1.153,1.723,-0.36539867484005045,-0.8731237272698511,1.7117936244960394,0.292,-0.3150543896562505,1.736737291049028,0.07631264000022564,-0.833069969222055,-0.8058168138064545,0.12190678587726013
0.768,2.358,2.358,0.768,0.146,-0.896,-0.712,2.358,2.358,-0.896,2.358,-0.433,0.768,0.768,1.679,0.768,-0.896,0.653,2.358,-0.712,0.804,-0.433,2.358,-0.433,1.679,-0.433,1.679,0.804,-0.433,0.804,0.119,-0.896,-0.896,2.358,0.804,-0.896,1.679,0.768,0.768,0.119,1.679,0.768,0.146,-0.712,0.768,0.146,1.679,0.119,-0.896,1.6682972549254569,0.1030983133576404,0.14587853041616344,0.146,0.804,0.7840366363376245,0.768,2.358,0.1784445539720346,-0.9081605446530759,-0.85927720403494,0.8105146859167147,1.7011380362343769,-0.8110635856491878,-0.433
-0.365,-0.365,-0.459,0.567,-0.459,-0.365,-0.365,0.019,-0.365,-0.84,0.019,-1.054,-0.628,0.21,-0.646,-1.054,-0.646,0.567,-0.646,0.567,-0.459,-0.646,-0.84,0.21,1.307,0.019,-0.628,-0.365,-0.84,-0.459,-0.365,-1.054,-0.459,-1.054,-0.646,1.307,-1.054,-0.646,1.307,-1.054,1.307,0.567,-1.054,-0.459,-0.646,0.567,-0.84,-0.646,0.567,1.307,-1.054,-0.459,-1.070664238868211,0.21,0.1915585343573631,-0.84,-0.628,-0.365,0.5505246485602635,0.21261110235081845,0.019,-0.37893137514843084,0.006796537093227762,-0.4734616224409851,0.01838785659540377,-0.35328427271184487
0.156,-0.11,1.315,1.382,-0.11,1.315,-0.017,-0.397,-0.794,0.091,-0.017,-1.213,-0.794,-0.017,-1.213,0.981,-0.397,-1.213,0.981,-0.11,-1.213,-1.213,1.315,-1.213,1.315,-1.213,0.981,0.981,-0.794,0.156,0.156,0.091,-0.11,-0.017,-0.017,1.382,0.156,0.156,0.091,0.156,1.382,0.156,1.382,0.091,0.156,1.315,1.382,1.382,0.091,-1.213,-0.794,1.315,-0.017,-0.02789494610561141,1.300495445180868,1.3730782956164038,0.981,0.9656757264098101,1.4027990054486914,1.4308987548179948,1.4798493589174428,1.5281851416979026,1.5498259126021243
1.839,-1.128,-0.858,2.046,-1.128,-0.858,1.638,-0.858,-0.037,-0.858,-0.037,-1.128,0.679,-1.128,-0.037,2.046,0.679,0.512,1.839,0.679,1.638,1.839,-0.858,-0.858,1.638,-0.885,1.638,-0.858,1.839,-0.885,-1.128,-1.128,-0.885,0.679,1.638,2.046,-0.885,0.679,1.839,1.638,2.046,2.046,1.839,-0.037,0.512,1.839,0.49220151425666947,-0.858,1.638,-0.885,-0.037,-0.8664286822423869,1.8253245494506267,2.046,1.866205842325534,-0.8341028972789303,-1.128,2.033413060623642,-0.7919187908144717,0.679
0.926,-0.007,-1.643,-1.643,-0.007,-0.007,0.926,0.067,0.254,-1.643,-1.069,-1.069,0.926,-1.069,-1.643,-0.574,-1.069,-1.643,0.254,-0.672,-0.266,0.926,-0.672,-0.672,0.926,-0.574,-1.643,-1.643,-0.266,-0.672,-1.643,-1.643,-0.574,-0.007,-0.672,-1.069,0.926,-1.069,0.067,0.254,-0.672,-1.069,-1.643,-1.643,-1.643,-1.069,0.0,-0.672,0.067,-1.0848955790299983,0.05265394570042006,-1.643,-1.6676545505114428,0.926,-1.0635671163299365,-0.266,-1.0231439986990782,-1.6211577309319274,0.9179150563909716,-0.9950561567921444,-0.9515276214692977
-0.062,-0.261,-0.901,-0.261,0.856,-0.062,-0.901,-0.261,2.018,0.856,2.018,-0.062,-0.497,2.018,2.018,-0.768,0.797,0.805,-0.497,0.797,-0.768,2.018,2.018,-0.768,2.018,-0.768,1.117,-0.768,2.018,1.117,-0.261,0.856,0.797,-0.768,2.018,2.018,0.797,-0.062,2.018,-0.261,0.797,-0.062,-0.901,-0.062,0.797,0.797,-0.901,-0.497,0.797,0.805,0.856,2.018,-0.901,1.117,0.797,0.856,0.797,1.117,2.018,0.7843898089773349,0.856,2.0024286602818804,2.034455788049418,-0.261,0.805,-0.901,-0.497,0.792247443283275,-0.5183713812604844,0.8154353482074327,-0.062,1.1076968963650888,0.8509308648587232
-0.703,-0.793,0.448,1.291,1.183,0.59,1.291,1.183,-1.151,1.183,1.183,-0.403,-1.151,1.432,0.59,1.432,1.432,1.432,-1.151,0.59,-0.793,-0.703,1.183,-1.151,1.183,0.59,-0.793,1.183,-1.151,1.183,-0.73,1.183,1.183,0.448,-0.73,-0.73,-1.151,0.59,1.291,-0.793,-0.793,1.432,-0.73,1.183,-1.151,0.59,1.183,-0.703,1.432,0.59,0.59,-0.703,-0.73,1.183,1.432,-1.151,-0.403,1.1665528034788581,0.59,-0.793,1.291,0.448,-0.7425456667838338,1.1978497103098122,1.4183303397549145
-1.156,0.691,-1.156,0.312,-0.956,-1.266,1.269,-0.917,-0.956,-1.156,-1.266,-0.917,-0.956,-0.917,1.269,-0.917,0.691,-1.266,-1.156,0.691,-1.156,-0.482,0.312,0.817,-1.156,0.312,0.817,-0.917,0.312,-1.156,0.312,-0.482,-0.956,-1.156,0.691,0.312,1.269,-0.482,0.312,-1.156,-1.266,0.223,-1.266,0.223,-1.266,0.312,0.312,0.691,1.269,-0.956,-0.956,-1.266,-1.2873147157901448,0.223,0.312,-1.156,-0.956,-1.1671259014660451,-0.482,1.269,0.3021933602463047,0.3320033526954615,0.21574922688752332,0.817,0.23700468464785757,-0.4978491771407594,-0.9692076859330002,-0.9357561842491449,-1.2691298021756143
-0.73,2.409,-0.114,-0.786,-0.135,-0.114,0.853,-0.73,-0.736,1.506,-0.786,-0.73,2.409,-0.736,-0.73,-0.73,2.409,-0.135,-0.135,2.409,-0.73,-0.135,-0.786,-0.135,-0.007,-0.135,-0.736,-0.114,1.506,-0.007,1.506,-0.007,0.068,-0.786,0.853,2.409,0.068,2.409,-0.007,-0.786,1.506,-0.007,-0.736,-0.7993119859930358,-0.135,2.409,0.853,-0.73,-0.114,-0.1287053306911681,0.068,-0.7363700214789536,-0.14275891688035666,0.04761438622265165,2.3916328137486427,2.4326316069447658
-1.133,-1.098,-1.098,-0.289,-0.234,-1.133,-0.219,0.05,-1.133,-1.133,-0.289,-0.234,-1.098,1.29,-0.24,-1.133,-0.24,1.29,-0.24,-0.289,-0.24,-0.219,-0.807,-1.133,-0.234,-0.289,-0.24,-1.133,-0.234,-0.219,-0.219,0.05,1.23,-0.24,-0.219,-1.133,-1.098,-1.098,-0.807,1.23,-1.098,-0.219,-0.234,1.23,1.29,-0.219,-0.234,-0.234,-0.24,-0.219,-0.807,-0.289,-0.24,1.23,-0.289,-0.289,0.05,-0.807,-0.3024610532675204,1.29,1.23,-0.234,0.034129721909992694,1.2801817390814334,-0.219,-0.24328477603233292,1.2160843378533523,-1.098,0.06391367167630062,-0.2505933921261264,-0.2726812047377697
-1.151,-0.784,0.405,-0.344,2.084,1.5,2.084,0.486,1.5,-1.151,-1.151,1.495,-0.344,-0.344,-1.151,1.5,1.495,1.5,0.405,0.486,0.588,0.486,2.084,-0.784,-0.344,-1.151,1.495,1.495,1.5,0.486,-0.784,-1.151,-1.151,-0.784,2.084,1.5,2.084,-0.344,2.084,-0.323,-1.151,-0.784,1.495,1.4762753067251884,2.084,0.588,0.5788600541994364,-0.323,0.405,-0.784,-0.344,1.5063234779867052,0.6158463044007466,1.5,-0.33415201107135256,2.0744470639481385,2.0985932251946378,-0.2890257384552724
-0.424,-0.296,0.042,-0.117,1.207,-0.424,0.042,-0.737,-0.737,1.207,1.207,-0.296,-0.737,-0.463,-0.497,-1.151,1.207,-0.117,-0.497,-0.737,-0.684,-0.463,0.042,0.042,-0.684,-0.463,-0.296,-0.117,-0.497,-1.151,-0.296,1.207,-0.684,-0.684,1.207,-1.151,-0.737,-0.737,-0.497,-0.737,1.207,-0.117,-1.151,-0.424,-0.424,-0.296,0.042,-0.296,-0.684,-0.497,-0.463,-0.684,-1.151,-1.151,-0.463,-0.424,-1.151,1.207,1.207,-0.684,-0.737,-1.151,-0.7487288125522767,1.207,-0.7170231214130008,-0.117,-0.296,-0.463,-0.3083148748997,1.1933594897989026,-0.497,-0.424,-0.4433963113727784
0.645,0.645,0.655,0.655,1.006,-0.905,0.762,-0.855,-0.905,0.655,1.498,-0.905,-0.444,0.655,0.762,0.655,-0.905,-0.909,0.655,-0.855,-0.819,-0.444,1.498,1.498,-0.819,-0.855,0.655,-0.909,-0.444,0.645,-0.444,-0.444,0.645,-0.909,1.498,-0.819,0.645,0.645,1.006,-0.909,0.655,0.655,-0.444,-0.909,-0.855,0.645,1.006,0.762,-0.444,1.498,-0.905,-0.855,-0.9249358286044254,0.645,-0.896892609837012,1.480740850970058,0.7501178237917371,0.7866065741143843,-0.819,0.655
-0.631,-0.857,-0.862,-0.583,-0.862,-0.091,-0.862,-0.091,-0.862,-0.003,-1.095,-1.095,-0.788,-1.095,-0.631,-0.883,-0.091,-0.631,-1.04,-0.003,-1.095,-1.04,-0.788,-0.091,-0.883,-0.857,-0.631,-0.583,-1.04,-0.091,-0.583,-1.04,-0.857,-0.091,-0.003,-0.788,-0.883,-0.788,-0.583,-1.095,-0.788,-0.857,-0.788,-0.883,-1.04,-0.631,-1.095,-1.04,-0.883,-1.095,-0.857,-0.788,-0.883,-0.583,-0.631,-0.091,-0.788,-0.857,-0.878353928499364,-0.5971733503854418,-0.10629698213505129,-0.8929854066812501,-0.864796494021887,-1.095,-0.640752666856658,-0.6321675236268595,-0.003,-0.024814421424465518,-0.598674289365759,-0.04737413273837618,-1.04
-0.468,0.118,0.162,-0.386,0.661,0.597,-1.307,0.597,1.214,-0.386,0.35,-1.307,1.718,-0.386,1.718,1.718,0.661,0.162,1.718,-0.386,-1.307,-0.386,0.118,-1.307,1.718,0.118,0.661,0.661,1.718,-1.307,1.718,-0.386,0.118,0.597,0.661,-1.307,1.214,-0.386,1.214,-0.468,0.118,0.661,0.35,1.214,1.214,-0.386,-1.307,1.214,-0.386,1.214,0.661,-0.386,0.162,-0.4026610376479538,-1.307,1.1999583148991542,1.718,0.6484705775080388,-0.34923046105339817,1.221897852857925,0.6964932563821529,0.35,0.14997316577009412,0.33430758278874956
-1.205,1.333,-0.459,0.44,1.307,1.265,1.372,1.666,-0.459,1.666,-0.46,-1.205,-1.205,-0.46,1.307,1.372,1.372,-0.46,0.44,-1.205,1.265,1.307,1.265,-0.459,-1.205,1.666,-0.273,1.265,1.372,1.333,0.44,-1.205,1.372,0.44,-0.459,1.265,1.307,1.372,1.307,1.307,1.666,1.666,1.333,1.372,1.372,0.44,1.372,-1.205,1.666,1.333,1.6546778307636998,0.44,-0.273,1.265,-1.2136177959240118,-1.1646214810259623,1.677153994479659,1.307,1.2843886719775754,-0.459,1.316151146672293,-0.28597585711351764
-0.99,0.628,1.029,-0.99,-0.759,0.628,1.258,-0.612,-0.926,-0.99,1.029,-0.759,0.529,-0.612,-0.612,-0.99,-0.926,-0.798,-0.798,1.029,0.628,-0.612,-0.926,1.258,-0.612,1.029,-0.612,-0.798,0.529,1.258,1.029,-0.99,-0.926,-0.759,-0.531,0.628,-0.531,1.029,-0.926,1.258,0.529,-0.99,-0.798,-0.99,0.529,-0.798,0.529,1.029,-0.531,-0.926,-0.798,0.628,1.258,0.6062073874284409,1.2396049022227758,0.6245858657671685,-0.8130130982746488,0.6725967797288208,-0.612,-0.99,-0.926,-1.0026154657492268,1.029,-0.9648356899571024,1.2735257688744084
1.41,1.41,-0.926,-0.763,-1.084,1.41,-1.084,-0.926,-1.084,-0.763,-0.21,-0.926,-0.43,-0.763,-1.084,-0.763,-0.763,-0.763,1.41,-1.111,1.41,-0.12,-0.397,-1.111,-0.414,-0.926,-0.43,-0.43,-0.12,-0.12,-1.084,1.41,-1.111,-0.12,-0.926,-1.111,-0.926,-0.12,1.41,-0.12,-1.084,-0.397,-0.21,1.41,-0.397,-0.21,-0.926,-1.084,-0.21,-0.414,-0.763,-1.111,-0.21,-1.111,-0.926,-0.43,-0.9456016320019712,-0.21,-0.763,1.41,-1.084,-1.0932294305369903,-0.22330929010372336,-0.1949202350125114,-1.111,-1.1235696637904249,-0.16277707444830228,-0.7763142050900254
-0.612,-0.857,-0.189,-0.639,0.73,-0.699,-0.639,-0.002,-0.229,-0.189,-0.714,0.435,-0.714,0.435,-0.612,-0.612,-0.639,-0.714,-0.699,-0.229,-0.857,-0.857,-0.612,-0.229,-0.189,-0.189,-0.612,-0.189,0.435,0.73,-0.714,-0.229,-0.189,-0.857,-0.002,-0.639,-0.229,-0.857,-0.699,-0.229,-0.714,-0.714,-0.639,-0.639,-0.612,0.435,-0.189,0.435,-0.002,-0.699,-0.714,0.73,-0.01628892295613956,0.023384155143518912,-0.229,-0.7225340463906212,0.7173836980950228,0.7501703275342859,-0.639,-0.612,-0.6747311110389532,-0.6703618443923354,-0.23685653180831792
-1.177,0.369,-0.849,-1.283,-1.029,-0.915,-1.283,0.369,-1.177,-0.244,-1.283,1.001,-1.029,-1.029,-0.849,-1.283,-0.915,-1.177,-1.177,-1.283,0.369,-1.177,-0.554,-1.283,-1.283,-1.029,-1.177,-0.286,-0.554,-1.029,1.001,-0.554,0.369,0.369,1.001,-0.849,-1.029,-0.286,-1.177,0.369,-1.177,-0.244,-0.554,-1.029,-1.283,-1.029,1.001,-0.915,0.369,-0.915,0.369,1.001,-0.244,-0.849,-1.283,-1.029,1.001,0.9826046387069651,-1.0406445494674812,-1.0024223722270134,1.0260497465606129,0.369,-1.296682689366168,-0.8629685817358194,-0.25721457038497714,1.0464322469689067,-1.177,1.0842597971956989,-0.21085633656713912,-0.915,-1.240966086549409
1.142,-1.083,-0.434,1.807,-1.083,-1.083,-0.662,-0.087,0.439,0.439,1.447,-0.695,-0.695,-0.784,-0.784,-0.087,-0.784,-0.784,-0.784,-1.083,-0.087,-1.083,1.807,1.142,1.142,1.447,-0.784,-0.434,1.447,1.807,-0.695,-0.695,1.807,-0.087,-0.695,-1.083,1.447,-0.784,-1.083,-0.087,1.807,1.447,-0.087,0.439,-0.662,-0.434,1.447,-0.434,-0.784,-0.695,-1.083,-0.7951539873264858,0.439,-0.7706482612242497,-0.662,1.447,-0.6809222992973021,-0.7133392573234015,-0.6999309271878665,-0.087,-0.10815949352810741,-0.6777180414030123,1.807,1.4431505750015536,-0.6389864685983268
1.126,1.126,0.721,0.301,0.285,0.301,0.285,0.411,0.411,0.721,0.721,0.721,1.632,1.632,0.411,0.982,0.721,1.25,-0.222,1.632,1.126,0.411,0.285,0.385,1.126,0.982,-0.222,1.25,0.285,0.285,0.285,-0.222,0.721,0.721,1.632,0.982,-0.222,1.25,-0.222,0.721,1.25,-0.222,0.721,0.982,1.632,0.411,1.632,1.632,0.721,0.982,0.7067350558601733,0.411,0.301,0.285,1.25,0.7552948036290518,1.632,1.6177242575229158,0.2762797048843459,0.385,1.656980475693469,0.2859349193070221
-1.014,0.86,-1.014,0.86,-0.688,-1.014,1.666,1.666,0.86,-0.6,-0.688,1.666,1.519,1.514,1.666,0.792,-0.6,-1.014,-0.367,-0.6,1.519,1.514,1.666,1.514,0.792,-0.6,0.451,1.519,0.86,-0.6,-1.014,1.666,1.519,1.666,1.666,1.519,1.514,1.666,1.519,-0.367,-1.014,0.451,-0.6,-0.688,0.792,1.519,0.451,0.792,0.86,1.514,1.666,-0.367,1.6517348687895803,-0.6,1.5037509510076834,-0.688
0.33,-0.077,2.063,-0.852,0.33,-0.442,-0.852,-0.077,-0.537,-0.537,1.353,1.353,0.33,-0.442,-0.077,-0.442,-0.537,-0.537,-0.852,2.063,2.063,2.063,-0.537,-0.537,-0.537,-0.537,0.483,-0.88,1.353,1.353,-0.852,-0.852,-0.852,-0.88,0.266,-0.88,-0.442,-0.537,-0.852,-0.852,-0.537,-0.077,-0.442,0.33,-0.88,0.266,1.353,-0.537,0.33,2.063,-0.442,-0.88,-0.077,1.353,-0.45457970433449707,-0.852,0.3210213846240395,2.0523335538711676,-0.09224707000321607,-0.06525465187885532,0.3528088268118016,-0.86342802744246,0.266,-0.41242884115034334
-0.53,-1.009,-0.225,-0.768,-0.915,-0.53,-1.261,-0.138,-0.138,1.137,0.718,-0.915,-0.53,-1.261,-1.009,-1.009,-1.009,0.718,-0.138,-0.768,-0.915,-0.53,1.137,-1.261,1.015,-1.261,-1.009,-0.138,1.015,-1.261,0.718,-1.009,-0.915,-0.138,1.015,0.718,1.137,1.137,-0.768,-1.009,1.015,1.137,-1.261,-0.915,-1.261,-1.009,-0.138,-1.261,-1.009,-1.261,-0.768,-0.138,-0.53,-1.009,1.137,-0.768,-0.915,-0.778645625564856,-1.261,1.015,-0.53,-0.225,-0.24454039253200852,-0.22061034254816406,-0.9256382536947759,-1.2733900130599418,-1.0207408735618837,-0.9954643217429988,-0.138,-0.5413991337727535
-0.183,2.642,-0.151,-0.933,-0.933,-0.772,-0.772,1.664,1.59,-0.772,1.59,-0.183,-0.33,-1.25,-1.25,-0.187,-1.25,-0.933,-1.25,1.59,-0.151,-0.933,-0.187,1.59,-1.25,-0.933,-0.183,1.59,-0.933,2.642,1.664,-0.772,-1.25,1.59,-0.151,2.642,1.664,-0.187,2.642,-0.183,-0.183,-1.25,-0.33,-0.933,1.59,1.59,-0.183,2.642,2.642,2.642,1.59,1.664,1.664,1.664,-0.933,1.59,1.647443720546558,-0.187,-0.772,-0.9515849133156205,2.642,2.6186724641041357,-1.25,-0.7836383436103386,1.5754042248304518,1.6212824993635615,-0.9099693703038962,-0.183,-0.33,1.6542412912055289,-0.7440408933322847,1.6937764340598254,-1.2607255784987554
-0.966,-0.713,-0.064,-0.144,-0.466,-0.676,-0.112,-0.966,-0.112,-0.299,-0.144,-0.299,-0.994,-0.197,-0.064,-0.994,-0.994,-0.144,-0.713,-0.966,-0.299,-0.112,-0.466,-0.966,-0.064,-0.966,-0.299,-0.064,-0.966,-0.144,-0.676,-0.994,-0.713,-0.966,-0.994,-0.994,-0.144,-0.197,-0.112,-0.966,-0.064,-0.112,-0.064,-0.197,-0.676,-0.466,-0.994,-0.466,-0.4840008718924022,-0.064,-0.713,-0.144,-0.994,-0.07695730716387159,-0.112,-0.7270891173215033,-0.7137394359126321
-1.302,-1.302,1.485,0.887,1.249,0.967,0.887,1.249,-0.098,0.967,0.887,0.004,1.485,1.485,0.887,-1.302,0.004,0.967,-1.302,-1.302,1.249,-0.601,0.781,-1.302,0.967,0.887,-1.302,1.249,1.249,-1.302,0.189,0.781,1.249,0.004,1.249,1.485,-0.601,0.004,0.189,0.887,-1.302,1.485,-1.302,0.189,0.967,0.004,1.249,-0.01109896377730103,0.781,-1.3124111720441383,0.887,-0.098,1.2346247127680543,-0.601,0.7677317003898251
0.732,-1.051,0.343,0.957,-1.034,-1.051,-0.992,1.081,-1.051,-1.051,-1.034,-0.457,-0.992,0.957,0.33,-0.992,0.732,1.081,-1.051,-0.211,1.081,1.081,0.957,-0.211,1.081,1.081,-1.034,0.33,1.081,0.957,-0.457,-1.034,-1.034,-1.051,-0.457,-0.211,-0.992,-0.992,0.343,-1.034,1.081,-0.992,-0.211,-1.034,-0.457,0.343,1.081,-0.992,-1.0476935516019739,0.32783705710855005,0.732,-0.9997954819986713,-0.4736717292256537,-1.036029577591368,0.957,-1.0155607493298093,1.0690405321272969,-0.9655662790048918,-0.9396240423752293,-0.211
-0.222,-0.222,0.208,-0.762,-0.826,-0.04,0.208,-0.762,1.381,-0.04,-0.826,0.208,0.63,0.63,1.381,0.63,-0.743,1.381,-0.04,-0.222,-0.04,0.941,-0.09,-0.09,-0.743,1.381,-0.762,-0.09,0.941,-0.826,-0.826,-0.762,0.941,0.941,-0.222,-0.743,0.208,0.63,-0.04,-0.222,0.941,1.381,-0.222,-0.826,-0.09,-0.04,1.381,0.941,-0.222,0.941,-0.09,-0.222,0.63,0.941,-0.09,0.9219474952305629,0.208,0.9396676786145891,-0.826,-0.8342311826320544,-0.04,1.381,-0.7971991628762202,-0.1020788853835168,0.19710451797318035,-0.7672727730036861,1.3698327156200762,0.23562487787826744
0.256,0.958,-0.859,0.718,-0.383,-0.859,0.958,-0.859,-0.68,0.256,-0.859,0.735,0.256,0.854,0.718,0.958,0.657,0.854,0.256,-0.859,0.854,0.718,-0.859,0.854,0.735,0.854,-0.383,0.256,-0.383,-0.68,-0.562,0.735,0.657,0.958,0.256,0.718,0.958,0.854,-0.383,-0.562,0.657,-0.68,0.256,0.718,-0.383,-0.383,0.657,0.854,-0.68,0.958,-0.562,0.657,0.718,0.6467062541700455,0.663672815372609,0.939437931212696,0.8388322754469081,0.7025000947282131,-0.383,0.7024475195679931,0.972689906687628,-0.5761472709486287,1.0218882943006187,-0.39650923644970687,0.735
-0.951,-0.928,-0.021,-0.951,-0.7,-0.68,-0.68,1.881,-1.041,1.881,-0.951,0.236,-0.021,1.881,-0.928,-0.7,-0.021,-1.041,-0.659,-1.041,-0.928,1.881,-0.7,0.244,-0.928,1.881,-0.659,-0.659,0.244,-1.041,-0.659,-0.928,-1.041,0.236,1.881,0.236,-0.951,-0.021,1.881,-0.68,-0.928,-1.041,-0.021,-0.659,-0.68,1.881,-1.041,1.881,1.881,-0.659,-0.659,0.236,1.881,-0.659,-0.928,-0.951,-0.9447249376899944,-1.041,0.244,-1.059486606557991,-0.68,-0.995408923620693,-0.9655201057764518,1.881,-0.672481852595878,-0.021,-0.9043842354513204,1.8652305755149023
-0.68,-0.441,-0.797,-0.797,0.374,-0.253,-0.68,0.374,-0.253,-0.68,-0.253,-0.68,0.763,1.173,-0.023,0.763,-0.68,-0.797,0.763,1.173,-0.68,-0.023,-0.886,-0.886,-0.68,1.173,0.763,-0.253,-0.886,-0.253,0.374,-0.023,-0.886,-0.68,1.173,0.763,-0.797,-0.886,-0.441,-0.441,0.374,0.3473121482254304,0.763,-0.886,0.376902927292583,-0.023,-0.68,-0.9026652143542583,0.401780489357637,-0.6922354614996216,1.173,-0.797,0.7501627538338237,0.4399623425222393,0.7886976943346359,0.8320977324118415,1.1572641591956596
-1.035,0.584,0.584,-1.05,-1.008,-1.035,0.584,-1.525,-1.525,-0.545,-1.525,0.584,-0.95,0.198,0.198,-0.95,-1.008,-0.95,-1.035,-1.035,-1.525,-1.05,-1.525,-0.95,-0.545,-1.035,-0.828,-1.05,-1.05,-1.008,-1.525,0.513,0.198,-0.545,-0.95,-1.035,-0.545,0.584,-0.95,-1.008,0.513,-0.828,-1.525,-0.95,-0.828,0.198,0.584,0.584,-1.008,-1.525,0.513,-1.05,-1.035,-1.0520101767913541,-1.008,0.198,0.584
-0.485,1.755,-0.398,1.627,-0.116,1.755,-1.314,-1.314,1.755,-0.398,-0.69,-0.797,-0.116,-1.314,-0.485,-0.485,-0.797,0.037,-0.797,-1.314,1.755,-1.314,-0.485,-1.314,-0.69,1.627,-0.485,-0.262,1.755,0.037,-0.262,1.755,-0.797,-0.116,1.755,-0.797,1.627,1.755,1.755,-0.485,-0.69,1.627,0.037,-1.314,0.037,1.755,-0.797,-1.314,-1.3279400974672881,1.7389097824534285,-1.2966762778706307,-1.258636681028978,-0.485,1.627,-0.398,-0.116,-0.69,-0.12357457402615567,-0.41156958388555887,1.6140540748282424,1.7833831376970215
0.795,0.83,0.317,0.83,0.795,-0.768,-0.941,0.68,0.317,1.927,-0.984,1.161,-0.941,1.927,0.83,0.795,-0.984,0.317,1.161,-0.768,-0.984,0.68,0.795,-0.768,0.68,0.795,-0.984,-0.768,0.795,-0.984,1.003,-0.941,1.927,-0.941,-0.768,-0.984,1.003,1.161,0.795,1.161,0.795,-0.984,0.795,0.795,1.927,0.83,1.927,0.68,1.927,-0.768,0.667647931398541,1.161,1.914963809029056,0.7155406234160888,1.003,1.9711795028485992,0.7442590031486247,-0.7801706929051844,1.1489964781104824,0.795,-0.984
-0.991,-1.17,0.034,-1.089,-0.991,-1.291,0.332,0.034,-1.17,0.332,-1.089,-1.17,-1.291,1.956,0.62,-0.991,1.023,0.62,-0.991,-0.991,-1.089,-1.089,-1.089,-0.991,1.023,-1.17,-1.17,-1.291,-0.991,-1.291,1.956,1.023,1.023,0.165,-1.291,0.62,0.332,-1.089,-0.991,1.956,0.62,0.165,-0.991,0.62,1.956,-1.291,-1.291,0.332,-1.089,1.956,0.332,0.62,0.165,1.956,-1.17,0.165,-1.089,0.165,0.62,0.034,0.62,0.165,1.023,-1.089,-1.103889640840097
1.506,-0.797,-0.723,-0.263,0.952,-0.723,-0.263,-0.598,-1.132,1.349,-0.723,0.952,0.952,1.506,1.506,1.349,-0.27,-0.263,-0.27,-1.132,-0.723,1.349,0.952,-1.132,-1.132,-0.723,-0.654,-0.27,-0.654,-1.132,1.349,-0.654,0.952,-0.723,-0.723,-0.263,-0.598,-0.263,-1.132,1.506,-0.797,1.506,-0.797,-0.263,-0.797,-0.654,-1.132,-0.723,-0.27,-0.7356932016182133,-0.6648196059571466,0.952,-0.28139458141870655,0.9347407680541475,-0.263,-0.613526186909832,-0.27084672437440427,1.506
-0.882,-0.382,1.238,-0.041,-1.276,-1.348,-0.041,-0.628,1.238,1.397,1.238,-1.276,-1.348,1.397,-1.276,-1.276,1.238,-0.628,-0.624,-0.628,-1.348,-1.276,-0.882,-0.382,-0.882,-1.348,-0.041,-1.348,-1.348,-0.882,-0.882,-1.348,-1.276,-0.882,-1.276,-0.628,-0.624,-0.549,-1.276,-0.624,-0.882,-1.348,-1.348,1.397,-1.348,-1.348,-0.624,-0.549,-1.348,-1.276,-0.041,-0.041,-0.041,-0.041,-0.549,-0.624,1.397,-1.276,-1.348,1.238,1.397,-1.348,-0.041,-1.276,-0.628,-0.549,-0.882
-0.251,-1.211,-0.941,-0.251,-1.049,-0.982,-0.718,-1.211,-1.049,-0.251,-1.049,1.287,-1.211,1.287,-1.211,-1.049,-1.049,-1.049,-0.982,1.287,-1.211,-1.049,-1.211,-0.718,-0.251,1.528,-0.982,-0.941,1.528,-0.718,1.528,-1.049,-0.251,-0.941,-0.251,0.301,0.301,1.287,-1.211,0.122,0.122,-0.982,1.287,-0.941,0.301,-1.211,-0.718,-0.941,-1.049,-0.982,-1.049,0.301,0.122,-1.211,-1.2323661994665955,-0.251,1.528,-0.718,-0.7307509158139734,-0.7042828357268509,-1.1920794758879099,1.287,-1.1594134359503339,-0.941,-0.9558082923490924,-0.2644847886725687,-1.049,-0.6621335417441473,-1.1232172533879174
0.316,1.705,1.702,-0.7,-1.291,-0.769,-1.291,-0.486,1.705,-1.291,-0.301,-1.291,1.705,-0.769,-0.301,1.705,1.702,0.316,1.243,-1.291,1.243,-0.769,0.316,-1.291,-0.7,-0.486,1.243,1.243,0.316,1.185,-0.301,1.243,1.702,1.705,-0.486,-1.291,1.185,-0.769,-0.301,-0.769,-0.301,1.705,-0.486,1.702,-1.291,-0.301,-1.291,-0.486,1.185,-0.301,-0.3182471649089654,-0.7,1.243,1.705,1.702,-0.769,-0.49491995976026204,1.686749400883948,1.6954600769705932,-0.263637292693681,1.1736458465865076,-0.45684771193916973,1.7345994472588262,-0.24216305371974967
1.454,1.616,-0.534,1.616,1.496,-0.84,1.454,1.496,1.454,0.794,1.616,0.426,1.616,1.496,-0.223,1.496,-0.847,1.496,-0.534,1.454,-0.84,-0.223,0.426,0.794,0.426,-0.534,0.794,-0.847,-0.223,-0.847,-0.014,-0.84,1.496,1.454,-0.534,-0.014,0.426,-0.014,-0.847,-0.84,-0.223,-0.84,1.616,-0.847,1.616,-0.534,1.496,1.4774767199244354,-0.223,1.454,0.794,-0.534,1.4433475072880353,1.5093975637636519,-0.5482774396407813,0.426,-0.5164889109487754,-0.847,1.4696617531806109,-0.23763822701078602,-0.1953027211713562,-0.8629512683093079,-0.84,-0.014,-0.16548390143907835,1.5462160855178984
-1.054,1.698,1.254,0.371,-1.054,0.371,0.906,-1.131,-0.763,0.906,0.456,1.698,0.077,0.456,1.698,-1.131,0.456,0.906,1.254,-0.763,0.371,0.906,0.906,0.371,-1.131,0.077,0.906,0.493,0.371,-1.054,-0.763,1.698,1.698,1.698,-1.131,-0.763,1.698,-1.131,1.254,1.254,0.906,-1.131,-1.054,0.077,-1.054,-0.763,1.698,0.077,0.371,-1.131,1.698,-1.054,-1.073983864526643,1.254,1.225251511934261,0.371,-0.763,0.077,0.493,0.906,0.3582959516142182,0.06153702077266978,0.8932523560420467,0.47828470938613393,1.2612006002382063
-0.863,-1.282,-0.094,-0.885,-1.282,-0.885,-1.282,-0.456,-1.282,-0.981,-0.863,-0.456,-0.981,-0.863,-0.237,-1.282,0.68,-0.237,-0.885,-0.237,-1.282,0.037,-0.981,-1.282,-0.572,0.037,-1.282,0.68,-0.572,-0.456,-0.885,-0.885,-0.981,-0.885,0.68,-0.094,-0.885,-0.863,-0.572,0.68,-0.863,-0.863,-1.282,-1.282,0.68,-0.456,-0.981,0.037,-0.094,0.037,-0.981,-0.863,0.68,0.6615896739814776,-0.885,-0.237,-0.8772561745590881,-0.25194617222730825,-1.282,0.6880267368683232,-1.3052524275680528,-0.456,-0.2126336025080573,-0.094
0.441,0.07,0.773,1.152,-0.148,1.152,-0.903,0.07,-0.39,-0.903,1.152,-0.39,-0.148,0.773,0.773,0.07,-0.252,0.773,0.773,0.773,-0.903,-0.903,0.07,-0.39,-0.903,0.97,-0.252,-0.148,-0.903,-0.148,0.07,0.97,0.773,0.773,0.97,0.97,1.152,1.152,0.439,-0.252,0.07,0.07,-0.252,-0.903,0.441,0.439,0.07,-0.39,-0.903,-0.252,0.773,0.4299914105598424,0.97,1.152,0.9567524958959087,0.7583829310971284,0.06113027059940624,1.0043666221068526,-0.26181910709276557,0.0892757478813556,0.7977290571114224,-0.148,-0.23562730914192903
-0.299,0.759,-0.102,0.029,0.759,-1.05,-0.287,-0.299,-1.05,1.853,-0.102,-1.05,-0.74,-0.084,-0.287,-0.287,0.759,-1.05,-0.74,0.759,-0.74,-1.05,0.029,-0.102,0.759,0.759,-0.287,0.759,-0.102,0.029,0.759,-0.287,-1.05,0.759,1.853,-1.05,0.569,-0.102,1.853,-0.74,1.853,1.853,0.029,-0.084,-0.10133742210153579,1.853,-0.0681857536645587,1.842194231884695,-0.102,0.759,0.746419203187323,-0.299,-0.74,1.8823176551235186,0.569,1.9224177430617393,0.017844633210812862,-0.11258429935573266,-0.287,0.03554945054792079,-0.0787383195156431,-0.03285396852341728,1.949184324215771
-1.181,-0.902,-1.136,-1.181,0.143,-0.902,-0.94,-0.94,0.606,0.606,-0.526,-0.983,-0.94,1.494,0.606,-0.902,-1.136,0.606,-1.136,-0.983,-0.876,0.143,-1.136,-1.136,-0.983,-0.94,-0.902,0.143,1.494,-0.526,-1.181,-0.983,-0.902,-0.902,0.143,1.494,1.494,-0.983,-1.136,-0.902,-1.181,-0.983,-1.181,-0.526,-0.876,1.494,0.606,-0.94,-0.983,-0.983,-1.181,-0.902,-0.983,-1.181,-0.94,-0.876,-0.983,-0.526,-0.5357635735820574,-0.5187085197469905,-0.5014740110531992,-0.876,0.143,-1.181,0.606,-0.4612178975834625,-1.1955698825756575,-0.4301311356916834,-0.8857962623375581,1.494,0.12957226746421494,-1.136,-0.41795251660784977,-1.155795152853031,-1.1183088494739775
1.571,1.571,-0.99,1.571,-0.99,-0.331,1.571,-0.538,1.571,-0.552,-0.437,-0.331,0.231,-0.271,-0.538,1.571,-0.552,-0.538,-0.99,-0.538,-0.538,-0.552,-0.99,-0.99,-0.538,-0.99,-0.437,-0.271,-0.762,1.571,1.571,-0.762,0.231,-0.762,-0.437,1.571,0.246,0.246,-0.538,-0.437,-0.271,-0.762,-0.331,0.246,0.246,-0.99,-0.762,-0.538,1.571,-0.552,-0.762,1.562379078931136,-0.5693693342143944,-0.331,0.246,0.22836522133328405,1.5881323326597054,0.231,-0.99,-0.5304341288978605,-0.538,-0.437,1.63325922892185,0.21760739309115767,0.262700655347529
-0.625,-0.625,-0.625,-0.63,-0.625,1.313,1.313,-0.625,-0.625,-0.625,-1.087,0.648,-0.588,-0.625,-0.63,-0.625,-0.011,-1.087,1.313,0.648,0.648,-1.131,-0.588,-1.131,-1.131,-0.63,-1.131,0.477,0.648,0.648,-0.152,-1.087,-0.63,-1.131,-1.131,-1.087,-1.087,-1.087,0.648,-1.087,-0.588,-0.152,-1.087,0.648,1.313,0.477,-1.131,-0.625,1.2973993416843157,-1.0964239927747055,-0.152,-0.17202873653090323,-0.63,-0.6369122251825798,-0.13215439888234182,-1.1435472380555975,-1.121711303636106,-0.0981256478452529,-1.068964582689614,-0.6412027584174361
-0.163,-0.127,-0.818,0.624,-0.692,0.24,-0.429,0.24,-1.06,0.24,-1.06,-0.938,-0.429,-0.163,-0.163,-1.06,-0.578,-0.692,-0.578,-0.938,-0.127,-0.429,-0.578,-0.163,-0.163,-0.163,-0.127,-0.429,-0.578,0.24,-1.06,-0.818,-0.429,0.624,-1.06,0.624,-0.692,0.24,-1.06,-0.578,0.624,-0.429,-0.578,-0.429,-1.06,0.24,-0.938,-0.818,-0.938,-0.818,-0.578,-1.06,-0.5908499250212171,-1.0783946086153393,-0.429,-0.938,0.24,-0.8320218579452088,-0.9545440672369087,-0.163,-0.9026765473156627,-0.127
-0.924,-0.777,-0.831,-0.255,-0.924,-0.179,-0.606,-0.924,0.243,-0.606,-0.179,0.243,-0.831,-0.606,0.316,0.316,-0.777,-0.156,-0.924,-0.924,-0.831,-0.777,-0.156,-0.831,0.316,-0.831,-0.255,-0.156,-0.156,-0.606,-0.255,-0.179,-0.831,-0.179,-0.179,-0.156,-0.179,0.243,0.316,0.423,-0.606,0.243,0.243,-0.179,-0.255,-0.255,-0.777,0.316,-0.606,-0.156,-0.831,-0.777,0.2992312996737663,-0.179,0.33031078320137763,-0.924,-0.8470903573652833,-0.7929124279745825,-0.255
-0.161,1.63,0.178,-0.362,0.064,0.064,1.372,1.63,0.064,-0.161,-0.04,-0.908,1.365,-0.161,-0.161,1.365,0.064,-0.362,1.63,0.064,0.178,1.63,-0.362,1.372,0.178,0.178,1.365,0.178,-0.161,-0.908,-0.04,0.064,1.365,-0.908,1.365,1.372,-0.161,0.064,-0.362,-0.908,1.63,-0.161,0.064,-0.362,-0.362,0.439,0.064,0.178,1.372,-0.362,-0.04,1.63,-0.362,0.064,-0.161,-0.908,-0.3723614461998128,1.365,-0.04,0.439,-0.16904163683245646,-0.9208193293872841,0.050188902748024296,-0.15390198961536752,-0.12245348814888049
2.456,-0.767,-0.165,-0.932,-0.932,2.245,-0.487,2.245,0.333,-0.403,2.456,-0.487,0.204,2.245,2.245,2.245,2.456,2.456,-0.403,0.601,0.333,-0.165,-0.165,-0.767,-0.403,2.245,2.456,0.601,2.456,-0.932,2.245,-0.767,0.601,-0.932,0.204,-0.403,2.456,-0.403,0.333,-0.932,2.245,0.333,-0.403,-0.165,0.601,0.3177908879947481,-0.1780424227498393,0.35812206333183416,0.40197972868832976,-0.932,0.4254959410992903,2.245,0.204,0.5856735310194457,0.4620910063260942,0.6232758031327916,2.226843829720308,-0.9430977384071777
-0.799,-1.086,0.445,-1.051,-0.2,-0.368,-0.2,1.389,0.445,0.445,1.389,1.389,-0.368,1.389,-0.799,-0.799,-1.086,-0.2,0.483,0.445,-0.351,0.445,-0.368,-0.351,1.389,1.389,-1.086,-0.351,-1.086,-0.799,-1.086,-0.368,-1.086,-1.086,-1.051,1.389,-1.051,-0.799,-1.086,-1.086,-0.2,-0.2,-0.368,-1.086,-1.051,-0.2,-0.799,-0.351,-1.051,-1.086,-1.051,0.445,-1.051,-1.0661990000276107,0.0,1.389,-0.799,-1.0267039878625692,-0.368,-0.8105891367397177,0.445,-0.351,1.3724237710881286,-0.7806673217025284,-0.9890750571296351,-0.2,-0.3804274336591311,-0.32539024751056367,1.4072597256399986
0.369,0.077,1.707,0.077,1.122,0.281,1.309,0.624,0.077,0.306,0.926,1.122,0.077,0.281,0.369,0.369,0.369,0.072,0.281,0.624,0.369,0.281,0.624,0.624,1.309,1.707,0.926,1.122,0.077,0.624,0.072,1.707,0.926,0.624,1.309,1.707,0.624,1.707,1.707,0.306,0.624,1.309,1.309,0.306,1.122,0.077,0.06410571818810597,0.624,1.1117124721617166,1.2940493607099421,0.6077111799788646,0.281,0.369,0.34356704864529625,0.926,1.1535766524800255
-0.951,-0.996,-0.871,-0.996,-0.871,-0.053,-0.839,-1.152,-0.732,-0.839,-1.152,0.661,-0.996,-0.951,-0.951,-0.996,0.661,-0.951,-0.871,0.174,-0.839,-0.951,-0.544,-0.053,-0.996,-0.732,-1.152,-0.996,-0.544,0.174,0.661,0.174,-0.996,-0.951,-0.951,-0.839,-0.732,-0.544,-0.544,0.661,-0.544,0.174,0.661,-1.152,-1.152,-1.152,-0.839,-0.544,-0.544,-0.544,-0.053,0.174,-0.732,-0.732,0.174,-0.996,-0.839,-0.951,-0.8588374373414258,0.661,0.6414267059456751,-0.544,-0.871,-1.152,0.15571072921685178,-0.053,0.6986728926156169,-1.1655782303620126,-0.5583518405182522,0.7287424840018666,-1.0056459330833485
-0.557,-0.557,-0.557,-0.035,-0.439,-0.439,1.18,-0.557,1.689,-0.214,-0.557,-0.557,-0.24,-0.214,-0.634,-0.634,-0.634,-0.634,-0.721,-0.035,-0.214,-0.035,-0.672,-0.634,-0.672,-0.035,-0.721,-0.672,-0.634,-0.721,1.689,1.18,-0.672,-0.035,1.18,1.18,-0.035,1.689,-0.24,-0.672,-0.634,-0.24,-0.634,1.18,-0.634,-0.634,1.689,-0.035,1.689,-0.721,-0.557,-0.672,1.18,-0.634,-0.035,-0.721,-0.557,1.168631201000318,1.2147758993706408,1.689,-0.214,1.246466703496323,-0.23215948886015508,1.281054229319742,-0.6448601699118831,-0.6177486979765952,-0.7336855215654878,-0.6852458103848382
-0.823,-0.022,-0.022,-1.095,-0.329,-0.896,0.708,-0.484,-1.095,1.718,-0.896,0.708,-0.896,1.718,-1.095,1.718,-0.741,-0.329,0.386,0.386,-0.823,-0.896,-0.484,-0.823,-0.823,-0.896,-0.823,0.386,0.386,-1.095,1.718,-0.741,-0.022,-0.741,-0.022,-0.484,-0.329,-0.823,1.718,-0.484,-0.896,-1.095,1.718,-0.329,-0.484,-0.896,-0.329,-0.741,-0.7547719889968147,-0.484,-0.3377000989462394,-0.022,-1.095,-0.0394999781577265,-0.49986989038691776,-0.7198774914104188,-0.3054152617749742,1.718,-0.2578529811770116,0.386,-0.90361689470715
1.149,-0.167,1.893,-1.149,0.063,0.063,-1.054,1.149,-1.054,-1.054,-1.054,1.052,-1.054,1.893,-1.149,1.052,1.893,1.893,0.94,0.94,0.063,1.637,-1.149,-1.149,1.893,-0.167,1.052,-0.903,1.149,-1.149,-0.903,-1.149,1.893,0.94,-0.903,1.637,-1.054,0.94,-0.903,1.637,1.637,-1.054,1.637,-0.167,0.94,-1.054,0.9237865444543246,1.149,-1.0716402677530272,1.052,1.893,-0.903,-1.149,-1.0242189650671154,1.8774498944318472,1.637,-1.1625404015070329
1.689,-1.089,-0.701,0.567,-0.726,1.689,-1.089,-0.322,-0.726,-0.701,0.432,-0.701,-0.726,-0.588,-0.87,0.567,-1.089,-0.322,1.689,-0.701,-0.87,-0.588,-0.96,-1.089,-0.726,0.567,0.567,1.689,-0.96,1.689,-0.588,-0.588,-0.96,-1.089,1.689,-0.588,-0.588,-1.089,-0.96,-0.96,-0.588,-1.089,-0.726,-0.87,-0.322,0.567,1.689,-0.96,-0.87,-0.588,-0.322,0.432,1.674870733045563,0.567,-0.5975589225388686,0.4205246733520105,-0.726,-0.701,-0.738931793654926,-0.8829279228649318
0.858,-1.427,0.057,0.057,0.654,-0.724,-0.697,-1.427,-0.441,-0.441,0.158,-1.427,-0.697,0.858,-0.724,0.858,-0.441,0.858,0.654,-0.724,-0.09,0.654,1.018,-0.697,0.858,0.858,1.018,-0.724,-0.09,0.158,-1.427,1.018,-0.09,0.858,-1.427,-0.697,-0.441,-1.427,-0.441,0.858,-1.427,0.858,-1.427,1.018,0.158,-1.427,-1.427,0.158,0.13803480349504332,-0.09,0.057,-0.697,0.04236990689010419,-1.427,-0.10577133192121732,-1.4454022578126697,0.1849448843271586,-0.062269328226944455,-1.3879656691822453,0.858,1.018,0.2309693075259545,-0.7068743502569853
0.595,0.564,0.595,0.564,0.886,0.886,1.195,0.886,0.252,0.564,0.727,0.727,1.195,0.886,-0.748,-0.748,0.595,-0.133,0.564,0.564,0.252,-0.748,0.252,0.564,-0.133,-0.531,0.564,0.595,0.727,0.595,-0.133,-0.133,-0.133,0.595,0.252,1.195,0.595,0.595,0.595,0.41,-0.748,0.564,-0.531,0.727,1.195,1.1757338410313662,1.1985582324495396,0.886,1.2392790625590482,0.8758254529092893,0.41,0.252,0.564,0.3966916518780457,0.7133791050142811,-0.133,0.24715832305456806,0.2912372704684734,0.41946671049806283
-0.109,0.784,-0.801,-0.109,-0.862,-0.024,0.287,0.784,0.784,-0.109,0.107,0.407,-0.683,-0.683,-0.109,-0.489,-0.801,-0.109,-0.862,-0.862,0.407,-0.109,0.784,-0.109,0.287,-0.683,-0.109,-0.024,0.107,-0.109,-0.801,-0.024,-0.801,0.287,-0.801,-0.683,-0.489,-0.862,-0.489,0.407,-0.862,-0.109,0.107,0.287,-0.801,0.407,0.287,-0.683,0.107,0.09732534888626367,0.27685024135561664,0.15032089503041998,-0.489,0.407,0.784,-0.024,0.1856490422766141,0.21044439212745836,-0.801,-0.5018432752826069,0.30815388930231186,0.7688757623748811,0.7968893077858604
-0.782,-1.159,1.14,-1.159,-0.027,-1.159,1.345,1.345,-1.159,1.14,1.396,-0.782,-0.782,1.14,-0.45,-0.722,-0.859,-0.859,-0.782,-0.782,-0.782,-0.903,-1.159,1.396,-0.027,-0.859,-0.782,-1.159,-0.859,-1.159,1.396,-0.903,-0.903,-1.159,-0.45,1.345,-0.722,1.396,-0.722,-0.027,-0.903,-0.027,-0.859,-0.45,-0.903,-0.903,-0.903,1.345,-0.45,-0.722,-0.735956432375869,-0.859,-0.903,-0.9161451731220759,-0.4677507309401968,-0.782,-0.854582927652223,-0.7089108494816624,-0.027,-0.05751785453459668,1.14,1.396
0.966,-0.984,1.655,1.44,-0.984,1.075,-0.546,1.38,1.075,-0.911,1.44,1.44,1.44,1.44,-0.576,1.075,1.655,-0.911,-0.984,0.966,-0.576,-0.546,-0.911,-0.984,1.075,1.655,-0.984,-0.911,1.075,-0.546,0.966,1.38,1.38,-0.984,0.226,1.44,1.655,1.075,0.966,1.44,0.226,1.655,-0.576,0.966,1.655,1.44,-0.911,1.655,-0.576,-0.5917941701526518,-0.9221237219733788,-0.546,-0.5391211617175815,0.226,-0.984,1.44,1.38,0.20729434536051053,1.075,0.966,-0.5576678451160781,-0.8890248977076523
-0.972,-0.972,-0.972,-1.03,1.359,-0.818,-0.928,2.244,-0.972,-0.928,2.244,1.359,0.703,-0.928,0.703,2.244,-0.818,2.244,-1.03,-0.928,-0.818,-0.928,-0.746,2.244,0.465,2.244,-0.746,-0.972,0.465,-0.315,-0.315,-0.746,-0.972,1.359,2.244,-0.315,-1.03,-0.818,-0.928,-0.315,-1.03,-1.03,2.244,1.359,-0.972,1.359,2.244,-0.928,-0.315,1.359,-0.818,-0.972,1.3411510556508235,-1.03,-0.315,-0.9865272931735548,-0.928,-0.33049568095137055,1.3877225020553556,2.244,0.465,2.2300989471571966,-1.047717824937684,0.703,0.6764354818137555,0.44824719196690244,0.5082847022350465,0.7086945808593964,2.2646321506536036
1.06,-0.062,1.06,-0.478,-1.184,-0.062,0.529,1.06,-0.062,-1.184,1.06,0.529,-1.184,-1.269,-1.269,-1.269,-0.478,-0.062,-1.269,0.529,1.537,-0.739,-0.384,-0.739,-0.739,-1.269,1.06,-1.184,-1.184,-1.184,-0.478,1.537,-1.184,-1.269,-1.184,-0.617,-0.478,-1.269,-0.617,-0.739,0.529,-0.739,-0.384,0.529,-1.269,-0.478,-1.184,-0.617,-0.384,-0.6285845205419738,-1.184,-0.062,-0.39972395662896604,-1.269,-1.1922967420970705,1.537,-0.739,-0.478,1.5215232848130804,-0.5893982734473278,1.06
-0.869,0.163,-0.859,-0.859,-0.968,-0.594,0.906,-0.392,-0.968,0.906,0.906,0.163,0.163,-0.392,-0.251,-0.594,-0.968,-0.869,-0.869,-0.251,-1.039,-0.859,-0.859,-0.692,-1.039,-0.392,-0.392,-0.594,-0.968,-0.692,-1.039,-0.692,-0.392,-0.692,-0.392,-0.968,-0.392,-0.251,-1.039,-0.251,-0.692,0.163,-0.968,-0.594,-0.251,-1.039,-0.251,-0.869,-0.594,-0.859,-0.968,-0.9805394034649509,-0.692,-0.8705861457711676,-0.9406070700866862,-0.251,-0.7019417031806612,-0.8905491439411298,0.906,-0.392,-0.8809134029567672,-0.2647496615693407,-0.8272613474732443
-0.816,1.588,0.986,-0.816,1.588,1.708,0.595,0.595,0.557,-0.192,1.588,0.595,0.595,0.557,0.02,0.557,0.595,0.595,-0.192,1.708,-0.192,0.557,-0.192,-0.816,1.588,-0.603,-0.192,0.448,1.588,-0.603,-0.192,0.02,1.708,1.708,1.588,0.595,0.557,0.02,0.02,0.557,-0.816,0.986,1.708,-0.603,0.986,1.588,-0.603,1.708,0.986,1.588,1.566830762580245,-0.192,1.694588550096615,0.595,1.7269045635235598,0.02,-0.20711173228599103,0.5776467505133155,-0.816,0.619810705099805,0.448,-0.1705142338147737
-0.073,-0.585,-0.726,0.297,-0.726,-0.585,-1.029,-0.726,-0.503,0.297,-1.029,-0.585,-1.008,-0.552,-0.711,-0.552,-0.503,-1.008,-1.029,-0.726,-1.008,0.297,-0.552,-0.726,-1.008,0.075,-0.711,-0.726,0.075,-0.711,-1.029,0.075,-0.552,0.297,-1.008,-0.552,-1.008,0.297,-1.008,-0.585,-1.029,-0.503,-1.029,-0.552,-0.726,-0.726,-1.008,-1.008,-0.726,-0.726,0.297,-0.073,0.27716565026393275,0.3053292846077892,-0.552,-0.585,-1.008,-1.0196748961559274,-0.9915151773011981,-0.9560334105777216,-0.711,-0.7260893595383601,-0.7379499514895835,-0.7024765793931679,-0.9231985752919355
0.776,0.731,-0.324,1.419,1.419,-0.785,0.331,-0.977,0.839,0.331,-0.785,1.373,-0.803,-0.803,0.776,-0.785,0.331,-0.977,0.839,-0.803,-0.785,-0.977,1.373,-0.803,1.373,0.839,1.373,0.731,0.731,1.419,0.331,0.331,1.419,-0.785,0.839,0.331,0.839,-0.977,-0.324,-0.785,0.331,0.839,0.839,-0.324,-0.977,-0.785,0.776,-0.803,1.373,0.731,1.419,0.776,0.839,-0.977,0.8243822033738629,0.776,1.373,-0.785,-0.7993369413463275,-0.803,0.331,-0.8181258967656957,-0.7911165010804428,0.865895715862006
0.942,0.263,-0.828,0.263,-0.828,-1.028,0.942,-0.054,-0.978,1.048,0.942,0.909,-0.978,-0.828,-1.028,0.263,0.909,0.942,1.048,-0.828,0.909,-0.978,-0.766,-0.978,-0.766,0.942,-0.828,0.942,-0.766,-0.978,0.909,0.942,-0.828,0.942,0.942,-0.054,-1.028,-1.028,-1.028,0.942,-0.766,-0.766,0.263,1.048,0.577,-0.828,-0.054,-0.978,-1.007994849604973,0.263,-0.9556661905402406,0.909,0.891517942613525,-0.054,-0.766,1.048,-1.028,0.2461981866728817,-0.7766064825739132,0.577,0.5680442515148744,-0.07246040215588606
1.165,0.407,-1.12,0.407,-0.219,-0.846,-0.507,-0.219,-0.846,-0.244,0.407,1.165,-0.244,-0.219,-0.824,-0.926,-1.12,-0.926,0.407,0.775,0.407,0.407,-0.846,-0.244,-1.12,-0.219,1.165,1.165,0.407,-1.12,-0.219,-0.219,-0.926,-0.219,0.407,-0.926,-1.12,-0.219,-0.824,-0.244,-1.12,0.407,-0.244,-0.824,-1.12,1.165,-0.507,0.775,-0.507,-0.5293550092779766,-0.846,-0.219,1.165,-0.2312786554352499,-0.926,-0.244,-0.1812732427722297,-0.824
-0.516,-0.717,-1.027,-1.091,0.282,0.78,-0.89,-0.717,-1.007,0.78,-0.717,-0.89,-1.1,0.282,-1.091,0.282,-1.091,0.282,-1.027,-1.027,0.282,-1.091,-1.091,-1.007,-1.091,-0.89,0.282,-1.007,0.282,0.78,-0.903,-1.007,0.78,-1.1,-1.091,-1.027,-0.516,-1.027,-1.027,-0.717,-1.007,-1.1,-1.027,-0.516,-1.1,0.78,0.78,0.78,-1.007,-0.903,-1.1,0.78,-1.091,-0.516,-0.717,0.282,-0.903,-0.903,0.78,-1.027,-1.1,-1.091,0.765418245908028,-0.516,-1.031630489728557,-0.5313876203925401,-0.717,0.282,-0.903,-0.4935224717750845,-1.007
-1.024,-0.91,-0.91,-1.024,-0.375,-1.024,-0.375,1.444,1.444,-0.375,0.404,1.444,-1.024,-0.375,-0.375,-0.375,-0.375,-0.02,-0.175,-1.108,-1.108,0.404,0.245,-0.175,0.449,-0.175,0.404,-0.91,-0.02,-0.175,-0.375,-0.175,-1.108,-0.02,-0.375,-1.108,-0.175,1.444,1.444,1.444,1.444,-1.108,1.444,-0.91,-1.024,0.245,-0.91,1.444,-0.91,-1.108,-1.108,0.404,-1.108,-0.375,-1.024,-0.175,0.449,1.444,0.404,-1.108,1.444,0.245,1.427203227788559,-0.375,-0.38801096155466613,-1.108,-0.02,-0.91,-0.029921095891434782,-1.116255609158005,0.23380957355125323,-0.175
1.752,-0.681,-0.644,-0.681,1.2,1.2,-0.644,-0.704,1.2,1.752,1.752,-1.098,1.2,1.752,-1.098,-0.255,-0.644,0.394,1.2,-0.704,1.2,1.2,-0.098,-0.255,1.752,-0.704,-1.098,-0.255,-1.098,1.752,1.2,-0.255,0.033,1.2,-1.098,0.033,0.394,0.394,-1.098,1.752,-0.255,1.752,-0.644,-0.681,0.394,0.033,-1.098,1.7411941877423802,-1.112577212486944,-0.6913237654595183,-0.704,1.2,1.772109904239937,-0.098,1.8201973145521315,1.1915928642398628,0.38050201382843035,-0.6600689653763653,1.8502733779644847
-1.011,-0.776,1.151,-0.776,1.124,-0.991,0.133,0.133,-0.991,-0.991,-0.776,-0.991,-0.991,-1.011,0.453,0.453,1.151,-0.629,-0.168,1.151,0.453,0.453,-0.776,-0.776,-0.478,-0.991,0.133,-1.011,0.453,1.151,0.453,0.133,-1.011,-1.011,-0.168,1.124,-0.478,1.151,1.151,-0.991,0.133,-0.168,-0.629,-0.478,-1.011,1.124,0.453,1.1079225274596507,-0.4875669291807828,1.1594161140508101,-0.776,0.133,-0.629,-0.168,-0.19123651986695958,-0.991,-0.7849710851148819,0.4372744080315871,-1.0228666249381153,0.11645729998564638,-0.9686030846343339
-0.099,-0.099,-0.732,-0.732,-1.007,-0.844,-1.008,-0.844,-0.823,-1.171,-0.823,-1.008,-0.844,-1.007,-1.007,0.049,-0.823,-1.171,-1.008,-1.008,-1.171,-1.171,-1.008,-1.007,-1.171,-1.007,-0.844,-1.171,-0.823,-1.007,-0.804,-0.804,-0.099,0.574,-0.732,-1.008,0.574,0.049,-0.823,-0.804,-0.732,-1.008,-0.804,-0.823,-1.007,-0.804,-0.099,-1.007,-1.008,-0.1100696644094617,-1.0249515851198148,-0.804,0.049,-0.8227519587914159,0.03507547883185684,-0.732,-0.844,0.574,0.5600726134666941,-1.171,-0.7994452167702176,-0.9867232821198013,-1.1839962884184023,-1.0221282713582442,-0.7768621334735807,0.08155677422932747,0.6072042505588204
-1.266,-0.052,-1.266,-0.612,1.628,-1.266,-0.186,-0.612,1.628,-1.266,-0.687,-0.052,-0.612,-1.266,-0.186,0.447,-0.612,-0.153,-1.266,1.628,-0.687,-0.097,-0.097,-1.266,-0.097,0.447,-0.153,-1.266,-0.186,-0.097,1.628,-0.186,-0.052,0.49,-1.266,-0.687,-0.097,-0.153,1.628,1.628,-1.266,-0.186,-0.186,1.628,-1.266,-0.052,0.447,0.49,-0.097,-0.06667060026318747,-0.153,0.47690079226243737,-0.186,-1.277365138102713,-0.10717082160568739,-1.2226870942280303,-0.16521562417306496,0.4326343677033251,-0.1389103886264591,0.4539162823198525
-0.151,-0.754,-1.015,-1.102,-0.897,-0.754,-0.647,-0.754,0.75,-0.218,-0.218,-1.054,-1.102,-0.218,-0.151,-0.218,0.664,-0.151,-1.015,-0.754,0.664,-1.102,-1.054,-1.015,-1.102,-1.102,-0.218,-1.102,-0.151,-0.897,0.664,-0.647,-0.897,0.664,0.664,-1.102,-0.647,-0.897,-1.015,-1.102,-0.647,-0.218,-1.054,-1.054,0.75,-0.218,0.75,0.664,-1.054,0.75,-1.102,-0.754,-0.151,-0.218,-1.054,-0.647,-0.6689180116127171,-0.6312838891904377,-0.7685439630006787,-0.232548937463646,-1.1148012557511664,0.75,-0.1607494577122609,-1.015
-0.822,0.701,-1.116,-1.116,0.815,0.79,-0.587,0.186,-1.147,-0.965,0.582,0.186,-0.965,-0.587,0.701,-1.147,0.79,-0.587,0.815,0.79,0.79,-0.965,-0.822,-1.116,-1.116,0.815,-1.147,-1.116,-0.965,-1.147,-1.116,-0.965,0.815,-0.965,-0.822,-1.147,0.186,0.186,-1.147,0.186,0.815,-1.116,0.79,-1.147,-1.1606151793853263,0.815,0.7954982823785738,-1.1291262751599447,0.8228262599699109,-0.587,0.701,0.6815798835467786,-1.1101764152087803,0.7262896434342747,-1.103356354613307,-1.0697796744370145
1.629,-0.925,-0.889,-0.925,1.212,1.629,1.629,-0.406,-0.758,-0.865,0.597,-0.889,0.597,-0.497,-0.865,1.212,-0.406,1.629,-0.925,1.212,0.597,-0.758,0.272,-0.925,-0.889,0.272,1.629,-0.865,-0.758,-0.925,1.629,-0.889,0.597,0.597,-0.758,1.629,1.212,1.629,-0.497,-0.758,1.629,-0.865,-0.758,0.597,0.272,-0.406,0.581946432648083,-0.889,-0.9002878919593087,0.6296024373156996,-0.8635769844006014,0.6708629267209376,-0.497,-0.865,1.212,0.2602664081971883,-0.517893299767799,1.1972189165693121,-0.758,1.2147830191736284,-0.925,-0.4658674518526899
1.49,-0.556,-1.06,1.138,1.49,-0.779,1.49,-0.632,-0.632,-0.556,1.138,-1.06,1.766,1.49,-0.491,-0.491,-0.779,-1.06,-1.06,-1.06,-0.779,-0.779,1.766,1.766,-0.556,-0.779,-1.06,-0.781,-0.779,1.766,-0.556,-0.491,1.766,-0.556,-0.491,1.138,-0.781,-0.779,-0.556,-0.084,-0.781,-0.632,1.49,-0.779,-0.556,-0.084,1.49,-0.10026389773825692,1.766,-0.781,-0.491,-0.779,-0.5078440938416633,-0.7946071194287783,1.7576257111851212,-0.7585916747741998,-0.5720579037491998,-1.06,-1.0770440470458957
-0.633,-0.794,-0.013,-0.547,-0.633,-0.633,-0.285,-0.633,-0.265,-0.842,-0.842,-0.794,-0.842,-0.794,-0.265,-0.265,-1.027,0.679,-0.633,-0.265,-0.265,0.679,-0.013,-0.285,-0.633,-0.265,-0.547,-0.285,-0.285,-0.794,0.679,-0.013,0.679,0.679,-1.027,-0.013,-1.027,0.679,-0.633,-0.794,-0.285,-0.285,-0.547,-0.013,-1.027,-0.265,-0.013,-0.547,-0.794,-0.842,0.679,0.679,-0.547,-0.285,0.6669343539148369,-0.633,0.6935300376462803,-0.5585085243790243,-0.5457338900192662,-0.6451872433597687,0.738161883421943,-0.5060854750329767,-0.29462194698686694,-1.027,-0.26892176158392256,-0.013
-0.612,1.239,1.412,-1.139,-1.139,1.436,-0.612,1.239,1.239,-0.617,0.125,1.436,1.239,1.412,-0.069,-0.612,-1.139,-0.612,1.239,-0.617,-0.617,-0.069,1.239,1.443,-0.612,-0.069,1.443,-0.612,-0.617,-1.139,1.239,1.412,1.436,-0.617,1.443,0.125,1.412,1.239,-1.139,-0.069,-1.139,-0.617,1.436,-1.139,-0.617,1.412,1.436,-1.139,-0.477,-0.477,-0.612,1.443,-0.477,-0.612,-0.617,1.436,-0.6288860495010433,1.412,1.4200106585418117,-0.619327129318503,1.3985587794121344,1.4322377217269113,1.4486773531494668,-0.5683100921957032,-1.139,-0.5979925421408812,0.125,-0.491697896269256,-0.069,-1.156767324260271,1.4318893364926293,-0.5191965233728566
0.24,0.485,-0.754,0.24,-1.323,0.286,1.42,-0.699,-0.699,-0.699,0.485,1.334,-0.754,0.286,0.502,-0.655,-1.323,0.286,0.485,-1.323,0.485,-0.655,-0.655,-1.323,-0.754,1.42,0.286,1.334,1.334,1.334,-0.699,-1.323,1.42,-1.323,-0.699,-1.323,0.286,0.485,0.485,-0.754,-1.323,-0.655,0.24,1.42,0.485,0.286,-1.323,0.286,1.42,0.286,0.24,0.485,0.485,-0.655,0.286,0.4691187966909178,-0.754,1.334,-0.6678544547004472,-0.6192213605034191,1.324558315669544,-0.7660757789704031,-0.7151780059840324,-0.699
-0.611,0.638,-0.792,1.118,-0.751,-0.611,-0.611,1.141,0.913,-0.751,-0.611,1.118,1.141,0.638,-0.751,1.118,0.913,1.141,0.638,0.638,-0.722,1.118,-0.722,0.638,1.141,0.638,0.913,0.913,1.141,-0.611,-0.792,1.141,0.913,1.141,-0.611,-0.722,-0.467,-0.346,0.913,-0.751,-0.792,1.141,0.638,-0.467,-0.467,-0.722,1.118,-0.792,1.141,0.638,-0.792,-0.467,1.118,-0.467,-0.792,-0.751,-0.346,-0.7589449297630159,0.913,0.638,0.8941834631866791,1.141,0.9165655187265296,0.9414535790009819,-0.3623075896524536,1.1254159238788122,-0.611,1.118
-0.292,-1.083,-1.352,-1.083,1.004,-1.115,-0.064,-0.064,-0.064,-1.352,-0.954,-1.115,-1.352,-1.115,-0.954,-0.954,-0.954,-1.083,-1.115,-1.083,-1.115,-1.352,-0.954,-0.44,-0.44,-1.115,-0.689,-0.301,-1.083,-0.292,-0.954,-1.352,-1.083,-1.115,-0.292,-0.954,-0.44,-1.352,-1.083,-0.292,1.004,-0.689,1.004,-0.954,-0.44,-1.352,-1.083,-0.292,-0.3150576725571524,-1.100678930964507,-0.954,-1.0452628264904686,-1.0201189058281988,-1.352,-0.44,-0.9709307533241301,-0.689,-0.9082612335216087,-1.115,-0.064,-0.8753807468770632
-1.333,-0.371,1.425,-1.333,-0.227,-1.333,-0.308,-0.371,-0.651,-0.308,-1.333,-1.333,-0.227,-0.651,-1.333,-1.333,-0.614,1.425,-0.805,1.517,-0.614,1.425,1.425,1.425,-0.651,-0.805,-0.651,-0.614,-0.614,1.517,-0.308,-1.333,-0.664,-0.614,-0.308,-0.227,-0.651,-0.371,-1.333,-0.664,-0.371,-0.651,-0.227,-0.308,-0.371,-0.651,-1.333,1.425,-0.651,-0.805,-0.614,-0.614,-0.651,-0.664,-1.333,-1.3445766714275618,1.425,-0.308,-1.306503236660352,-0.651,-0.664,1.406347178356301,1.517,1.4320019474525063,-1.2480086407172408,-0.6660100603407255,-1.2042727290272395,-0.6306577564094151,-0.371,-0.805,-1.1617648823404654,1.5101619978672833
-0.906,0.014,1.972,1.972,-0.012,-0.012,-0.831,-0.906,1.972,-1.15,2.252,-0.012,-0.831,-1.15,0.772,-1.15,-1.15,-0.906,2.252,2.252,0.772,-0.046,1.972,-0.199,-0.046,-0.831,-0.046,-0.199,-1.15,-0.906,2.252,-0.046,2.252,2.252,-0.831,-1.15,-0.012,-0.012,0.014,-0.906,-0.199,2.252,-1.15,2.252,1.972,-0.046,-0.831,-0.012,-1.15,2.252,-1.15,-0.199,-0.199,-0.906,-1.15,-1.1647750157194747,-0.046,-0.21377944766069085,-0.831,-0.012,-0.8486654319598816,-0.05977004445108662,-1.1236278239446298,1.972,2.252,1.9554467124596375,0.772,-0.019108839979129544,-1.0792683320582772,1.9699578187356892,0.030855509670389795,-0.7806261788591737
-1.181,0.273,-0.607,-0.009,-0.604,1.437,-0.346,1.437,0.273,-1.181,1.152,-1.181,-1.181,0.265,-0.325,1.437,1.437,-0.604,0.273,-1.181,-0.346,1.437,0.273,-0.346,-0.009,1.437,1.152,0.273,-0.009,1.437,-0.325,-1.181,0.265,-1.181,-0.604,-0.604,-0.009,-0.607,1.152,-0.009,0.265,-0.009,-0.009,0.273,-0.604,-1.181,1.152,1.152,-0.346,0.273,0.273,-0.325,-0.325,0.273,-0.346,-0.346,-0.607,-1.181,-1.181,0.273,0.2519645348615265,-0.346,-1.1952230699368322,1.437,1.421420731089898,1.152,-0.604,0.265,-0.36002722201255993
1.374,1.74,-1.084,-0.746,-0.33,1.74,0.418,-0.292,0.418,0.418,-1.084,1.374,-1.084,-0.292,-0.746,-1.084,0.164,0.164,0.418,-1.037,1.74,-0.292,-1.037,1.74,1.374,-1.037,0.418,0.164,-1.037,-0.746,1.74,0.418,1.374,-1.037,-1.084,1.374,0.418,-1.084,-0.33,-0.746,-1.084,0.164,0.164,0.164,-0.292,1.74,-0.33,0.164,-1.037,-0.3444526985447764,1.7237969553316355,1.754278177458271,0.0,-1.0507698084233312,-0.31609313449161763,-0.2837103990606425,-0.02285925415537635,-1.0303148768730843,0.15073242746785162,0.20093009491024605,-1.084,1.7996839725950227,0.21931416419167135
-0.188,-1.341,-0.114,2.417,0.497,-1.085,-1.085,-0.188,0.382,-1.341,-0.253,0.382,0.382,-0.114,-0.114,2.417,-1.085,2.008,-0.188,-1.341,0.497,2.008,0.382,0.497,2.417,2.417,2.008,1.008,1.008,-0.188,0.382,-0.114,-1.085,-1.085,2.417,2.008,2.008,-0.114,-1.085,-0.188,0.497,2.417,0.382,-1.341,2.417,2.417,-1.341,2.008,0.382,0.382,0.382,-1.341,1.008,-0.188,-0.114,-1.341,0.497,0.382,0.48161216070855406,-0.20214394364468063,0.3715885915706689,-1.3536795059055886,0.9933011844744022,-1.3081275130915841,0.4118598139126454,1.0306654137271472
-0.75,-0.508,-1.064,1.716,-1.165,1.716,-1.165,-0.557,-0.508,1.716,-1.064,0.102,-1.064,0.094,-0.75,-1.064,-1.165,-1.165,-0.75,0.094,0.102,-0.953,-0.75,1.716,-1.165,0.094,-0.557,1.716,-1.165,-0.75,-0.953,-0.692,-0.692,0.094,-0.953,-0.953,1.716,-0.692,-0.953,-1.064,-0.508,-0.953,-1.165,-1.064,0.102,-1.064,-0.953,-0.75,-0.557,-1.165,-0.5743753989123936,1.716,1.6978630428980115,-0.692,-1.1768517217877599,0.094,-1.126191437510746,-1.0796501556081581,0.102,0.0739819833274267
-0.92,-0.908,-0.908,1.257,-0.6,1.118,-0.6,-0.628,1.118,-0.908,-0.908,0.585,-0.6,-0.92,-0.993,-0.935,-0.6,-0.92,-0.993,-0.628,-0.908,1.118,-0.6,-0.92,-0.908,0.585,-0.935,0.585,-0.628,-0.908,-0.993,-0.628,-0.993,-0.6,-0.628,-0.935,1.257,-0.6,-0.92,-0.935,0.585,-0.935,-0.6,-0.92,-0.628,-0.363,-0.6,-0.908,0.585,-0.92,1.257,-0.935,-0.993,0.585,0.5658850644496807,1.118,-0.6,-0.363,1.1026515130224785,0.6179891329935759,-0.628,0.6363642313585792,-0.993,-0.92,-0.6169147488304936,-0.3740953932064247,-0.908
0.307,-0.314,-1.186,-0.064,-0.989,-1.189,-1.189,-0.314,0.881,-1.186,-0.989,-1.186,-1.186,-1.189,0.044,0.044,0.881,-1.186,-1.189,0.307,-0.064,-1.186,-1.032,-1.189,-1.189,0.044,0.279,0.279,-1.032,-1.032,0.279,-1.032,-0.989,-1.186,-0.314,-0.314,-0.989,0.307,0.307,0.307,0.044,-1.189,-1.032,0.307,-1.189,-0.989,-0.989,-0.064,-1.186,-1.189,-1.189,-1.032,-0.314,-1.186,-1.2034665480718756,-0.064,-0.08041920317289891,-0.041213012214044484,-0.3311859110745009,0.307,-1.189,-1.032,-1.183152736176735,-1.1975143141339544,0.881,-0.2821880892825326,0.2950951201146548,0.35049161389776284
1.323,-0.804,0.143,1.323,-0.804,-0.879,-0.902,-0.199,-0.524,-0.879,0.143,-0.902,1.323,-0.199,-0.804,-0.879,0.143,-0.34,-0.879,-0.902,0.143,1.745,-0.804,-0.199,-0.902,1.745,1.745,-0.902,-0.879,0.143,1.745,1.48,1.48,-0.524,-0.199,1.745,-0.804,1.745,1.745,1.48,-0.902,1.745,-0.199,1.48,1.745,-0.199,1.323,-0.902,-0.524,-0.5430606132604858,0.143,-0.9161726345995798,-0.504361279209532,1.323,1.745,0.13224393631620296,-0.879,-0.804,1.3070910127677093,1.3338840314080291,1.354644330263393,-0.8933095854630304,-0.8650084759283196
0.487,-0.092,0.435,-0.929,1.409,-0.929,-0.357,-0.509,1.409,-0.881,-0.509,-0.509,-0.929,-0.357,-0.929,-0.509,-0.929,0.487,-0.357,-0.509,-0.881,0.487,-0.357,0.435,-0.017,0.38,-0.881,-0.509,-0.092,-0.881,-0.881,-0.881,0.487,-0.017,0.38,-0.092,-0.357,-0.017,-0.881,-0.357,1.409,0.487,-0.929,-0.929,0.38,1.409,0.3682448419350376,0.3906077390679542,-0.509,-0.529171956845106,0.487,-0.017,0.435,0.4697400338772989,-0.881,0.5160922303987165,-0.092,-0.029846454434926804,0.010935194412672943,-0.8907206513062244,-0.357,1.3963869095512367
-0.735,-0.153,1.033,-0.111,0.492,0.492,1.87,1.87,0.804,0.492,-0.773,-0.773,1.033,0.804,1.033,0.492,-0.471,-0.153,1.87,0.492,-0.087,-0.153,-0.111,-0.153,-0.735,-0.471,-0.471,1.87,-0.087,0.492,-0.735,0.492,1.87,-0.773,-0.153,1.87,-0.153,0.492,1.87,1.87,-0.087,-0.773,-0.471,-0.111,0.804,-0.111,1.87,-0.087,0.492,1.8551638640167831,-0.153,1.033,-0.1245379658313856,1.0147495429241966,-0.16779865858158638,-0.471,-0.735,-0.7446575521355434,-0.13619789846439523,-0.773
1.994,0.817,-0.742,-0.679,0.597,-0.742,1.037,2.023,-1.246,1.994,-0.407,-1.246,0.809,-0.742,1.994,-0.742,1.037,1.994,0.809,1.037,-0.742,0.597,2.023,-1.246,-1.246,1.037,0.817,-1.246,1.994,0.817,0.597,-0.407,-0.679,0.597,-0.679,0.597,1.994,-0.679,-1.246,1.994,1.037,2.023,-0.679,2.023,-0.407,-0.407,-1.246,1.037,0.597,1.994,0.817,-0.742,0.597,0.5860195449134177,1.994,-0.679,1.979201158158697,2.023,-1.246,-0.6905592761928445,2.033310228565744,0.809,-0.407
-0.499,-0.902,1.443,1.242,0.164,0.034,-0.499,1.443,-0.531,-0.902,1.242,-0.902,-0.902,1.242,0.164,-0.531,0.034,0.21,-0.531,1.242,-0.902,0.164,0.375,0.375,1.443,0.21,-0.499,1.242,1.242,0.398,1.443,0.375,1.242,0.164,1.443,0.398,-0.499,0.375,0.398,0.164,0.375,1.443,0.164,0.21,1.242,-0.499,0.164,-0.499,-0.902,-0.902,0.21,1.242,-0.902,0.164,-0.531,0.034,-0.499,0.375,0.398,1.443,0.3885999921642822,0.3618431248788638,0.37707438615751154,-0.507590506906554
1.331,-0.828,1.331,-0.174,1.453,-0.748,-0.785,0.383,-0.748,-0.785,-0.828,-0.614,-0.748,1.331,-0.174,0.383,-0.785,0.178,0.178,0.383,-0.828,-0.174,-0.828,-0.828,-0.614,-0.174,-0.748,-0.748,1.453,1.453,0.178,-0.785,1.331,-0.614,0.431,-0.828,-0.174,1.331,0.383,-0.828,-0.828,-0.614,1.453,-0.828,-0.614,-0.614,1.331,0.178,-0.614,-0.614,0.383,-0.828,0.37119789955525884,-0.748,-0.7683270281051657,-0.8360782160947874,1.331,0.431,1.3234868146016092,-0.8019455560922177,0.178,-0.7546126729194005
-0.215,1.356,-0.659,-0.659,-1.175,-1.175,1.334,1.334,0.195,1.334,-1.187,-0.655,1.356,1.334,1.334,1.356,-0.108,-1.175,-1.175,-1.187,1.356,1.356,-0.108,-1.175,0.195,0.574,1.334,-1.175,1.334,-1.187,-0.655,-1.187,0.195,1.356,-1.175,1.334,-0.659,1.334,0.574,-1.187,1.334,-0.655,-0.108,-1.175,0.574,-0.215,-0.108,1.334,1.356,-0.655,-1.1887496840036202,0.5610281533859299,1.3407865903254472,-1.187,1.3190196395247658,1.3378490802527978,-0.2246207926556146,0.6123013990826405,-0.6705869217709219
1.478,1.145,0.767,0.767,1.145,-0.662,-0.298,-0.888,-0.413,1.478,0.962,1.478,-0.662,0.962,-0.298,-0.298,1.145,1.275,-0.662,0.962,-0.888,1.145,1.275,1.275,-0.298,-0.298,1.478,1.145,0.452,1.478,1.478,-0.662,1.145,-0.888,-0.662,-0.413,1.275,0.767,0.962,-0.888,-0.298,1.145,-0.662,0.767,-0.662,0.962,-0.298,1.145,1.1325323509194114,0.452,0.962,1.478,1.275,1.172214878751163,0.4401260334211493,-0.662,1.2578936574980701
-0.586,-0.564,-1.161,0.312,-1.161,-0.62,-0.586,-0.796,-0.62,-0.564,-0.564,0.312,0.312,-0.796,-0.564,1.372,-1.161,1.649,-0.564,1.649,1.485,-1.161,1.372,-0.566,-0.564,1.649,-0.62,-0.62,-0.564,-1.161,1.485,-0.796,1.485,-0.796,-1.161,-0.564,-0.62,1.485,-0.62,-0.566,-0.566,1.649,-1.161,1.372,1.372,-0.564,1.649,-0.564,-0.566,0.312,1.485,-0.5777462120252652,-1.161,-0.564,-0.5832036551642018,-0.586,1.649,1.6269142968174468,-0.5747926270006998,-1.1712800804067576,1.372
0.895,-0.491,1.945,1.945,-1.158,1.954,1.945,-0.332,-0.491,-0.332,1.954,1.954,-1.158,-0.173,1.142,1.945,1.954,-1.158,-0.736,-1.158,-0.173,1.142,-0.173,-0.173,-0.491,0.895,-0.332,1.945,0.895,-0.736,-1.158,1.954,-1.158,-1.158,-0.173,0.895,-0.126,-0.173,1.945,-0.491,1.945,1.954,-0.736,1.954,0.895,-0.736,0.895,1.142,-0.332,1.945,-0.173,-0.126,0.881281774194246,-0.14932271256223803,0.9240476525575692,1.954,1.9419911794895397,1.9680112136920194,-1.158,-0.1848294674105044,2.014329667370463,2.0451033794329803,1.9308380747168892,-1.1733954125120867,2.1088051103908922
0.349,-0.852,0.654,-0.082,-1.011,-1.011,-0.986,-0.852,0.654,-0.446,1.75,0.654,0.349,-0.968,-1.011,-0.986,-0.852,-0.082,-0.082,-0.986,-0.968,-0.082,1.75,-0.986,-0.986,0.349,-0.446,-0.986,-0.852,-0.986,-0.01,-1.011,0.654,0.654,1.75,-1.011,-1.011,-0.446,-0.968,-0.01,-0.082,-0.082,1.75,-0.968,0.654,-1.011,-0.852,-0.446,-0.446,1.75,-0.986,1.7331014317225208,1.7603582047885058,-0.082,-0.9936069226842154,-0.01,-0.09066715049974272,0.654,-1.011,0.349,-0.06646120093680334,-0.9449151011596357,-0.020263589189176433,-0.019989058012355992,-0.9150727596067931,-0.446,1.8147643903256978,1.8304320728863244
-0.676,-0.684,2.169,-0.645,-0.684,0.225,-0.835,-0.835,0.618,-0.645,0.618,-0.676,-0.645,-0.645,0.618,-0.835,-0.645,0.225,2.169,-0.075,-0.645,-0.645,-0.684,-0.645,-0.835,0.618,0.939,0.225,2.169,2.169,0.225,0.618,-0.905,-0.905,-0.075,-0.676,-0.676,0.618,2.169,-0.645,-0.835,-0.645,2.169,0.939,-0.905,2.169,0.939,0.939,-0.075,-0.676,0.225,-0.645,-0.835,-0.684,-0.6925134799200923,-0.8554193320004863,2.169,-0.6617564573614294,-0.6356341645816473,-0.690327052600615,0.618,0.21271174003340063,-0.6557394340120704,0.9265566766871267,0.947112909751142,1.0015820775888744
-0.557,1.388,-1.489,-1.489,-0.009,-0.994,-1.489,-0.921,-0.009,1.388,-1.489,-1.489,-1.489,-0.921,-0.353,-0.125,-0.009,-0.994,-0.557,-0.125,-0.921,-1.489,-0.994,-1.489,-0.994,-0.557,-0.921,-0.125,1.388,1.388,-0.994,-0.079,-1.489,-1.489,-0.125,-0.921,-1.489,-0.994,-0.353,-0.079,-0.994,-0.921,-1.489,-0.994,-1.489,-0.009,-0.557,-0.079,1.388,-0.125,-0.09336224509737132,-1.489,-0.994,-0.353,0.0,-0.37104093068139715,-0.006852546802866648,-0.02070239295828003,-0.3518524788271905,1.37604527284122,-1.003404159242651
-0.024,-0.979,-0.876,-0.852,-1.476,0.86,-0.309,-0.852,-0.024,-0.024,-0.024,-0.852,-0.876,-0.024,-0.979,-0.979,-1.476,-0.309,0.86,-1.476,-0.024,-0.876,-1.476,-0.024,-0.876,-1.476,-0.309,-0.024,-0.979,-0.876,-0.979,0.542,-1.476,-0.979,-0.852,-0.453,-1.476,-0.453,-0.979,-1.476,-0.876,-1.476,-0.024,0.542,0.542,-0.024,-0.345,0.86,-0.876,-0.024,0.542,-0.024,0.86,0.838348437355766,-0.04077034571918342,-0.014670806553810565,-0.309,0.8742836292990318,-0.979,0.024317650035036418,-1.476,-1.4872590810333635,0.04527743779576283,-0.345,-0.9941318637399562
-0.214,-0.022,1.254,-0.214,1.351,-0.022,-0.022,1.351,0.404,1.351,0.787,0.787,1.351,1.254,1.254,1.254,-0.022,-0.496,-0.214,-0.214,-0.214,1.004,1.004,1.351,0.787,1.351,0.787,1.004,1.351,-0.496,1.351,-0.022,1.351,0.808,-0.214,0.787,-0.022,1.351,0.808,-0.496,-0.022,0.808,-0.183,1.254,0.404,1.254,0.787,-0.496,0.3904906884290528,1.2371730248279431,-0.214,-0.183,-0.23805596268943316,1.351,1.004,-0.5122971137267613,-0.2026378332616688,1.3319009086824691,1.3701342434902646,1.4056596968354662,1.4284816927300887
-0.221,-0.221,-0.965,-0.37,-0.681,0.262,-0.965,-1.536,-1.536,-0.821,-0.965,-0.821,0.338,-0.821,-1.536,-0.681,-0.783,-0.965,-0.953,-0.221,-0.953,0.338,-1.536,-0.821,-0.965,-1.536,0.338,0.338,-0.783,-1.536,-1.536,-0.821,-0.953,-0.37,0.338,-0.681,-1.536,-1.536,0.262,-0.953,-0.953,-0.965,-1.536,0.262,-0.783,-1.536,-0.821,-0.953,-0.783,0.262,-1.536,0.262,-0.821,0.262,-0.221,-0.953,0.338,-1.536,-0.965,-0.9736061070731792,-0.9816347302806676,-1.5528266342342274,-1.527331633914102,-0.9409182338616882,-1.4954398733818055,-0.783,-0.37,-0.3902713240059337,-0.800261286951674,-0.7751657847858943,-0.681,0.25309483408775857,-0.9113394571814367,-0.9173423250038769
-0.949,-0.949,-0.681,1.489,-0.681,1.594,-0.681,-0.375,1.489,-0.949,-0.721,-0.898,-1.204,0.824,1.489,-1.204,1.594,0.824,-0.949,-0.949,-0.375,-0.898,-0.898,-1.204,1.594,-0.681,1.489,-1.204,-1.204,1.594,0.824,-0.375,-0.721,0.824,1.594,-1.204,-0.898,1.594,-0.411,-1.204,0.824,-1.204,-0.411,-0.721,-0.681,-0.375,-1.204,-0.681,-0.949,1.594,0.824,-0.9627902757711672,1.489,-0.721,-0.7344663795830975,0.8126566019065947,1.4746480167889444,0.8401236174465124,-0.411,-0.7112940901076898,-1.204,0.8490610979376917,-0.375
0.655,-0.599,1.486,-0.599,-0.599,-0.121,-0.186,-0.416,-0.416,-0.416,-0.599,-1.155,1.486,0.655,-0.599,-0.121,-0.908,1.486,-1.155,-0.641,-0.908,0.815,-0.121,-0.121,-0.416,-1.155,-0.641,-0.908,-0.908,-0.641,-0.416,-0.416,-0.908,-0.186,-1.155,1.486,0.815,-1.155,-1.155,1.486,-0.121,-0.641,-0.599,0.655,-0.641,0.655,-0.599,-0.641,-0.186,-0.121,-0.416,-1.155,-0.908,0.815,-0.12882179645396838,0.7977702757367205,-0.9194173107499708,-0.1970170913061574,-0.6537128102903619,-0.8726066576679592,0.8494513624188923,0.8753096384103356,-1.1645576567078681,-0.8365499798377098,-0.4264867621407854,-0.8110319027138116
0.638,-1.226,1.402,-0.82,-1.226,0.565,-0.396,-1.226,0.214,-0.82,-1.226,-0.814,1.463,0.214,1.402,0.565,0.214,1.463,0.214,-0.814,0.565,0.565,-0.769,-0.82,0.638,-0.814,-0.769,1.402,-0.396,-0.769,1.402,0.214,0.214,1.402,0.214,0.214,1.402,-1.226,-0.769,1.463,0.565,1.463,0.565,-1.226,1.463,-0.82,1.402,-1.226,0.638,-1.226,-0.82,-1.226,1.463,-0.396,0.565,1.402,-0.814,1.4458437116232534,1.3867638840534273,1.4314567391805284,0.638,1.4862361898415288,0.214,1.4605800502352773,0.6242580003992825
0.589,1.261,1.261,-1.059,-0.939,-0.939,-1.059,-0.702,-1.115,-1.009,-1.115,-1.115,0.589,0.589,-1.059,0.589,-0.541,-0.72,-1.115,1.261,-1.059,0.462,0.462,-1.009,-0.702,-1.009,-1.009,-1.059,-0.72,-0.939,-1.059,-1.059,0.462,0.589,-1.115,-1.059,-1.059,-1.115,-0.72,-0.939,1.261,-0.541,-0.541,-0.72,0.462,-1.059,-0.939,1.261,0.462,1.261,-0.541,-0.541,-0.702,-0.541,-0.541,0.589,0.462,0.589,-1.115,0.462,-0.702,1.261,-1.115,1.24996170073849,-0.7159191333740532,-1.059,-0.939,1.2830205039400921,-0.6786861849246673,-0.541,0.4508661613288997,1.3294851075815848,-1.0748463206865126
-0.799,-0.785,-0.429,-0.785,-0.59,-0.671,-0.59,-0.671,-0.671,0.201,0.201,-0.799,-0.958,-0.799,-0.671,1.652,-0.59,1.652,1.652,-0.323,-0.958,-0.958,-0.958,1.652,-0.799,-0.671,0.201,1.228,-0.958,1.228,1.652,1.652,1.228,1.652,-0.785,-0.429,1.652,-0.671,1.228,-0.671,-0.671,1.228,-0.958,0.201,-0.671,-0.958,-0.323,1.228,0.201,1.652,1.2118420142756354,0.18784234116875156,0.20158463472527083,-0.429,-0.6787929328021679,-0.6257595102865211,-0.334873600431113,1.6423461977825717,0.25840378548019893,-0.799,-0.785,-0.59,-0.2867997605068011
-0.803,-1.013,-1.013,-0.6,-0.774,-0.883,-1.013,-0.774,0.106,-0.093,-0.84,-1.013,-0.093,-0.803,-1.097,-1.097,-1.097,-0.774,-0.803,-0.6,-0.84,-0.883,-0.093,0.106,-1.097,-0.093,-0.6,-0.774,-0.6,-0.84,-0.093,-1.097,-1.097,-0.883,-0.803,-1.097,-0.84,-1.013,-0.6,-0.883,-1.013,-0.883,-1.013,-0.774,-0.883,0.106,-1.013,-0.774,-1.097,-0.883,0.08337300931513944,-0.803,-0.093,-0.8179305632887216,-0.1116500818455864,-0.8025539768278188,-0.06532490669727316,-1.1094677074605208,-0.03251120722168613,-1.0718339880380026,-1.0375576112353515,-0.7487954465056222,-0.7846713735557305,-0.7189910725907681,-0.84,0.013765585658651927
1.211,2.209,-1.147,1.211,-1.147,-0.769,-0.814,1.211,-0.355,-0.355,1.417,-0.814,1.417,-1.147,0.015,-0.078,2.209,1.76,-0.814,-0.769,-1.147,-0.355,-0.355,1.417,2.209,1.417,1.417,-0.355,-0.814,1.76,1.211,1.76,2.209,-0.078,-0.814,-1.147,-0.769,2.209,-1.147,-0.769,0.015,1.76,2.209,2.209,-0.355,2.209,0.015,-0.078,-1.147,1.76,-0.814,1.417,2.209,1.211,-0.355,-0.8295410857641901,0.015,2.193980569048657,0.0005438307585562616,1.20149421104806,-0.364550742113016,-0.7711650049597601,2.23564772006007,2.2754671442167993,2.2945209752403137,-0.7232187138612469,2.3356395727731534,-0.3452990466446473
0.177,-0.847,-0.642,-1.099,-0.847,1.206,0.469,-0.857,0.161,0.161,-1.053,0.177,0.454,-0.857,-1.099,-1.099,1.206,-0.857,-1.053,-1.099,-1.053,-1.099,-0.642,0.469,0.469,0.177,-0.857,-0.847,1.206,0.177,0.469,-0.642,-0.857,-0.847,0.469,-0.857,-1.053,0.469,-0.847,-0.857,-0.857,-0.847,0.177,-0.857,0.161,-0.642,-0.847,-0.8579215805885506,0.454,0.15936639983468526,-1.053,-0.8351242548573891,0.14885780245215602,-1.099,-0.6516576138779264,-1.111693592893689,0.20347172462844731,-1.0657944968557829
0.753,-0.903,-0.903,0.753,0.753,-0.903,0.925,-0.089,-0.903,1.043,0.753,1.963,0.925,1.963,0.025,-0.767,0.025,1.963,-0.767,-0.089,0.925,-0.089,0.925,0.025,1.043,0.925,0.363,0.363,0.363,-0.903,0.363,-0.903,0.753,0.363,0.363,1.963,0.925,-0.903,0.025,0.462,1.963,-0.089,0.025,-0.903,-0.767,-0.767,1.043,0.925,1.963,-0.767,0.025,0.462,0.025,1.963,0.012921818626953034,0.4503874588755629,0.753,1.9548550533508908,1.9720436408569553,0.04762576330445735,2.004010494496095,0.925,0.49653828117971033,0.5203784160252187,0.363,0.34279630208723105,-0.903
-1.139,-0.971,-0.809,-0.511,-0.511,1.058,-1.0,-0.987,-0.987,-0.971,-0.987,-0.809,1.743,-0.511,-0.511,1.058,-0.987,0.794,-1.0,1.743,-1.0,1.743,-0.314,0.794,-0.511,-1.0,-0.971,1.058,0.794,1.058,-1.139,-1.0,1.743,-0.809,-1.0,-0.809,-1.139,-0.809,-0.987,-0.314,0.794,-0.987,0.794,-0.809,0.794,1.058,-0.809,-1.139,-0.809,-0.971,0.794,-1.139,-0.987,-1.0,0.794,1.058,-1.0034685712716693,-0.314,0.7829702628717872,-0.511,-0.327458750536996,-0.809,-1.139,-0.29230372233786567,-1.1477722003764188,0.8210778448385303,-0.2566231446828104,-0.22227024061715675
-0.407,-0.482,-0.732,0.225,0.69,-0.407,2.07,2.07,-0.732,2.07,-0.747,-0.747,-0.018,2.336,0.225,2.336,0.237,-0.482,0.237,2.07,2.07,-0.732,2.336,2.336,2.336,0.225,-0.747,-0.732,2.336,2.336,0.237,2.07,2.336,0.225,0.225,-0.407,2.336,2.336,2.336,-0.407,0.69,-0.747,2.07,-0.7634972246699755,2.0480348609029204,0.6771752112950272,2.336,2.3244585072771815,0.7212798512139633,2.3493582848704015,0.237,2.0934982881871487,-0.420274225610735
1.847,0.458,1.342,1.342,-0.983,0.458,0.955,0.955,-0.867,1.342,-0.867,-0.867,-0.833,-0.867,-0.983,-0.053,0.955,1.382,0.955,-0.983,-0.867,1.382,1.382,0.458,1.342,1.382,1.382,-0.983,1.847,1.847,1.382,1.342,-0.341,-0.983,0.458,1.382,1.342,-0.983,1.847,-0.833,-0.833,-0.341,0.458,-0.983,-0.053,-0.053,1.847,0.955,1.847,-0.983,-0.833,1.382,1.342,1.3321244030676074,-0.341,-0.867,-0.8472590874321317,1.3719689727285562,-0.8805668683581607,0.941359922619818,-0.8457853842721401,-0.989850683165441,1.3724963993937933
0.93,1.167,-1.341,0.085,0.494,2.161,-1.341,0.494,0.93,2.161,-0.077,2.161,-1.341,0.494,1.346,-1.341,1.167,1.167,-0.077,-1.341,0.93,0.93,1.167,2.161,1.346,2.161,0.359,1.167,-1.341,0.085,0.359,2.161,0.494,2.161,-0.095,-0.077,0.494,-1.341,0.93,0.494,-0.077,0.93,1.346,1.167,1.167,0.494,2.161,-1.341,-0.077,2.147469663228651,-0.095,-0.10878671362989709,0.359,0.494,-0.08584505087611988,0.3457791752927273,2.181009476218274,-1.360258700338903,-1.3511853849221585,0.085,0.4812429460082028
-1.25,-0.34,-1.056,-1.09,-1.25,-0.34,0.634,-1.056,-0.34,-1.09,-1.25,-1.25,-1.25,-1.09,-1.027,-1.09,-0.34,-0.461,-1.027,-0.34,-1.09,-0.34,-1.25,-1.09,-0.852,-0.461,-0.34,-0.588,-1.056,-0.461,0.634,-0.852,-1.25,-0.588,1.705,-0.588,-1.056,-0.34,1.705,-1.027,-1.09,-0.588,0.634,0.634,-0.852,1.705,-0.852,1.705,0.634,-0.461,-1.056,-1.027,-0.461,1.705,-1.09,1.6820016866921956,-1.056,-1.0994948606484363,-0.4792075563023833,-0.588,-0.34,-0.44712061214478244,-0.43044309801356323,-0.3805380191678902,-0.3453221591586878,-0.852,-0.8631732846228742,-1.25,0.634,-0.8259406085681266,-0.8049157832599023,1.6920333383144852,0.6223087462131691
-0.86,1.818,-0.766,-0.018,-0.984,-1.063,0.746,-1.063,-0.984,-1.063,-0.766,0.746,-0.43,1.818,1.818,-0.948,-0.984,-1.063,-0.984,-0.361,-0.948,-0.984,0.746,-0.984,-0.984,-0.948,0.746,-0.361,-0.361,-0.86,-0.948,-1.063,-0.948,-0.86,-0.766,0.746,-0.361,1.818,-0.948,-0.361,1.818,-0.984,-0.948,-0.43,1.818,-0.948,-0.86,-1.063,-0.984,-0.361,0.746,-1.063,-0.766,1.818,-0.86,-0.018,-0.361,-0.037208389144814974,-0.37782179549082345,1.8035145138682578,-0.43,-0.984,-0.44804348873272976,0.7295502202489936,-0.009443235227903397,-0.9976233056689071
-0.588,-0.248,-1.167,-0.588,0.787,-1.167,0.207,-0.248,-0.248,-0.248,-0.588,-0.248,0.207,-0.588,0.207,0.207,-1.086,0.787,0.787,0.087,-0.915,-0.915,0.087,0.207,0.76,-0.588,-1.086,0.76,-1.086,0.76,0.509,-0.588,0.787,-0.915,0.087,0.207,-0.915,-0.248,0.76,0.207,-0.588,-1.167,0.787,-1.086,-1.086,-1.167,-1.167,0.76,-1.086,-1.0969197581507253,0.76,0.787,-1.167,0.509,0.087,0.06941470371943809,0.207,-1.052362865417255,-1.00407808119713,-0.9764851480844315,-0.588,-0.6103726182662834,-0.9376065023130207,-0.5840755914142529,0.49932859119866646,-0.915
-0.413,-0.43,-0.804,-1.395,-1.395,-0.804,1.103,1.183,-0.43,1.103,1.103,0.702,-0.43,0.499,0.499,-1.395,-1.395,-1.395,0.202,-1.395,1.103,0.159,0.499,-1.395,-0.43,-0.804,0.499,-1.395,1.103,0.159,0.202,1.183,1.103,1.183,0.202,-0.43,-0.43,1.103,0.202,-0.43,1.183,-0.413,0.702,0.202,-0.804,-0.43,-0.4557687815005216,-0.42794408248008564,0.6889375040691087,0.499,1.103,0.159,-0.4306768096791888,0.7253584328341135,-1.395,0.48839261337754486,-0.37526431058398907,-0.34037492150169374
0.607,0.76,1.267,1.369,-0.623,1.205,0.76,-0.129,1.369,1.802,1.802,1.205,1.369,1.369,1.369,1.294,-0.623,1.369,-0.129,0.76,1.205,1.267,1.205,1.205,-0.513,0.76,1.205,-0.513,0.607,1.294,-0.129,1.205,-0.513,0.76,-0.129,0.607,1.205,1.369,1.267,0.607,1.294,1.205,1.802,-0.623,1.369,1.205,1.294,-0.513,0.76,1.205,1.802,1.369,1.294,-0.5274750560815893,1.791803289796772,1.2841865089189122,0.7515376611409051,-0.623,1.3600348859482494,1.1950135016252035,0.607,-0.636012672645029,1.3963679683819097,1.8074428787630836
0.62,-0.532,-0.532,-1.076,-0.532,-0.824,-0.613,-0.532,-1.076,-0.412,0.489,-0.532,1.098,0.996,0.996,0.62,0.62,1.098,-0.824,-0.824,-0.824,-1.076,0.62,-0.613,-0.412,0.996,-0.412,1.339,0.996,0.996,-0.532,1.339,0.489,0.489,0.489,-0.824,1.098,0.489,-0.824,0.489,-0.412,0.489,-0.412,1.339,0.489,1.098,-1.076,-1.076,1.339,-0.412,-0.613,0.996,-1.076,0.489,0.62,0.47728278338841634,1.339,-0.532,-0.412,0.6029748517609816,0.9819855500719135,-0.5442546881854902,0.6390303275532065,0.6572832318739436,-0.824,1.0414801618419238,1.1010052871394744,-1.0893807787896952
0.285,-0.805,0.19,-0.487,0.954,-0.805,-0.908,0.719,-0.805,0.285,0.285,0.285,0.015,-0.874,-0.908,0.402,0.402,0.719,-0.908,-0.908,-0.908,0.285,-0.908,-0.805,-0.487,-0.487,0.19,0.015,0.719,-0.487,-0.805,0.954,-0.487,0.285,0.015,0.719,0.015,-0.874,0.19,0.285,-0.874,-0.487,-0.874,-0.805,0.19,0.402,0.954,-0.908,0.015,0.19,0.1779456145660669,0.285,0.21690232381613966,-0.9216222050123384,-0.895576738646039,-0.874,-0.8899592759965721,0.402,0.2651172548880547,0.3861655721861769
-1.067,-0.595,1.119,0.522,-0.403,-1.104,1.119,0.522,-0.493,0.042,0.522,-1.067,-1.067,-1.095,-0.002,0.522,0.522,-1.095,1.119,-1.067,-0.493,-0.595,-1.067,-1.104,-1.095,0.042,1.119,-0.493,-1.104,1.119,1.119,0.042,-1.104,-1.067,-1.095,1.119,-0.493,-1.095,-0.002,-0.493,-0.595,-0.002,0.522,0.522,-0.595,-1.104,-1.095,0.522,-0.403,-0.493,-0.595,-1.095,-1.104,-0.002,1.119,-1.067,0.522,-1.116015652058685,0.5114415536390801,0.042,0.0231215425817862,0.06896467696894527,-0.41848870611691197,-1.084348841852852
1.095,-0.646,2.235,1.095,-1.288,0.335,-0.804,-1.288,-1.288,-0.804,-0.804,0.335,2.235,-1.288,0.457,1.569,-0.804,-1.288,0.335,-0.848,2.235,2.235,1.095,-1.288,-0.646,-1.288,2.235,2.235,1.569,-1.288,2.235,1.095,2.235,1.569,-0.848,1.569,0.335,-1.288,-0.848,1.569,-0.848,-1.288,1.095,0.483,0.335,0.335,1.095,0.457,0.335,-0.848,-1.288,-0.646,0.3253044751795872,1.569,-0.8599321941798813,2.235,1.5597586026163468,2.2215039460846766,0.457,0.37338436622284954,1.095,-1.2995218193217224,0.483,0.4738128807706507,-0.804
0.241,-0.149,1.235,1.235,-0.385,1.235,-1.037,1.235,0.229,0.229,-0.385,0.241,0.229,0.241,1.235,-1.037,0.241,-1.037,-1.037,0.229,0.875,1.235,0.241,-0.149,-1.037,0.228,0.875,0.241,-0.385,0.228,0.229,0.229,-0.149,-1.037,-0.149,0.875,-0.385,0.228,0.241,0.875,-1.037,0.875,0.514,0.514,-0.385,0.229,-0.385,0.228,0.229,-0.149,0.514,-0.385,1.235,-0.40206812864137315,1.221640176325919,0.229,-0.37964787421386803,0.21205137791955717,0.2597880512421371,-0.149
1.298,1.609,1.609,1.059,1.059,0.131,1.298,-0.561,1.955,1.955,1.955,0.105,0.759,0.771,1.298,-0.916,1.298,0.131,0.105,1.955,0.771,-0.916,0.105,1.298,1.609,0.759,-0.916,0.771,-0.916,-0.916,0.131,1.298,-0.561,1.298,1.955,1.955,-0.916,0.771,1.955,1.955,0.131,1.298,0.771,0.771,0.771,1.609,-0.561,1.059,-0.916,1.059,0.759,-0.9275967262850917,-0.561,1.609,0.7469483695035116,-0.5801893968330927,-0.5718510638190092,1.955,0.105,-0.8831431126338186,1.298,1.0511666508566788,1.288218010665507,1.0795237721276245,0.09450181319081766,1.9415400736798267,-0.8418554496503524,1.9900081955711837,-0.5224096883003037,0.131,0.7713096133495599,-0.8186688019576985
0.05,-0.221,0.481,0.481,0.481,-0.027,-1.353,-0.746,-0.221,0.05,-1.353,-1.353,-0.027,-0.221,0.452,-0.617,0.344,-0.617,1.092,-0.221,-1.353,-0.221,1.092,-1.353,0.344,1.092,-1.353,-0.027,0.05,0.344,1.092,-0.746,0.05,-0.027,-0.027,-0.746,0.481,-1.353,-0.617,0.481,1.092,-0.617,-1.353,0.481,-0.027,0.481,-0.221,0.452,-1.353,-1.3650824798927619,0.43755319680216065,0.4696847034701419,1.092,0.5047727489661531,-0.03806360881691933,-0.004098454897068043,1.0811221054535116,-0.617,-1.3338003010561634,0.5449845430103208,-0.6277969009628667,-0.746,-1.3026475584347923
-0.634,0.599,-0.738,-1.195,-1.195,0.599,-0.4,0.599,-0.15,-0.15,-1.057,-0.481,-0.738,-0.738,1.059,-0.481,-1.195,-0.4,-0.303,-1.057,-0.738,-1.057,-1.195,0.599,1.059,-1.195,-0.738,0.599,-0.303,-0.481,-0.634,-0.15,-1.195,-1.057,-0.15,-0.634,-0.4,1.059,-1.057,-1.195,0.599,0.599,-1.057,-0.481,-1.057,-1.195,-1.057,-1.195,-0.303,-0.634,-0.4,-0.481,-1.057,-0.41002372114675845,-0.4931337436583675,-0.31663523008502215,-1.195,1.059,-0.2681129966995117,-1.2065013695767908,-0.15
-0.795,1.897,-0.997,-0.646,-0.233,-1.018,-0.233,-0.233,-0.997,1.188,-0.997,-0.797,-0.2,1.897,-0.646,-0.795,-0.646,-0.233,-0.2,-0.795,-1.018,1.188,1.897,-0.608,1.188,-0.797,-0.233,-1.018,-0.997,-0.2,-0.646,-0.2,-1.018,1.897,-0.797,-0.797,-0.997,-1.018,1.897,-0.795,-1.018,-0.2,-0.608,-0.646,1.188,-0.797,-0.2,-0.233,1.897,-0.646,-0.997,-0.6636070190110893,-1.009387489099958,1.8773074896524495,-0.9573758684910855,-0.9346579343126795,1.188,-0.6367923741551293,-0.6037498471941165,-0.2
-0.548,-0.548,-0.883,-0.47,-0.981,-0.981,-0.548,0.233,-0.47,-0.23,-0.23,-0.47,0.682,-0.883,-0.47,0.233,-0.883,-0.981,-0.883,-0.548,1.138,-0.936,0.233,-0.981,-0.548,0.682,-0.936,0.889,-0.981,-0.47,-0.23,-0.883,-0.23,0.889,0.889,-0.548,-0.548,-0.47,0.682,-0.936,1.138,-0.936,0.889,0.889,-0.883,0.233,1.138,0.233,-0.23,0.682,-0.548,0.6645579029821248,0.7077785909984142,-0.5594949543037895,-0.883,0.7288565033678209,0.7556930376950822,-0.981,0.889,-0.47,-0.23,-0.9997349830745785,-0.5368465639643358,-0.894237623463576,-0.24124703635263428,0.7911141884977408
-1.235,-0.642,2.182,2.182,-0.481,-0.481,-0.665,-1.343,-1.235,-1.343,-0.665,-1.343,-1.343,0.449,2.182,-0.665,-1.343,-1.056,-1.343,1.041,1.041,-0.186,-0.186,-1.235,2.182,1.041,-1.235,-1.343,-1.343,2.182,-0.481,1.041,-1.235,2.182,-1.343,-0.642,-1.056,-1.343,-1.343,-1.343,1.041,2.182,1.041,-0.665,-0.642,-1.056,1.041,-0.186,2.182,-1.235,-1.235,1.041,-1.056,-0.642,1.041,-1.056,1.041,-1.056,-0.481,-0.500528208705399,-0.642,-1.235,0.449,2.182,1.0270499289963515,-0.6531100656603779,0.4301624060165752,-1.249327764972689,-1.243524889401894,-1.0730031727796745,-0.186,-0.2161171018342752,-1.2199506800045863,-1.0505670223498782,1.0562826799181058,-1.1884713207622173,-0.4477189764885201,-0.6291511974829826,-1.1583615041310384
0.517,0.517,-0.937,1.508,0.517,1.734,1.734,0.517,-0.838,1.734,0.517,-0.669,-0.528,1.734,-0.361,-0.669,0.026,1.734,1.508,-0.669,1.734,0.901,-0.669,0.901,-0.528,-0.838,-0.361,0.901,0.901,1.508,-0.669,1.508,-0.937,-0.669,-0.528,-0.528,-0.937,-0.838,0.026,-0.937,-0.937,-0.361,-0.389219998889607,1.508,-0.937,-0.9633980369323141,0.026,-0.35282491331971505,0.517,0.901,-0.669,0.5081416735309359,0.5409081942204677,0.018043325111540203,1.497941744645781,-0.30976097988135765,-0.263863357587563,-0.22384841970225913
-0.574,-0.574,-1.216,-1.216,-1.216,-0.338,-1.292,-1.292,-1.216,0.231,-1.216,-1.292,-1.292,-0.338,-0.733,-0.338,-0.574,-1.292,-1.292,-0.235,-1.216,-0.338,-1.216,-1.216,0.231,-0.574,-1.216,-1.292,0.231,-0.733,-1.216,-0.338,-0.235,-1.216,-0.866,-1.292,0.927,-0.338,-0.338,0.927,0.231,1.017,-1.292,0.927,0.231,-0.574,-0.866,-0.866,-0.235,1.017,-1.216,-1.292,1.017,1.017,-0.733,-0.733,-1.292,1.017,-0.733,-0.574,0.927,-0.5867126631188571,-0.338,0.231,-0.866,-0.3489272884655362,-0.30464187013471344,-0.235,0.9112213062483652,-1.216,-0.25294899407752675
-1.001,1.976,-0.804,0.892,-1.001,0.892,-0.492,1.233,1.976,-0.492,-0.804,1.976,-0.492,0.177,1.976,1.233,-1.001,1.233,1.174,-0.888,0.892,1.174,-0.492,1.174,1.233,1.174,0.177,-0.492,-0.804,0.892,0.892,-0.888,-0.888,-0.804,-0.804,1.233,0.585,-0.492,0.585,0.892,-0.492,-0.804,-1.001,-0.492,-0.888,0.892,1.976,-0.492,1.233,1.174,-1.001,0.892,-0.888,-0.492,1.2197094865133828,1.976,0.177,1.2548154901051094,0.8751133688695586,-0.804,0.585,-1.008761235482788,0.16480734648211415,1.162216191753651
0.683,-0.054,-1.172,-0.054,1.032,0.683,0.677,0.683,-0.245,-0.488,0.677,-0.054,-0.189,-0.469,-0.189,-0.469,0.677,-0.488,-0.469,-0.245,0.677,-0.054,-0.469,-0.245,-1.172,-1.189,-0.245,-0.469,-1.189,1.032,-1.189,-1.172,-0.245,-0.189,-1.172,-0.469,0.677,-0.189,-1.189,0.677,0.677,-1.189,-0.469,-0.469,-0.469,-1.189,-1.189,0.683,1.032,0.683,-1.172,0.683,-0.469,-0.469,0.683,-0.469,-1.189,-0.189,0.683,-1.172,0.6726712793830488,-0.488,-0.20480356563536709,-1.188746704034291,0.6891906198328388,0.677,-1.1646542732514589,0.745681372163335,1.032,-0.245,0.7909533600000103,0.6642307397400847,-0.5024468691756874,-0.2599741058364467,-0.054
-0.99,-1.43,-0.045,-0.045,-0.99,-0.859,-0.868,-0.99,-1.43,-0.554,-1.43,-0.614,-0.554,0.733,-0.868,-0.859,-0.868,-0.868,-1.43,-0.247,-1.43,-0.431,-1.43,-1.43,-0.859,-0.431,-0.614,-0.868,-0.247,-0.99,-1.43,-1.43,-0.868,-0.431,-0.554,-0.614,-0.554,-0.045,-1.43,-0.99,-0.859,-0.045,-0.99,-1.43,-0.868,0.733,-0.431,-0.247,-1.43,-0.859,0.733,-1.43,-0.868,-0.247,-0.99,0.7193727752349113,-0.554,-0.25753553752716024,-1.4380051655490578
-0.99,-0.99,-0.107,-0.773,-0.644,2.427,2.427,0.972,-0.99,-0.99,-0.644,-0.493,0.411,0.714,0.179,-0.99,0.972,0.179,-0.644,0.411,0.972,-0.493,0.714,-0.644,0.714,0.179,-0.99,-0.644,-0.773,0.972,0.179,0.972,0.972,0.972,-0.773,2.427,0.972,2.427,-0.644,2.427,2.427,2.427,2.427,-0.644,0.972,-0.107,-0.493,-0.773,0.9569041526329353,-0.12180699135315157,2.427,0.9980034441618982,2.411097796134818,-0.99,-0.644,-0.5038750028871665,0.714,0.7020302556584831,2.434497585222448,-0.6608001042219259,1.0356358956859777,0.411
-0.242,1.598,-1.14,0.85,-0.322,-0.878,-0.242,0.365,0.52,-0.981,1.598,-0.878,-1.14,1.598,-0.242,-0.878,-1.14,-0.878,-1.14,0.85,1.598,-0.742,1.598,-0.981,0.365,1.598,-0.981,1.598,1.598,0.85,-1.14,0.85,-0.742,-1.14,-0.742,0.365,-0.878,-1.14,-0.878,0.365,0.365,0.365,0.52,-0.981,-0.242,0.52,0.85,0.52,0.365,-0.242,0.52,-1.14,-0.742,-0.878,-0.322,-0.981,-1.14,1.598,-0.242,-0.26332333454206847,1.5862134218111419,-0.981,0.85,-0.878,-0.22406924861238378,1.6192823738780426,-0.742,1.6480379592519554,-0.17949952688846388,-0.322,-0.7549969561234441,-0.8881186379780192,0.365,-0.849514102157258
0.525,-0.922,-1.159,-0.614,-0.614,-1.013,-0.566,-1.159,-0.614,0.525,-0.922,-1.159,0.525,-0.922,-1.013,-0.922,-0.47,1.018,0.525,-1.013,-1.159,0.525,0.498,-0.566,-0.922,-0.614,-1.159,1.018,-0.922,-0.566,1.018,-0.47,-1.013,-1.159,0.498,-1.159,-0.922,0.498,-1.159,-1.013,-1.159,-0.132,0.498,-0.922,-1.013,0.498,-0.922,-1.159,-1.013,-0.614,1.018,-0.566,-0.132,0.498,-1.013,-0.922,-0.9453773747044332,-0.614,-1.159,-1.1761591028149658,-0.9195237324563185,-1.0316271040636333,0.525,-0.6265979020751337,1.018,-0.132,-0.8691648684142121,0.513528131980551,-0.5894910043209498
-0.14,-1.022,1.823,1.208,0.788,1.208,1.823,-0.829,1.818,-1.022,-1.008,-1.008,1.208,-1.008,1.208,-1.022,0.788,1.208,-1.022,-1.022,1.818,1.208,1.1,-1.022,-1.022,1.823,1.818,-0.829,-1.008,-0.805,1.818,1.1,-1.022,-1.022,-0.829,-0.829,-1.022,1.1,-0.805,1.1,-1.008,1.823,-0.14,-1.022,1.823,1.208,-0.14,-0.829,-1.022,-1.008,1.818,-1.022,-1.022,-0.805,-1.022,1.823,-0.14,-0.829,1.208,-0.805,-0.829,-0.8423581405609222,1.823,1.208,1.1886060030587828,1.210748926216762,1.818,0.788,-1.008,1.1,-0.805,1.2551636256865732,1.8106265508562644,-1.022,-1.0462885870935978,-1.0090534558086601
0.456,0.417,1.156,0.217,0.217,1.225,0.456,-0.097,1.38,1.156,1.225,-0.271,0.456,0.456,1.156,-0.387,0.417,0.417,1.225,0.59,1.38,-0.097,1.38,-0.271,0.217,-0.097,0.456,-0.271,0.217,0.59,0.417,0.217,0.59,-0.387,-0.387,0.456,1.38,-0.271,-0.097,-0.271,-0.097,-0.387,-0.271,0.59,1.38,-0.387,0.417,0.217,0.417,0.59,1.156,1.225,0.456,-0.271,0.44069768552996286,0.217,0.48851734598925967,1.2135174350309677,-0.387,0.5100507576796098,0.5349929104875507,-0.2809951281404717
-0.399,0.211,-0.9,1.247,-0.9,-0.9,-0.399,0.162,-0.399,-0.114,-1.277,0.211,0.162,-1.277,-0.628,-0.628,1.03,0.211,1.247,-0.9,-0.114,-1.277,1.247,1.247,-1.277,-0.459,-0.9,1.247,-0.399,-0.114,0.211,1.247,1.247,-0.114,-1.277,-1.277,-0.9,-0.114,0.211,1.03,-1.277,-1.277,-1.277,1.03,1.247,1.247,-0.459,-0.9,0.211,0.19389551293574223,-0.114,-0.9,-0.459,0.162,1.03,1.247,1.2312956694599686,1.0213538445656132,-0.12452263311860995,-1.277,0.15268901780552535
0.132,-0.287,-0.813,-0.813,-0.287,-1.106,-0.813,0.903,-1.023,-0.813,-0.287,0.28,0.903,-0.579,-1.023,-0.813,-1.106,-1.106,-0.813,0.28,-0.287,0.903,-1.106,-0.287,0.903,-0.813,0.132,-0.813,0.132,-1.106,-0.813,0.28,-1.023,-1.023,-0.287,-0.741,-0.813,-1.106,0.132,-0.579,0.132,-0.741,-1.106,0.132,0.28,-0.579,-1.023,-0.741,-0.741,0.903,-0.813,-0.287,-1.106,0.28,0.8864964159516129,0.132,0.11372012673646006,0.132,-0.8250519786994226,0.11789428297671352,-0.7501129179282897
-0.856,-0.462,-1.156,-0.111,0.683,-0.626,0.683,-0.462,-1.156,-0.626,-0.111,-0.462,-0.626,0.447,0.683,-0.92,0.447,-0.626,-0.626,0.11,0.683,-0.111,-1.156,-0.856,-0.856,-0.92,-0.111,-0.462,-0.856,-1.156,-0.346,-0.462,0.11,-0.92,-1.156,-0.462,-0.92,0.683,-0.462,-0.346,-0.111,0.447,-1.156,-1.156,-0.856,-0.92,-0.111,-1.1643550913808596,0.447,-0.626,0.683,-0.9355891167379493,-0.86936366314286,-0.6401177597222437,-1.1361614790154173,-0.589945272824785,-0.462,0.11,0.4336366999808627,-1.091402882005649,0.09233704333148171,-0.8438517480419006,-0.346,0.4806851939073389,0.6717560144782313,-0.12236600780690246
-0.828,-0.369,-0.96,0.041,2.44,-0.828,2.44,-0.921,1.45,0.041,-0.828,-0.384,-0.96,2.44,-0.369,-0.828,-0.96,-0.384,2.44,-0.384,-0.384,2.44,2.44,2.44,2.44,0.835,1.45,-0.873,-0.96,0.041,-0.921,0.835,-0.369,2.44,2.44,-0.828,0.041,-0.921,0.835,1.45,-0.828,-0.921,-0.384,-0.369,-0.873,-0.921,-0.873,-0.921,-0.96,-0.921,2.44,-0.828,0.835,1.45,-0.873,-0.8882362709464824,-0.369,1.4381540682292422,-0.3790258836863928,-0.96,0.041,-0.3657460857294365,-0.921,-0.8546853553578779,-0.9351799985241623,1.4673806998346823,1.5023036129298308
0.943,1.211,0.9,0.238,-0.478,-0.847,-0.814,1.211,0.38,0.238,1.211,-0.781,0.38,1.211,-0.781,-0.089,0.9,-0.478,0.9,0.9,-0.781,1.211,1.211,1.211,0.943,1.211,-0.089,-0.814,0.9,0.943,1.211,-0.814,0.943,-0.814,-0.847,1.211,-0.814,-0.781,0.38,0.238,1.211,1.211,-0.089,-0.847,-0.089,-0.089,0.943,-0.847,1.211,-0.478,-0.781,-0.8004715149891396,0.9,0.8706005670475583,-0.814,0.9074892209155783,-0.09612169337293801,-0.4943481458946099,0.9212333535481388,-0.8559311390225399,1.1959815085470764,-0.7842081681317455,0.9359022394597066,-0.8276708453202422,-0.7925198399943388
-0.779,0.88,-0.797,-0.633,-0.633,-0.797,0.88,-0.413,0.61,-1.09,-0.779,-1.09,0.61,-0.023,-0.797,-0.779,0.164,-1.09,0.164,0.88,-0.413,-0.023,0.164,-0.633,0.88,-0.797,0.588,0.88,0.164,0.588,-0.023,-1.09,0.164,-0.797,0.164,-0.023,0.164,0.588,0.88,-0.779,-1.09,0.588,0.61,-0.023,0.61,0.61,0.88,0.61,0.588,-0.023,0.164,-0.413,-1.09,-0.779,0.61,-1.1062006476912103,0.588,-1.084983495464692,-0.797,-0.413,0.5974795737417141,0.6410342005433985,0.164,0.667304104593075,0.14634983356532877,-0.633,0.703638204758526
-0.568,-1.036,0.285,-0.203,-0.453,0.917,0.917,-0.07,0.712,0.712,0.285,-0.07,-1.036,0.712,0.285,-1.036,0.712,0.917,0.712,-0.453,0.712,0.917,-0.627,0.285,-0.203,0.712,-1.036,-0.07,0.285,-0.568,-0.453,-0.453,-0.568,-1.036,-0.627,0.285,-0.07,0.917,-0.203,-0.568,-1.036,0.917,-0.07,0.917,-0.568,-0.203,-1.036,-1.0541995407710083,0.712,0.6985728188135413,-0.453,0.285,0.27684871057660404,-1.0296505813737933,-0.21400461080432304,-1.0163540822887123
-0.883,-1.022,0.085,-1.022,-0.883,0.698,-0.436,-0.735,0.085,-0.622,-0.735,-1.022,-0.945,0.085,1.28,-0.622,0.698,-0.735,-0.735,-0.735,-0.735,-0.945,-0.945,-0.622,-0.595,-0.622,1.28,-0.622,-0.436,-0.436,0.085,0.698,0.085,0.085,-0.436,-1.022,-0.595,-0.883,-0.436,-0.883,-0.595,0.698,-0.595,1.28,-0.595,-0.735,-0.595,-0.945,-1.022,0.698,-1.022,1.28,-0.622,1.264913785512136,-0.883,0.6844198595520558,0.085,0.7090455105083309,-0.436,-0.892277565074979,-0.6397143250036291,-0.5883261697662061
-1.146,-0.731,-0.367,1.627,0.503,-0.348,-0.367,1.627,0.766,0.766,1.627,-0.731,-0.731,-0.143,0.766,-0.999,-0.367,-1.146,-1.146,1.636,-1.146,-1.146,-1.146,-0.999,1.636,0.503,0.766,0.766,-0.731,0.766,-0.999,-0.999,1.627,1.636,0.503,1.636,-0.999,1.627,-0.999,-0.999,-1.146,0.766,0.766,-1.146,1.627,-0.367,1.636,-0.731,-0.348,-0.999,1.627,0.766,1.6126560180783063,0.503,-1.0110468574543947,-0.9830079101643454,-0.367,0.48507197786001177,1.6618684985928573,-0.36180831858021306,-0.7404127294623885
-1.017,-0.347,-1.017,-1.296,0.404,-0.347,-0.384,0.607,-1.057,0.607,-1.296,0.607,-0.347,-0.347,-1.296,-1.057,-0.347,-1.296,-1.017,0.607,-1.296,-1.057,-0.384,-1.296,-1.017,-0.883,0.379,-1.057,-0.643,0.607,-1.296,-1.057,-0.883,-0.384,-1.296,-1.296,-0.643,-0.643,-0.384,0.404,-1.057,0.607,-1.296,0.607,-0.347,-0.643,-1.057,-0.384,0.379,0.404,-0.883,-0.883,-0.384,-0.8967936133816032,-1.296,0.404,0.38889197275996684,-1.017,-0.347,-0.8647007298850637,0.43117383030883266,0.607,0.5928315760722176,-1.0305535339308216,0.379,-0.8322237262803673,-0.39400037892859235,-1.306829368728453,0.45683244397164746
-1.036,-0.956,0.36,0.69,-1.018,-0.805,-0.805,-0.86,-0.018,1.552,1.745,-1.036,0.69,1.745,-0.956,-1.036,-0.86,-0.86,-1.036,-1.018,0.36,1.552,1.552,0.36,-0.86,1.552,0.36,0.69,-1.036,-1.018,1.552,-0.86,-1.018,0.36,1.745,1.552,0.36,-0.956,-0.956,1.745,-0.805,1.745,-0.956,-0.9732688470323374,1.552,-0.9253029940241597,-0.86,1.541498885519881,-0.9112142019957209,-0.8705276030812779,1.745,0.36,1.7349859977671875,0.3445558246789676,1.5679137096355593,-0.8153199605772375,0.69
-1.028,1.105,-1.1,1.814,0.301,-0.187,-1.028,0.963,1.814,1.105,-0.187,0.388,-0.187,0.388,-1.1,-0.409,1.105,-1.028,0.388,1.814,0.388,0.963,0.963,-0.187,-1.1,1.105,1.105,-1.1,1.105,0.388,0.963,0.301,0.963,-0.499,1.814,-1.028,-0.187,0.388,-1.028,-0.409,-0.409,0.388,0.388,-0.499,0.388,0.388,-1.1,-1.028,0.388,0.388,0.388,1.105,0.388,-0.409,1.105,1.0955414679606448,1.1159618933778481,1.1441449547476694,-1.1,-0.499,1.1763653913934284,-0.187,-1.028,-1.0430325875557251,-0.4225852455956582,-1.1154139298731207,1.229747595549025,1.2374765460846682,1.2926223620846986,-0.9955975441089455,1.814
-0.677,0.873,0.294,1.725,-0.99,1.725,1.054,1.054,-0.677,1.725,-0.784,-0.784,-0.99,0.119,1.941,-0.784,0.873,1.941,1.725,0.521,0.873,-0.677,1.941,-0.677,1.725,0.873,1.725,-0.99,1.941,1.054,-0.677,0.119,-0.784,0.294,0.873,0.521,1.054,-0.784,1.941,1.725,-0.677,-0.99,-0.99,0.521,1.941,-0.677,0.521,-0.784,-0.99,-0.6894354750253704,0.873,1.9271697347065366,-0.9998961889124819,-0.9576704912035474,1.725,1.9497084131633198,1.7043650230395442,0.8571591741346711,-0.6527564775641556,0.119,1.9787490951941866,0.10526442981212868,0.1541075765976817
0.637,0.637,-0.243,0.637,0.637,-0.986,-0.876,1.315,-0.986,0.515,-0.986,-0.876,1.315,1.315,1.315,0.226,-0.826,-0.826,1.315,-0.986,0.637,-0.243,1.315,0.515,-0.826,0.515,0.637,0.515,-0.826,0.637,-0.876,-0.826,-0.243,-0.986,-0.826,0.515,0.226,1.315,0.637,0.226,-0.243,-0.243,0.226,0.426,-0.826,-0.826,-0.876,0.515,-0.8888196706402492,1.315,0.637,-0.243,-0.986,0.0,0.624141735278034,1.3024010348333734,0.426,1.329768295205625,-0.8535551865060413,0.4135196322096806,0.5058190668762227,-0.826,-0.2527539662905763,-0.23807144609674433,-0.20843422396234668,-0.16487627551720102
-0.201,-0.411,-0.201,-0.862,-0.525,-0.213,-0.213,1.97,-1.05,1.97,-0.525,-0.213,-1.05,-0.213,-0.411,-0.411,1.97,-1.05,-0.971,1.97,-0.971,-0.525,-0.971,0.503,-1.05,-0.971,1.97,-0.525,-0.201,-0.411,-0.971,1.97,-0.213,-0.213,-0.201,-0.971,-0.971,-1.05,0.243,-0.411,-0.213,0.243,-0.862,0.243,-0.971,-0.201,-0.862,-0.862,-0.411,-1.05,-0.862,0.243,-0.201,1.97,-0.411,1.9532504897814462,-0.213,-0.971,-0.9936292997768693,-0.214454943939383,-0.9462707393230615,-0.4269207979840785,-1.05,-0.8723280047749048,-1.0600748320298803,-0.8930650655181301,-0.390762951859134,1.9706892738885515
-0.171,-0.32,-0.319,-0.9,-1.482,0.414,-1.482,-1.482,1.421,-1.482,1.421,-0.374,0.276,-1.482,-0.32,-0.374,0.414,-0.32,-0.9,-0.374,1.421,-0.32,-1.482,-1.482,-0.32,-0.907,0.414,-0.907,0.276,-0.907,-1.482,1.421,1.421,-0.9,-1.482,0.414,1.421,0.414,-0.907,1.421,-0.374,0.414,-0.907,-0.171,1.421,-0.171,0.414,1.421,0.414,-1.482,-0.319,-0.171,0.414,-0.9,-0.32,-0.374,0.276,-0.171,-0.907,0.414,0.3970114802536218,-0.917903961596797,-0.319,0.4349775204767495,-0.33246388060627013,1.421,-0.33254915927712847,-0.270074085335033,0.26202060761883733,-0.386172364471121,-0.2997041156342433
-1.034,-0.712,0.196,-0.566,-1.034,0.196,-1.215,-1.034,-0.732,-0.62,-1.215,-0.732,0.024,-0.732,-0.85,-1.034,-1.034,-1.034,0.024,-0.62,-0.62,0.024,0.024,0.024,-1.215,-0.566,-0.605,-0.85,-0.85,0.196,-0.62,-0.712,0.196,-0.605,-1.034,-0.62,-0.62,-0.566,0.024,0.024,-0.62,-0.566,-0.732,-0.85,-0.85,0.024,-1.215,-1.215,-1.215,-1.215,-0.712,-0.85,-1.215,-0.732,-0.62,-0.605,-1.034,-1.2264747840267753,-1.043922987994101,0.196,-0.6212544443895224,-0.6303647239169049,-0.9977170544136469,0.024,-0.85,-0.594990781356744,0.18665512061205816,-0.9527273142748508,0.00865242770719266
-0.96,-0.164,-0.083,0.411,0.346,0.346,-0.083,0.927,-0.164,-0.723,0.927,-0.164,0.346,-0.518,-0.96,-0.305,-0.164,-0.164,0.346,-0.723,-0.518,-0.723,0.411,-0.305,-0.083,0.411,-0.96,0.927,0.346,-0.723,-0.518,0.346,-0.96,-0.96,0.441,-0.164,-0.164,-0.164,0.346,-0.723,-0.518,-0.518,0.411,-0.518,0.927,0.914790743604056,-0.518,0.441,-0.305,-0.164,-0.31827562832725337,-0.18161353360164734,0.4270815831474962,-0.083,0.411,-0.5289013195991839,-0.723,0.346,-0.26462849648820835,0.40329082276596695,0.3340366892327508
1.314,-0.641,1.353,-0.328,1.353,1.353,1.314,1.353,1.083,1.353,1.083,1.083,1.506,-0.722,1.353,0.122,0.613,1.314,1.083,-0.119,0.122,0.613,1.083,0.122,1.083,0.122,0.122,-0.722,0.122,1.083,0.122,-0.722,1.083,-0.328,0.122,0.122,1.506,1.506,0.613,0.122,-0.328,-0.119,-0.722,1.314,1.506,1.314,0.122,-0.641,0.613,-0.119,-0.119,1.353,0.613,1.353,-0.328,0.613,1.353,1.506,0.122,-0.119,0.5984387319109138,-0.12971927012554313,1.314,-0.722,1.4965073207544544,1.083,1.3439269618696754,0.6293391024452767,0.109667916307122
-0.925,1.251,0.285,1.251,0.285,-0.925,-1.193,0.285,-1.193,0.285,-1.349,-1.349,-1.349,-1.193,-1.193,-1.349,-1.193,1.251,-1.193,0.542,0.285,-1.349,-1.349,-0.05,-1.349,-0.05,-0.05,-1.349,0.285,-0.925,-1.349,-0.925,-0.05,0.542,-0.519,-0.519,-0.925,-0.925,-1.193,-1.349,-1.193,1.251,-1.193,-1.193,-0.107,0.542,-0.386,-0.107,1.251,-0.519,-0.386,-1.193,-0.925,1.242637879614234,-0.9397038046904013,-1.349,-1.207266874257296,-0.11919208319979709,-0.09386257384870376,-0.8947396497698408,-0.0467684721100305,-1.1549641849683108,-1.359938276627234,-0.532975746364743,-0.8433375525968703
-0.911,0.805,0.581,1.401,0.348,1.117,-0.847,0.581,0.805,-0.911,-0.601,0.348,0.348,1.401,-0.601,0.581,1.117,-0.911,0.805,-0.847,1.401,0.581,0.348,0.348,-0.601,0.805,0.581,-0.847,1.117,-0.601,-0.601,0.348,0.428,0.348,1.117,-0.601,1.117,1.401,0.348,-0.847,-0.601,-0.601,1.401,0.348,-0.911,-0.911,0.62,0.581,1.117,1.401,-0.601,-0.6169196899345738,0.62,0.805,1.401,-0.911,1.117,-0.584189509106186,1.1059287309851973,0.428,-0.847,0.41459882695616473
1.021,1.046,1.021,1.021,-0.849,1.046,1.046,1.046,-0.077,0.988,-0.077,1.184,-0.779,1.021,1.046,-0.779,-0.779,-0.779,2.038,-0.779,1.046,0.988,-0.779,-0.371,-0.077,-0.745,1.046,-0.779,-0.371,-0.371,-0.745,2.038,-0.849,1.021,-0.745,-0.745,-0.849,-0.077,1.046,1.021,-0.779,1.184,0.988,2.038,-0.849,1.021,2.038,1.021,1.046,1.021,0.988,-0.077,1.046,-0.077,-0.077,2.038,1.184,-0.077,2.038,-0.077,1.046,-0.849,-0.745,2.038,-0.8605496364633276,-0.779,-0.8065355477916034,1.184,1.0336130668731767,1.021,2.0275239645578385,-0.371,-0.09180900458072269,1.1665986387916516,1.2052672676147769,-0.7525025595845078,-0.03518849556166198
0.455,-0.684,2.032,0.727,0.229,2.032,-0.988,0.915,-0.243,-0.527,0.455,-0.684,0.455,-0.527,2.032,-0.137,2.032,-0.243,0.229,-0.527,-0.988,-0.137,0.727,-0.527,0.455,2.032,0.455,-0.988,0.455,-0.988,2.032,-0.243,-0.988,0.455,-0.527,0.455,-0.684,2.032,0.455,-0.527,-0.988,0.915,-0.243,-0.527,2.032,-0.137,0.727,-0.15015279685920688,-0.527,-0.988,-0.5442903079969886,0.7172119728183096,-0.5230415605479936,-0.243,0.915,-0.12201690508791463,-0.07516390607590778,0.455,-0.05227286043943659,0.902467335981467,-0.4819827841010614,-0.25828360586142945,-0.0018753822139651408,0.4438953297302964
-0.338,2.235,-1.098,2.052,2.052,2.235,-1.098,-0.545,2.052,-0.338,-0.338,-0.819,-0.338,2.052,2.052,-0.545,2.235,2.235,0.313,-0.681,0.38,-0.819,-0.545,2.235,0.38,2.052,-1.098,2.235,-0.738,0.313,0.313,2.052,-0.819,-0.338,-0.819,-0.738,-0.819,-0.738,2.052,2.052,2.052,2.235,0.313,-0.681,-0.338,0.38,-1.098,-0.681,0.38,-0.738,-0.819,2.052,-1.098,2.235,-0.681,0.313,2.235,2.052,2.235,2.052,-0.545,2.2209445690029,2.0378978280829476,0.313,2.092606407458024,-1.098,-0.5591737404063899,0.38,-0.338,-0.819,-0.3551253289565461,2.25543373397391,0.36402878033129416,-0.681
-0.663,-1.193,-1.193,-1.193,-0.528,0.948,-1.193,-1.193,-0.87,-0.823,0.327,-0.823,-0.87,-0.823,0.168,-1.193,-0.928,0.327,0.327,-0.528,0.948,-0.87,-0.663,0.327,0.168,0.365,-0.928,-0.87,-0.663,-0.87,0.948,0.327,-0.528,-0.928,0.168,0.168,0.327,-1.193,0.365,-0.87,-0.663,0.948,-0.928,-0.823,0.168,0.365,0.168,0.327,-0.528,0.15534133935775962,0.35865671572184343,-0.663,-0.540942975475013,0.3978828200778517,-0.87,-1.193,0.948,0.1989536705986653,0.9384908472880907
0.144,-0.547,0.647,-1.01,0.741,-1.01,-0.547,-0.938,0.765,0.648,0.647,-1.01,0.647,-1.01,1.224,-0.938,0.741,-0.547,-0.692,0.144,-0.692,-0.938,-0.547,-1.01,0.741,-1.01,0.741,0.648,1.224,-0.547,1.224,0.765,0.647,-0.692,0.765,-0.938,0.648,1.224,1.224,-0.938,-0.547,1.224,-1.01,-0.692,-0.547,0.765,0.648,0.144,0.741,0.6287506565714182,-1.0231164823729701,1.2125210151261232,0.1314346154935393,0.7522410679178678,0.7881162014374152,-0.5615241828345012,-0.938
-1.073,-0.07,-0.721,-0.581,-0.721,0.516,-0.852,-0.852,0.197,-1.073,0.516,-1.073,-0.7,-1.073,-0.581,-0.105,0.197,0.197,-1.073,0.197,-0.7,-0.581,0.197,-0.721,-0.7,2.072,-0.852,0.197,0.197,0.516,2.072,0.197,-0.7,-0.721,0.516,-0.852,-0.105,-0.7,-0.105,-1.073,-0.852,2.072,0.516,-0.581,-0.7,-0.721,-0.852,-0.721,2.072,-0.07,2.072,0.197,-0.08945611188633237,-0.581,2.061613542242087,0.516,-1.073,0.18318825668441835,0.18636254895880267,-0.105,-0.852,-0.11950212695687112,-0.7,-1.0811974348421645,-0.7193110092525958,-0.5952820349593004,-0.569041165261628,-1.0464308065682115
1.14,-0.143,-0.536,0.258,-0.536,-0.972,-0.143,-1.18,1.14,-0.972,-0.11,-0.972,-0.564,-0.564,-0.536,-0.564,1.14,-0.564,1.978,-0.536,-0.972,1.978,-0.536,-1.18,-0.972,1.978,-1.18,-1.18,1.978,-1.18,0.258,-0.564,-0.143,-0.11,-1.18,-1.18,-1.18,0.445,-0.11,0.445,1.14,-0.972,1.14,-0.536,-0.536,-0.536,1.978,-0.11,-0.536,-0.536,-0.536,-0.5476476613160711,-1.18,-0.972,1.14,1.1172960346242615,-0.9803586495053956,1.978,-0.564,-0.9339485037782685,-0.508940840548059,-0.11,0.258,1.1737720243727743,-1.1906409507001185
0.162,-0.136,-1.14,-0.074,-1.14,1.035,-1.14,1.035,-1.14,0.162,-0.995,-0.074,1.035,-0.844,-0.718,-0.074,-0.995,-0.136,-0.718,-0.734,-0.718,-0.074,0.165,0.162,-0.995,0.162,-1.14,1.035,-1.14,1.035,-0.136,-0.995,-0.995,-0.995,-0.718,1.035,-0.074,-0.844,-1.14,0.162,-1.14,-0.844,-0.136,1.035,-1.14,0.165,-0.718,-0.734,1.035,-0.734,-0.995,-0.995,-0.844,0.162,-0.734,0.14909500250960192,-0.718,-1.14,-0.136,0.18431462419820868,-0.995,-1.1535308781585172,-0.731392393411523,-0.7442070899671588,0.20760656853461462,-1.1081502000671763,-1.0671102143038078,-0.844,-0.14795230253722202,0.165,-1.0051442763426028
0.557,0.557,0.557,-0.385,-0.881,0.09,0.022,-0.385,-0.385,-0.385,1.157,-0.937,-0.937,0.365,1.157,0.365,-0.729,2.03,-0.937,0.022,0.557,1.157,1.157,-0.881,0.09,2.03,0.557,0.365,-0.385,1.157,0.557,0.365,-0.881,-0.385,-0.881,0.365,-0.881,2.03,0.022,-0.937,-0.385,-0.729,2.03,2.03,0.022,-0.937,2.03,0.022,-0.729,-0.937,0.557,-0.937,-0.881,0.5452868340785908,0.022,-0.729,0.365,0.581769511170725,0.09,0.012444311566958514,-0.7446505239127822,1.157,-0.9007568333095303,-0.385,-0.9490162282982789,-0.881859196601889,1.1467635514947117,0.35253579701536875
-0.292,0.774,-0.816,-0.816,-0.816,0.567,-0.083,-0.083,-1.422,0.567,-0.001,0.774,-0.001,-1.422,-0.965,-0.235,-0.816,-1.422,-1.422,-0.965,0.567,-0.816,0.567,-0.816,-0.965,-0.965,-1.422,-1.422,-1.422,-0.292,-1.422,-1.422,0.852,-0.965,-1.422,0.774,-0.001,-0.083,-0.083,-0.816,-0.292,-0.965,0.774,-0.001,-1.422,0.852,-0.816,-0.017862936453950432,0.567,-0.083,-0.292,-0.235,0.032781923650150445,0.058240567239325435,0.5598919558131434
-0.472,-0.433,-0.433,-1.205,-1.023,-0.472,2.14,2.14,2.14,0.124,-0.472,-1.205,-1.205,-0.433,-0.472,0.964,-1.283,-1.283,2.14,-1.283,2.14,-1.205,-1.283,-1.283,0.124,-0.433,2.14,2.14,-1.283,-1.205,-1.023,0.935,0.964,-0.472,-1.205,0.767,-0.433,0.935,-1.023,2.14,-1.283,-1.205,0.767,0.767,0.935,-1.023,-1.023,0.964,-1.023,-1.023,0.124,0.935,0.935,-1.283,2.14,0.124,-1.283,2.123295368835509,-1.023,2.1635673841828433,-1.205,-1.2175679328545672,-1.0369507004289678,-0.433,0.964,0.1068118619731664,0.767
-0.709,-0.709,-0.072,-1.088,-1.106,-0.709,-0.072,0.155,-0.072,-0.072,-0.922,0.155,-1.106,-1.433,-1.106,-1.088,-1.433,-0.922,-1.433,-1.106,-1.433,0.198,0.198,-1.088,-0.922,-0.609,-0.709,0.155,-1.433,-1.088,-0.609,-1.088,-0.609,0.155,-0.922,-1.088,-0.922,-0.32,-1.106,-1.433,-1.088,-1.433,-1.433,-1.433,0.198,-0.922,-0.32,-1.433,-0.34197131437354805,-1.455572797300898,-0.609,0.198,0.155,0.1863403465059313,-0.072,-1.106,0.14347208930739738,-1.088,-0.709,-0.089881529474443,-0.620579830294854,-0.5890806056564502,-1.1031024856642435,-0.5398803786190064,-0.7226070893779435,0.22320681501738843
-0.949,-0.746,-0.934,0.726,-0.349,-0.48,0.726,-0.934,0.726,0.003,0.003,1.012,-0.571,0.726,-0.48,-0.949,1.012,0.003,0.726,-0.405,-0.405,-0.48,1.012,-0.405,0.726,-0.934,0.003,-0.405,-0.48,-0.571,-0.949,1.012,-0.405,0.003,-0.746,-0.934,-0.949,-0.571,-0.746,0.003,-0.405,-0.934,1.012,0.003,0.726,-0.934,-0.405,-0.949,0.7167953209926196,-0.9671081479132797,0.003,-0.48,-0.5021520633182527,-0.4157454332655319,-0.00877247843933469,0.0415427151060805,-0.746,-0.571,-0.7595050030701535,-0.7406106581144211,-0.5782608073221814,1.012
-0.992,-0.727,1.307,2.634,-0.64,-0.982,1.509,-0.264,-0.992,2.634,-0.982,-0.07,-0.64,-0.07,-0.07,1.307,-0.264,-0.64,-0.727,2.634,2.634,1.307,1.307,-0.992,1.509,-0.982,1.509,-0.264,-0.727,-0.264,1.307,2.634,2.634,2.634,-0.992,-0.992,-0.982,1.509,1.509,-0.64,-0.07,-0.727,2.634,-0.982,1.307,-0.982,1.307,0.0,1.2904588110517863,-0.992,-0.982,-1.0070649220905175,-0.012539145248826683,-0.264,-0.9978732116691451,-0.64,-0.727,-0.739122864937073,-0.9772053425810331,2.634,-0.9434437191698392,-0.7028122560174583,-0.6526801464169258,-0.9049386977693433,1.509
-0.958,-0.666,-0.666,-0.206,-0.443,-0.65,0.854,-0.958,-0.958,0.854,1.173,-0.999,-0.407,0.854,-0.999,1.613,0.854,1.173,-0.65,1.173,-0.65,-0.65,1.173,-0.958,-0.999,1.173,1.613,0.854,-0.958,-0.958,-0.958,-0.407,0.854,-0.999,-0.65,-0.407,-0.666,1.613,-0.65,-0.666,-0.999,0.854,-0.206,-0.65,1.613,-0.443,-0.958,-0.407,1.173,-0.206,-0.206,1.613,-0.65,-0.206,-0.443,1.173,0.854,-0.206,1.1624588160189895,1.189627363762821,1.613,-0.999,-0.958,-0.9723084064222753,-0.65,-0.6693314274265699,-0.6514559198756862,1.5977960189311178
-0.23,-0.674,1.395,-0.795,-0.795,-0.973,-0.674,-0.826,1.399,0.466,-0.674,0.466,-0.973,0.725,-0.973,-0.973,-0.674,-0.23,-0.826,0.466,-0.674,-0.826,0.466,1.399,-0.826,1.399,-0.826,0.057,1.395,1.395,-0.973,0.057,-0.973,-0.23,-0.973,-0.826,0.725,1.395,-0.973,-0.826,1.399,-0.795,1.399,0.466,-0.973,-0.826,-0.23,0.057,1.395,-0.795,1.399,1.3790307192841036,-0.8091734938390969,-0.7890807457546488,-0.7569529745606481,-0.2437944007388185,-0.674,-0.687409812767957,-0.6510977722814308,0.725,-0.8398235373417394,0.04396223059869821
-0.801,-0.71,-1.172,-0.019,-0.801,-0.712,-0.774,1.18,-0.801,-0.801,-1.012,-0.71,-0.801,-1.172,1.18,-0.694,-1.172,-0.71,-1.012,-1.172,-0.774,-0.712,-0.801,1.448,1.448,-1.172,-0.694,-1.172,-1.012,-0.694,-0.774,1.18,-0.71,1.18,1.448,-1.172,-0.801,-0.712,1.18,-1.012,-0.774,-1.012,-0.71,-1.172,-0.774,-0.7950991066953478,-1.012,-0.71,-0.019,-0.712,-0.7259573002202346,1.18,-0.7056897115226132,-1.0202857495566997,-0.7274174272464002,-0.801,1.1673690476082936,-0.6717341766281099,-0.6193885098607871,-0.8182864362037222,-0.6852895927488651,-0.7992446024218272,-0.7557440949739568
-0.194,-0.525,-0.024,-0.847,-0.139,1.599,-0.847,-0.139,-0.139,-0.194,1.599,0.736,1.599,-0.024,-0.024,1.599,-0.887,-0.578,1.599,-0.194,-0.139,-0.887,-0.194,-0.525,-0.194,-0.525,-0.024,1.072,-0.887,-0.847,-0.887,-0.024,-0.194,-0.525,-0.887,-0.578,-0.139,1.072,-0.887,-0.194,-0.847,-0.525,-0.024,-0.5332088077501109,-0.578,-0.847,-0.48260130298987614,1.072,-0.194,0.736,-0.03972325421324299,1.0564924913815825,1.0791670488151326
0.255,0.877,0.255,-1.117,0.708,-0.235,0.877,0.877,-1.117,-0.454,-1.117,-0.622,-0.622,1.365,0.877,0.255,0.877,-1.117,-0.454,-0.551,1.365,-0.622,-0.551,1.365,-1.117,1.365,-0.622,0.255,-0.599,1.365,-0.454,-1.117,-0.622,0.255,-0.599,-1.117,0.877,0.255,0.708,-0.551,-0.454,0.877,0.255,-0.622,0.877,0.708,-0.622,-0.454,-0.599,0.877,-0.551,0.8572526246129861,0.708,0.255,0.9085291601218592,-0.6375769577985366,-0.235,-0.6068595467308423,-0.46348044613041595,-0.4417906918024386,-0.5642753786555303,-1.117
-1.099,-0.773,-0.162,-0.75,1.86,-0.162,1.86,-1.099,1.86,-1.239,-0.773,-1.099,-1.239,-1.099,-0.112,-1.239,-1.239,-1.099,1.86,1.86,-1.239,0.866,-0.773,0.866,-1.239,-1.239,-0.162,-1.099,-0.75,-1.239,0.866,1.86,-0.106,-0.322,1.86,-1.239,0.866,1.86,-0.773,-0.773,-0.106,-0.75,-0.75,-0.106,-1.099,-0.106,-0.112,-0.75,-0.759319309514344,1.86,-0.12179405588637371,-0.322,1.8516210841953937,-1.239,-0.09677280809974256,-0.33581051973117293,-1.2551735738891514,-0.05859226301434817,0.866,-0.018889382003996005,-0.7114049150399142,-0.006889650632091536,0.03561760923404314,0.07491049804070059
-0.812,-0.379,-0.128,0.407,-0.648,-0.648,-0.379,-0.379,0.407,-0.592,-0.128,-0.592,-0.592,-0.592,-1.079,-0.379,1.152,-0.128,-0.592,-0.812,0.407,-0.592,-1.079,-0.592,-1.079,-1.33,-1.079,-1.079,-0.379,-0.812,-1.33,-1.33,-0.379,0.657,0.657,-0.592,1.152,0.657,-1.33,-1.33,-1.33,1.152,-0.592,-1.33,-0.812,-0.592,0.407,-1.33,-0.592,-0.592,1.152,-1.33,-0.128,1.1351552545737187,-0.13973282489770522,-0.812,-0.09115970108506452,-0.06627076838274751,0.407,-0.648,-0.8226488960086378,-1.079,-0.661388361675776,0.3925987088263131,-0.379,-1.3394244001098186
-0.987,0.784,1.195,1.333,-0.891,1.195,-0.987,-0.909,-0.909,-0.987,0.784,-0.909,-0.891,-0.372,-0.696,0.784,-0.909,1.333,-0.909,0.784,0.784,-0.987,-0.891,-0.891,-0.987,1.156,-0.696,1.333,0.253,1.156,-0.696,0.784,-0.372,-0.891,-0.372,1.195,0.253,-0.987,-0.891,0.784,0.784,-0.372,-0.891,1.156,0.253,0.784,-0.909,-0.987,0.784,0.253,-0.923538653984964,-0.8847485684618098,-0.372,-0.39137974250391616,1.195,0.7675479010350921,0.2401158209581839,0.2741391276397645,1.156
0.289,-0.207,1.928,-0.207,1.928,-1.006,0.979,-0.477,-1.006,-1.006,-1.198,-0.412,-0.412,-0.911,0.265,1.928,-0.412,-1.198,0.265,-1.006,1.928,-1.198,0.265,-0.911,0.289,-1.006,-0.207,-0.412,0.289,-1.006,-1.198,0.979,1.928,0.979,-0.911,1.928,-0.477,-0.207,0.979,-0.911,-0.412,-1.006,-0.207,1.928,-0.412,0.265,1.928,-1.006,-1.006,1.928,1.928,-0.911,-1.198,1.928,-0.477,-1.198,-1.198,-0.412,-0.207,-0.23203333240675975,-1.198,0.289,-1.212235063750869,0.979,-0.1980182429063132,1.928,1.913901007454586,-1.006,0.274785612534825,-0.477,0.265,-0.412,-0.48570351771418163
-0.611,1.392,-1.111,1.392,1.392,-0.739,-0.653,0.085,-1.111,0.085,1.392,-0.611,-0.611,0.778,-0.431,0.293,-0.611,-0.431,0.293,-1.111,-0.431,-0.611,1.392,0.085,-1.111,-0.611,-0.739,-1.111,0.085,-0.653,0.301,0.301,-0.611,-0.611,-0.653,-0.431,-0.739,-0.611,-0.431,1.392,0.778,-0.611,0.293,-0.653,-0.739,0.778,0.085,0.301,1.392,1.3769465864202428,0.7640713846858763,0.0752361665188444,1.4041919501173212,-1.111,-0.6648354468084102,0.1054867852766954,0.28993903500961976
0.037,0.415,0.037,0.004,0.109,0.037,0.022,0.022,0.727,-0.29,0.727,-0.725,-0.627,-0.725,0.037,0.109,-0.627,-0.29,0.727,0.022,0.727,0.022,0.909,-0.725,-0.29,0.109,0.022,0.022,0.727,-0.725,0.022,0.022,0.909,0.909,0.909,0.004,-0.29,0.727,0.415,0.109,0.0875586551638225,0.022,0.004,0.11767629707138783,-0.29,0.727,0.010429381630279906,0.1569725781380272,-0.012984370693482013,0.909,-0.30356991994606736,0.04178197854435748,0.8950927173736476,0.037,-0.627,0.7186555695347664
0.908,0.2,-0.371,-0.249,0.99,-0.994,-0.627,-0.371,0.908,0.2,-0.994,-0.249,-0.9,-0.9,0.908,-1.112,-0.249,0.99,0.99,0.2,-0.994,0.091,0.908,-0.9,-1.112,-0.994,-1.112,-0.994,0.908,-0.249,0.99,0.2,0.908,-0.249,0.2,-1.112,0.091,-1.112,-0.9,0.908,-0.994,0.99,0.908,-0.249,-0.371,-0.994,-1.112,-0.249,0.99,-0.994,-0.627,-0.371,-0.9,-0.994,-0.9199476892697488,0.908,0.2,-1.112,0.99,0.8948658782813764,-1.0043526290639972,-0.8830297786349908,0.1861404291052588,-0.9800484198911769,-0.627,-0.249,-0.9523944043373406,-0.8344601798746965
-0.435,-0.847,-0.777,0.427,-0.777,-1.324,-0.911,-0.911,-0.435,0.05,-0.659,-1.324,-0.847,-0.847,-0.847,-1.324,-0.911,-0.659,-0.435,-0.659,0.304,1.258,-1.324,-1.324,0.304,1.258,0.05,-0.911,1.258,-1.324,-0.847,0.05,-0.659,-0.847,-0.777,-0.435,-0.911,-1.324,-0.911,-0.435,-0.847,1.258,-0.847,-0.8620083819935579,-1.324,-0.777,-0.8151238381031123,0.427,-1.3390039889939607,0.304,-1.3011211783546477,0.2925581310161891,-1.257923540557466,-0.435,-0.44680582376354716
-0.408,-0.943,-0.4,-0.943,-0.998,-0.408,-0.408,-0.538,-0.943,-0.408,-0.392,1.745,-0.998,-0.857,-0.4,-0.998,-0.4,1.187,-0.4,-0.857,-0.538,-0.857,-0.408,-0.943,-0.408,1.745,-0.943,-0.4,-0.538,-0.943,1.745,0.615,0.615,-0.857,1.745,-0.943,-0.998,-0.943,-0.538,1.187,-0.998,0.615,-0.392,-0.4,1.745,-0.4,1.187,-0.538,-0.538,-0.538,1.745,-0.5607708008863044,1.187,-0.4,-0.392,-0.41711369404993515,-0.857,-0.408,-0.943,-0.998,-0.9535875713483913,-0.9052778140618157,1.1715224504781803,1.2115570902691173,-0.8701263370441495,-0.4180552869284663,-0.8647694426365905,-0.8187353621692367
-0.154,0.613,0.353,0.704,-0.141,-0.154,0.353,-0.141,-0.894,0.61,-0.894,-1.047,-0.141,0.353,0.61,0.909,-0.303,-0.894,-1.047,-1.047,-0.894,-0.141,-0.894,0.61,0.61,0.613,0.613,0.909,0.704,0.613,0.61,0.704,0.613,0.61,-1.047,-0.141,-0.154,-1.047,0.613,-1.047,0.613,-0.154,-0.141,0.613,0.613,0.61,0.704,0.6884801054324096,-1.047,0.61,-0.154,-1.0588233832052036,-0.303,-0.9888258476650784,0.5986611322165956,-0.9443452553908468,0.353,0.613
-0.687,2.431,1.491,1.405,0.932,0.74,2.431,1.405,1.491,-0.687,-0.975,-0.479,1.405,-0.975,-0.687,-0.653,-0.257,2.431,0.932,-0.975,2.431,1.491,2.431,2.431,-0.975,-0.687,0.932,-0.975,-0.257,-0.653,2.431,0.74,-0.975,-0.687,1.405,-0.653,-0.687,1.405,0.74,1.491,-0.479,2.431,-0.687,2.431,1.491,-0.257,-0.653,-0.6661774265373834,-0.479,2.431,0.74,-0.975,1.405,-0.630284709107708,-0.687,-0.495930533154051,-0.5926585032075501
0.057,-0.141,1.618,1.618,-0.982,1.618,1.699,-0.44,-0.141,1.699,1.699,1.618,0.713,1.618,0.713,1.699,1.699,0.057,-0.982,0.713,-0.828,-0.982,0.908,-0.952,-0.952,1.699,-0.44,0.908,-0.828,-0.141,-0.982,0.908,0.908,0.713,-0.828,1.618,-0.952,-0.44,0.908,1.618,-0.44,-0.828,1.699,-0.952,0.908,-0.141,1.699,-0.44,1.618,-0.952,-0.9655838359795665,1.6911125201484172,0.713,0.057,0.908
-0.05,0.106,0.487,1.662,-0.787,-0.129,-0.198,-0.787,-0.831,1.662,-0.742,-0.05,-0.129,0.487,-0.742,-0.831,0.106,-0.787,0.97,0.97,-0.787,-0.787,-0.129,-0.787,-0.05,-0.831,1.662,0.97,-0.831,0.487,0.97,-0.742,0.487,-0.129,0.106,1.662,0.97,-0.787,0.487,1.662,0.106,-0.742,0.487,-0.129,-0.742,0.97,-0.787,-0.05,0.487,-0.742,-0.831,-0.7569068634653522,-0.8414131422788559,-0.8081872451025651,-0.7920582184459153,-0.7276064696630867,-0.198,1.662,1.642789474135726,-0.6788074762550789,0.47766859151516466
0.93,0.93,0.175,0.745,2.095,-0.609,-1.259,0.846,0.846,0.757,2.095,0.175,-0.612,-0.609,-0.604,0.93,0.175,-1.259,0.93,-0.612,-1.259,-1.259,-0.604,-0.612,-0.604,0.757,-0.612,2.095,0.93,0.175,-0.604,0.846,0.93,0.846,0.93,0.846,-0.612,2.095,-1.259,-0.609,0.93,-1.259,-0.609,-0.609,0.93,-0.604,-1.259,2.095,0.175,0.846,2.095,0.175,-0.604,-0.609,0.175,2.095,-0.604,-0.612,-0.609,-0.6200714091960726,0.93,0.9213290087422661,2.095,0.745,0.757,-0.5827163745571282,-1.259,-0.6171195385868835
-0.31,1.921,-1.17,-0.892,1.243,1.921,1.243,-1.182,1.243,-0.31,-1.17,1.243,-1.182,0.233,1.921,-0.514,-0.31,-0.514,-1.182,-1.17,0.233,-1.182,-0.892,0.502,1.243,0.233,-1.182,-1.17,0.233,-0.892,1.243,-0.31,0.233,-1.17,1.243,-1.182,-1.17,1.921,0.233,-1.182,-0.892,1.921,1.243,-1.182,-1.17,-0.514,-0.31,-1.182,0.502,-0.892,-0.514,-0.31,-1.1948325196471903,-0.32694198154832477,-0.2877147505461481,-1.1752312135374487,-1.1501096588748794,0.233,-0.524111061857753,0.21808531399454908,-1.1066401951930258,-0.48499915627003604
-1.174,0.744,-0.894,-0.755,-1.174,-1.174,-0.755,0.389,-1.076,-1.174,-0.894,-0.755,0.563,-1.174,-1.076,0.281,0.281,0.131,0.281,-0.895,0.389,0.281,-0.894,0.563,-1.076,0.744,-1.076,0.563,-1.076,-1.174,0.744,-1.174,0.744,-1.076,-1.076,-0.895,0.744,-0.894,0.744,0.281,-0.755,-0.894,-1.076,0.744,-0.895,-0.894,-0.755,0.131,0.744,0.389,0.131,0.11895042529521808,-0.894,0.744,0.563,-0.895,-0.9105621330714542,-0.755,-1.174,0.7305231287734446,-0.8730364355208902,-1.076,0.281,-0.9074398972786064
0.557,-0.602,1.077,-0.602,0.557,-0.713,0.161,1.003,-0.651,1.077,-0.713,-0.713,0.557,-0.496,-0.713,1.003,-0.602,-0.496,-0.651,-0.602,-0.713,1.077,-0.713,0.557,-0.713,0.557,0.557,1.003,1.077,1.077,0.161,-0.602,0.557,-0.496,-0.496,-0.602,-0.523,0.161,0.161,1.077,0.483,-0.523,-0.651,-0.713,-0.651,-0.523,-0.713,1.003,1.077,-0.523,0.483,-0.651,-0.602,-0.6706992594995423,-0.523,0.47257870300836585,-0.6168631987758233,-0.496,-0.6253790206797715,0.161,-0.5358954144885308,-0.516812244932863,0.557
-0.258,-0.836,-0.362,-1.125,0.739,-0.362,-1.008,-1.125,-0.528,-0.939,-0.082,-0.362,-0.362,-0.082,-0.939,-0.528,-0.258,-0.528,-0.258,-0.74,-1.125,-0.836,-0.939,-0.836,-0.258,0.739,-1.008,-0.939,0.739,-0.528,-0.939,0.739,-0.74,-0.082,-1.125,-1.008,-0.836,-1.125,-0.74,-0.528,0.739,-0.362,-1.125,-0.082,-0.74,-0.74,-1.008,-1.008,-0.362,-1.008,-0.74,-0.258,-1.008,-0.528,-0.362,-0.082,-1.0150074411286423,-0.7520916946575672,-0.2726125201366128,-1.125,-0.22258353235348977,-0.7142522225743699,-0.939,0.739,-0.9773849992386511
-1.022,-0.8,1.258,-1.08,1.917,-0.006,-0.8,1.917,-0.618,-0.8,-0.8,-1.022,-0.772,-0.772,-1.08,1.917,-1.08,-1.022,-1.08,-0.772,-1.08,-1.08,-1.136,0.258,-0.8,-1.08,1.258,-1.136,-1.08,1.917,-1.022,-1.136,1.258,1.917,1.917,-1.022,0.258,-1.136,1.917,0.258,-1.022,-0.618,-0.8,1.917,-0.772,-1.136,-1.136,-0.8,-1.08,1.917,-1.022,1.917,-1.08,-0.618,-0.8,-1.08,0.258,-1.022,-1.136,1.258,-1.090270228954168,-1.1553251661771744,0.24156851884151398,-0.8,1.2451962421440501,-0.618,-1.0336511961105197,-1.0555478069442505,-0.6346599109853257,-1.117041140004196,1.2994297210043575
-0.886,-1.055,1.375,1.375,0.513,-1.055,1.21,1.21,-0.018,0.513,-0.434,1.375,1.21,-0.539,-0.434,-0.886,1.375,-0.434,-0.886,0.748,0.748,-1.055,1.375,1.375,0.748,0.513,-1.055,1.21,0.748,-0.886,1.21,-0.434,1.375,-0.837,-0.837,-0.434,1.21,0.748,-1.055,0.748,-0.539,-1.055,-0.837,1.21,-1.055,-0.837,1.375,0.748,-0.886,-0.837,-0.434,-0.8995714676844409,0.7360718309754808,-0.4482987125915572,-0.8533820165455175,-0.539,-0.8468645980781757,-0.42072833999675835,1.3664796969911541,-0.8120758016789186,-0.5525400157260785
0.602,-0.831,-0.479,1.219,-0.831,-0.253,-0.831,-0.178,-0.178,1.219,1.397,-0.412,1.219,-0.831,-0.178,0.602,-0.178,-0.479,-0.479,-0.178,-0.178,0.602,1.219,0.471,0.471,1.397,-0.143,-0.831,0.471,-0.412,1.219,0.602,-0.178,-0.178,0.602,-0.831,0.471,1.219,1.397,0.471,-0.479,1.219,1.397,-0.178,1.219,-0.143,-0.412,-0.178,-0.43032033421823507,-0.253,-0.479,0.471,-0.831,1.397,-0.18607638784519617,1.2110466647275577,-0.26136246373631705
-1.046,1.652,-1.046,-0.901,0.414,-0.573,0.408,-0.901,0.414,-0.573,-0.901,-1.155,1.652,-0.573,-0.64,0.408,-1.155,0.414,1.652,0.408,-1.155,-1.155,-0.819,1.652,-0.573,1.652,-1.046,0.909,-0.819,0.414,-1.046,-1.046,1.652,-1.155,-0.901,-1.155,-0.819,-0.901,-0.64,0.414,-0.819,-0.819,-0.64,0.414,-0.64,-0.901,0.909,1.652,-0.64,1.652,-0.819,-0.64,-0.573,-0.901,1.652,0.414,-0.9149115162423477,-0.819,-1.046,1.6353678767259543,-0.64,0.408,1.6628592056797473,-0.6538192742229038,0.39552653496924134,-0.6155919989243833,1.6937760247549196,0.40188843589219475
-1.275,0.017,-0.949,-0.173,0.79,-1.275,-0.173,-1.188,-0.173,0.237,-0.949,-0.173,0.088,-1.188,0.088,0.237,-0.949,0.237,-1.275,-1.188,-1.275,0.088,-1.188,-1.275,0.017,0.237,-0.173,0.79,0.017,0.79,-0.949,-0.264,0.088,-1.275,-1.275,0.237,-0.949,-1.275,0.088,-1.188,-1.275,-0.173,-1.275,-1.188,0.79,-1.188,0.088,0.088,0.79,-1.188,-1.275,0.017,0.088,-1.188,-0.173,-0.18421567350590398,5.085309911229477e-05,0.0,-0.949,0.07891817666807853,-0.012641354034785501,-1.275,-0.1342266890025675,-0.264,-0.9631094483268575,-0.10354291783074882,0.1344657492364024,-0.06310375366970083,0.79,-1.287544993010911,0.049699187467164306,-0.27929214410122566,-1.2004396018075567
-0.703,-0.542,-1.394,-0.84,-0.768,-0.542,1.03,1.359,1.03,1.03,1.18,-0.962,-0.542,-0.84,-0.962,-0.542,1.03,0.054,0.054,-1.394,1.03,1.359,-0.768,-1.394,0.054,0.054,0.054,-0.84,1.03,-0.768,1.18,-0.703,-0.542,-1.394,-0.542,-1.394,-0.962,1.03,-0.768,0.054,-1.394,-1.394,-1.394,-0.962,-0.84,-0.962,1.359,-1.394,-0.962,-1.394,-1.394,-0.768,-1.394,-0.962,-0.703,1.03,1.03,-0.542,-0.703,-0.556040993249342,1.18,-1.394,-0.84,1.1613604355574056,-0.768,1.03,-0.7850524549995073,0.054,1.0156108445357832,1.0237232602191244,-0.4950994960909859,1.359,-0.7128254868740375
-0.754,2.448,0.784,-0.7,0.105,2.448,0.105,-0.977,2.448,-0.157,0.105,2.448,-0.977,2.448,-0.754,-0.754,-0.754,-0.748,-0.7,2.448,-0.748,2.448,-0.977,-0.257,-0.748,-0.7,-0.754,2.448,2.448,2.448,-0.748,0.431,-0.157,-0.977,-0.754,2.448,0.784,0.784,0.784,-0.157,-0.977,-0.754,0.784,-0.157,2.448,2.448,0.784,2.448,-0.7,-0.257,2.435176791248693,-0.7114320616157603,0.7730124898686829,-0.6716280395670445,-0.2643413160307717,-0.157,2.4832115798848897,-0.748,0.8098439459824153,0.431,2.525311477603747,-0.21555797787894915,0.4133580572061484,-0.754,-0.7654605784060451,0.43753023683920955
-1.13,-0.557,0.49,-0.557,-0.863,-0.557,-0.863,0.283,-0.387,-0.865,-0.863,0.317,0.012,-1.13,0.317,-0.387,-1.13,0.283,0.49,0.283,0.317,-0.557,-0.557,-1.13,-0.557,-1.13,-0.865,0.317,0.012,-0.557,-0.387,-0.387,-0.557,-0.863,-0.863,-0.865,-0.865,-0.557,-1.13,-0.557,0.283,-1.13,-0.863,-0.557,0.49,0.49,0.49,-0.536,-0.536,-0.387,-0.387,-0.557,0.012,-0.863,0.49,-1.13,0.317,-0.536,-0.865,-0.557,-0.8789091624502293,0.001381305922227816,-0.843488630263954,-0.5643245539798112,0.4799438740445038,-1.1424827101295587,0.3024785096683004,-0.5266037229246495,0.007756788362429613,0.283,0.5215712458595615
-0.266,0.619,0.576,-0.569,1.358,0.308,0.614,-1.115,-0.569,-0.338,0.619,0.619,0.576,-0.266,-0.627,0.576,-0.266,0.308,0.576,-0.338,-1.115,0.614,0.576,-0.266,0.308,0.614,0.619,0.576,-1.115,-0.569,1.358,0.308,0.614,-0.569,0.619,0.308,0.308,-1.115,0.614,-0.266,-0.627,-0.266,1.358,-1.115,-0.338,-0.627,-0.266,-0.338,-0.266,0.576,0.308,-0.569,-0.627,1.358,0.614,1.337762705089657,-0.6438109791301104,0.619,-0.5798411635415526,-0.28053465465269445,1.3705688191165293,0.6050768829784992,0.6410919198158609
-0.76,-0.327,-0.117,-0.638,-0.117,-0.117,0.01,2.057,2.057,-0.327,-0.327,-0.117,-0.638,2.057,2.057,-0.76,2.057,-0.327,-0.377,-0.638,0.01,2.057,-0.416,-0.416,-0.638,-0.377,-0.117,2.057,-0.76,-0.416,-0.416,-0.327,-0.327,-0.117,2.057,-0.638,-0.416,-0.638,0.01,-0.638,-0.76,2.057,-0.327,-0.76,0.0,-0.016868957278564536,-0.117,-0.76,0.009201213615391304,-0.327,-0.7732948507607407,-0.34430217447047,-0.1264047612958188,-0.7321124000466191,0.01,-0.416,-0.43693856147173693,-0.7040848314152572,-0.31005480283447184,-0.66560658402085,0.0,-0.638,-0.6541395352784368,-0.4049280235845473,2.057,-0.2580340812714983
-0.21,1.106,1.383,1.28,1.383,1.383,1.383,-0.792,-0.575,1.28,-0.21,-0.575,1.106,1.106,-0.945,-0.399,0.414,-0.945,-0.399,1.106,1.383,-0.945,1.106,-0.792,1.248,-0.399,1.106,-0.399,1.383,1.28,1.106,1.383,-0.21,1.248,1.383,-0.945,-0.399,-0.945,-0.792,1.248,1.106,-0.945,-0.945,0.414,1.383,1.3668283971045727,1.106,0.414,1.248,-0.21,1.28,0.40297206235922767,1.3926052469510994,1.2410701808942202,-0.399,-0.2250415777148305,1.0911264962704277,-0.41161043542391373,1.1156705018108748
-0.939,0.942,-0.939,0.942,-1.031,-0.604,-0.319,-0.901,0.942,-0.301,0.522,0.942,-0.396,0.942,0.729,-0.604,-0.939,-0.396,0.942,-0.396,0.942,-0.901,-1.031,0.942,-1.031,0.942,-0.396,-0.604,-0.901,-1.031,-0.604,-0.939,-0.319,-0.939,-0.396,-0.939,-1.031,-0.396,0.942,0.522,-0.901,-1.031,0.729,-0.319,-1.031,-1.0467119705757904,-0.34292088215159,-0.396,0.522,-0.40803399749557795,0.5081292920418568,-0.939,-0.604,0.942,-0.301,-0.31635093763510924,-0.901,0.9264411724060196,0.9368388740540953,0.9583726897391732,-0.6172007752308001
1.321,1.321,1.386,-0.587,0.967,-0.854,-0.502,1.321,0.242,0.967,0.242,1.321,1.321,-0.854,0.242,0.967,1.386,1.321,1.386,0.822,1.263,0.822,-0.587,-0.854,0.967,-0.502,0.967,-0.587,1.386,1.263,-0.854,1.263,1.321,-0.502,-0.587,0.822,0.967,1.263,-0.854,0.242,-0.053,1.386,0.967,-0.502,0.822,0.967,0.8130732806488344,-0.502,0.242,1.386,0.22704837876449052,1.36993880369816,-0.5163252441428737,0.2637196502978947,0.9541527554665555,-0.587,-0.053,1.4168332150476721,1.321,1.0005611665418388,0.8674140308140019,-0.6002912553886266,-0.854,-0.8818849350697533,-0.5477495709908328,1.263,-0.4632025809912956
-0.076,1.155,-0.409,1.954,1.954,1.361,-0.678,1.361,-0.409,1.155,-0.664,-0.409,1.155,1.155,-0.664,1.954,-0.409,-0.664,1.361,-0.678,-0.409,1.155,-0.076,-0.229,1.155,-0.46,1.954,1.155,-0.076,-0.229,1.954,1.155,1.954,-0.664,1.954,1.155,-0.076,-0.664,0.067,-0.664,1.155,0.067,-0.076,1.155,-0.229,-0.409,-0.678,-0.46,1.155,-0.409,-0.42351404596823594,-0.076,-0.229,1.155,-0.46,1.136633939382624,-0.664,-0.39306584372253534,1.954,1.1717138070515543,-0.3623785885221224,0.067,-0.678,-0.08660784494028298,-0.31162914783362483
-0.722,0.905,0.905,-0.831,-0.722,1.158,-0.722,-0.385,-0.722,-0.033,-0.033,-0.972,1.158,-0.972,0.905,1.158,1.158,-0.722,1.158,-0.831,-0.831,-0.722,0.905,-0.831,0.905,-0.221,-0.831,-0.385,-0.972,0.905,-0.033,0.905,-0.972,0.905,-0.033,-0.722,1.158,-0.972,1.158,0.923,-0.748,-0.972,-0.748,0.923,0.923,-0.748,-0.972,-0.722,-0.221,-0.221,-0.722,-0.722,-0.972,0.905,-0.221,-0.722,-0.831,-0.7366039888820503,-0.23738063540078405,-0.385,-0.20027623246748888,-0.7008121399905739,0.923,-0.68027418563229,0.8922790904244112,-0.3997851284160871
-0.11,0.489,-0.466,-0.206,0.94,-0.79,-0.79,0.94,-0.79,-0.79,-0.79,0.94,-0.79,-0.206,-0.206,0.489,-1.148,0.19,0.94,-0.79,-0.79,1.031,1.031,-1.148,-0.466,1.031,1.031,-0.79,-0.946,1.031,-0.946,0.19,-0.206,-0.946,-0.206,-0.206,0.19,0.94,-0.11,-1.148,-0.11,-0.79,0.94,-1.148,-0.946,-0.79,-0.206,-0.11,0.94,-1.148,-0.206,-0.206,-0.79,1.031,0.489,-0.946,-0.9594671368518913,-1.148,-0.79,-0.11,0.47668836000090115,1.031,-0.12054115237144812,-1.1618811178164843,0.19,-0.206,0.94,0.9198968486003899,-0.22073567824213922
-0.467,1.242,-0.467,-0.763,-0.644,-0.644,-0.061,-0.875,1.242,-0.875,-0.644,-0.874,0.418,1.242,-0.763,-0.644,-0.644,-0.686,-0.874,1.335,-0.061,-0.644,-0.875,-0.644,-0.644,-0.875,1.242,1.335,-0.467,1.242,-0.874,-0.061,-0.644,-0.644,-0.467,1.335,-0.763,-0.061,-0.686,-0.763,-0.686,1.335,-0.874,-0.875,1.335,0.418,-0.644,1.3161869793712846,-0.467,1.242,-0.875,-0.763,-0.7829537093284807,-0.874,-0.686,-0.755703620495842
-0.914,0.132,0.132,0.105,-1.137,0.912,0.447,-1.137,0.166,0.912,0.132,0.105,-1.137,0.912,-0.985,-0.914,-1.137,-0.985,-1.137,0.111,0.912,0.111,-0.914,0.166,0.132,-0.914,0.111,0.166,-0.484,-1.137,-0.985,-1.137,-0.914,0.166,-0.484,0.132,-1.137,0.132,0.447,-0.985,-0.484,0.111,0.105,-1.137,0.132,-0.914,0.105,-0.914,0.166,0.111,-0.985,0.166,-0.914,0.132,0.912,0.447,0.11637966235117814,-1.137,0.16571655052833026,0.4262439945025798,-1.002625898337961,0.456593444589106,-0.484,-0.9299974069048527,-1.1509745066648405,-0.9899230695598664,-0.9538972003276283
1.001,0.716,1.001,0.7,1.09,1.488,0.213,-0.913,0.7,1.001,-0.913,0.057,-0.913,-0.913,-0.354,0.057,0.7,0.716,1.488,-0.354,0.213,1.488,0.716,0.716,1.09,-0.194,0.7,1.488,-0.194,0.213,1.001,1.488,1.001,1.001,1.488,1.001,1.001,-0.913,-0.913,-0.194,-0.913,0.716,0.057,0.7056730482499398,1.001,-0.354,0.213,0.19316738441377773,1.488,0.9883161100000875,-0.3691480240081972,0.7265100995022868,0.7698482978655996,1.4738884679308608,1.0316615286719595,1.521493410829817,0.04744104125121204,-0.913
-0.523,-0.523,0.788,1.169,1.548,-0.523,1.548,1.492,0.791,-0.225,1.027,1.027,1.548,-0.225,-0.225,-0.523,0.791,1.548,-0.154,0.791,-0.154,-0.523,1.492,-0.154,1.027,1.169,-0.225,1.492,-0.154,-0.225,1.492,0.791,-0.225,1.548,-0.523,1.169,0.788,-0.148,-0.154,0.791,-0.523,1.492,1.548,1.492,1.169,1.548,-0.148,0.788,-0.523,-0.225,0.791,1.169,0.7712064341587037,0.774401050962941,1.548,-0.154,-0.5361904603628667,1.027,0.7977375439671843,1.1550586217616592,1.173706982633325,1.534012149707775,-0.236012203810118
0.579,0.644,1.482,-0.923,-0.26,1.482,0.644,0.579,-0.757,1.861,-0.26,-0.306,0.579,0.423,1.861,1.861,-0.901,0.644,0.579,-0.901,-0.757,-0.306,0.579,0.644,1.861,-0.901,-0.306,0.644,0.579,-0.306,-0.923,1.482,0.644,1.861,0.579,-0.306,-0.757,1.861,0.644,-0.923,-0.26,0.579,-0.923,0.579,-0.306,1.482,0.644,-0.901,1.482,-0.923,1.473564054378026,0.423,-0.757,-0.7711352238095297,-0.306,-0.9384354241182871,-0.3189929403633556,-0.29578851574798887,-0.9102769767140505,1.861,1.8482038744740286,-0.2559037275205449,-0.722000523188614,-0.26
0.951,0.2,0.16,-0.957,0.2,0.726,-0.957,0.2,0.2,-0.957,-0.957,0.2,0.951,0.272,-1.333,-0.957,-0.899,0.2,0.86,0.272,-1.333,0.2,0.16,-0.957,0.726,-1.333,0.2,-0.957,-1.333,0.726,0.951,-0.899,0.951,0.2,0.86,-0.899,0.951,0.16,0.805,-0.957,0.2,0.726,-1.333,-1.333,0.2,-1.333,-1.333,0.2,-0.899,-1.333,-1.3536736695106815,0.86,-0.957,0.272,0.726,0.16,0.2,0.26167897708440074,0.3091744493124614,0.14238529078109988,0.7177726158979799,0.18607218347616997
-0.562,2.007,1.655,-0.118,2.007,-0.118,1.763,2.007,-0.234,1.763,-0.234,-0.234,2.007,1.655,1.063,-0.562,1.763,-0.234,1.521,1.063,1.763,2.007,1.763,-0.118,1.063,1.655,1.763,1.063,-0.159,2.007,1.655,-0.118,1.521,1.521,1.521,0.443,2.007,-0.234,1.655,-0.234,1.763,1.763,-0.562,1.063,-0.234,2.007,2.007,1.521,1.997602139681508,-0.159,-0.234,1.763,1.5057001975680069,-0.24553578529143985,1.5464279069142624,1.063,1.0454042877608918,1.655,2.057465584898952,-0.19655412152556803,1.5626203079686647,0.443,2.1210589326108678,1.0764175953701716
1.598,-0.757,0.418,-0.757,-0.757,-0.753,-0.757,-0.98,-0.753,1.706,1.706,-0.753,-0.51,0.228,-0.789,0.418,0.207,0.418,0.228,1.598,1.598,1.706,-0.753,0.207,-0.51,-0.753,0.207,-0.51,-0.51,1.598,0.207,-0.789,0.418,-0.98,-0.757,0.418,1.598,-0.789,-0.98,0.418,0.207,1.598,-0.98,-0.757,1.598,0.207,1.706,1.706,-0.98,1.598,-0.757,0.207,0.418,-0.753,0.418,0.207,0.228,-0.757,1.706,-0.51,0.19252591082118714,1.598,1.6927844789586186,1.5830941657784583,0.4048847270422672,-0.789,-0.769649579064303,-0.7678236823812673,-0.5226991419196466
-1.035,0.038,-0.466,1.572,-1.054,-0.834,-0.834,-1.035,-0.466,-0.834,1.316,0.8,1.316,-0.394,0.038,-1.054,0.8,1.572,-1.054,1.572,-1.035,-1.054,2.485,1.316,-1.035,0.038,1.316,1.316,-0.466,0.8,-0.394,0.8,-1.054,2.485,2.485,0.038,-1.035,1.572,-1.054,-0.834,2.485,-0.466,2.485,0.8,2.485,2.485,-1.054,1.316,-1.054,1.572,0.8,-1.054,0.7846527488444489,0.8327039457746374,-0.834,-1.0686536826295643,-0.394,1.316,1.572,0.038,0.8554468672273771,-0.466,1.5535208120581723,0.9129811350078355,-1.035,-1.031955562887692,-0.4061608667728749,-0.39089268997639626
-1.027,1.372,1.495,1.495,1.497,1.495,1.372,-0.337,-0.337,1.497,-1.027,1.303,0.124,1.495,1.303,-1.027,0.14,1.497,0.624,0.14,1.495,1.372,1.497,0.124,-0.337,-1.027,1.689,0.14,0.14,1.372,-0.337,-1.027,0.624,0.124,-1.027,1.495,-1.027,-1.027,1.303,-0.337,1.372,1.497,-1.027,1.689,1.497,-0.337,1.303,1.372,1.689,1.689,1.303,0.624,1.495,-0.337,1.497,1.495,0.124,0.14,1.372,0.1067594659768835,-0.337,0.14222822147617487,1.3637029246305743,1.303,-1.027,-0.3531337176814313,0.17878184335212197,1.484769206207792,1.3984438264470314
-0.799,-0.607,-0.678,-0.678,-0.417,1.862,-0.607,-0.607,-0.799,-0.645,0.272,0.009,-0.645,0.272,-0.799,0.009,1.862,1.862,0.272,0.765,-0.678,-0.607,0.765,0.009,-0.762,-0.762,-0.417,-0.607,-0.607,-0.799,0.765,-0.607,-0.799,-0.417,-0.762,-0.417,-0.607,-0.417,0.272,0.765,-0.607,1.862,-0.762,-0.645,-0.607,0.765,1.862,1.862,-0.678,-0.607,-0.799,1.862,1.862,-0.762,0.272,-0.417,-0.678,1.850822673694295,-0.7763451983885739,-0.607,-0.645,0.2662777755180992,0.30518799597053425,1.8944455581959254,-0.6930619327512751,-0.42519209789113166,-0.799,0.34006853488787503
-0.932,-1.008,-0.8,0.14,-0.829,-0.8,0.882,0.854,-0.8,-0.8,-0.8,-0.932,-0.932,0.882,-0.428,-1.008,0.14,0.882,-0.371,-0.302,-0.829,-1.008,-0.302,-0.932,0.882,0.14,0.14,-1.008,-0.302,-1.008,0.882,0.882,0.854,0.854,-0.8,0.882,-0.8,-0.8,-0.932,-0.428,-0.829,-0.302,0.14,-1.008,0.14,0.854,0.854,-0.302,-0.8,0.14,-0.8,-0.815335216628831,-0.371,0.882,-0.385746516988014,0.8730877828533318,-0.428,-0.302,-1.008,0.854,0.8340341501911008,-0.440463952239305,-0.932,-0.829,0.8745903179084413,0.8865801031734531
-0.218,-1.11,1.576,-0.915,2.593,0.496,0.041,1.576,-1.11,-1.11,2.593,1.576,-0.298,-0.218,-1.11,1.576,-0.218,-0.786,2.593,0.496,-0.218,-0.218,0.496,-0.521,1.576,2.593,2.593,-0.218,2.593,-0.521,-0.521,-0.521,2.593,-0.915,-0.915,0.496,2.593,-0.298,-0.915,1.576,-0.915,0.041,-1.11,2.593,-0.298,-1.11,0.041,-0.298,-0.786,2.593,-0.786,-0.521,-0.218,-0.298,1.576,-0.2311401423837694,-0.1945825527570042,-0.786,-0.3114732825663719,-0.915,-0.9326919661983231,-0.9095183248599809,-1.11,2.593,0.496,1.564481712615195,0.4780149720670177,1.6066257250295617,-0.15039603854253478
-0.96,0.178,0.178,0.514,-0.96,2.278,0.178,0.697,2.278,0.071,-0.448,2.278,-0.96,-0.96,-0.448,-0.448,-0.96,-1.152,-0.448,-1.152,2.278,2.278,0.178,0.178,-0.372,2.278,-0.437,-1.152,0.071,0.178,2.278,0.178,0.697,-0.437,-1.152,0.514,-1.152,2.278,-1.152,-1.152,-0.448,0.514,-0.96,2.278,-0.448,0.697,-0.372,-0.38510395346666076,-0.96,0.071,-0.437,-1.152,0.514,0.178,0.062046570770427495,-0.4637582783536176,-0.3449446675239551
-0.251,-0.486,-0.486,0.377,1.143,-0.999,1.143,-1.085,-1.328,1.255,1.143,1.255,-1.085,1.255,-1.085,0.377,-1.085,0.377,-0.486,-1.328,-1.328,-0.999,1.143,-1.085,-0.999,-0.251,-1.328,-0.999,-0.251,-0.251,-0.251,-1.328,1.143,-1.328,-0.999,0.377,0.377,1.143,-1.085,-0.486,1.255,1.143,1.143,1.143,1.143,-0.999,-0.999,-0.148,-0.999,-0.999,-1.328,-1.085,1.143
-1.02,-0.786,-1.02,1.066,-0.217,-1.02,-0.786,-0.786,0.727,1.066,-0.294,-0.786,-1.02,-0.22,-0.786,-1.02,-0.294,-0.294,0.727,-0.294,-0.217,1.066,-0.867,-0.294,-0.217,-0.22,1.066,0.727,-0.294,-0.274,-0.217,-1.02,1.066,-0.217,-0.294,-0.867,-0.294,0.441,1.066,-0.867,-0.217,-0.274,1.066,-1.02,-1.043740674647575,-0.786,-0.22,-0.24549958973260722,-0.867,1.0578463498241277,-0.2851958668786108,-0.7968954625573187,-0.2537576380925815,-0.22816336607590568,-0.294,0.441,-0.8806440502894942,-0.7598414111334484,-0.8564820828456078,-0.2138315391626426,1.0905551900176482,1.11359670108666
-0.631,-0.631,-0.61,0.061,0.352,1.404,0.069,-0.941,-1.281,-1.281,-0.61,0.352,-0.61,0.069,-0.587,-0.941,0.352,-0.941,0.773,-0.941,-0.631,1.404,0.352,-0.587,-0.941,1.404,0.352,1.404,0.773,0.773,0.352,-1.281,-0.61,1.404,1.404,-0.941,-1.281,-1.281,-0.587,0.069,0.352,-0.61,-1.281,-1.281,-0.61,-1.281,1.404,0.352,1.404,-0.941,-1.281,-0.631,-0.631,0.773,-0.631,-0.587,-1.281,0.069,0.069,-0.941,-0.941,0.061,1.404,0.773,-1.281,0.352,0.069,0.3313652935422655,0.34903361394312504,-0.61,-0.941,0.3903849489437362,-0.9524079449436049,-0.619061086262148,-0.5835644428434972,0.758392880418242,0.05411805704477233,-0.901428407871006,1.3939612898574016,0.06830241071186577,0.7706980550241426,-1.291871213241499,-0.631
0.641,0.641,0.56,-1.203,1.55,0.641,0.641,-0.323,-0.519,-0.323,0.131,-0.323,0.641,-0.323,0.131,-0.408,-1.203,-0.519,-1.203,0.131,0.641,1.55,0.131,-1.203,-1.203,-0.323,0.131,0.641,-0.637,-1.203,0.641,0.131,0.567,1.55,-0.323,0.56,0.641,-0.637,1.55,0.641,0.56,0.567,0.641,0.567,0.56,-0.323,-1.203,-0.519,0.56,0.131,-0.408,-0.519,-0.5337984679483221,-0.637,-0.6503059095945408,-0.6102775149321755,-0.4194998686469761,-0.323,0.5470030543318096,0.567,0.5890163737800201,1.55,-0.564716696926231
-0.617,1.295,-0.479,0.353,1.295,-0.589,1.295,1.32,-0.617,-0.479,-0.617,0.353,0.906,-0.589,-0.308,-0.617,-0.589,1.295,-0.308,0.906,1.32,1.32,1.32,-0.479,0.112,0.353,-0.308,-0.589,1.295,1.32,-0.589,0.112,1.32,-0.308,-0.617,-0.589,1.32,-0.589,-0.386,1.32,-0.617,-0.617,1.32,-0.589,-0.617,0.353,-0.479,1.295,0.906,0.343310975381087,1.32,0.112,1.3029606113599805,1.2856741285323239,-0.48655725178850184,0.38295623579945876,0.09897680586290808,1.3287946420925436
1.557,0.1,0.985,1.557,0.591,1.859,0.878,0.591,0.591,-0.293,0.591,0.591,1.557,1.859,1.387,1.557,0.878,1.859,1.387,0.985,-0.293,0.985,0.591,1.859,1.859,0.1,0.591,0.985,0.985,0.418,1.387,0.418,0.878,0.878,1.859,0.13,1.557,1.387,0.878,0.591,1.859,0.878,0.418,0.985,0.985,-0.293,0.418,0.591,0.13,1.859,-0.293,0.1,0.985,0.591,0.13,1.859,0.9717283088531345,1.387,1.000115164088892,1.557,0.878,0.8643528017944089,1.5397740604445722,1.8464266707262977,0.08870827875888275
0.666,-0.694,0.363,-0.765,0.835,0.02,0.803,0.803,0.363,-0.765,-0.765,-0.694,0.803,0.02,0.363,-0.765,-0.765,0.803,0.02,-0.485,0.02,-0.694,-0.311,0.02,-0.485,0.666,0.02,0.02,0.803,-0.485,0.363,0.363,0.02,0.835,-0.765,-0.485,0.803,-0.694,0.666,0.803,-0.765,-0.311,0.835,-0.765,0.803,-0.694,-0.7096953147393413,-0.485,0.0,-0.311,-0.011187790220858989,0.666,-0.765,0.6549292573996927,0.835,0.02,-0.6703920729525519,-0.6351787770132175,0.006374685925642219,0.7895497022148542
-0.892,-0.887,-0.892,-0.738,2.475,-0.142,-0.892,-0.887,2.475,-0.738,1.586,0.171,-0.887,0.171,0.171,1.586,-0.142,-0.142,-0.887,0.062,-0.142,2.475,-0.41,-0.892,-0.738,2.475,0.062,1.586,1.586,0.171,-0.887,0.062,2.475,-0.398,-0.142,-0.892,1.586,-0.738,1.586,2.475,-0.738,-0.398,-0.892,-0.142,0.171,0.062,-0.9025315544819424,-0.8920719545965732,-0.15266052101338276,-0.738,0.16143294768557181,-0.7483961998352707,1.586,0.04707327686517025,-0.7371913216692653,-0.41,-0.11859585840542974
0.589,-0.699,-0.719,1.556,2.491,1.556,0.258,0.014,1.556,-0.719,2.491,0.258,-1.109,-1.109,-1.109,-0.579,-1.109,2.491,2.491,-0.699,2.491,-0.809,-0.699,0.258,2.491,-0.809,1.556,1.556,-0.719,1.556,0.589,-0.809,2.491,0.014,0.258,-0.579,0.014,0.589,-1.109,0.589,-0.699,-0.719,2.491,1.556,-0.809,0.589,0.5696032648024927,-0.8185206150989819,-1.109,0.6173996896387607,1.556,-0.699,-0.7283726394213833,0.014,0.258,-0.7879862000776708,-0.579,-0.719,-0.7350824323876939,-1.1224012435146182
-0.546,1.857,1.75,-1.031,-0.882,-0.433,0.714,-0.653,-1.031,-0.546,1.01,1.75,-1.031,1.75,1.857,1.75,-0.882,1.75,1.857,-0.546,1.75,-1.031,-0.497,-1.031,-0.433,1.857,1.857,1.01,1.01,-0.546,1.01,-0.497,-0.433,-0.653,1.857,-1.031,-0.433,1.75,-0.546,1.857,1.01,-0.546,0.714,-0.882,0.714,-0.546,-1.031,-0.5657146546379119,-0.5506539504045312,-0.433,-0.653,-0.6728247849514382,-0.497,-0.5263037314986502,1.01,-0.626566691104087,1.857,-0.449755557956302,0.714,1.840508395527886,-1.0455413823030324,-0.882,-0.8971845712332547,-0.5951511378093459,-0.5636072048243761
1.658,-0.575,-0.833,-0.833,1.658,1.658,0.806,-0.575,1.658,-0.575,-1.262,0.336,-1.262,-0.259,0.806,0.806,1.658,0.336,1.658,-0.833,-1.262,-0.47,-0.72,0.72,1.658,-0.833,0.336,-0.72,1.658,0.72,0.806,-0.575,-0.72,0.336,1.658,-1.262,-1.262,-0.833,-0.72,-0.47,-1.262,-1.262,-1.262,0.336,-0.72,-0.259,-0.47,1.658,0.806,0.72,-0.833,-0.72,1.6465333343887625,-0.575,1.686819801510085,-0.47,-0.259,-0.7333789433630724,-0.487426496278651,-1.262,-1.2775258504554234,-0.6952004786501205,-0.8459662773822694,0.7937285763185509,1.7037638282243213,-0.2678991001350431,-1.2234371338351522,0.84028813795999,-0.44910142492724325,-0.5881842674138495,1.7211564620696458
-0.197,-0.615,-0.98,-0.913,-0.45,-1.071,-1.3,-0.913,-1.193,-0.913,-1.3,-0.98,-0.45,-1.193,-0.197,-1.3,-1.193,-0.197,-1.3,-0.98,-1.071,-1.3,-1.193,-0.836,-1.3,-0.98,-0.836,-0.913,-0.615,-0.45,-1.193,-1.193,-1.3,0.068,-0.913,-1.071,-0.98,-0.197,-0.913,-1.071,-0.836,0.068,-0.98,-0.836,-1.3,-0.98,-1.071,-0.197,-0.836,-1.3,-1.071,-0.615,-1.3,-0.197,-0.836,-0.98,-1.193,-0.197,-0.197,0.068,-0.197,-0.197,-0.197,-1.193,-1.071,-0.615,-0.197,0.068,-0.98,-1.3,-1.314262162207631,0.05803617816921144,-0.6211181738966609,0.09191555141960786,-0.836,-0.913,0.13763310717313534,-0.2117217557894483,-0.9900644123539913,-0.5835475502123629
1.574,-0.218,1.447,1.447,1.49,-1.053,0.317,-0.218,1.574,-0.218,1.574,1.574,-0.659,1.447,1.574,-0.596,0.317,1.447,1.574,1.49,1.49,1.447,-0.659,1.574,-1.053,-0.596,1.447,1.574,-0.218,0.317,1.49,0.841,0.841,1.49,1.574,-0.596,1.574,1.49,1.447,-0.596,-0.218,-0.659,-1.053,1.447,-0.332,-1.053,-0.332,1.49,1.574,0.841,1.447,0.317,1.427000471564765,-0.218,-0.23758622534262386,1.49,-0.659,0.30290797384825124,1.5588360191177593,1.484812367285342,-0.596,-0.6162405202467045,0.35409900797853355,1.5145242688256215,0.8280779161059748,1.4740397464962625,-0.6722343435517023,1.5675860880901407,-1.053
1.285,1.232,-1.12,0.402,1.285,1.491,-1.12,1.949,1.491,1.232,1.491,1.357,1.285,0.265,1.491,1.491,1.232,1.491,1.03,1.357,1.949,-0.868,1.285,-0.868,1.03,0.265,1.03,0.402,-0.868,1.949,1.949,1.03,1.232,1.285,1.491,-1.12,1.285,1.357,-1.12,-1.12,1.232,1.03,1.949,1.232,1.285,1.03,1.949,1.949,1.491,1.357,1.285,0.265,1.232,1.949,1.9349530023253032,1.9753080950248483,0.265,1.357,1.9979710236959132,0.402,-0.868,1.285,-1.12,-0.883401823516794,2.0330448158945695,1.2710444545728805
-0.359,1.664,-0.199,-0.353,0.696,-0.199,-1.342,-1.342,-0.199,1.664,-1.342,0.757,-0.359,-0.199,-1.342,1.088,1.088,0.31,-1.342,-0.199,0.757,-0.642,0.696,-0.359,1.088,-0.642,0.757,1.664,-1.342,1.088,-1.342,-0.199,-0.353,0.696,-0.199,0.696,-1.342,1.664,-0.359,-1.342,0.31,-0.359,-0.199,-0.642,-0.353,-0.359,-1.342,-0.199,1.664,-0.37699060229421555,0.757,-0.21846919813149063,-1.3620872416375662,-0.3685440814089445,1.088,0.696,-0.642,0.747990869808977,1.0740715429811243
-0.723,0.886,-0.453,-0.99,0.886,1.932,-0.99,0.078,0.078,-0.318,0.886,-0.723,-0.764,-0.318,-0.212,-0.99,1.932,0.078,-0.99,1.932,-0.453,-0.764,-0.212,-0.318,-0.318,-0.453,0.926,0.886,0.926,-0.318,1.932,0.078,1.932,-0.453,0.926,-0.212,-0.99,-0.764,-0.453,-0.453,-0.212,1.932,-0.764,-0.318,-0.453,-0.99,-0.318,-0.723,1.932,1.9136504895212563,-0.7441624909269003,0.078,0.926,0.886,-0.46781654098019304,0.06492122176789275,-0.32585433802241537,-0.4381972834568403,-0.40078737411723536,0.10420472872171709,-0.764,0.9106778557265724,0.1308828702759695,0.8758487604462766,0.9390369637260831,-0.37822643667517847,0.9133433451825722,1.9492907258450511,-0.212
0.024,1.369,-0.547,-0.547,-0.784,-1.168,-0.547,0.402,0.402,1.082,-0.479,-0.784,-0.547,-0.547,0.402,-0.479,-0.673,-0.547,-0.673,-0.479,0.024,-0.547,1.082,0.024,-0.784,-0.479,1.369,1.369,1.369,0.402,-0.547,-0.835,-0.835,-0.835,0.024,-0.673,-1.168,-0.835,-1.168,0.402,-0.547,-1.168,-1.168,1.082,-0.784,-1.168,0.402,0.024,0.38410645601989085,-1.1767126210344672,-0.673,-0.479,0.011299064015839919,-0.4923578987306761,1.082,-0.6893317212873034,1.0631192255824893,1.369,0.4157809765700825,1.0808506248973677,0.44872178167296733,0.475893097173257,-0.547
-0.746,-1.129,-0.231,1.238,1.238,-1.129,0.67,-1.129,1.489,-0.746,1.489,-0.948,1.489,0.476,0.476,0.83,-0.746,-1.129,0.67,1.489,-0.948,0.83,-0.746,0.67,-0.231,1.549,1.238,-0.948,-0.948,-1.129,0.83,-0.948,1.489,1.549,-1.129,-0.948,1.549,-1.129,1.489,-0.746,1.489,1.549,-0.231,1.549,0.83,0.476,-1.129,1.489,1.489,1.238,0.67,0.6633956880712223,-0.746,1.489,1.4733449032133423,-0.7561802149923678,1.238,-0.7361324902110357,0.6997126354068623,1.230622898162124,0.83,0.8045548546472578,-0.6945847183639368,0.7529026189316406,1.507093863120248
0.169,-0.338,-0.338,1.128,0.938,0.938,-1.084,0.279,-1.211,-0.338,1.128,0.938,-0.738,0.938,1.128,1.699,-1.211,-0.738,-1.211,1.699,0.938,-0.338,-1.211,-1.084,-0.338,1.128,0.938,1.128,-1.084,-1.211,0.279,0.938,-0.338,1.699,0.943,-0.738,0.943,1.128,1.699,-1.211,1.699,1.699,-1.211,0.943,0.169,1.128,-0.338,-1.084,1.699,0.943,1.128,-0.738,0.938,0.279,-0.7519930992351709,1.115061550269394,0.931412385485063,-0.338,-0.35122974752216657,0.169,-0.33036949190091597,1.1510778154095977,0.1523516904771382,1.1854500138889938,1.699
1.261,1.261,-0.5,-0.269,0.222,-0.564,-0.269,-0.269,1.261,-0.269,-0.269,1.021,-0.564,0.222,-0.507,-0.793,1.021,0.222,-0.793,-0.143,-0.793,-0.793,1.261,-0.705,1.261,-0.564,-0.793,1.261,-0.5,-0.5,-0.5,1.021,-0.507,-0.269,-0.269,-0.793,0.222,-0.507,-0.564,1.021,-0.705,1.261,1.261,-0.5,-0.705,-0.5,1.021,-0.564,-0.143,-0.793,-0.705,-0.8075219453751469,-0.5,-0.15595100298816666,-0.778684495793533,-0.507,-0.7418621963603501,1.021,-0.6980141725760249,-0.269,-0.5145570080077393,-0.6785515403157044,-0.7179979970790014
0.729,0.748,0.729,-0.4,2.366,0.729,2.366,-0.4,0.729,0.748,-0.99,1.261,0.459,-0.141,-0.835,0.459,0.459,-0.4,-0.4,-0.4,0.459,-0.392,1.261,0.729,-0.99,2.366,-0.141,-0.835,-0.835,1.261,2.366,2.366,-0.835,0.729,1.261,-0.835,1.261,0.729,-0.99,-0.99,0.459,1.261,-0.99,-0.392,2.366,-0.141,0.729,-0.99,-0.4,0.748,1.261,0.729,2.366,-0.392,-1.0071297576900418,-0.39790694927673415,0.7363016715359914,-0.4119880784616574,0.720016687846592,-0.9722140427088185,2.3535275167562553
1.396,1.396,-1.062,-0.951,1.345,-1.005,-1.062,-1.005,-1.005,1.396,-1.005,-1.005,-0.951,-1.005,-0.429,-1.005,-0.712,-0.951,-1.062,1.396,-0.611,1.396,-0.611,-0.611,-0.611,-0.951,-1.062,0.503,-0.712,-0.623,-0.429,1.396,-0.712,1.345,-0.951,1.396,-1.005,-0.611,-0.623,1.345,1.345,-0.611,1.345,1.396,-0.611,1.345,1.345,-1.062,-0.712,-0.712,1.345,-0.712,-1.005,1.345,-1.062,-0.725639101359615,-0.623,-0.6911213822018529,-0.429,-0.951,-0.6346463206974576,-0.4432111618834373,-1.0184360038030273
1.405,-1.078,0.822,0.822,-0.607,-0.67,0.164,-1.013,1.405,-1.013,-0.607,0.822,0.28,-0.607,0.28,-0.265,-1.078,1.405,-0.607,-1.078,-1.013,-0.265,-1.078,0.822,-0.265,0.28,1.405,-0.67,-0.607,-0.36,0.28,-0.67,-0.36,-0.265,-1.013,1.405,-1.013,-0.36,0.164,0.28,0.28,-1.013,-0.67,-0.36,-1.013,1.405,1.3881591620806626,-0.265,1.402816192097166,-0.36,-1.078,1.4422450381238985,-0.607,-1.0903784995349948,1.4922849656410766,-0.67,-0.6169936687790406
-0.431,-1.214,-0.421,-1.214,-1.214,-0.648,-1.214,-0.607,-0.431,0.862,-0.431,0.431,-1.214,-0.431,-0.421,-0.691,0.431,-1.214,0.431,-1.214,-0.691,0.789,-0.431,-0.607,-0.691,-0.607,-1.214,0.407,-1.214,-0.691,0.862,0.789,-0.607,0.789,-0.607,0.789,0.789,0.407,-0.691,-0.648,-0.691,-0.648,-0.607,-1.214,-0.648,-0.607,-0.607,0.862,-0.607,-0.648,-0.6607370874883746,0.789,-0.691,0.407,-1.214,-1.228959633168785,0.862,-0.7022346396295495,0.431,-0.6666127904531576,0.7776353114386267,0.4177382581389941,0.8467462457091136,-0.6402114003028193,-1.1882583364794734
-0.733,0.137,0.137,-0.852,-0.719,-0.276,-0.719,-0.733,-0.759,-0.719,-0.313,-0.733,-0.313,2.126,-0.313,-0.759,2.126,-0.759,-0.571,-0.276,0.465,-0.313,0.465,-0.276,0.465,0.465,-0.733,2.126,-0.571,2.126,2.126,0.465,-0.852,-0.733,-0.313,-0.733,-0.719,-0.852,-0.733,-0.852,0.465,-0.313,-0.276,-0.759,0.137,-0.733,-0.759,-0.719,2.126,2.126,-0.733,2.126,-0.313,-0.852,-0.276,-0.733,0.137,-0.32624888020368464,0.12743744429527318,-0.759,-0.571,-0.8679774502983668,2.126,-0.31118365928901603,-0.5892524734524522,2.1136796751838407,2.131735683630192,0.465,-0.769493978469401,-0.8214798464458173,-0.7423695408607938
1.359,1.198,0.342,0.061,0.562,1.607,1.607,0.061,-0.85,-0.888,-0.888,-0.888,-0.888,-0.888,0.562,1.359,1.607,0.342,1.607,0.342,-0.85,-0.937,-0.937,-0.937,-0.85,-0.888,0.061,-0.85,1.359,1.198,-0.85,0.562,-0.888,1.198,1.607,-0.85,-0.937,1.607,-0.487,1.359,-0.888,-0.937,0.562,0.061,1.359,0.562,0.061,-0.487,-0.937,0.562,1.359,0.061,1.607,0.043751363106965965,-0.85,1.198,-0.9468846768958902,0.5508510015197196,-0.487,0.07692344295158934,-0.888,-0.9041431641783577,1.3485329701535174,-0.8774045113995724,1.3937654861704394,-0.49761955041302314,1.4172653612961996,1.5958546801666706,-0.8435850301712039
1.386,1.386,0.494,0.494,0.71,0.494,-0.911,-0.817,-1.048,-0.631,-0.911,-0.15,-0.692,-0.911,0.246,0.71,-0.911,1.386,0.246,0.246,0.246,-0.15,1.386,-0.15,-1.048,-0.911,0.246,-0.817,-0.911,0.246,0.494,1.386,-0.817,-1.048,0.494,-0.631,-0.911,0.494,-0.911,-0.817,0.71,-0.911,0.246,-1.048,-0.631,-1.048,-0.692,1.386,-0.15,0.494,0.71,0.246,-0.631,-0.692,1.3694204232665346,-0.6420535904825788,-0.911,0.6954106563129225,0.7288289121090122,0.2346336244646688,0.2768854655661468,-0.16545564748487876,-0.705148382477778
-0.685,1.402,1.352,1.402,-0.658,0.318,1.352,1.402,1.352,-0.849,-0.685,1.168,-0.849,-0.998,1.352,-0.672,-0.672,-0.998,-0.685,-0.849,-0.654,-0.672,-0.998,-0.672,1.168,1.402,-0.685,0.318,1.402,-0.685,-0.849,1.402,-0.998,-0.654,1.352,-0.998,-0.998,1.402,-0.658,1.402,1.168,-0.685,1.402,-0.849,-0.685,1.352,-0.658,-0.849,1.402,1.402,1.352,-0.654,-0.6689642013367729,-0.658,-0.685,1.168,-0.672,-0.6859402231684077,1.333831963060839,-0.6672362474808492,1.3916812556178475,-0.6297725794682747,1.3631732853136207,-0.849,-0.5876733713281697,-0.5609818591331694,-0.998,-0.6382935857682718,-1.0132126716649965,-0.8616521038667871
-0.979,-0.979,0.566,0.109,-0.968,0.435,-0.979,0.391,-0.968,0.391,-0.032,-0.968,-0.968,0.794,-0.032,-0.251,-0.032,0.391,0.435,-0.968,0.435,-0.979,-0.032,-0.032,0.109,-0.979,0.391,-0.979,-0.979,-0.251,0.566,0.566,-0.251,-0.251,0.391,-0.032,0.109,-0.371,0.794,0.391,-0.968,0.391,-0.032,-0.968,0.566,0.391,-0.979,0.109,0.109,-0.979,-0.032,0.435,-0.371,0.10524680517316067,-0.968,0.566,0.4217462643156627,-0.251,0.44544216156144845,0.794,0.7786826334662682,-0.04253986491561154,-0.2566756567743292,-0.20224228209117825,-0.17005705811930336,0.49023482348466113
-1.187,-0.739,1.398,-1.187,-0.176,-0.739,1.877,-1.187,-0.676,0.143,-0.676,-1.187,0.112,-1.187,-1.187,1.877,-0.056,-0.056,-0.676,-0.176,-0.676,-0.056,0.143,1.877,0.801,-1.187,-0.676,0.801,0.112,-0.739,-1.187,1.398,-0.056,1.877,-0.739,0.112,-0.676,1.398,1.398,-0.676,-0.676,0.112,-0.056,0.112,1.877,1.877,-0.676,-0.176,1.877,0.801,-0.739,-0.7505559979699177,1.877,-0.176,0.112,-0.18834051483572634,1.859419912011217,1.398,-1.187,0.10162007373706308,1.3849133019386641,-0.676,-0.7266283623264338,-0.1550654490310537,-0.056,0.7846483601472173
-1.022,0.148,-0.246,-1.022,1.359,0.148,-0.744,-0.744,-1.022,0.148,0.632,0.148,-1.022,-0.571,0.352,-0.571,-0.246,0.633,1.359,0.632,0.148,-1.022,0.633,0.352,-0.183,0.633,0.633,0.632,-0.246,-1.022,-0.246,0.352,0.148,0.633,0.632,1.359,1.359,-0.183,-0.246,0.632,0.632,0.632,0.632,-0.183,-0.744,-1.022,0.352,-0.744,0.148,0.1350802721501736,0.16641571964112664,-0.752967450620628,-0.246,0.2013874768594731,-1.022,0.23702856561570612,-1.0363646723845814,-0.2597114822195888,-1.015663859390044
0.854,-0.632,-0.632,-0.076,-0.632,-0.553,0.323,1.783,-0.553,2.339,0.854,-0.553,-0.076,-0.076,0.854,2.339,2.339,-0.613,0.854,1.783,1.259,0.854,0.549,1.783,1.783,0.323,1.259,1.783,0.323,-0.553,0.549,1.259,1.259,-0.076,-0.076,-0.632,0.549,1.783,2.339,-0.613,0.549,0.549,2.339,0.549,-0.553,-0.076,0.549,-0.076,0.854,2.339,0.323,0.549,1.259,0.323,-0.613,0.5309537686215,-0.632,0.854,0.5561999041218477,-0.553,-0.5661346698330457,-0.6283530816035985,1.783,1.7636554976813155,0.840647960045849,1.2441096261484061,1.7984066427468324,0.31539221712477694,0.33160926904196286,2.339,-0.64492844214821
-1.119,-1.119,0.4,-0.889,1.723,-1.119,-0.821,-1.114,-1.119,-0.392,1.723,-1.114,-0.821,0.458,-0.706,-0.706,1.723,1.723,-1.114,1.723,1.723,-0.821,0.458,-0.889,0.4,-0.889,0.4,-1.119,-0.706,0.458,-0.706,-1.114,-1.114,-0.889,-0.889,0.458,-0.821,-0.821,-0.821,-0.821,-0.392,-0.889,-0.9019607494435498,0.4,-0.8761566090534414,-0.3986243058155574,0.0,0.38516229573482397,-0.8337441536378672,-1.114,-0.01595764015130713,0.018298635430388052,-0.706,-1.119
1.371,0.556,-0.411,-0.399,-0.768,0.556,-0.641,-0.536,1.371,-0.838,-0.399,-0.641,-0.399,1.371,-0.778,1.371,0.556,-0.768,-0.641,-0.536,1.371,-0.768,-0.536,-0.399,1.816,-0.536,1.816,-0.778,1.371,-0.768,1.816,1.816,-0.641,-0.641,-0.641,-0.536,-0.399,-0.768,1.816,-0.536,0.556,1.816,-0.778,0.556,0.556,0.556,-0.838,-0.399,-0.641,-0.838,-0.399,-0.838,-0.536,-0.399,1.816,0.556,0.556,1.816,-0.536,-0.5515037299215122,1.371,-0.399,-0.768,-0.4164307206418481,1.3616527482881904,-0.838,-0.501674345722948,-0.8490544737352721,-0.8186562055573876,-0.37825072992343717,-0.7790243259157764,-0.3385714027760909,-0.411,-0.4763363344864021,-0.7847361343150673,-0.2888050631812824,0.5471340411031447
1.493,1.37,-1.086,0.546,-0.658,1.493,1.261,-1.086,-1.086,0.546,-0.295,1.493,1.261,1.261,1.204,-0.658,-0.295,-0.295,0.546,1.204,1.493,-0.219,1.204,-0.219,-0.658,1.261,1.261,1.37,-0.295,1.261,-1.086,-0.06,-1.086,-1.086,-0.658,-1.086,1.261,-0.219,1.204,1.493,-0.295,-0.658,1.37,-0.295,1.37,-0.219,1.493,1.37,-0.219,0.546,-1.086,1.261,1.2472622415941161,1.493,-0.295,-1.0995864785592737,-0.658,1.3585131439053955,-0.06,-0.30830892572482416,1.204,1.19042549748634,-0.2294376052934354,0.5271449024111863
0.419,-0.909,-1.235,0.939,0.026,-0.21,-1.048,-0.909,-0.065,-0.909,0.419,-0.909,-1.235,-0.21,0.423,-0.154,0.419,-1.048,0.419,-0.154,-0.065,-0.909,-0.065,0.419,-0.065,0.419,-0.909,-1.048,-1.048,-1.235,-1.048,-1.235,-1.235,-1.235,-0.065,0.939,-1.235,0.423,-0.21,0.939,0.419,0.423,0.026,-0.154,-0.065,0.423,-0.909,-0.154,-1.048,0.419,0.939,0.4000448582896703,-1.0638740559211022,-1.0102929458301182,0.9265024957363219,0.423,-0.9713970136474092,0.4320236146673639,0.026,0.01159829052173989,0.4706859393035231,-0.21
-1.132,-0.976,-0.879,1.049,1.049,-0.904,-0.976,-1.132,-0.976,-0.404,-1.132,0.296,-0.666,-0.904,-1.132,-0.976,-0.666,-0.976,-1.132,-0.423,-1.132,-0.904,-0.879,0.296,0.037,-1.132,-0.879,-0.976,-0.404,-0.976,-0.404,1.049,-0.879,-0.404,-0.879,-0.879,-0.423,-0.976,-0.904,-0.976,-0.976,-0.879,-0.666,-0.666,0.037,-1.132,-0.666,-1.132,-0.904,0.296,-0.423,-0.9173190342217512,-0.976,-0.9910332875765511,-0.404,-0.9079795139802858,-0.8897977597414402,-0.879,-0.8583168353912406,1.049,1.0338123238781833
-0.855,-1.074,0.17,-0.045,-0.905,-0.127,-0.905,-0.045,-0.663,-0.905,-0.905,-0.663,0.814,-0.127,-1.074,-0.045,-1.074,0.814,0.17,-1.074,-0.045,-1.074,-0.663,-0.045,-0.045,-0.855,-0.855,-0.905,-0.127,-0.905,-0.045,0.814,-0.045,-1.074,-0.905,-0.855,-0.905,0.17,-0.127,-0.045,0.0,-1.074,0.0,-0.05592324270606155,-0.905,-0.855,-0.135739289049653,-0.9205977924903868,-0.018330149026090148,0.16335493267052867,0.2008990333716639,-0.008803913583930128,-0.8659542761595602,-1.0880594895789513
-1.194,0.484,1.212,-0.73,0.484,2.537,0.484,2.537,1.212,-1.194,-1.194,2.537,2.537,-0.626,0.268,-0.528,1.404,2.537,2.537,0.484,1.212,1.522,0.268,-0.528,2.537,1.522,2.537,1.212,-1.194,-1.194,1.404,1.212,-0.626,0.484,1.212,-0.528,0.268,-1.194,-0.528,2.537,-0.626,1.522,1.522,-0.626,1.404,-0.626,1.212,0.268,-0.528,-0.528,1.522,-0.626,0.268,-1.194,2.537,1.404,2.537,-0.73,0.484,-1.194,1.404,0.268,-0.626,-0.528,-0.73,1.522,-0.5437390152422824,-1.2072925041948661,-1.1734520883365651,2.537,1.212,-0.7400334438729861,0.46998834868823425,2.5165542284499165,0.5174322688017968,0.2549518931713166
-0.911,-0.757,-0.757,-0.653,-0.725,0.247,-0.068,-0.628,-0.757,-0.757,0.247,-0.311,0.247,-0.628,-0.628,-0.725,-0.653,-0.311,-0.725,-0.911,-0.068,0.247,-0.725,0.247,0.247,0.247,-0.628,-0.56,-0.757,-0.56,-0.56,-0.311,-0.725,0.247,0.247,0.342,-0.757,-0.56,-0.911,-0.725,-0.725,-0.56,0.342,-0.725,0.342,-0.757,0.342,-0.911,-0.911,-0.068,-0.757,-0.911,-0.757,-0.757,-0.653,-0.56,0.247,-0.653,0.22535800209909979,-0.911,-0.725,-0.311,-0.7370121714289606,-0.922403625636316
-0.043,0.774,0.076,-0.947,0.774,0.774,0.319,-1.025,-0.947,0.319,0.076,-1.025,-1.171,-0.569,-0.043,-0.125,0.076,-1.171,0.076,-0.947,0.53,0.53,-0.125,-1.171,-1.171,-0.125,-0.947,-0.947,-0.947,-1.025,0.53,-0.947,0.319,-1.171,-0.043,0.319,0.319,-0.125,-0.569,-0.947,-1.171,-1.025,-0.043,-1.025,-0.947,-0.125,-1.171,-0.1388006450612722,-0.569,-1.1844281241363062,0.774,-0.9547722998415258,-0.043,0.53,-0.9127779267656789,0.076,0.5152006922228582,0.319,0.5372039437721313,0.3051740876465422
1.633,-0.731,1.633,0.91,1.111,-1.041,-0.731,-0.513,1.923,-1.041,1.111,1.923,-0.731,1.633,1.923,-0.513,-0.731,-0.205,-0.521,-1.041,-0.513,-0.731,-0.731,-0.513,-0.731,-1.041,-0.084,-0.084,-0.084,1.923,-0.084,-0.084,0.91,1.923,-0.521,1.633,-0.513,-1.041,-1.041,-0.731,1.923,-1.041,1.111,-0.731,1.923,-0.205,-0.084,-0.731,-0.205,-0.731,-0.731,-0.513,-0.731,-0.5316636351061023,-1.041,1.633,-0.521,-0.49407814761009156,-0.7456237303408673,-1.0517700354354045,1.111,-0.4453598219604885,-0.4143244656178344,1.923,-0.7115616244929733,0.91,-0.53431744254496
0.04,-0.997,1.023,0.41,0.04,0.445,1.023,0.41,-0.861,-0.834,-0.997,0.04,0.41,1.193,1.193,0.713,-0.468,0.41,0.41,0.445,0.04,0.41,-0.468,-0.861,1.193,0.41,-0.997,0.445,1.023,-0.834,0.41,-0.834,-0.834,0.445,-0.861,0.04,0.445,0.41,-0.997,0.41,0.41,0.41,-0.997,-0.997,-0.834,-0.861,1.023,-0.861,0.445,-0.997,-0.834,-0.997,1.023,1.023,0.41,0.04,0.713,-0.468,-0.861,0.700438764176965,1.0069602572619525,-0.834,-0.8497285887414698,0.02641443877705403,0.032110085063860136,1.0511761990365573,-0.997,0.445
-0.43,-1.074,1.503,-0.133,-1.136,-1.303,-0.133,-0.43,0.789,-1.303,-1.074,-1.136,-1.303,1.503,-0.43,-1.303,-1.303,-1.074,-1.303,-0.133,0.789,-0.43,-1.303,-0.133,0.789,-0.133,-0.133,-1.136,-1.074,1.181,-1.136,-1.136,-0.133,1.181,0.736,-1.303,-1.303,1.503,0.752,0.752,-0.133,-1.303,1.503,-0.43,1.503,-0.43,-0.43,1.181,-1.136,-1.136,-1.074,0.789,0.7785937629150779,-0.133,-1.074,1.503,-0.14977004093234797,-1.303,-0.43,-0.11133469186896588,0.736,-1.136
-0.213,-1.089,-0.787,-0.409,-0.787,0.258,-0.787,0.258,0.258,-0.213,-0.213,-0.409,-0.828,-0.213,-0.213,-0.213,1.024,-0.828,0.258,-0.213,-0.828,0.258,1.024,-0.213,0.258,-0.409,-0.213,-1.089,-0.213,-0.828,-0.409,-0.409,-1.089,-0.177,-0.34,-1.089,-0.213,-1.089,0.405,-1.089,1.024,0.258,-1.089,-0.409,-0.409,0.258,-0.34,-0.787,1.024,-0.3583569260627346,-0.31498179503096,-1.089,-0.177,-0.19998278646919443,-0.41854053873714536,-0.828,-0.7978199468989394,-0.8439413490720342,-0.213
2.096,1.079,-1.179,2.096,0.702,-1.179,-0.329,1.079,2.096,-0.329,2.096,1.637,0.702,-1.179,-1.179,0.178,-0.816,-1.179,0.178,-0.816,0.702,0.028,0.702,2.096,-0.329,-0.329,-1.179,-0.744,1.637,-0.329,1.079,1.637,2.096,2.096,-0.744,0.178,0.028,0.178,0.178,0.178,-0.816,-0.329,1.079,-0.744,-0.744,-0.816,2.096,0.178,-0.744,-1.179,-0.744,1.637,1.637,-0.816,1.079,0.702,-0.329,-0.744,0.028,2.096,1.6261030008752149,-0.7557629828682112,-1.179,-1.202658675274815,0.178,0.1556365151562209,-1.1602191425066735,1.0685669207176989,1.65974283630786
-0.061,0.93,1.504,-1.07,-0.32,-1.07,1.504,1.604,1.604,1.604,1.504,1.504,0.912,-0.32,0.234,0.234,-0.32,0.797,0.912,0.93,1.604,1.504,-1.07,0.93,0.234,-0.32,-0.415,-0.061,-1.07,-0.061,0.93,-1.07,-0.061,0.912,0.797,0.912,0.93,0.234,0.93,0.912,1.604,0.797,-1.07,-1.07,0.234,-0.415,-1.07,-1.07,1.604,-0.32,1.5919333757477039,-0.061,1.504,0.234,-0.07732999778247741,0.797,-0.3315015087936535,0.7842637797027481,-1.0818519567463503,0.912,-0.30009018389330966,1.491910784883176,0.8229106366489978,0.8633233894412814
-1.021,-0.045,-0.246,-0.673,1.145,-1.021,1.954,-0.246,1.954,1.747,-0.045,-0.673,0.325,-0.673,1.145,1.954,0.221,-0.045,0.221,0.221,0.325,-0.246,1.747,-0.045,-0.045,-0.045,1.954,1.145,1.747,1.747,-1.021,1.747,0.221,-0.758,1.747,-1.021,-0.758,1.747,-1.021,-0.246,1.747,-0.758,-0.673,-0.045,0.325,1.954,0.325,1.954,1.145,-0.246,-0.673,1.747,0.325,1.145,1.747,1.954,1.1325776887426091,0.3106657150327125,0.221,-0.045,1.7344356902749825,-0.673,-0.758,-0.690512179965689,1.9437723972456202,0.2116709305963221,-0.7704863603988543
0.753,0.397,0.782,-0.718,0.782,-0.718,-0.619,-1.312,-0.027,-0.027,0.782,-1.312,0.753,1.146,-1.312,1.088,1.146,-1.312,-0.718,-1.312,-1.312,-0.718,-1.312,-0.619,-0.027,-0.718,1.088,1.088,0.259,0.753,1.088,-0.027,0.753,-1.312,0.397,0.259,0.782,1.146,0.753,1.146,0.782,-0.718,0.782,-0.718,0.259,-0.619,1.088,0.259,1.088,1.146,1.073545903450127,0.397,0.24671954160441997,-0.027,0.753,-1.312,0.782,0.7377238738863758,0.7772037112428106,0.7698570389992697,0.7999433812064953,0.8223127929141679,0.2938074786154716,0.3213519969491263,-1.3263124416572587
-1.304,-0.901,-0.035,-1.304,-0.257,-0.96,-0.35,-0.901,0.092,-1.394,-0.901,0.871,-0.96,-1.394,0.092,-0.035,0.871,-0.901,-1.304,-0.257,-1.394,0.871,-0.35,-0.257,-0.96,-0.96,-1.394,-0.35,-1.304,-0.35,-1.304,-0.035,-0.901,-1.394,0.871,-1.304,-1.394,-0.035,0.871,-1.304,-0.35,-1.394,-0.257,-0.96,-1.394,0.871,-0.035,-0.96,-1.394,0.0,-1.394,-0.01716614236630743,0.01158827060265932,-0.35,0.871,-1.304,-0.901,-1.323821066779848,0.07043874188338423,0.8612814154669937,-0.9200465445257273,0.12646383304491762,-0.257,0.16333918139371462,0.092,0.07318811287442425
-0.852,-0.688,-0.852,-0.649,-0.479,-0.585,0.962,0.964,-0.852,0.585,-1.05,-0.688,-0.852,-1.05,0.964,-0.585,-0.645,0.964,0.962,0.964,-1.05,-0.688,-0.852,0.962,-0.645,-0.649,-1.05,-0.585,0.585,0.964,-0.649,-0.852,-0.688,-0.688,0.964,0.962,-0.649,-0.479,-1.05,-0.852,0.585,-0.645,-0.645,0.962,-0.585,-0.649,-0.6617957969120298,-0.479,0.585,-0.48694079503940846,-0.6287950420751737,-0.852,-1.05,0.964,-1.0668826052932212,-0.5988786611841551,-0.688,-0.45232198608628776,-0.645,-0.7014596423432933,-0.5551986968730614
-0.157,0.774,1.992,-0.157,-0.71,-0.09,-0.157,-0.008,-0.71,-0.307,-0.008,-0.307,-0.839,-0.839,-0.83,-0.839,-0.71,-0.839,1.992,0.774,0.774,-0.839,-0.307,1.992,-0.83,-0.008,1.992,-0.008,1.992,0.774,1.992,0.774,0.739,-0.008,-0.83,1.992,-0.83,-0.839,-0.008,-0.71,-0.157,-0.307,0.739,1.992,1.992,0.774,-0.83,0.739,0.739,-0.307,-0.839,-0.3214116174818929,-0.8558049845195258,-0.71,-0.8182599720474875,-0.157,-0.09,0.739,0.7183195405014253,1.992,-0.1714805012263895,-0.008,0.7425619194105997,-0.29313213990140197,-0.2786757822880612,-0.7202157353216491
1.275,0.6,-0.246,-0.246,-1.011,-0.433,-0.227,-1.011,-0.246,0.6,-0.38,-0.246,0.6,-0.227,0.369,-0.986,-1.011,-0.38,1.275,-0.433,1.514,1.514,-0.38,-1.011,0.369,-0.38,1.275,-0.227,1.275,0.6,1.514,-0.38,-0.227,-0.38,1.514,-0.38,1.514,-0.38,0.6,-0.433,-0.986,1.514,-0.986,-0.38,-1.011,-0.38,0.6,-0.986,-0.433,1.514,-0.433,-0.246,1.514,-1.011,-0.38,-0.4478679284882944,-0.986,0.369,-1.0244747617039793,0.35771044850503103,-0.416435663801023,-0.3901215753709597,1.5016022354409218,-0.3973800840726067,-0.3627606451067327,1.275,-0.2617112809822262,-0.9956053954878977
-1.229,-0.459,-1.229,-0.692,-0.807,-0.459,-0.807,0.934,0.996,0.4,-0.459,0.888,0.888,-0.692,0.888,0.709,0.709,-1.229,-0.807,-1.229,-1.143,-1.143,0.888,-1.143,0.996,-0.807,0.709,-0.807,0.888,0.888,0.709,-1.229,0.4,0.888,-1.143,-1.229,-0.459,0.4,0.996,0.4,-0.459,0.4,0.996,-0.807,-0.807,-0.692,0.934,0.4,-1.143,-1.143,-0.459,-0.459,-0.459,-1.143,0.4,0.888,-0.692,-1.229,0.8746477330633143,-1.143,-0.459,0.934,-0.807,0.9220984509104421,0.9608829413432972,0.709,-1.240330186628922,-1.1564099095881095,-0.8149133108518308,-1.126472025037698,-1.132553336083402
-1.184,0.205,1.43,1.275,0.4,1.275,0.4,0.033,0.281,1.275,-0.582,-1.184,-0.849,-0.582,0.281,-0.784,0.4,1.43,1.275,0.033,0.205,-1.184,-1.184,1.43,-0.582,0.033,0.205,1.43,0.033,0.281,0.281,-0.849,0.205,-0.784,-0.784,1.275,0.205,-0.582,1.275,0.4,-0.784,0.281,0.4,1.43,0.033,-1.184,-0.582,-0.849,1.275,-1.184,-1.184,0.033,0.205,-1.184,1.275,-0.849,0.018278039855063606,0.19484832515237288,-0.784,0.4,-0.8600288544064906,-0.7967632697693829,0.3806431937807278,0.21319671688076516,0.419446753706787,-0.7595576736289261,-0.7457469627094064,0.281,1.43,0.049924675060472684
-0.669,-0.669,-0.251,-0.877,1.817,1.395,-0.884,-0.478,-0.877,-0.669,1.56,-0.775,-0.884,-0.478,1.56,-0.884,-0.06,1.817,1.817,-0.478,1.817,-0.478,-0.884,1.56,-0.669,-0.877,1.56,-0.669,1.395,1.817,-0.877,-0.478,1.817,-0.669,1.395,-0.775,1.395,-0.884,-0.775,1.817,-0.775,1.56,-0.669,-0.251,1.395,1.817,-0.478,1.817,-0.478,-0.669,-0.684087676141524,1.395,-0.884,-0.877,-0.775,-0.49096043444923054,1.817,1.56,-0.7885563006835412,-0.06,-0.08584803420705825,-0.6574076173144551,-0.6227982510739339,1.547432445826956,-0.8914126135101994,-0.893457988659829,1.5878246467603405,-0.7558825433271691
-0.254,1.446,1.446,-0.625,0.966,1.497,-0.52,-0.52,1.129,1.446,0.966,-0.52,1.497,-0.81,1.446,-0.254,1.129,-0.625,-0.52,1.446,-0.52,1.497,-0.52,0.774,-0.81,-0.625,1.129,0.774,0.966,-0.253,0.774,-0.52,1.129,0.774,-0.81,-0.81,-0.254,1.446,-0.52,-0.625,1.446,-0.254,1.129,-0.81,0.966,1.497,1.446,1.497,-0.625,1.480801128912898,1.129,1.435920486137404,1.5223291668939363,1.1124498085564218,1.5744470824507164,-0.253,1.6160483165357893,1.6594421372522734,1.1455951363542292
0.885,-0.507,0.294,0.294,-1.026,-0.16,0.885,-0.751,-0.131,-0.719,-0.131,-0.751,-1.026,-0.507,-0.719,-0.16,0.294,-0.16,-0.131,0.294,-0.131,0.885,0.885,-0.751,-0.16,0.885,0.885,-0.131,-0.719,-0.131,-1.026,-0.751,-1.026,-0.507,-1.026,-0.507,-0.719,-0.16,0.885,-1.026,-0.719,0.885,-0.16,-0.507,-1.026,-0.719,0.885,0.885,-0.131,0.885,-1.026,-1.026,0.885,-0.16,0.885,-0.507,-0.719,0.294,0.0,-0.16,-0.131,-0.7307444525497828,0.885,-1.026,-0.017306467707737742,-0.507,0.885,0.04096238483982884,-0.14570243873127026,-0.6883346366226638,-1.0380820740213657,-0.5203514171991648,-0.751,0.06441363745771625
2.341,0.582,1.38,2.341,0.703,0.713,0.703,0.703,2.341,-0.162,1.38,-0.162,2.341,0.713,-0.914,1.039,-0.914,-0.094,0.713,1.039,2.341,0.703,-0.843,-0.094,-0.162,1.039,-0.843,-0.843,2.341,-0.843,1.38,-0.843,2.341,0.703,1.38,0.703,2.341,0.703,1.38,-0.914,-0.162,-0.843,1.38,0.582,-0.914,-0.843,1.039,-0.094,2.341,0.703,-0.1092336857966418,1.3678906486667233,1.0223655651157246,2.3290315848466028,0.6957970652958174,-0.162,-0.18048447278361715,1.4160307709359867,2.3492439510637815,-0.9222600062978598
-0.44,-0.626,-0.626,-1.079,1.415,1.415,0.484,-1.079,-0.668,1.102,1.415,1.102,1.102,-0.44,-0.177,1.325,-1.079,-1.079,-0.668,-1.079,-0.626,-1.079,1.325,-0.44,1.415,-0.355,-0.44,-0.44,-0.626,-0.355,1.102,1.102,1.325,1.415,-0.44,-1.079,-0.177,1.415,1.102,1.102,-0.177,-0.355,1.325,-1.079,1.0831756897775782,-0.626,-0.1950802847804331,-0.16796039935545706,-0.44,-0.13061177292623843,-0.36469075228446485,1.415,1.310746783519765,0.484,1.115839503527364,1.402404846906696,0.4720802267992251
0.009,-1.128,-0.535,-0.529,-0.529,-1.128,-1.128,-0.914,-0.844,-0.914,-1.128,0.937,-1.128,0.606,-0.844,0.009,-0.535,-0.599,0.726,0.726,0.606,0.726,-1.128,0.726,-0.914,0.726,0.009,-0.844,-1.128,0.009,0.726,-0.599,0.726,0.009,-0.535,-0.844,-1.128,0.726,-0.914,0.937,0.606,-0.914,-1.128,0.606,0.726,0.009,-0.599,-0.535,-0.007548167489644616,-0.914,0.7114080333502215,0.03194457563866761,0.7412140128541976,0.937,-0.844,0.5910148559260806,0.9217253913290404,-1.128,0.7827009565122579
-0.464,-1.089,0.448,-1.089,-0.464,1.08,-1.089,-0.969,-0.464,1.856,-0.453,-0.453,1.08,-0.645,-0.453,-0.969,-0.73,-0.645,-0.73,1.856,1.856,-0.645,-0.453,-0.464,-0.969,-0.453,-0.453,-0.464,-0.73,-0.73,-1.089,-0.453,-0.453,-0.645,-0.969,0.234,-1.089,1.08,-0.453,1.08,1.856,0.234,-1.089,-0.969,1.08,-0.645,-0.6612090965676981,-1.089,1.856,0.234,-0.969,-0.73,0.22074433378281497,-0.453,-0.6257052179966678,0.2673901174448994,1.844456997830365,0.290992831316373
-0.382,-1.185,1.045,-1.206,-0.487,-1.248,-1.206,-0.49,-0.487,-1.248,-1.248,-0.49,-0.382,1.955,-1.248,-0.49,1.955,-1.185,-1.206,-1.185,-1.185,1.045,-1.206,-1.248,-1.185,-1.185,-0.09,1.045,-1.185,-1.248,0.508,-1.206,-1.185,-1.248,1.955,-0.382,-0.487,-1.248,-1.185,1.955,-1.248,-1.248,1.955,-0.487,-1.185,1.955,-0.49,-0.382,-1.185,1.045,0.508,-1.206,-1.248,1.0239709169369167,0.49941006629437357,0.5321541927688511,1.955,-1.2591708441516218,0.5801329856927437,-0.09,0.6209790934133851,-0.382,-1.219517015161796,1.0637250032445087,-0.487
0.063,0.317,-0.806,-0.302,0.063,-0.302,-0.837,1.56,-0.806,0.402,-0.837,1.56,-0.806,0.063,-0.837,-0.806,0.088,0.088,1.56,-0.806,0.063,0.317,-0.302,-0.302,0.063,1.291,1.56,0.063,-0.643,0.063,-0.806,1.291,1.56,1.56,0.402,-0.806,-0.643,-0.302,1.291,1.291,0.088,-0.643,0.402,-0.837,-0.302,0.088,0.063,1.56,0.063,0.088,0.402,0.063,-0.837,0.088,-0.806,-0.8222923035804715,-0.643,-0.6538719012171238,1.56,-0.302,0.07385162424967429,-0.627137823301162,-0.5895892201909729,0.317,1.291,-0.31473659065070747
1.591,-0.64,-0.225,0.549,0.439,-0.789,-1.009,1.591,-0.789,-0.043,-1.009,-0.789,1.591,-0.225,-1.009,-0.64,1.591,-0.789,0.439,-0.043,-1.009,0.549,-0.21,-0.722,1.591,-1.009,1.591,1.591,-0.21,-0.722,-0.225,0.439,-0.225,0.439,0.439,-0.21,-0.043,-0.64,-0.225,-0.21,0.549,-0.722,-0.225,0.549,-0.043,0.439,-0.21,-0.789,-0.043,-0.05917786323848555,-1.009,1.591,-0.8043120181305664,-0.225,-0.7627093090896446,-0.21,-1.0227599149140587,1.5789918084394823,-0.7350978846925244,-0.9960573583731647
-0.076,-0.257,-0.076,1.029,-0.076,-0.076,-0.505,-0.505,-1.041,-0.497,-0.505,-0.924,-1.048,-0.076,-1.041,-0.257,-1.041,-1.048,-0.257,-0.076,-0.924,-0.505,-0.506,-1.048,1.029,-0.924,-1.041,-0.506,1.765,-1.048,1.029,-0.497,-0.505,-0.506,-1.041,-0.497,-0.505,-0.924,1.765,-0.497,-1.048,1.765,1.029,1.765,-0.924,1.029,-0.497,-0.497,-1.041,-1.048,-0.497,-1.0584091925628925,1.765,-0.506,-0.5241953720896112,1.7501168836598158,1.7933327945571498,-0.924,-0.9401632511072558,-0.9131315740507658,-1.0494979422095616,-0.257
2.581,2.581,1.591,2.581,1.32,0.728,0.405,0.405,0.728,2.581,-0.456,1.689,2.581,1.689,-0.456,-0.456,1.591,0.585,2.581,1.32,2.581,1.32,2.581,-0.199,0.585,-0.199,-0.572,0.585,0.585,-0.199,1.32,1.32,2.581,1.32,2.581,-0.199,-0.199,1.689,2.581,0.728,0.405,-0.456,2.581,2.581,1.591,2.581,0.728,1.689,1.689,2.581,1.32,0.405,-0.456,1.689,1.591,0.585,-0.572,1.32,0.728,-0.572,-0.5915692734516955,-0.456,-0.199,0.585,-0.2126503597212442,0.5723748902611037,1.591,0.7173366393722201,0.7605487348675256,0.7888549913491248,1.689,1.5796746532066375
1.445,-0.149,-0.64,-0.506,-0.463,-0.463,0.144,-0.64,0.144,0.12,-0.463,-0.149,-0.149,-0.547,-0.463,-0.149,-0.202,-0.547,1.445,-0.202,-0.734,-0.506,-0.149,-0.64,-0.506,-0.734,-0.202,-0.149,-0.202,-0.64,0.12,-0.734,-0.64,-0.202,1.445,-0.463,1.445,0.144,0.12,0.12,-0.64,0.144,-0.149,1.445,-0.64,-0.149,-0.64,-0.547,-0.463,-0.64,-0.64,-0.547,-0.5658785579825243,-0.5391385020618649,-0.64,-0.6517574095502154,-0.149,-0.6065907163909487,-0.16410070540925809,-0.463,-0.4841536796776694,0.144,-0.47594297126963975,1.445,0.1279879329625086,-0.43234208409402763,0.12,0.1075035375957753
0.327,-0.979,-0.66,-0.66,-1.24,2.393,2.393,-0.428,-0.306,2.393,-1.24,-0.979,1.546,2.393,-0.66,0.327,0.327,-0.979,-1.24,2.393,-0.66,-1.24,-1.24,2.393,-0.428,-1.24,-0.979,0.327,-0.33,1.546,-0.306,0.728,2.393,-0.979,-1.24,2.393,-0.979,0.327,-0.66,2.393,-1.24,-1.24,2.393,-0.979,1.546,1.546,1.546,-0.979,2.393,-0.33,0.728,-0.66,-0.6799371597389159,-0.428,1.546,-0.3449412307528966,0.327,-0.9881376108117518,0.7138779527747338,-0.3072309539628756,0.30990209255460527,-0.4414363862224776,-1.24
0.274,0.948,0.86,0.86,-0.556,0.299,1.722,1.722,-1.146,0.86,0.918,-0.556,0.274,0.918,0.948,-0.28,-1.146,-0.475,-0.28,0.86,-1.146,0.86,-1.146,0.918,1.722,1.722,-0.475,0.86,-1.146,0.948,0.86,-0.28,0.299,0.948,0.86,-0.28,0.918,0.918,0.86,-0.28,0.918,0.9100518761538149,-0.29259587946124765,-0.24376577758870924,0.9694109137673446,0.8475822807211061,-0.21344796258874252,0.274,1.017885412645085,0.948,0.299,0.28399373561555025,0.9350382083840927,1.722,-0.556,-1.146,-0.5671295158730019,1.0617309451691228,1.0932108326532277
-0.513,-1.069,-0.558,0.876,-0.362,0.768,-1.069,-0.876,0.757,-1.069,-0.558,0.876,-0.362,0.757,0.757,-0.876,0.768,-0.989,-1.069,-1.069,0.028,-0.558,-0.362,-0.876,-0.989,0.028,-0.513,-1.069,-0.558,0.768,-0.989,-0.362,-0.989,0.876,-0.876,0.876,-0.362,-0.989,-0.362,-1.069,0.028,-0.989,0.876,-1.069,-0.362,-1.069,-1.0853094139238937,-0.876,-0.989,-0.513,0.876,-0.362,-1.0030695036664001,-0.52671414982172,-0.37231004096102477,0.028,-0.558
0.941,0.969,-1.286,-0.718,-1.286,0.745,0.552,1.114,0.969,0.745,0.941,-0.421,0.745,0.967,-0.718,0.941,-0.413,-1.286,0.969,0.745,-0.421,0.969,-1.286,-1.286,0.969,1.114,0.967,0.967,1.114,0.967,0.745,1.114,-0.718,-1.286,0.745,-1.286,0.745,0.941,0.745,0.969,1.114,-1.286,-1.286,-1.286,-0.718,0.941,0.745,-0.421,0.941,-1.286,-0.718,-0.7390158718553828,-0.4331470207505619,-0.7068365581127526,-0.6889510663830569,0.552,1.114,0.730895963241368,0.9321171510154364,0.967,-1.2948152293451192
0.617,1.149,-0.721,-1.132,0.537,-1.132,1.241,-1.132,0.307,1.46,-0.721,0.537,-1.132,1.149,0.307,0.18,-1.132,-0.663,0.537,-1.132,1.46,1.149,0.18,1.46,-0.663,1.241,1.46,0.617,1.149,-0.721,0.18,0.537,0.307,0.307,1.241,-0.721,1.241,0.617,0.537,1.241,-0.663,1.149,-1.132,1.46,1.241,1.46,0.307,0.617,0.307,0.307,1.241,0.537,0.18,1.2229006255361383,1.2450566370311262,-1.132,0.5218613624298197,0.1657565172846964,0.18556190760407748,1.149,0.5396344925463715,0.2254570627142069,1.1366135098488912,-0.663
-0.796,-1.048,-0.796,-0.597,-0.211,-0.725,-1.048,-1.048,1.684,-0.344,1.684,1.684,-0.597,-0.597,-1.048,-1.048,-0.725,-0.538,1.754,1.123,1.123,1.123,-0.725,-0.597,-0.211,-1.048,1.123,1.754,-0.597,1.754,-0.344,1.754,1.684,1.754,1.123,-0.796,-0.211,-0.538,-0.796,-0.725,1.684,1.754,-0.725,-1.048,1.754,1.123,-0.597,-0.725,-0.796,-0.8108502772534053,1.1109664458261115,-0.538,1.684,-0.7561618767917077,1.1423169777273547,-0.7193840339968093,-1.048,-0.211,-0.22751197549747074,-1.0599701371653272,-0.6948606294907285,1.6741276128003046,-0.608400504629824,-1.0110075651020067,-0.7416300627879815,-0.5639129179716929
0.03,-0.048,-0.653,-0.653,-1.168,-0.048,-0.41,0.03,1.367,-0.653,0.04,-0.653,-0.467,1.367,-1.168,-0.048,-1.168,-0.653,0.04,-0.473,-1.168,-1.168,-0.473,-0.467,-0.467,-0.467,0.809,-0.473,1.367,-1.168,1.367,-0.473,-1.168,-0.467,0.809,0.04,0.04,-0.048,-0.473,-0.653,-0.467,-0.048,-1.168,-0.467,-0.048,-0.467,-0.467,0.04,0.020965686592837214,0.03,-1.168,-0.467,0.04947121108334389,-0.473,0.022308827101809477,-0.048,0.0753208493215101,0.056279354324417885,0.1285034739653054,-0.41,1.367,1.3529036814507265,-0.48583225804394675,1.4045777434437239
1.088,-0.523,-0.415,-0.624,-0.97,-0.086,-0.197,-0.086,-0.624,1.088,-0.97,-0.791,-0.197,-0.624,-0.97,-0.791,0.282,-0.415,-0.086,-0.086,-0.523,-0.791,-0.197,-0.624,-0.791,0.282,0.282,-0.97,-0.086,-0.523,-0.145,-0.791,-0.086,1.088,-0.415,-0.791,-0.624,1.088,1.088,-0.086,-0.145,-0.197,-0.624,-0.97,-0.086,-0.415,-0.624,1.088,-0.624,-0.145,-0.145,-0.523,-0.624,-0.791,0.282,-0.8069099091417494,1.088,-0.1529408977945885,-0.086,-0.197,-0.97,-0.09928312717385462,-0.09256570103837493,-0.5326906461780575,-0.9857426046556079,-0.4981519955097438,-0.6352055450801104,-0.05756615363717155,-0.04825471680156705,-0.6026490590520739,-0.005880413600927607
0.49,0.067,1.759,-0.426,1.759,1.131,1.021,1.131,0.203,1.021,0.351,-0.796,1.759,0.203,0.351,0.418,1.021,0.067,-0.426,1.131,0.203,-0.426,1.131,0.418,0.351,0.351,0.418,0.067,-0.796,1.021,1.131,1.759,1.021,0.418,0.203,0.418,1.021,-0.426,0.203,1.759,1.759,-0.426,1.759,-0.796,-0.426,0.351,1.759,1.021,0.351,-0.426,0.418,0.49,0.203,1.131,0.40285624706860373,-0.43711895995253824,-0.796,0.3382508178626791,1.1111963350034322,0.37709811852035874,0.4313306992480261,-0.41014752382433,-0.8135624671335501
0.491,-0.725,1.284,-1.179,-0.862,-0.976,-0.574,1.286,-0.862,1.284,1.286,-1.179,-0.725,-1.179,-0.666,1.284,-0.976,0.491,-0.862,-0.574,-0.725,-0.574,1.284,1.284,-0.574,-0.666,-0.076,0.491,-1.179,0.491,-0.976,-0.574,-0.976,-0.574,1.286,-0.666,0.491,-0.862,-0.862,1.284,-1.179,-1.179,1.286,-1.179,-0.574,1.286,-0.076,-0.574,0.491,-0.976,0.4744318867323057,-0.666,1.284,-0.08797519060811576,-0.5848399339684259,-1.179,-0.9891891846228736,-0.862,-0.725,1.2682500145316493,-0.7403710133529946,-0.6827302803578266
0.012,1.411,-0.853,1.024,1.081,0.715,1.411,-0.304,1.081,-0.149,0.715,0.012,1.024,1.411,0.012,-0.853,0.012,1.34,1.024,1.081,0.012,0.012,-0.853,-0.853,0.012,1.411,-0.149,-0.149,0.643,-0.149,1.024,0.012,-0.149,-0.149,-0.149,0.643,0.012,1.411,1.34,-0.149,1.34,0.643,1.411,0.715,1.081,-0.149,0.012,1.065463576081551,0.643,1.34,-0.0035450473629121994,1.3971666039248645,1.024,0.6354199232143817,0.047371604300571676,1.4213574427850835,1.0066162083479218,1.3317685475212864,0.704088326149806
1.758,-0.166,1.015,-0.166,-0.566,1.758,1.758,-0.428,1.758,0.269,0.269,-0.153,-0.428,-0.166,-0.428,-0.428,-0.166,1.015,-0.428,0.269,0.269,-0.166,-0.566,-0.566,1.758,-0.642,-0.566,0.269,0.269,-0.166,-0.566,1.015,1.758,-0.153,-0.566,-0.642,-0.193,-0.566,-0.193,-0.193,-0.153,1.758,-0.566,-0.642,-0.166,-0.566,-0.428,-0.566,0.0,-0.5845747103925899,-0.44160876686228795,-0.642,-0.166,1.015,-0.6586472516649186,-0.011877715877856142,0.269,-0.153,1.004966057393109,-0.193,-0.18237636635179616
-1.241,-0.557,2.102,2.102,-0.905,1.651,1.651,-0.557,-0.949,-0.557,0.525,-0.878,-0.557,-0.557,2.102,-0.257,-0.949,0.344,2.102,0.344,-1.241,-0.905,-1.241,-0.878,-0.905,-1.241,0.344,-0.557,0.344,-0.905,1.651,-0.557,0.525,-0.949,0.525,-0.557,-0.878,-0.878,-0.878,1.651,-0.257,-0.949,2.102,0.344,0.525,-1.241,-0.905,-1.241,-0.257,-0.878,-0.9069379630107861,1.651,-0.949,-0.26545034357337943,1.6348038015236472,-1.241,0.525,0.510214617611625,-0.213569426616138,0.5488613838014235,2.102,-1.26031528499951,-0.17037098282033958,-0.905,0.344,1.6718091193933946
-0.696,1.059,0.266,-0.895,-0.706,0.12,0.12,-0.602,-0.501,0.12,1.059,1.059,0.12,-0.581,1.059,-0.742,1.059,-0.602,1.059,-0.501,0.12,-0.696,-0.696,-0.742,-0.501,0.266,-0.742,0.266,0.266,0.266,-0.706,1.059,0.12,-0.581,0.266,-0.706,-0.895,0.266,-0.895,1.059,-0.501,-0.501,-0.696,-0.602,-0.602,-0.706,-0.602,-0.501,1.059,-0.742,-0.61019692301807,-0.5780325178614031,-0.696,-0.5346101224531707,-0.895,-0.7036695525158161,-0.6557192629897157,-0.9060726301618488,-0.5131531517886626,-0.7574200184233933,-0.7381643640842026,1.045273247378218
1.656,1.401,-0.147,-0.134,1.543,1.656,1.656,1.543,-0.651,1.543,-1.119,-0.147,-0.651,1.656,-1.119,-0.651,1.656,-0.585,1.656,-1.119,-1.119,1.543,-0.585,1.543,-1.119,-0.147,-0.276,-0.134,1.401,-1.119,1.401,-1.119,-0.063,1.401,-0.147,-0.134,-0.147,1.401,1.656,1.401,-1.119,1.401,-0.147,1.401,1.656,-0.585,-1.119,-0.276,-0.29026576932623827,1.647804047086489,-0.5987897064356831,1.543,1.6955786959587529,-0.22189256624930648,-0.651,-0.063,1.7229294396435597,1.763908050710058,-0.18779673504623773
-0.714,-0.895,-0.645,-0.895,-0.316,-0.895,-0.655,1.169,-0.971,-0.645,-0.316,-0.714,-0.974,-0.645,-0.971,-0.655,-0.974,-0.971,-0.971,-0.974,-0.594,-0.594,-0.714,-0.971,-0.971,-0.655,-0.645,-0.895,-0.664,-0.664,1.169,-0.971,-0.714,-0.895,-0.645,-0.594,-0.714,-0.971,-0.974,-0.664,-0.594,1.169,-0.664,-0.316,-0.645,-0.895,-0.6587006158514297,-0.627068803230741,-0.5766805394333017,-0.5468094878177435,1.169,-0.971,-0.594,-0.980195562249194,-0.610711300972017,-0.5186626829683524,-0.931335943748567
-0.904,1.182,-0.806,1.182,-0.944,-0.67,-0.67,-0.259,-0.904,-0.944,-0.259,1.182,-0.954,-0.944,-0.907,-0.954,0.462,-0.904,-0.904,-0.67,-0.907,-0.259,-0.259,1.182,0.462,-0.904,-0.34,-0.954,-0.907,-0.907,-0.954,-0.806,-0.907,-0.944,-0.259,-0.806,1.182,-0.259,-0.944,-0.67,-0.954,-0.904,-0.907,1.182,-0.904,-0.954,0.462,-0.9672835835762233,-0.9233851072138608,-0.806,1.182,0.44898538682985323,0.4681764644576196,-0.9165331823402273,-0.34,-0.8822719921778238
-0.69,0.487,1.107,1.684,0.487,-0.616,-1.245,-0.703,1.684,0.487,-0.69,-0.616,0.736,-0.638,-0.616,-0.69,-0.69,-0.638,-0.616,0.736,-1.245,1.684,0.736,-1.245,0.487,1.684,1.107,-0.638,-0.69,1.107,-0.638,0.487,1.684,-1.245,-0.638,-0.638,-0.638,-0.703,0.487,-0.616,1.684,0.487,-1.245,-0.638,-0.638,-0.41,0.736,1.684,-0.703,-1.245,-0.703,-0.41,-0.69,0.736,0.487,-0.616,-1.245,-0.703,-0.638,-0.6298127630291529,0.4691380064212429,1.107,-0.7146270149316405,1.0905714815352954,-0.6736019688124192,-0.6511213435099346,1.1135942590164485,-0.6317905637913828,-0.42181122364130336,-0.6002677020940653,-0.3754173667373481,0.7245067715651842
0.053,-0.74,1.335,1.335,-0.04,-0.684,-0.304,1.335,2.185,-0.304,-0.304,0.656,2.185,0.053,-0.684,-0.04,0.044,-0.684,2.185,-0.74,-0.684,-0.304,2.185,2.185,2.185,2.185,2.185,-0.04,-0.74,1.224,0.656,1.224,-0.74,-0.04,0.656,1.335,2.185,-0.74,-0.04,1.335,0.044,2.185,-0.304,1.224,-0.04,2.185,0.053,0.03678921217393326,0.656,-0.04,-0.05761350999064123,-0.684,-0.304,0.09377971463117304,0.6475864896496436,-0.01284376719938065,-0.3229161342698734,0.02743719187381799,-0.6941393747634741
-0.757,-0.025,-0.025,1.672,-0.777,-0.757,-0.757,-0.757,1.672,-0.757,-0.757,0.377,1.672,1.479,-0.57,1.672,-0.57,1.672,-0.404,1.479,-0.974,1.479,-0.757,-0.57,-0.974,0.5,-0.757,-0.757,1.672,-0.974,-0.974,0.377,-0.757,-0.57,1.479,-0.757,-0.757,1.672,-0.757,-0.974,-0.974,-0.025,-0.57,-0.777,-0.777,-0.777,-0.974,0.5,-0.025,-0.57,-0.974,-0.757,-0.777,-0.025,0.377,0.361917603177974,1.672,-0.7675324777656362,-0.9872190624934806,0.4062265859789698,-0.03659126133547153,1.479,0.019441807098061595
-0.699,-0.699,0.041,-0.699,0.127,-0.757,-0.221,-0.719,2.014,2.014,2.014,-0.699,-1.022,-1.022,-0.719,-1.022,2.014,-0.719,0.041,-0.399,-0.221,2.014,-1.022,-0.328,-0.757,-0.757,-0.757,-0.757,-0.328,2.014,-0.757,-1.022,2.014,-0.719,0.127,2.014,-0.757,-0.719,2.014,-1.022,-0.699,-1.022,-0.399,-0.757,0.041,0.041,-0.221,0.041,-0.221,2.014,-0.399,-0.221,-0.699,-0.7135535095358179,-0.41035401142732925,-0.23758196175297985,-0.371017794858861,-0.2032709200747562,-0.719,-0.328,-0.6790255670147216,2.005600155169669,0.127,2.044322327979353,-0.3387835717038581,2.0788724369941347,-0.307932219381528
1.18,0.559,1.18,1.001,1.302,1.18,1.001,-0.683,-0.048,1.001,1.18,-0.275,0.559,-0.048,-0.683,0.559,-0.275,1.18,-0.683,0.559,1.001,-0.048,-0.261,1.302,-0.642,1.18,-0.683,0.559,1.302,-0.261,-0.048,1.302,0.422,0.559,1.302,1.18,1.302,1.18,-0.048,-0.048,-0.261,-0.683,-0.642,1.302,1.18,0.559,1.001,-0.642,0.9868185509611476,0.5457124021282712,-0.048,1.1694828621278794,-0.07469151850821823,1.2924275505943439,1.0323311037309024,1.2113084822353741,1.2417819575874358,1.2658063596284224,-0.6550213825953216,-0.261,-0.683,1.050632820677214
1.019,1.615,-0.587,-0.533,0.78,0.93,0.93,0.78,0.93,0.93,1.615,1.288,-0.693,1.288,1.019,-1.067,1.019,1.019,1.019,1.019,-0.693,1.288,0.78,-1.067,0.78,-1.067,1.019,-0.693,-0.587,1.288,1.615,1.615,1.019,1.615,1.019,-0.708,-0.533,-0.533,1.288,-1.067,-0.708,-1.067,1.019,1.615,-0.587,-0.533,0.93,0.78,1.019,-0.587,-0.708,1.019,1.019,0.93,-0.587,0.93,0.78,0.9149064541616991,1.288,-0.708,-1.067,0.7722651875047359,1.615,1.5880659126243446,1.275439508179446,-0.7204914962654044,1.019
-1.117,1.402,-1.117,0.634,-1.117,1.303,0.462,1.402,1.402,0.289,1.528,0.068,1.388,0.068,-1.117,0.299,0.289,0.299,1.528,1.388,0.634,0.462,0.462,0.634,-1.117,1.388,0.462,1.528,0.634,1.402,0.289,1.303,1.402,0.634,1.402,-1.117,1.388,1.303,0.068,-1.117,0.289,1.303,0.299,1.303,0.299,1.528,0.462,1.303,1.303,1.388,0.462,0.299,0.634,0.4497374064227896,0.5060190920902293,1.377420004877535,1.290765750981059,-1.117,0.2907050473443888,1.528,0.068,1.402,1.4059449883186717
1.298,-1.075,-1.075,1.029,-1.068,-1.068,-1.075,-0.555,-1.068,-1.075,-1.068,-0.891,-1.075,1.396,1.029,-0.891,-0.027,0.248,-1.075,-1.068,1.298,1.396,-0.027,1.029,0.248,-1.075,-1.075,-0.262,-1.075,1.396,-0.027,1.029,-0.891,-0.555,1.298,1.029,-0.891,1.298,-0.891,1.396,-0.262,1.298,-0.027,-0.891,-0.262,-0.555,-0.891,-1.075,1.298,-0.5716771204101159,-1.089832675577653,-1.0500357863619711,0.248,0.23238057636856466,-0.9036596529658014,-0.027,-1.0211885535468643,-0.8473045439229732,1.2891430318860029,1.3286914594341575
-0.928,-1.335,1.26,1.564,1.26,-0.782,-0.174,-1.335,1.564,1.26,-0.174,-0.174,1.26,-1.335,-0.174,-0.782,-1.335,-1.335,-1.335,-0.318,-0.782,-0.928,-0.174,1.26,-0.928,1.26,0.616,-1.335,-0.928,1.564,-0.174,-0.174,-0.928,1.564,-0.928,-1.335,1.564,0.997,0.997,-0.318,0.997,-1.335,0.441,-0.928,-0.928,-1.335,-1.335,1.564,-1.335,1.26,1.564,-0.318,-0.928,0.441,-1.335,1.26,-0.174,1.2430347300849494,-0.18706668701533455,-0.9373090914361756,1.564,-1.3460081446808507,1.2648864674542493,-1.3015882166171513,0.997,0.4255464095145897,1.3053898544773852,-0.9078381663635015,1.5504657864910736
-1.014,0.517,0.013,0.013,0.035,-0.99,1.136,-1.014,0.26,-0.99,-1.014,-1.014,-0.99,-1.014,0.035,0.517,1.009,1.136,0.073,0.517,0.013,0.013,0.013,0.26,0.073,-0.695,0.013,0.013,0.035,-0.99,-0.99,1.009,0.517,0.013,0.26,1.136,0.26,0.013,-0.695,-1.014,-0.695,0.517,0.013,-0.695,0.517,-1.014,0.26,1.136,-0.706538644202992,-0.99,-1.0113976267516769,-0.6646786502270805,1.009,0.002530309726774309,0.5081639618375011,-1.027616171160811,0.035,0.017577998538630412,0.5484101485826158,-0.618891169988388,0.073
0.244,1.897,0.244,1.897,0.244,-0.861,-0.275,1.897,1.166,-0.883,-0.883,1.897,0.466,-0.275,-0.579,1.166,1.166,-0.861,0.466,0.466,-0.861,-0.883,-0.883,-0.883,1.29,-0.441,0.244,1.166,0.244,-0.275,-0.275,1.29,-0.579,-0.883,-0.579,1.29,0.244,-0.579,-0.441,-0.579,-0.861,1.897,1.897,1.29,1.29,-0.441,-0.861,-0.275,1.897,-0.873556035628129,1.29,-0.579,-0.45643362009806154,-0.883,-0.5981678329839876,-0.40517205755098445,-0.36499198260398596
0.864,-1.15,0.799,0.711,0.799,0.097,0.799,0.864,0.799,-0.733,0.711,0.182,-0.942,-0.422,0.097,0.799,-0.942,-0.019,-0.422,-0.942,-0.019,0.799,-1.15,0.182,-1.15,0.799,0.097,-0.733,0.799,0.097,0.864,0.182,-0.733,-0.733,-0.019,0.799,-1.15,-0.733,-0.942,-1.15,-0.733,0.799,-0.422,-0.422,-0.942,0.182,0.799,-0.422,0.864,0.711,0.799,-0.422,-0.4401544269488128,-0.019,0.8527510911788613,0.7013416040216773,-0.03567649322209798,0.182,-0.39595322705324804,0.1674643705842753,0.8980061652377275,0.20146740109816244,0.7895714953621532,0.23536790859569218,-0.942
-0.381,-1.007,-0.269,0.272,-0.269,-1.007,0.272,-0.269,0.103,1.464,1.655,-0.381,-0.54,1.655,0.272,1.464,-1.007,1.464,-0.269,-0.6,1.464,1.655,1.655,1.655,0.103,-0.381,-0.6,0.738,-0.6,1.655,-0.381,-0.54,-0.269,1.655,-0.6,-1.007,0.738,-1.007,0.738,-0.381,0.738,-0.269,-0.6,0.272,-1.007,1.655,-0.6113780460017005,0.26113350523389167,0.738,1.6405266274922996,1.6652979124243859,1.7123654997997069,-0.5708104913633535,-0.28032061757440396,-1.0196560854570844
-1.137,1.616,0.654,0.51,0.51,-0.856,-0.856,-0.856,1.616,0.654,0.126,1.44,-0.856,-0.856,1.616,-0.373,-0.856,0.51,-0.856,0.51,1.616,-0.373,0.126,-1.137,1.44,-0.596,-1.137,-1.137,1.616,1.44,-0.856,0.51,1.44,1.44,-0.596,0.51,-1.137,-0.856,-0.373,0.654,0.423,-1.137,1.616,1.44,-0.596,1.616,-1.137,1.616,1.44,-0.373,-0.856,-0.3854527158130512,-1.1502082771118622,0.51,1.6027548355352728,-1.125723979974493
-0.82,-1.152,-1.152,-0.915,-0.915,0.666,-1.063,1.482,-0.915,-0.996,1.482,-0.915,-1.063,-0.82,-1.152,0.666,-0.996,1.482,1.482,-1.04,-0.915,-0.154,-1.152,-0.82,-0.154,-1.04,-1.063,-1.063,-1.04,-0.154,-1.152,-1.04,-0.996,-1.063,-1.152,-1.063,-1.152,-0.915,0.459,-1.152,0.666,-0.996,-1.152,-0.996,-0.996,1.482,0.666,0.666,-1.063,-1.063,-0.154,-1.04,-0.154,0.459,1.482,0.666,-0.17006162850904277,-1.152,0.44846668708672055,-0.14355928372189503,-0.09465441266220062,-0.82,-1.04,1.4645091829948398,-1.0541504613431671,-0.8363046047418349,-0.915,1.4982616180553363,-0.07572155998698635,0.6612722109216133
-1.175,-0.588,-0.804,-0.97,-0.211,-0.572,-0.211,0.487,-0.97,-0.211,-0.804,0.487,-0.588,-1.175,-0.588,-0.572,-0.804,-1.175,0.893,0.196,0.487,0.487,-1.175,-0.211,-0.97,-0.97,-0.211,-0.804,0.487,0.487,0.893,-0.804,-0.97,-1.175,0.196,0.487,-1.175,-0.804,0.487,0.487,0.196,-0.97,-0.588,-1.175,-0.804,-0.588,0.412,-0.97,-0.588,-1.175,0.893,-0.211,-0.588,-0.2209411352008056,-0.6037436226581816,-0.16997985886789058,-0.5811331073702615,-1.175,0.196,-0.572,-0.5840652198006683,-0.5411956893933313,-0.14737009373160442,-0.804,-0.5452981618606778
-0.133,0.897,-0.968,-0.613,-0.171,-0.613,0.897,1.295,-0.968,1.295,-0.968,1.02,-0.974,0.897,-0.968,1.295,-0.974,1.02,-0.171,-0.974,-0.133,-0.171,0.253,-0.133,-0.133,1.295,1.295,1.295,-0.968,0.897,1.295,-0.133,1.295,0.897,0.897,-0.613,0.253,1.295,-0.968,1.295,1.02,-0.974,1.295,1.02,-0.974,-0.063,1.295,-0.171,1.02,-0.968,-0.613,-0.171,-0.063,-0.9865491376597575,0.253,1.295,1.2721946929336767,-0.133,-0.974,0.897,1.02,0.8825869822496961,1.2925520403467616,-0.18299378289892826
0.084,0.587,0.084,0.587,-0.758,-0.202,-0.202,-0.558,0.816,0.587,-0.9,-0.558,-0.758,0.084,0.084,-0.9,0.816,-0.758,-0.9,-0.674,-0.758,0.816,0.084,-0.202,-0.674,0.816,-0.324,0.587,0.587,0.587,-0.9,-0.758,0.587,0.084,-0.9,0.587,0.084,-0.758,0.587,0.587,0.587,-0.558,0.084,-0.202,-0.202,-0.674,-0.9,-0.558,0.816,-0.5747952025977238,-0.5517118988514436,-0.202,-0.21786966008620562,-0.19075870023505925,0.084,0.06992170789442234,-0.17987527067204748,-0.5228396577435775,-0.9,-0.4817492201663952,-0.9176418830131967,0.587,-0.324
2.223,-0.665,-1.031,0.03,1.317,2.223,0.091,0.655,1.113,0.655,2.223,0.091,-1.031,1.317,1.317,0.03,2.223,-0.221,-0.665,1.113,2.223,2.223,2.223,-1.031,0.655,2.223,-0.493,-1.031,0.091,-0.493,0.091,-1.031,-0.493,-0.493,-1.031,-1.031,-0.665,0.655,0.091,-0.493,1.317,1.113,-0.493,2.223,-0.665,-0.493,-0.493,-0.665,2.223,0.091,0.091,-0.221,-1.031,-0.493,-0.221,0.03,1.113,-0.493,0.01960118403400768,0.091,0.07536003826954905,-1.031,0.655,1.317,0.05604328607952876,-0.665,-0.6812192906403853,0.08178390541494096,-0.6533365316226668,0.11088732884795903,-0.5056158264255519,1.305802577446825,0.11989477525254127
0.027,-0.832,-0.52,-0.178,-0.069,-0.943,-0.069,0.027,0.027,0.027,-0.937,-0.832,-0.178,-0.937,-0.832,-0.801,-0.405,-0.943,-0.943,-0.178,0.027,-0.937,0.027,-0.52,-0.801,-0.178,-0.069,-0.52,-0.943,-0.178,0.027,0.027,0.027,-0.405,-0.405,0.452,-0.832,-0.405,-0.405,0.027,-0.832,-0.178,-0.943,-0.937,-0.832,-0.178,-0.178,-0.801,0.027,-0.943,0.452,-0.801,-0.52,-0.832,-0.937,-0.530153707483845,-0.943,-0.801,-0.8436263399266721,-0.9574855621214244,0.452,0.43497663161449207,-0.9257518468669516,-0.9513132211201416,-0.178,-0.9183391993830551,-0.8114031109832385,-0.405,-0.19027735925909514,0.027
0.224,1.28,0.857,1.28,0.224,1.28,0.224,-0.785,0.224,-0.785,-0.092,-0.092,-0.196,1.28,0.797,0.797,-0.092,-0.196,-0.785,0.197,0.224,0.174,0.197,1.28,0.174,0.857,1.28,0.224,0.197,-0.409,0.857,-0.785,0.857,0.174,1.28,1.28,-0.409,0.857,0.197,0.197,0.224,-0.196,0.224,-0.785,0.197,-0.785,-0.409,0.797,0.857,0.174,0.197,0.7809470943770886,-0.092,0.828950294094671,0.224,-0.7967397780965678,-0.7503447385594096,0.8536147914757647,0.2123431194747405
-0.646,-0.754,-0.754,-0.754,0.919,0.867,-0.713,0.919,-0.132,0.649,-0.754,-0.754,1.048,0.867,-0.713,0.649,-0.368,-0.754,-0.713,0.867,-0.754,0.649,0.649,0.649,-0.754,0.919,0.867,-0.754,0.919,-0.132,0.867,0.919,-0.646,1.048,-0.754,0.919,0.919,-0.132,0.919,-0.754,-0.713,-0.7321805920768012,-0.7003016262784498,1.048,-0.754,1.0304211542392594,0.649,-0.638054924854083,0.6335482560030673,0.6831648414224332,-0.5837636644437126
1.875,-0.178,0.938,0.45,-0.884,-1.411,-0.87,-0.029,-0.743,1.875,-1.411,0.938,-0.87,0.938,-1.411,-1.411,-0.884,-0.743,-0.743,0.938,-0.87,-0.884,-0.884,-0.743,1.875,-0.884,-0.743,-0.743,1.875,-0.743,0.938,0.938,0.938,0.938,-0.178,1.875,-0.743,-1.411,-1.411,-0.884,-1.411,-0.178,0.938,1.875,-0.743,-1.411,-1.411,-0.87,-0.87,-1.411,-0.87,-0.8843116920647387,-0.743,-0.884,-0.029,-0.8404103115526801,-0.7540195548579023,-0.7172448920292475,0.45,-0.8926136076787197,-1.4234026022380335,-0.04221487221122133,-0.6758441644506498,-0.178,-0.6646517100623649,-0.18744594937044318
-0.004,0.079,1.907,-0.454,-0.454,-0.727,-0.004,-0.004,-0.454,0.367,1.907,-0.004,-0.805,1.907,-0.004,-0.256,1.907,1.907,-0.727,0.367,-0.007,-0.004,-0.256,-0.004,-0.454,-0.443,-0.256,-0.454,-0.256,-0.727,0.367,1.907,1.907,-0.007,0.079,-0.805,-0.443,-0.454,-0.454,0.367,-0.805,-0.443,-0.454,-0.007,-0.805,1.907,-0.007,-0.027199007704487486,0.079,-0.805,1.907,-0.443,-0.8237791591860256,-0.454,1.8978585147514442,1.9312862497304568,-0.4678480243106416,-0.004,-0.45696289628974623,-0.41998075914611177,-0.4188821887208275,0.06273920751954232,0.09370913809338927,-0.727,-0.7953390572926603,-0.02095641537869855,0.367,-0.3808422690420537
-0.706,-0.858,0.7,1.43,1.43,0.7,-0.972,-0.828,-0.972,-0.828,-0.858,1.43,1.43,0.7,-0.706,-0.858,0.676,-0.706,-0.828,-0.938,-0.858,0.7,-0.828,-0.972,0.813,0.7,-0.972,-1.068,0.813,0.7,0.7,-1.068,-0.972,-0.938,-1.068,-0.938,-0.938,-1.068,0.676,-0.972,-0.938,0.676,-0.706,-0.706,0.676,1.43,-0.938,1.43,0.813,-1.068,-0.972,-0.858,-0.706,0.8012699400805985,0.676,-0.938,0.6596403774200753,-0.8713046397736767,-0.9460288378665747,-0.9840370051078673,-0.828,-0.8816320934764517
1.887,2.083,1.854,-0.717,0.612,0.612,0.338,2.083,-1.02,0.612,0.016,1.854,1.358,-1.02,1.887,-1.02,1.887,2.083,1.854,1.887,2.083,1.854,-1.02,-0.717,0.016,1.358,2.083,1.854,1.358,1.887,2.083,1.854,1.887,-0.717,1.854,-1.02,1.887,-0.717,1.854,-1.02,-1.02,1.854,-0.717,-1.02,0.612,0.828,0.612,0.016,0.338,1.854,1.358,0.612,0.338,-0.717,-0.7319462478057126,0.828,0.8133809682015637,-1.02,0.016,1.887,1.8693600536659685,0.004723496769493345,0.6010470101873813,-0.6940829724943084,2.083,-1.033090541867435,1.854
0.17,-0.451,0.135,0.323,0.475,-0.421,0.323,-0.492,1.31,0.135,1.31,1.31,0.17,0.475,-0.451,-0.451,-0.421,0.218,0.17,0.475,-0.553,-0.553,0.17,-0.553,-0.492,-0.451,0.17,0.475,0.17,-0.421,1.31,-0.451,0.135,-0.492,0.218,0.17,0.218,0.475,-0.492,-0.553,-0.451,0.135,-0.421,-0.421,0.475,0.17,0.135,1.31,0.475,1.31,0.218,-0.492,-0.451,-0.553,0.17,0.475,0.135,-0.421,0.323,0.218,-0.492,-0.451,0.12487714728505168,0.30489071218709374,-0.46636724053476325,-0.4382630933513061,-0.4071760604785263,0.33662264913122475,0.45943073899150366,0.3732138672208877
-0.785,-0.968,-0.511,-0.647,-0.511,-0.27,1.641,-0.27,-0.511,-0.785,-0.785,1.641,-0.474,-0.211,1.641,-0.798,1.641,-0.211,-0.798,-0.211,1.641,-0.785,-0.785,-0.647,-0.474,-0.647,-0.968,-0.27,0.925,1.641,-0.798,0.925,-0.511,1.641,-0.647,-0.511,-0.785,-0.785,-0.27,-0.785,-0.27,-0.511,-0.798,-0.211,-0.511,-0.798,-0.27,-0.968,-0.968,1.641,-0.785,1.641,-0.647,-0.511,1.641,-0.968,-0.9948265052680967,-0.9681020112210024,-0.798,-0.9135751386678636,0.925,-0.5294258131929848,-0.474,-0.8814146179154023,-0.785,-0.27,-0.7958948322141627,-0.7462761108171122,-0.8602000342904852,-0.647
-0.898,1.039,-0.21,0.893,-0.561,-0.898,1.039,-0.158,0.721,1.915,-0.158,-0.21,-0.158,-0.561,-0.561,-0.21,1.039,-0.21,-0.21,1.039,0.05,0.056,1.915,1.915,-0.561,1.915,0.893,0.056,0.893,0.893,0.056,-0.21,1.039,-0.898,1.915,0.056,0.056,0.721,-0.898,0.721,0.05,-0.158,1.039,0.721,1.915,0.721,0.721,0.056,0.893,-0.21,-0.158,-0.898,0.721,0.721,0.893,-0.561,-0.21,0.7063911453902658,-0.158,-0.170952148422456,0.7259566885302262,-0.898,1.039,1.01924347133101,1.059855809156997,-0.2238230320070463,0.05,0.7755081968684421,-0.9087267710885696,-0.888731119227685
-0.787,0.976,-1.203,-0.741,0.443,-1.054,-1.203,-1.203,-0.741,-0.787,0.341,-1.203,-0.946,-0.741,-0.946,0.976,0.341,0.341,-0.946,-0.946,-1.054,0.341,-1.054,-0.946,1.896,-1.203,-1.054,0.341,0.341,0.341,1.896,0.341,-1.203,-1.054,-1.203,0.341,-1.203,1.896,-1.054,0.976,-0.741,0.341,-1.054,-0.946,-1.203,-0.787,-1.054,0.976,-1.054,-1.203,-1.2192554764785726,-0.787,-0.8083652499500147,-1.070981704621232,0.341,-1.043887469307008,-0.741,1.896,-1.0046838387064032,0.3291983393738181,-1.1775554215238988,0.443,-0.946,-0.7551707243499826,-1.1622199926707897,1.882947725900459,0.976,1.9173380810114888
-1.229,-0.608,-1.229,-1.229,1.774,1.241,-0.762,-1.229,1.241,1.774,1.774,-0.29,-0.551,1.241,1.343,-0.762,-0.608,-0.551,1.241,-0.29,-0.608,1.343,1.774,1.343,1.241,-1.229,-1.229,-1.229,-1.229,-0.551,-0.608,-1.229,1.241,1.774,-0.762,1.343,-0.608,-0.29,-0.608,-0.551,-0.142,-0.142,-0.762,-0.15306259097854935,-0.29,1.241,1.230904345495947,-0.7708826425313333,-0.30319509674271466,-0.7454804902013087,0.0,-0.10183923018714822,-0.6960205642482272,-0.551,-0.28095652326409226,-0.608
-0.483,-0.483,0.589,-0.483,0.297,0.589,1.157,0.044,1.157,1.571,1.157,0.044,-0.345,-0.345,0.975,1.157,0.297,-0.483,-1.063,0.297,-1.063,-0.483,1.571,-1.063,1.389,1.571,1.389,0.589,0.044,-1.063,1.389,1.571,-1.063,-0.483,1.571,0.044,-1.063,-0.345,1.389,1.571,1.389,-1.063,1.157,0.589,-1.063,-0.345,0.975,-0.483,-0.345,0.589,1.571,0.5719428518060009,0.975,0.297,1.5549308921689202,1.389,0.044,0.28304112824814087,-0.35814985258659704,-0.483
0.247,-1.315,-1.115,-1.315,-0.681,0.247,0.167,-1.115,-0.023,1.956,-1.115,1.956,-1.315,-1.315,-1.115,-0.811,-1.115,0.167,1.507,0.247,-0.811,-1.315,-0.023,1.507,-1.315,-1.315,-1.115,-1.315,-1.315,0.247,-0.811,-0.681,-0.023,-1.315,-1.115,1.507,1.263,-0.023,-0.681,0.247,1.263,0.247,-0.681,1.956,-0.811,-0.023,-0.811,1.263,1.956,-1.315,0.167,1.956,-0.811,-1.115,-1.315,1.956,-0.829062283852501,-1.1305498865879746,0.247,1.263,-1.1055647136217768,1.2438027139296217,-0.7949969524083331,-1.324449791156935,-0.7465493076420449,-0.7172592793775051,0.23628250512678683,-0.023,1.2585270665643982
-0.561,-0.029,1.411,-0.596,-0.547,-0.547,-0.029,-0.561,0.888,-0.821,-1.134,-0.029,-0.821,-0.029,1.411,-0.029,-1.134,-0.029,-0.547,-0.547,-0.596,-0.029,-0.561,-0.984,-1.134,-0.547,-1.134,-0.547,1.411,-0.821,-0.029,0.826,-0.547,-0.821,-0.821,-1.134,0.888,-0.984,-0.984,-0.547,-1.134,1.411,-0.821,-0.547,1.411,1.411,-1.134,-0.821,-0.821,-0.821,-0.821,-0.984,-0.984,0.826,-0.984,-0.029,-0.596,-0.547,-0.614455164275883,0.826,-0.5903134085775832,-0.821,-0.5578687041040177,-0.984,-0.561,-1.134,-0.5452089800691419,-0.9963117293314744,-0.4997454230819758,-0.5714435199302146,-0.5400276843734104,-0.5088833696625187
0.575,-0.519,-0.748,0.356,-0.517,-1.021,-0.519,-0.519,-0.164,0.575,-0.164,-0.519,-0.519,0.575,-0.517,-0.453,-0.462,-0.748,-0.748,-0.453,-1.021,-0.164,0.356,-1.021,0.575,-0.519,-0.567,0.575,0.575,-1.021,-0.453,-0.462,-0.748,-0.164,0.575,-0.519,-0.567,-0.462,-0.164,-0.748,-0.462,-1.021,-1.021,-1.021,-0.567,0.356,-0.164,-0.517,-0.519,-0.453,-0.567,-0.462,-0.748,-0.4686443976432306,0.575,0.5545904756721304,-1.021,-0.7585944215987728,0.356,-0.5311397955740598,-0.5726103246419543,-0.5371712310584504,0.33999825842888143,-0.5217602018904243,-0.4870860447399217,-0.517
0.652,0.078,0.078,1.42,-0.203,0.064,0.652,0.652,0.064,0.078,0.078,0.808,1.167,1.167,-0.347,-0.347,-0.347,0.652,0.808,1.167,0.078,1.42,0.712,0.064,0.064,0.078,1.42,-0.347,0.808,0.064,0.712,-0.393,-0.203,-0.393,-0.393,1.167,-0.203,-0.393,0.078,0.808,0.064,0.064,-0.393,-0.347,-0.393,1.42,0.078,-0.393,1.167,0.078,0.078,1.167,0.652,0.064,1.42,-0.393,0.652,1.42,0.712,-0.393,-0.203,0.064,-0.347,-0.40946182128463715,0.04810442710618398,-0.36761313497503106,0.10579543483197185,0.712,0.652,0.078,1.42,-0.34271041242184214
-0.867,2.154,-0.944,-1.256,-1.184,2.154,2.154,0.623,-1.256,-1.256,-1.184,0.623,0.474,2.154,0.474,-1.184,-1.022,2.154,-1.184,-0.957,-0.867,-1.256,-1.022,-0.944,2.154,-0.957,-1.022,-0.944,-1.184,-1.256,-1.022,-1.184,-0.944,-0.957,-1.022,-0.867,0.623,0.623,-0.867,-0.957,-1.022,-0.867,-0.957,2.154,2.154,-1.184,-0.957,-1.022,-0.957,-0.944,-1.256,-1.184,-0.944,-1.184,-1.184,0.474,0.623,-1.256,2.154,-0.957,2.144501031432984,0.474,-1.256,-0.944,-1.184,-1.194824556588806,-0.9566343860277504,0.4624855889900999,2.173521924490484,2.2126881223403654,-0.9661045650830529,2.2398672573127296,-1.022,2.2645780680750938,-1.0418108147926275,-1.2640178162264042
1.076,-0.422,-0.157,-1.201,-0.997,-1.201,-0.157,-0.422,0.303,0.303,-1.201,1.859,-0.409,0.303,0.303,1.076,-0.422,1.859,-0.997,-1.201,-0.997,-0.409,1.076,-0.409,1.859,1.859,0.885,0.885,0.303,-1.201,0.303,1.076,-0.409,-1.201,1.076,-0.157,-0.409,0.303,-0.157,-0.163,1.076,1.859,0.303,-1.201,-0.409,1.859,-0.997,-0.997,-0.422,1.859,0.885,-0.4370453900159202,-1.0109677383317694,-0.157,1.076,1.05903931186346,1.103476529592756,-0.9659782873138004,-0.39469705725267035,-0.409,-0.35726244744573477,-1.201
-0.81,1.321,2.121,-0.191,1.395,-0.81,1.395,2.121,-0.497,-0.927,1.321,0.709,1.321,-0.81,1.321,-0.927,0.709,-0.769,-0.927,1.922,1.922,-0.191,2.121,1.395,-0.191,1.922,-0.769,2.121,-0.81,1.395,1.321,-0.497,-0.927,-0.81,-0.497,-0.497,-0.769,-0.81,-0.81,1.922,1.922,1.922,-0.497,-0.81,-0.769,-0.497,2.121,-0.769,-0.927,-0.191,-0.497,1.922,-0.927,2.121,-0.5116819380332308,2.1104293595019166,-0.191,-0.4683526476885397,1.395,0.709,1.9086787432762051,-0.4210656579573364,-0.2030859896205104,-0.81,1.94241695965819,-0.9378097413027368,-0.17677609706060607,-0.8898317857417707,-0.8298807907564418,-0.8420822026851923
0.711,-0.757,0.711,-0.757,1.479,0.648,-0.143,-0.235,-0.319,-0.235,-0.706,1.479,1.479,-0.757,-0.319,-0.143,0.648,-0.706,-0.319,0.711,0.648,1.435,1.479,0.711,0.711,1.479,-0.757,0.437,1.479,0.648,1.479,1.435,-0.319,-0.143,-0.319,1.479,-0.235,1.435,0.437,-0.319,-0.706,0.711,-0.319,1.435,1.479,-0.143,-0.235,0.711,0.437,1.435,-0.235,-0.235,-0.757,-0.319,0.648,-0.3318558663094202,-0.31459905363627794,0.437,-0.706,-0.2859259260562691,0.6440008105007253,0.711,-0.7714431495492019,-0.24337849225209193,0.6963410492551427
0.776,-0.432,1.399,1.001,1.399,-1.159,0.525,1.326,1.326,-1.159,-0.432,1.001,-0.658,1.001,0.525,-1.159,1.399,1.326,1.399,0.776,1.326,1.353,-0.594,-1.159,0.776,-1.159,0.776,-0.658,-0.432,-1.159,1.001,1.399,1.399,-0.432,-0.658,-0.432,1.399,1.353,1.353,1.399,-0.594,0.525,-1.159,-0.594,1.001,1.353,-1.159,-1.159,0.776,1.353,1.001,0.525,-0.658,1.399,1.353,1.3847411826835834,0.5137462211779585,-1.159,-0.432,1.3380072283874513,0.5461873838861705,-0.6717746190016117,1.4253596215559825,-0.594,0.776,-0.6322719718956902,0.7619628960606121,-0.6053480526335719,0.5771323049087522
-1.193,-1.035,-1.018,-1.018,-1.193,-1.193,-0.709,-1.018,-0.709,0.091,-1.018,-1.035,-1.193,-1.193,-1.018,-1.035,0.518,-1.035,-1.193,-1.018,1.209,0.091,1.519,-1.193,-1.018,1.209,-0.08,1.209,1.519,-0.709,-0.838,-0.709,1.519,-0.838,1.209,1.519,0.518,-0.838,-1.035,-0.838,-1.193,0.091,-0.08,-0.709,0.518,-0.838,-0.08,-0.709,-1.035,0.518,1.519,-1.193,-1.035,-0.08,-0.838,-1.018,0.518,1.209,-0.09383322743309906,-0.8514830777915857,-0.709,-0.7317480576095501,1.1923744098688618,-0.07890383057800728,0.5074092419667167,1.2296505064262093,-0.6889835530712098
0.845,-0.805,0.646,-0.886,0.888,0.888,-0.805,0.845,0.888,1.183,-0.189,0.646,1.183,1.183,-0.485,0.888,0.888,0.44,0.888,1.183,-0.485,0.888,-0.164,-0.805,0.646,0.44,-0.886,0.646,-0.164,0.44,0.44,0.646,0.888,0.888,0.888,1.183,-0.886,-0.805,-0.886,-0.805,0.646,-0.886,-0.164,0.845,0.646,0.44,0.6270780934927419,-0.17456301120037732,0.6703155230400852,0.6889393311121061,1.183,0.888,0.8718832898352059,-0.9018185043393646,-0.485,1.1682016505877098
-0.697,-0.976,-0.917,-0.917,-1.23,0.228,-0.917,-0.812,-0.172,-0.812,0.91,-0.684,-0.172,-1.23,-0.812,-0.976,-1.23,-0.812,-0.976,-0.684,-0.976,0.228,-1.23,0.067,-0.172,-1.23,-0.976,0.228,0.228,-0.976,-0.812,-0.917,0.067,-0.917,-0.697,-0.684,0.91,-0.976,-0.917,-0.172,-0.684,0.91,-0.697,-1.23,-0.917,0.228,0.91,0.91,-1.23,-1.23,-0.697,-0.684,-1.23,0.91,-1.2419121063541827,0.8947461893685339,0.067,0.050518128942752254,-0.6961361010058613,0.9435585135281166,-0.976,-0.917,0.228,-0.172,-0.929066653456026,-0.812,0.9930320267378964,-0.1877854505354008
-1.017,1.02,1.238,1.991,0.864,0.616,-0.755,-0.755,1.238,1.02,1.991,-1.017,-0.706,0.864,-1.017,1.469,-0.706,-0.755,0.864,-0.755,1.991,-0.922,0.864,-0.706,1.991,-1.017,1.469,1.991,-0.706,-0.755,1.238,-0.922,1.238,-0.706,1.991,-0.755,1.991,1.02,1.991,-1.017,-0.755,-0.706,-0.755,1.991,1.238,-0.755,1.238,-0.706,1.02,1.991,0.864,-0.922,1.469,1.469,1.991,1.9746199090614456,-0.755,0.616,1.4557311081138486,1.497843401813264,1.02,-0.706,1.238,0.864
-0.65,1.691,-0.736,-0.65,-0.65,-0.736,-0.576,-0.491,-0.65,2.016,-0.736,0.531,-0.65,0.661,-1.111,-0.388,2.016,-0.65,2.016,1.691,1.691,-0.576,0.661,1.691,-1.111,0.661,0.531,0.661,-1.111,1.691,-0.736,2.016,0.531,-1.111,-0.491,-1.111,-1.111,0.661,-0.576,1.691,-1.111,0.661,-0.576,2.016,2.016,-1.111,0.661,2.016,-0.736,0.661,0.531,0.6504336759198552,-0.491,2.016,0.517366963505242,-0.576,-0.7514917210045555,-0.5881173628377973,-0.65,-0.6644633268049055,-0.5781254240104682,1.9971603956969943,-0.7218577012783609,-0.6292687128420998
-1.145,-1.003,-1.003,-1.145,1.604,0.475,-1.145,0.475,-1.003,-1.003,-1.003,-1.003,-1.003,0.475,0.475,-1.003,-0.573,-0.143,-0.929,1.604,0.218,0.475,-1.003,0.475,-1.003,0.218,-0.573,-1.145,1.604,0.218,-0.929,0.475,-0.573,-0.929,0.475,-0.929,-1.003,-1.145,0.475,-0.929,-1.003,1.604,-1.145,-1.003,-1.003,1.604,1.604,0.475,0.218,0.475,-1.145,-1.145,-1.145,-1.003,0.218,-0.143,-1.018128094145545,0.0,-0.020579756273906468,1.604,1.5909277720641062,-0.15758594524225325,0.475,0.45544457895141455,-0.9969847139910568,0.2054232306675429,-0.12318464969831318,0.03152569479532001
-0.984,-0.843,-0.822,-0.984,0.298,2.358,-0.689,-0.722,-0.843,0.153,0.122,-0.689,0.122,-0.822,2.358,-0.984,-0.843,0.298,-0.984,-0.722,0.298,-0.722,2.358,0.153,2.358,-0.843,-0.689,-0.689,2.358,2.358,0.153,0.122,-0.689,-0.843,-0.843,-0.377,0.298,0.298,-0.689,2.358,-0.822,-0.689,2.358,-0.984,-0.377,-0.822,-0.722,-0.843,-0.689,-0.7077839937799953,-0.39293243736008854,-0.3572582772524175,-0.8319162657676853,-0.8066211377213157,0.153,-0.7354637865501543,-0.3384212212159092,-0.7489043174297281,-0.6695374292904233,0.13864921246909057
-0.762,-0.762,-0.762,0.444,0.441,-0.833,-0.001,1.196,-0.833,2.083,1.196,-0.299,0.867,-0.833,-0.833,0.867,0.867,-0.001,0.974,-0.299,2.083,-0.001,-0.833,-0.001,0.867,-0.299,2.083,2.083,2.083,-0.001,0.974,0.974,-0.299,0.974,0.867,0.867,1.196,0.974,1.196,-0.299,0.867,-0.299,2.083,-0.762,0.974,-0.762,0.974,-0.7770525444861833,0.9628011176626349,2.083,-0.299,1.196,-0.001,2.0714109639925016,0.867,2.1123867884173846,0.444,1.0131857244157538,1.0554018683187563,-0.833,0.4272238331744888,-0.8445842991606312,0.45755017800120523,0.4975598582725936
-0.028,-0.028,-0.028,-0.231,-0.111,-1.143,1.116,-1.143,-1.162,-1.162,-0.499,-0.231,-0.111,-1.143,-0.111,-0.111,-0.028,-0.028,-1.162,-0.111,-0.805,-0.111,-0.028,-0.231,-0.111,-0.028,-0.028,-0.805,-0.499,-0.871,-0.499,-1.143,-0.028,-0.231,1.116,-1.162,-0.111,1.116,-1.143,-0.499,-0.231,-0.871,-0.231,-1.143,-0.871,-0.028,-1.162,-0.805,-0.231,-0.111,-0.499,-0.805,-1.143,-0.231,-0.028,0.0,-0.03004508200909239,0.0061465335063535485,-1.162,-1.1568942537239728,-0.5079795308099998,-0.24207190958245015,-1.1732298843417868,-0.20709262335870648,-0.16508898762625798,-0.12454703887761623
0.988,0.988,-0.61,0.266,-1.206,-0.61,0.266,1.457,0.988,-0.159,0.988,0.988,-0.406,1.457,1.457,-0.159,-0.406,0.418,0.147,0.988,1.457,1.457,-1.206,-1.206,-0.278,1.457,0.266,-0.278,-1.206,0.147,0.988,-0.278,-0.159,-0.278,1.457,0.988,-1.206,0.988,-0.159,0.988,-0.278,1.457,0.266,-0.61,0.988,-0.61,-1.206,1.457,0.418,-0.61,-1.206,-0.278,0.988,-1.2199040192072015,0.9697042562772458,-0.159,-0.406,-0.420893799330846,0.4076257717420717,-0.6223971541454139,0.9955438303154782,0.4343889347227536,0.47898108918198046,-0.38207887716304284
-0.456,-0.429,0.006,0.787,-0.49,-0.213,-0.209,0.787,-0.49,1.797,0.787,-0.429,-0.549,-0.49,-0.456,-0.456,-0.49,0.461,-0.209,-0.213,0.787,-0.456,-0.213,0.006,-0.49,1.797,0.787,-0.429,-0.213,1.797,-0.456,-0.429,0.787,-0.49,0.787,-0.456,-0.209,1.797,0.787,-0.549,0.006,1.797,-0.49,-0.549,-0.49,-0.429,-0.213,-0.209,-0.456,0.787,-0.22185961869044463,-0.22797050827261214,-0.549,-0.429,0.006,-0.49,-0.5116416759250759,-0.46955235868361245,0.7806676604526638,-0.18909562458607784
-0.968,1.281,0.583,0.517,0.543,0.517,-1.153,-1.202,-0.968,0.017,-1.202,0.583,-1.153,1.281,0.517,-1.153,-1.202,1.281,0.583,0.3,-1.202,0.543,-1.202,0.517,-1.153,0.543,-1.202,-1.153,-0.968,-0.534,0.583,0.3,-1.153,-1.153,-0.534,0.3,0.583,-0.968,0.517,0.517,-0.968,0.017,0.517,1.281,0.3,0.3,0.517,1.281,0.543,0.5058390380242764,-0.534,-1.153,0.583,1.270452130208075,0.2894421180250199,-1.1671110676005132,0.5713414106359954,0.5324779772611216,-1.202
-0.52,-1.002,0.693,-1.002,-0.52,0.961,0.693,-0.564,-1.067,0.693,-0.564,1.794,0.254,-0.564,0.961,-1.067,-1.002,-1.067,-0.378,-1.002,1.794,0.254,0.961,-1.002,0.961,-1.067,0.961,-1.067,-1.002,1.794,0.961,0.254,-1.067,-0.378,-0.378,-0.644,0.961,0.961,1.794,-1.067,-1.067,-1.002,0.254,1.794,1.794,-1.002,-0.644,1.794,-0.378,-1.067,-0.564,-1.002,-0.644,-0.378,0.693,0.6678449487677698,1.794,0.961,0.6992192076178415,-1.067,-1.0127211313215494,0.9544171273292112,-1.0822875831594847,1.7815464997384949,1.8102309970658068,1.8416461518679,-0.38920559133900023
-1.064,1.267,0.341,0.341,0.978,-0.972,-1.165,0.978,-0.46,-0.563,-0.972,-0.35,1.267,-0.563,-0.46,-0.972,-1.064,0.978,-1.165,0.341,-1.064,-0.35,1.267,0.341,-1.064,-0.972,0.341,-1.165,-0.972,0.431,-0.972,1.267,-1.064,-0.563,1.267,1.267,-0.35,1.267,-1.165,-1.064,-1.165,-1.165,1.267,-0.972,0.341,-0.35,-1.064,0.431,-1.0826025659631675,0.33128464810351144,-0.36904754818729407,-1.165,-0.563,-0.32254334501255405,0.39462225324246475,-1.1766106538651175,0.43061598010525376,0.46793788628099964,-0.30395919160092844,-0.46
-0.211,0.94,-0.211,1.013,1.233,0.94,1.013,0.94,-0.021,1.432,1.013,1.432,0.444,1.013,0.444,1.013,-0.778,1.233,-0.778,-0.021,0.94,0.94,1.432,1.233,1.233,1.432,0.94,1.432,1.233,0.94,1.432,-0.778,1.013,0.444,-0.021,0.444,0.444,0.94,1.233,1.233,0.94,1.013,0.444,0.94,-0.211,-0.021,1.233,0.444,-0.778,1.22440348498912,-0.03264531419036471,0.006353200064983348,0.4259039183629656,1.2638144402582518,0.9265422812430532,1.2981746412919537,1.432,1.4192994550364813,0.9787125109934773,1.3421283439804086,1.0278980121119994
0.752,0.146,0.745,1.126,1.126,0.969,1.235,0.68,0.752,0.68,-0.232,0.969,0.146,0.969,0.969,-0.232,-0.554,0.745,0.969,0.745,0.752,0.745,0.68,1.522,1.235,1.235,0.752,1.126,-0.554,1.235,-0.554,0.745,1.522,0.969,0.969,1.235,0.745,0.146,0.745,1.235,0.745,0.745,1.126,-0.232,0.146,1.522,1.522,1.522,-0.554,0.68,-0.554,0.969,0.752,0.68,1.235,0.745,1.126,1.522,1.5119245267291292,1.1158533913843829,-0.5641052948029079,1.166340673573112,0.146,0.7324026543935219,-0.232,0.7911520358972635
0.829,0.829,-0.596,-0.346,1.24,1.24,-0.596,-0.918,0.075,0.829,-0.918,-0.596,-0.346,-0.596,1.284,-0.461,0.641,0.641,1.284,0.641,-0.596,-0.346,0.641,-0.346,0.075,0.075,1.284,0.829,0.954,1.24,0.075,-0.918,-0.596,-0.461,1.24,0.954,0.829,-0.461,0.075,-0.918,-0.918,-0.596,0.954,0.641,1.284,-0.918,-0.461,1.24,-0.596,-0.346,0.829,0.810715830606987,-0.461,1.284,-0.6083819881697188,0.954,-0.5742137071060014,-0.469629222961982,-0.35846093365852216,1.2711485340775819,-0.4289635679461404,-0.30529163064327214,0.641,-0.3664324858912352
-0.829,-0.882,-0.829,-0.577,-0.882,-0.577,-0.263,1.779,1.364,1.504,-0.419,-0.419,-0.577,-1.066,1.504,1.504,-0.829,1.779,1.364,1.504,-0.882,-1.066,-0.404,1.779,1.364,-0.882,1.779,-1.066,1.364,-0.263,1.779,-0.829,1.779,1.364,-0.829,-0.404,-0.882,-1.066,-1.066,1.504,-0.829,1.504,-0.577,-0.263,1.364,-0.404,-0.829,1.364,-0.404,-0.4230380818537549,-0.419,-0.3870726239884016,-0.577,1.3511335858823703,1.504,-1.066,-0.331991216321479,-0.30551676495567065,-0.263,-0.2835852286174643,-0.43168942236313756,-0.2634228835874858,-0.39877555345330035,-0.23446705059441894
0.91,-0.928,0.533,-0.223,0.533,0.91,0.533,1.952,1.169,0.426,-0.704,0.078,0.91,-0.704,0.039,-0.928,0.426,1.952,0.91,0.078,0.91,-0.928,0.426,-0.223,0.078,1.952,-0.223,0.078,-0.704,0.078,-0.928,0.078,0.039,-0.928,1.952,1.952,-0.928,-0.928,1.952,1.952,-0.928,1.169,1.952,0.039,-0.223,1.952,0.91,-0.704,1.952,0.039,-0.223,0.91,0.91,0.533,-0.704,-0.7150576914735707,0.898772745256244,1.169,-0.6957456386980088,-0.928,1.952,-0.9385064897066061,-0.9200878776730655,0.426,1.9378143463487136,0.944120077515165,0.078
0.232,0.306,-0.973,-0.899,1.399,0.306,1.217,-0.973,0.232,1.399,-0.899,0.306,1.252,-0.899,0.306,1.399,1.217,-0.973,1.217,-0.899,0.306,1.252,-0.899,0.306,1.399,0.306,0.306,-0.566,1.217,1.399,-0.861,-0.973,-0.861,-0.189,-0.973,-0.189,-0.566,0.306,0.232,-0.566,-0.189,1.252,-0.566,1.252,-0.861,1.399,-0.189,0.306,-0.189,1.252,-0.189,-0.189,-0.973,0.306,0.232,0.21015783306067765,1.399,-0.899,1.252,-0.566,-0.5875610685459753,0.2721534774808582,-0.9843223055248027,-0.9560443662633054,0.3115720429688217,0.2946534774135448
0.109,0.306,1.22,0.306,-0.916,1.064,1.22,1.22,1.17,0.306,1.064,-0.916,1.064,0.208,1.22,0.461,1.17,-0.631,-0.916,0.208,-0.916,1.22,0.461,-0.631,0.461,0.461,1.22,1.17,-0.631,0.208,1.22,0.109,0.208,1.17,0.461,0.461,0.306,-0.916,-0.379,0.306,1.22,1.17,0.208,0.109,0.208,0.461,1.22,0.4475823845970033,0.4942643798743495,0.109,-0.631,0.09529142676163294,-0.916,0.5588640343715541,0.5868443422405943,1.064,1.17,-0.379,0.6279946217807938,-0.6474386412295956,0.19731696822135897,0.6561284682119445,-0.6287901193289278,-0.9240830434824723
0.328,-0.075,-0.308,0.328,-0.943,0.31,-0.308,-0.943,0.255,0.255,-0.943,0.255,-0.943,-0.477,-0.477,0.328,0.051,0.255,0.29,-0.075,-0.308,-0.769,-0.308,0.051,-0.769,0.051,0.255,-0.769,0.255,0.29,0.328,0.31,0.051,-0.943,-0.769,-0.943,-0.769,0.328,0.328,0.051,0.328,-0.477,0.051,-0.308,-0.943,0.29,0.2798455065285153,-0.769,-0.9593655255617264,-0.7840207409536005,-0.9173095749832626,-0.7405942635971998
-1.122,1.012,-0.341,-1.122,-0.891,-0.715,-1.122,-0.718,-0.341,-1.122,-1.122,-1.122,-0.978,0.158,-0.891,-0.745,-0.978,0.477,-0.718,-0.978,-0.715,-0.978,-0.745,1.012,0.158,-0.891,-0.978,1.012,-0.715,-0.891,-0.341,-0.341,-1.122,0.477,-0.745,-0.715,-1.122,-1.122,-0.715,-0.718,-1.122,-0.715,-0.891,-0.715,-0.891,-0.745,0.158,-0.715,0.14596978481570488,0.1772794053166232,-0.341,-0.7246961772909742,0.20809494811139667,0.477,0.2571033602788817,-0.9064052120652148,-0.6923943503300757,-1.122
0.092,-1.203,-1.003,-1.203,-0.011,-0.689,-0.689,0.986,-1.003,-1.203,-0.84,0.092,-0.011,-0.011,-0.847,-0.578,-0.84,-0.011,-1.203,0.172,-0.847,0.986,-0.578,-0.689,0.092,-1.203,-0.847,-0.84,-0.689,-0.847,0.172,-1.203,-0.847,-0.011,0.092,-0.84,0.092,-0.689,-1.203,0.092,-1.003,-0.689,-0.011,-0.011,-1.003,-1.003,-0.847,-0.847,-1.203,-0.8616824587207546,-0.8196677804543906,-0.7937899943997135,-0.84,-1.003,-0.8572460621832334,-0.8327923403048304,-0.7501929759188178,-0.689,0.092,-0.8031774366476068,-0.578,-0.7062668031849958,0.986,-1.212916614071376
-0.947,-0.237,-0.856,-0.856,-0.949,-0.856,-0.949,-1.028,-0.947,-0.237,-0.998,-1.028,-0.237,-0.949,-0.949,-0.947,-0.998,-0.856,-0.947,0.115,-0.947,-0.949,-0.947,0.908,0.115,0.115,-0.998,-1.028,0.908,-0.856,0.908,0.115,-0.947,0.908,-0.998,-0.856,-0.998,-1.028,-0.998,0.846,0.846,-0.947,-0.949,-1.028,0.115,-0.949,-1.028,-1.028,0.0,-1.0395408649637539,-1.0361492653291189,-0.237,0.846,-0.949,-0.947,0.908,-0.967018816124192,-1.0062014789673444,-0.998,-0.856,-0.960195192917873,-0.906793164663966,-0.012996311211460072,0.8330496562677373,-1.0111493276581918
-0.388,0.731,-0.631,-0.745,-0.745,1.977,-0.575,-0.745,-0.575,0.731,1.977,-0.575,-0.734,-1.215,-0.745,-0.631,-1.215,-1.215,-0.388,-0.388,0.095,-1.215,1.977,1.977,1.977,-0.388,-0.575,-0.736,-0.736,-0.736,-0.745,-1.215,-0.745,-1.215,-0.734,-1.215,0.731,0.095,-0.631,0.731,-0.575,-1.215,1.977,-1.215,-0.388,1.977,0.095,-0.575,-0.734,-0.631,-0.736,-0.631,-1.215,-0.736,-0.7613645125642106,-0.575,0.095,1.977,-0.388,-0.7245323958635661,-0.734,0.08195795223412834,0.731,0.7217402634529055,0.7642134722244879
2.719,1.271,-0.875,1.271,1.271,2.719,2.719,2.719,-0.345,2.719,-1.21,-1.21,-0.875,-1.21,-0.459,-0.395,2.719,-1.21,-0.395,-0.068,-1.21,1.271,-0.459,-1.21,-0.395,-1.02,-0.345,-0.868,-1.02,-0.395,1.271,-0.345,-1.02,-0.868,1.271,-0.868,2.719,-0.875,-1.02,-1.21,1.271,-0.875,-1.21,-1.02,-1.21,-0.068,-1.2168749551159197,1.271,1.2539782732121671,-0.875,1.291694876668226,1.3249054927060953,-1.02,1.354835053531955,-1.172670609040976
0.241,-1.023,0.241,0.338,0.307,0.338,0.241,-0.562,-0.562,0.241,-0.348,-1.023,-0.828,2.017,-0.562,0.338,-0.828,2.017,-0.268,0.241,-1.023,-0.268,0.241,-0.828,2.017,0.839,-1.023,-0.268,2.017,0.338,-0.562,0.241,0.338,0.338,0.839,0.338,0.241,2.017,-0.828,0.307,-0.348,0.839,-1.023,0.307,0.307,0.839,-0.562,0.241,-0.562,-0.562,0.839,2.017,0.241,0.241,0.338,-0.348,0.839,-0.268,-0.828,0.8277365807531188,-0.8451199548527341,-0.562,0.22943277340063561,0.3201031585517023,-0.27895382259048856,-0.26373043686004,-0.3626957184002537,0.307
-0.479,0.44,1.793,0.352,1.793,1.218,1.491,-1.004,0.352,1.218,1.491,1.491,-0.783,0.1,1.491,1.793,1.218,1.491,1.793,-1.004,-0.479,0.1,-0.783,1.218,0.1,-1.004,0.352,0.352,1.793,-0.783,-0.479,-1.004,1.793,1.491,1.491,1.218,-0.783,-0.385,1.793,0.352,-1.004,0.1,0.44,-0.385,-1.004,1.218,1.218,0.44,0.352,0.3358152086930761,1.491,-0.479,0.1,0.08856528632437023,-0.49428683029301895,1.4771694544806198,0.12674666378124336,0.1733242096309043,0.4276512679149886,1.201147820763807,1.243257284875811,1.793,1.5218596347971967,0.2025041371942801
-1.24,-0.774,-1.24,-1.24,-0.694,-0.054,0.309,-0.774,-1.24,-1.24,-0.774,-0.694,-1.24,0.309,0.867,0.689,0.309,-1.24,0.41,-1.24,0.309,-0.694,-0.774,0.689,-0.774,0.867,-0.694,0.3,-0.054,-1.24,-1.24,-0.774,-1.24,-0.718,-0.774,-0.718,-0.054,-0.694,-0.718,-0.774,-0.774,0.867,0.3,0.867,0.309,0.3,-0.774,-1.24,-0.054,-0.06810037322629171,-0.774,0.689,0.3,0.41,0.2878059987130014,0.309,-0.718,0.2925503402504013,-0.7858652717529145,-0.036044097132864536,0.39934673568127493,0.6714757110060184,-0.694
-0.397,0.65,-0.945,-0.945,-0.614,-0.945,0.65,-1.004,-0.945,-0.614,-1.014,1.022,-0.945,-1.004,-0.397,-0.294,-0.212,-1.014,-0.945,-0.945,-1.004,-0.397,-1.014,0.104,-1.014,-0.294,0.65,-0.945,0.65,0.104,-1.014,-0.212,-1.004,-1.004,-1.014,1.022,-0.614,-1.004,-1.004,-0.945,1.022,-1.014,-0.945,-0.397,-0.945,-0.9603209419674306,-0.294,0.104,-0.212,-1.014,1.022,0.09242190391940079,-0.614,-0.6268530297120704,-0.9244387008674604,0.14317090524782358,-0.6015267366634397,-0.4070190946751924,-1.004,-0.30576221990546903
-0.861,0.74,1.48,-0.579,-0.879,-0.879,-0.579,-0.879,0.74,0.039,1.48,0.039,0.073,-0.861,-0.579,0.039,0.477,-0.671,-0.861,-0.861,-0.879,-0.671,0.073,-0.579,0.367,0.367,-0.671,0.039,-0.671,0.74,0.74,0.74,-0.671,0.039,-0.671,0.367,0.039,-0.579,-0.861,1.48,-0.671,0.367,1.48,-0.671,1.48,0.073,-0.671,0.039,-0.6873570293171799,-0.661447965274858,-0.879,1.4668417895775439,-0.6318851681623167,0.74,0.7205117223531929,-0.861,-0.8883520101004665,-0.579,-0.8748242311599168,0.02997621187237179
0.87,0.815,0.905,0.053,-0.826,-0.879,0.87,0.815,-0.855,0.87,-0.855,0.815,0.503,-0.575,-0.855,0.053,-0.879,0.905,-0.879,0.704,-0.575,-0.879,0.87,0.704,-0.575,0.87,-0.575,0.704,0.503,0.503,-0.879,-0.575,0.87,0.87,-0.575,-0.826,-0.826,0.815,-0.826,0.503,-0.855,0.704,0.905,-0.879,0.87,-0.855,-0.575,0.815,0.704,0.053,0.905,-0.879,-0.826,-0.587466230551463,-0.855,-0.872042593684824,-0.5594524574864743,0.87,0.503,-0.5181728540106729
1.888,-1.008,-1.008,2.381,1.888,1.313,2.381,0.174,1.313,2.381,2.381,-0.926,0.174,2.381,-0.416,1.888,-0.276,2.381,1.888,-0.926,2.381,2.381,-0.416,0.174,-0.926,-0.276,-1.008,1.888,-0.926,1.888,0.426,1.313,1.888,-1.008,1.888,2.381,2.381,-0.926,1.313,2.381,-1.008,-0.276,0.426,0.174,1.313,0.0,0.40965679051323395,1.3056954238678722,2.381,2.363439631125925,2.3998343016879002,-1.008,-0.276,-0.926,2.445963491555825,-0.9363169524866873,0.4496460682851353,-1.0201989024666127,-0.2837036664561173,2.4868293030774984
-1.027,-0.668,-0.749,-1.027,-0.432,-0.611,-0.611,-0.668,-0.611,-0.432,-1.027,-0.668,-0.211,-1.027,-0.668,-0.668,0.877,-1.027,-1.027,-1.027,-0.48,-0.432,-0.432,-0.749,-0.668,-1.027,0.502,-0.211,-0.211,-0.432,-1.027,-1.027,-0.48,-0.668,-0.293,-0.432,-0.749,0.877,0.877,0.877,-0.211,-0.432,-1.027,0.877,-0.611,0.502,-0.668,-0.432,-0.293,-0.44765622497713414,-0.48,-0.41599196182998904,-0.38694661870092817,-0.749,-1.027,-0.3062911658454428,-1.046420710823625,-0.7580720004747958,-0.7103930885773966,-0.28162056481878245
-1.234,-0.732,-1.152,0.059,1.132,-1.234,-1.234,-0.732,-0.732,-0.161,-1.152,-1.045,0.059,-1.234,-0.936,0.302,-1.045,-1.234,-1.045,0.244,0.244,-1.045,0.302,-1.152,-1.234,-1.152,-0.732,0.302,-1.045,0.059,1.132,-0.936,-1.234,-1.152,-0.161,-1.234,-1.234,0.302,-0.936,0.244,0.244,-1.045,-0.936,-1.152,-1.045,-1.045,-1.234,-0.936,-1.152,0.059,0.244,-1.045,-1.152,1.132,-1.234,0.059,0.302,-1.0577868951941074,1.1136075605198072,0.232058230008399,-1.01912054749657,0.2902024525644675,-0.732,0.32537222823376327
2.301,1.784,2.081,0.011,1.709,-1.17,0.011,2.301,1.784,-0.628,2.081,-0.369,-0.316,0.011,-1.17,0.011,-0.369,2.081,2.081,-0.316,2.301,2.301,2.301,1.709,1.784,1.709,1.709,1.709,0.011,2.301,1.784,-1.17,2.301,-1.17,-0.369,-0.316,2.301,1.784,-0.628,-1.17,-0.628,0.011,-0.369,1.709,2.081,2.301,-1.17,2.081,2.081,2.301,2.301,1.709,-1.17,-1.17,2.301,-1.1903054638000248,0.011,0.0,2.081,1.784,2.288160583661688,-1.1448746342670788,-0.316,-0.32940883876090093,-0.369,-0.012060461049448815,-0.628,-0.37975999644356173
0.536,-1.005,-0.958,-0.958,-0.958,-0.148,0.504,1.813,-0.148,0.536,-0.382,-0.382,-1.005,0.504,0.504,-0.958,0.536,0.536,1.813,-1.005,-0.382,-0.185,0.041,-0.148,-0.148,1.188,1.813,0.504,0.041,-0.148,-1.005,-0.185,0.504,1.813,0.536,1.188,0.504,1.188,1.188,-0.148,-0.958,-0.382,1.813,-0.958,-0.185,-0.958,0.504,-0.148,-0.185,-0.148,-0.19746045077878915,0.504,0.041,-0.14981974123400232,0.536,1.813,-0.16332790668274122,-0.12854368472115338,1.188,0.03118125667740076,-0.958,0.05637587636679861
-0.674,0.856,2.068,0.439,2.068,-0.913,-0.674,-0.999,0.311,0.856,0.439,0.856,-0.674,2.068,0.08,-0.674,-0.913,0.439,-0.999,-0.999,-0.674,1.368,0.311,-0.674,-0.999,-0.913,0.439,-0.999,-0.575,1.368,0.856,0.856,0.439,-0.999,0.439,2.068,0.439,1.368,2.068,2.068,-0.999,2.068,-0.913,1.368,0.08,0.856,2.068,-0.913,-0.999,-0.913,-0.674,-0.575,-0.999,-0.999,0.08,0.057919411655976014,0.439,0.311,-0.674,-0.575,0.29921466833642407,-0.5821371350604883,0.10104620957416888,-1.014636756128715,0.3412412653102901,0.3584733945330155,-0.9602384162949021
-0.573,-0.957,1.61,1.61,-0.026,-0.962,-0.964,1.61,-0.957,-0.573,-0.659,1.258,-0.413,-0.573,-0.573,-0.964,-0.962,1.61,-0.964,-0.957,-0.026,-0.962,-0.659,-0.396,-0.957,-0.026,-0.962,-0.413,-0.026,1.258,-0.573,-0.573,-0.962,-0.026,-0.396,-0.962,-0.026,1.258,-0.659,-0.962,-0.964,-0.964,-0.962,1.61,-0.957,-0.396,-0.413,1.258,-0.659,1.61,-0.957,1.6001669400452712,-0.9733659215028371,-0.962,-0.974100197273702,-0.964,-0.9294013799876368,-0.573,-0.026,-0.4092435482863109,-0.8962295067725072,1.6634961872657645,-0.3893217996813543,-0.3415493781681178
0.527,-0.482,0.527,0.527,-1.31,-1.101,-0.833,-0.403,-0.833,-0.833,-0.461,0.527,-0.784,0.738,-1.31,-0.005,-1.101,-0.833,0.738,-1.101,0.527,-0.461,-0.784,-0.784,0.527,-0.833,-1.31,-1.31,-0.461,-0.461,-0.482,-1.101,-0.482,-1.31,-0.784,0.527,0.527,0.738,-1.101,-0.403,-1.31,0.527,-0.403,0.527,0.738,-1.101,-1.101,-0.784,0.738,-0.005,-1.31,-1.31,0.527,-0.482,-0.005,-0.482,-0.5007495011953871,-1.101,-0.461,-0.47747463431067083,-0.833,-0.4507858448756468,-0.42091189542764906,-1.1119237201910153,-0.8428272054423541,-0.7929724008789512,-0.7641419178948076,-0.37650195498460964,0.738,-1.067271211846528
0.674,0.633,0.674,0.633,1.609,-0.906,-0.132,-0.545,-0.311,-1.41,-0.132,1.609,-0.545,0.838,1.609,-0.906,0.838,-0.311,-0.132,-0.311,-0.906,-0.311,-0.311,-0.311,0.633,0.838,-0.906,1.609,-1.41,0.674,-1.41,0.404,-0.132,-1.41,-0.545,-1.41,0.674,-1.41,-1.41,1.609,-1.41,1.609,-0.545,-0.906,1.609,-0.906,-0.311,-0.132,0.633,-0.14093450048869957,-0.13796705561651174,-1.41,0.6183328265295728,-0.906,0.838,-0.545,-0.9193510044882506,0.674,-0.08204680878894464,-1.4230653454989088,-1.3988540765832729,-1.372205544154383,-0.5593440910961479,0.6655084219249316,0.7184447615242269,0.824410475345904
-0.916,-0.556,-0.021,-0.927,-0.517,1.04,1.04,-0.916,-0.927,-0.517,-0.517,0.911,-0.916,-0.028,0.911,-0.556,-0.927,-0.916,-0.507,-0.021,-0.927,-0.556,-0.927,-0.916,-0.021,-0.927,1.04,1.04,-0.556,-0.916,-0.028,-0.556,-0.556,-0.507,-0.028,1.04,1.04,-0.028,-0.916,0.911,-0.028,0.911,-0.028,1.04,1.031513456382133,-0.517,-0.916,0.0,-0.5315144031700276,-0.03766598993881973,1.0571888601646986,-0.927
1.39,-1.045,-0.939,-0.939,-1.045,1.419,1.597,-0.87,-0.738,-0.939,1.186,1.8,-1.045,-0.939,-0.685,1.39,-0.738,1.419,1.8,1.597,1.419,1.8,-1.045,1.419,-0.738,1.8,1.39,1.419,1.186,1.597,-0.939,-0.685,-1.045,-0.87,1.419,-0.939,-1.045,1.419,-0.87,1.186,-0.87,1.597,1.597,-0.87,-0.685,-0.87,1.419,1.597,-0.939,1.39,-1.045,1.8,-0.87,1.39,-0.939,-0.9531814803489594,-1.045,-1.0595890899968425,1.419,-0.8789436613779673,1.3767546322316389,1.405560058815539,1.8,1.7816657600900698,1.8001201236841644,1.597,1.8507799863912138,1.45096158964187,-0.738,-1.0235818212146297,-0.9198407917436093
0.099,1.027,-0.746,0.099,1.227,1.206,1.057,-0.746,1.027,0.919,1.227,1.206,1.206,1.227,0.919,1.206,0.919,1.027,-0.644,-0.192,-0.746,0.099,0.919,1.027,1.027,1.057,-0.644,0.919,1.027,1.027,0.099,0.099,-0.403,1.206,1.027,1.027,1.227,1.206,-0.746,1.206,0.099,1.057,0.919,1.027,-0.644,-0.192,1.227,1.027,1.209346695085452,-0.6566683421465295,1.0117860384273147,-0.746,1.206,-0.7621513722068577,-0.6948354023774401,-0.6340306713850721,1.194198862603888
-0.938,0.166,-0.66,-0.899,0.166,-0.577,-0.66,-0.889,-0.919,1.578,-0.938,0.166,-0.938,0.564,-0.919,-0.899,-0.899,-0.938,-0.66,-0.889,0.166,0.166,1.578,-0.899,-0.899,-0.577,-0.66,0.166,-0.899,1.578,-0.46,-0.46,-0.577,-0.919,0.166,-0.919,-0.577,-0.577,1.578,-0.938,-0.938,0.166,0.166,0.166,-0.889,-0.899,-0.938,-0.577,0.166,-0.938,-0.919,-0.66,0.14869317068970192,0.564,0.18864739370127864,-0.899,-0.889,-0.677713913397936,-0.9162489533730999
-0.779,1.077,1.135,-0.779,1.563,-1.096,1.135,0.372,-0.91,1.135,1.135,1.135,-0.779,0.372,1.077,-0.91,-0.691,-1.096,-1.096,-0.779,1.563,1.563,-0.691,-0.91,-0.691,-1.096,1.563,-0.395,1.135,-0.91,1.135,1.135,-1.096,0.372,-1.096,0.415,1.077,-0.691,-1.096,1.563,-1.096,-1.096,-0.691,-0.7006440618291504,0.415,-0.6514959270289209,1.077,-1.096,1.0636212577798028,-0.91,-0.9252285402623258,-1.1105536376912002,-0.8766883082121963,-0.6187965600993441,-0.5876893915838834,-0.779,-0.395,-0.792727254877773,1.135
-0.713,-0.225,-0.887,-1.125,-0.713,-1.164,-0.713,0.173,-0.887,-0.232,-0.887,-0.173,-0.232,-0.232,-1.125,-0.225,-0.232,-0.887,-0.232,0.914,-1.164,-0.232,-0.887,-0.713,0.914,-1.125,1.035,-1.164,-1.164,0.173,-0.232,-0.713,0.914,0.914,-0.713,-1.125,-0.225,1.035,0.914,-1.125,-0.713,1.035,-0.225,-0.232,-1.125,-0.173,-0.173,0.173,-1.164,-0.225,-1.125,0.914,-1.1430626110448268,-0.713,-0.232,-1.128696871541395,-0.887,-0.23844962550073492,-0.20741454184358757,-1.102114527142912,0.9041117761926164,-0.173,-0.14557834382231688,-0.24708052461732513,-0.7317470027776487,-0.6921722102109774,0.9603581944839387,0.173,-0.6515709586647381,0.1581272635677854,0.17401348801319452,0.21054095600509568,-0.1081640341181255
-1.313,-1.313,-1.313,-0.047,-0.006,-1.313,-0.013,-0.35,0.555,-0.013,1.283,-0.35,-0.35,1.283,-0.35,-1.313,-1.313,-0.226,-0.131,-0.35,-0.131,-0.006,-0.35,-0.35,-0.013,-0.131,0.555,1.163,0.555,-1.313,-0.013,-1.313,-0.226,-1.313,1.163,-0.226,1.163,-0.013,1.163,1.283,-1.313,1.163,1.163,-0.047,-0.047,-0.226,-1.313,-0.35,-1.313,1.283,-0.013,-0.047,-0.131,1.2690074874961539,-1.325963798189741,-0.35,0.555,-1.3024778983687577,1.3037614814254215,1.163,1.144610956007356,-1.2674580605372798,-0.226
-0.666,1.611,-1.227,0.15,-0.346,-1.227,-0.346,-1.227,1.611,-1.088,0.715,0.692,-1.227,-1.088,-0.555,-1.088,0.15,1.611,-0.555,-0.346,-0.346,-0.555,0.711,-1.227,-0.555,-0.555,-0.555,-0.555,0.711,-0.346,-1.088,0.692,0.692,0.715,0.15,1.611,-1.088,0.715,-1.088,0.715,-1.227,-1.088,0.692,-0.555,1.611,-1.088,-1.227,-0.555,-1.088,-0.666,1.611,-0.555,1.611,0.715,0.15,1.611,0.692,0.715,-1.227,0.6990942376477315,-0.555,0.15,-0.346,0.6824030309264457,1.5983370632277978,0.7308401081644101,0.7632993861840589,-1.239679134090844,0.7965815459362651,-0.666,-0.6839777241665269,1.6330349794143928
0.13,0.901,-1.148,-1.148,-0.093,-0.723,0.901,-0.716,0.265,-0.354,-0.716,-0.354,0.37,-0.354,0.37,0.901,-0.354,-0.723,-0.354,-0.093,-0.093,0.901,-0.354,0.265,-1.148,-0.093,-1.148,-0.716,-0.723,-0.716,-1.148,-1.148,0.13,-0.716,-1.148,-0.354,-1.148,-0.354,-1.148,-0.354,0.901,-1.148,0.37,0.37,0.265,0.901,-0.723,0.574,-0.354,0.265,0.901,-0.716,0.901,0.37,0.901,-0.093,0.37,-0.723,-0.7462028818059395,0.13,-0.7201335446440018,-1.148,-0.716,0.901,-0.6687917716780205,0.8854215139578965,0.8981967433201856,0.11486690739839077,-0.6533326982731461,0.9388004589642008,0.3612883133220933
0.686,0.775,-0.624,-0.335,0.775,-0.993,-0.993,-0.596,-0.335,-0.993,-0.993,-0.993,-0.993,-0.443,0.269,-0.443,-0.596,0.686,0.775,0.008,0.686,-0.335,1.081,-0.596,-0.335,-0.596,-0.624,0.008,0.686,-0.596,-0.596,-0.596,-0.596,-0.993,1.081,-0.596,0.775,-0.596,-0.596,1.081,-0.993,-0.624,0.269,0.775,0.686,-0.993,-0.993,1.081,-0.596,-0.335,-0.443,-0.596,1.081,-0.624,0.008,-0.624,0.775,0.775,-0.443,-0.335,-0.596,-0.6139733977043129,0.269,-0.443,-0.34704407962649764,-0.5840225903561305,0.775,0.008,-0.3049335119509321,-0.28405454718699463,1.081
-0.678,-0.678,-0.521,-0.607,1.189,1.189,-0.607,0.736,-0.521,0.518,0.518,-0.678,0.569,-0.678,0.736,-0.722,-0.607,0.736,1.189,0.736,0.736,-0.521,0.736,0.518,-0.678,-0.521,1.002,-0.678,1.002,1.189,1.189,-0.521,1.002,1.066,1.189,-0.722,-0.722,0.736,1.066,-0.607,0.736,-0.678,-0.607,0.736,-0.607,0.736,-0.678,-0.722,-0.678
-0.282,0.256,-0.282,-0.319,-0.864,0.256,0.013,0.636,-0.319,1.397,-0.282,1.397,-0.319,-0.712,0.256,-0.319,-0.68,-0.282,0.256,0.013,0.256,0.636,-0.864,0.636,-0.864,-0.282,0.636,-0.864,-0.712,0.257,0.257,-0.282,0.256,0.257,-0.712,-0.68,-0.319,0.013,-0.319,1.397,1.397,0.636,1.397,0.257,1.397,-0.282,0.256,-0.319,-0.29568533292832905,0.24223752381602395,-0.68,0.257,-0.864,-0.25845259423925704,0.2938422198060792,-0.3331917694633626,1.397,-0.8743089137563101,-0.8564520094319313,-0.8201618008852463,0.013,-0.7726501575432048,0.636
-0.721,-1.405,0.496,-1.405,-0.747,0.297,-0.747,-1.405,1.27,-1.405,-0.721,-0.747,-0.658,-1.405,-0.721,-0.903,-1.405,1.27,-0.721,-0.745,0.496,-0.721,1.27,0.297,-0.799,0.496,-0.903,1.27,-1.405,-1.405,-0.658,-0.658,-0.747,-0.745,-0.799,-0.903,-0.747,1.27,-0.745,1.27,0.297,1.27,-0.745,0.297,-0.799,-1.405,-0.745,-0.747,-0.747,-0.747,0.297,0.297,-0.747,-0.721,-0.7297610608512614,0.283131696034467,-0.766214128435538,-1.405,-0.745,-0.903,-0.799,-0.760311440247427,-1.4180550533529133,-0.916711955649699,-0.8739576484184297,-0.7290744971001848,0.3268032227487034,-0.8051109513905952,-0.8113320440989966,-0.6996683952974311
-0.252,-0.499,-0.773,-0.499,0.442,-0.926,2.053,-0.252,-0.499,-0.926,2.053,-0.773,2.053,2.053,-0.926,-0.926,2.053,-0.499,2.053,0.273,-0.252,0.442,0.442,-0.633,0.273,-0.669,-0.252,-0.926,-0.669,-0.926,-0.722,-0.926,-0.722,0.442,-0.499,2.053,-0.499,0.273,0.273,-0.499,-0.773,-0.722,-0.633,-0.773,-0.252,2.053,0.442,-0.926,-0.722,-0.252,2.036093144059306,-0.7342517246232492,0.4353872911193616,-0.773,-0.9375489875877014,-0.922506910547662,-0.7062695600550314,-0.6960444976113755,0.48952644011024765,-0.669,-0.9010261309399229
-0.712,-0.689,-0.758,1.117,-0.689,-0.512,1.356,1.356,1.356,1.117,1.117,-0.758,0.744,1.356,-0.512,-0.758,1.356,0.485,-0.132,-0.758,-0.132,1.356,-0.717,-0.717,-0.512,-0.132,1.117,1.356,-0.132,0.485,1.117,1.117,1.117,-0.712,-0.758,-0.717,-0.512,0.744,0.485,-0.758,-0.132,-0.132,-0.512,-0.717,1.117,-0.712,-0.689,1.356,1.117,-0.717,0.485,1.3400803019944796,-0.7305545106699121,1.363625582187467,-0.132,1.3942540772072627,-0.6908465825845398,1.409756311404294,0.744,1.4411087854700981,0.4707689912508809,-0.512
1.613,0.65,0.927,2.092,1.613,-0.799,-1.048,-0.799,2.092,0.927,-1.048,1.613,2.092,-1.048,1.613,2.092,2.092,2.092,0.927,-0.529,-0.799,0.927,0.767,2.092,-0.888,0.65,-1.048,0.927,-0.888,0.767,-1.048,-0.799,-0.799,0.927,-0.529,2.092,-0.888,1.613,0.65,-1.048,0.767,-0.888,-1.048,0.65,0.927,-0.799,0.767,0.65,0.927,-0.799,-0.8165256209429174,0.0,-1.048,-0.888,2.092,-0.012734806246186284,0.65,-1.05870741672065,0.006789401489350134,-0.9053800095232611,0.767,-0.8622835703221343,0.7496027555963449
-0.74,-0.881,-0.74,-1.133,-1.417,-1.133,1.407,-1.133,-0.802,-0.881,-0.74,-1.417,-0.699,0.816,0.061,-0.881,-0.802,-0.802,-1.133,-1.133,-0.699,-1.417,-1.417,1.407,-0.714,0.061,-0.714,1.407,1.407,-1.133,-0.699,-1.417,-1.133,-0.714,-1.417,0.061,0.816,-1.133,0.816,-0.881,-1.417,-1.417,-0.881,-1.133,0.061,-0.74,-0.699,-0.881,0.816,-1.133,-1.1500433722681938,0.8035368586399494,-1.417,-1.43004683581225,-0.802,-0.8927632817009126,-0.8661973710821108
-0.62,-0.369,-0.682,1.617,-0.369,1.617,-0.736,-0.116,-0.736,-0.116,1.403,-0.62,-0.369,1.617,-0.369,-0.956,-1.014,-0.62,-0.682,-0.028,1.617,-0.369,-0.736,1.403,1.617,-1.014,-0.956,-0.369,-0.028,-0.028,-0.116,-0.956,-0.956,-0.682,1.617,-0.028,-0.956,-0.62,1.403,1.617,-0.62,-0.682,-1.014,1.403,1.403,-1.014,1.617,-1.014,-0.956,1.617,-0.028,-0.62,-0.047714619776102696,-1.014,-0.682,1.403,-0.369,-0.6968358187960065,-0.6280412640943684,-0.027157460770702142,0.008288556726294059,-0.956,-0.736,1.602510947364121,-0.6652428487799575
-0.212,-0.822,-0.414,1.293,-0.822,-0.648,-0.697,0.105,-0.255,-0.697,0.105,0.105,-0.822,-0.697,-0.255,-0.648,-0.212,-0.255,1.293,-0.822,-0.705,-0.648,-0.648,0.484,0.105,0.105,-0.822,-0.648,-0.822,-0.705,1.293,-0.648,-0.705,-0.255,-0.822,-0.705,-0.255,-0.648,-0.697,-0.648,-0.255,-0.414,-0.705,0.484,-0.822,-0.648,1.293,-0.212,-0.697,-0.255,-0.705,1.2793075979887227,-0.2654285419884592,-0.7187428535514329,-0.8344250232581686,-0.7113227568136165,-0.414,-0.6594219345751892,-0.80869537921584,-0.42645520298094747
-1.113,-0.711,-1.113,-1.113,-0.854,-0.971,-0.938,-0.718,-0.718,0.531,-0.711,-0.854,0.531,-1.113,-0.718,-0.938,0.823,0.531,-0.711,0.531,-0.711,-0.711,-0.117,-0.718,0.823,-0.854,-0.53,-0.971,-0.938,-0.938,-0.117,-1.113,-0.53,-0.938,-0.971,0.823,-0.711,-0.971,-0.718,0.823,-0.117,0.823,-0.938,0.531,-0.117,-0.854,-0.854,-1.113,-0.971,-0.711,0.823,-1.113,-1.1296958627080624,0.531,-0.854,-0.971,-0.117,-0.938,-0.711,-0.724219882138201,-1.1000073265350068,-0.12363111552273184,-0.6738536417539889,-0.9497976268661499
-0.417,2.199,0.869,1.465,1.025,-0.951,-0.656,2.199,0.869,-0.656,1.465,1.465,-0.989,-0.989,2.199,1.465,-0.951,2.199,-0.989,0.906,1.025,-0.951,-0.951,-0.989,2.199,0.906,2.199,0.869,2.199,-0.989,-0.989,1.465,-0.989,-0.674,-0.951,1.025,-0.989,-0.674,1.465,-0.951,-0.951,-0.674,-0.417,1.025,2.199,-0.656,-0.989,-0.951,-0.951,0.869,-0.417,1.465,1.4530546221360268,0.869,0.906,-0.951,-0.42541143363666856,0.8565160983204153,0.8899622125612565,-0.656,-0.989,-0.9649655430243474,-0.9437115987088427,0.9476310099078346
0.941,-0.409,0.249,-0.971,0.257,0.679,-0.409,0.941,1.724,-0.409,-0.971,-0.887,-0.887,-0.887,-0.887,-0.887,-0.409,0.249,-0.971,0.257,0.679,-0.971,0.257,0.249,0.257,0.679,-0.971,1.724,0.249,-0.409,0.257,-0.782,0.257,-0.971,-0.409,1.724,-0.409,0.249,-0.887,-0.971,-0.971,0.797,-0.887,1.724,0.797,0.797,0.679,-0.971,0.941,0.249,-0.782,-0.782,1.724,1.724,-0.409,0.257,-0.782,0.679,0.24559673842924146,-0.971,1.713684685820099,0.669642912363741,0.6999887369849285,-0.9847183825225992,0.941,0.7362443549007093,0.2629576894900397,0.3084802724663308,0.797,-0.952264332765913,-0.887
1.616,-0.014,-0.058,-0.014,1.616,-0.411,1.105,0.291,1.616,0.291,-0.673,-0.311,-0.054,-0.673,1.616,-0.673,-0.311,-0.673,1.105,-0.636,1.616,-0.054,1.616,-0.673,-0.636,-0.673,-0.636,1.616,-0.311,-0.673,-0.636,1.105,-0.636,-0.311,-0.058,-0.058,-0.054,-0.673,0.291,-0.014,1.105,-0.014,-0.014,-0.054,-0.411,0.291,-0.673,0.27743125245452205,1.105,-0.058,1.0878922650749916,-0.636,-0.014,0.29620420801203523,-0.6496158646141921,-0.311,-0.06637676273176181,-0.32678239697482264,-0.031514093695326977,1.131379834449557
-1.347,-1.003,1.15,-1.347,0.23,0.423,0.23,0.23,0.23,1.15,0.344,1.15,0.344,-0.254,0.423,1.15,0.033,-0.254,-0.254,-0.254,0.344,0.344,0.23,0.23,0.033,0.344,1.15,0.23,0.466,-0.254,-1.003,-1.003,0.033,0.344,-1.347,0.466,0.23,-1.347,-1.003,1.15,0.033,0.423,-1.347,0.423,-1.347,0.344,0.344,-0.254,-1.347,-0.254,0.344,-1.347,0.23,0.033,0.423,0.344,0.423,0.3291387660827771,-1.347,0.36040359035752323,0.2139489907093664,1.15,0.02460036416784745,-0.254,0.4113456345908478,0.4025246997848765,0.466
0.675,-1.428,-0.925,-1.428,-0.925,-1.428,-0.925,-0.654,-0.756,-1.428,-0.756,-1.428,-1.428,-1.428,-0.68,-1.428,-0.654,-1.134,-1.134,-0.925,1.337,0.55,1.337,-0.311,-0.68,1.337,-1.428,-0.654,-0.654,0.675,-0.68,-1.134,0.675,-1.428,-1.134,-0.68,-1.134,-0.925,0.55,-1.134,-1.428,-0.756,-1.134,-0.925,-0.654,-0.756,-1.134,-0.7674979463192028,-0.925,-1.1491929547824054,0.675,1.337,-1.428,-0.7358349460518375,-0.6960363252951192,-0.6761846875489422,0.6634270132603006,-0.9450661474279334,-0.9317166007299373,0.7107281994847398
0.786,0.742,-0.642,1.585,0.786,-0.168,-0.168,-0.642,-0.642,-0.642,1.585,-0.929,1.585,-0.642,0.742,0.786,-0.168,0.46,-0.253,0.786,-0.929,-0.168,1.585,1.585,-0.642,-0.168,0.101,1.585,-0.642,0.786,-0.168,-0.929,0.101,1.585,-0.642,0.742,-0.094,-0.642,-0.929,0.742,-0.642,1.585,-0.929,0.786,-0.929,0.101,-0.253,-0.168,-0.18073635839205443,-0.642,0.786,-0.14935043801769257,0.08753916659154438,-0.929,-0.655251728741999,0.742,0.7308550774826842,0.46,0.4462076246522662,0.4944839595238297,-0.2673846430107387,-0.094
1.096,-0.863,0.073,-0.863,-0.909,-0.874,-0.675,-0.66,1.096,-1.061,-0.66,-0.874,1.096,-0.874,-1.061,-1.061,1.096,1.677,-0.66,-0.863,0.073,-0.909,-0.675,-0.66,-1.061,-0.66,-0.909,-0.863,1.096,-0.874,-0.203,1.096,-0.675,1.677,-0.863,-0.66,1.096,1.096,-0.863,-0.874,1.677,-1.061,0.073,1.096,-0.909,-1.061,-0.675,-0.863,-0.909,-1.061,0.073,-0.675,-0.203,-0.66,-0.6917687810581953,1.096,-0.21344293404088802,-0.9215066401878544,-0.874,1.0764468946053865,-0.863,-0.6735454548761501,1.677,1.659436037552302,-0.8887962559717212
1.824,1.367,0.708,1.367,-0.74,1.824,1.367,-0.876,-0.74,1.824,-0.876,-0.189,1.367,1.367,0.708,0.708,-0.876,-0.74,1.609,1.609,-0.876,1.609,1.824,1.367,-0.876,0.761,0.708,1.346,1.367,1.824,0.708,1.346,1.346,1.609,1.367,1.609,-0.401,-0.876,1.367,-0.876,1.346,-0.876,1.367,1.367,1.346,1.824,0.761,1.367,-0.74,-0.74,0.761,1.824,-0.876,0.708,1.367,-0.8934352104022045,1.346,1.609,-0.401,0.6888170828088177,-0.7548379951823657,-0.8356510937905385,1.3536696701317434,-0.7821232779070008,0.7510653610239544,-0.7194658702098826,0.7999573269197119,1.3314429838021835
-0.859,0.408,-0.005,1.249,-0.005,1.249,-0.859,-0.366,-0.366,0.408,-0.366,-0.005,-0.005,-0.618,1.249,1.249,1.249,0.694,-0.366,0.408,-0.514,-0.618,-0.859,0.408,-0.366,-0.618,-0.213,-0.366,-0.366,0.694,-0.213,-0.618,1.249,-0.514,-0.005,-0.859,-0.005,-0.213,0.694,0.694,0.408,0.694,-0.859,0.694,-0.213,0.6811976125024415,0.7046963653660314,-0.366,0.0,-0.859,-0.38571744639737926,-0.005,0.7352448452331865,-0.8721085373685655,-0.8467554595293706,-0.514,-0.015317763316313088,-0.5300533817851206,0.408,0.3959150497560829,-0.4948076640299572
-1.218,0.909,-0.966,-0.966,0.737,-1.218,-0.195,-0.195,-1.218,-0.209,0.737,0.001,-0.093,0.909,-0.195,1.721,0.909,0.001,-0.966,-0.195,1.721,-0.195,-1.218,0.909,-0.966,1.721,-0.093,0.001,-0.557,-1.218,0.737,-0.557,0.001,-0.195,0.001,-1.218,-1.218,0.909,1.721,-0.209,-0.093,1.721,0.909,1.721,-0.209,-0.209,-0.093,0.737,-1.218,-0.195,-0.966,-0.9779533640248398,-0.209,0.737,-0.223970500485618,-1.218,-1.227925259838231,1.721,-1.2028367218221767,1.7040364228505993,-0.557,-0.195
0.704,0.033,-0.866,0.704,-1.12,-1.036,1.53,1.558,0.704,1.558,1.53,0.704,0.033,-1.036,-0.866,-1.12,1.53,-0.866,-1.12,-1.12,-0.449,-0.586,-1.12,-1.12,-1.036,1.558,-0.586,-1.036,1.53,0.688,0.704,-0.866,-1.036,0.704,1.558,0.033,0.033,1.558,-0.449,-0.586,1.53,0.704,0.033,-1.12,1.558,-0.866,1.5437463160249414,1.53,0.704,0.6880898086417461,-1.036,1.5173685543029836,-0.586,1.5762896815530298,1.5953477027898693,-1.1321888210829527,0.716769864775818,-1.086686064013324
1.565,-0.906,-0.678,1.919,1.565,0.819,1.565,-0.653,1.416,0.819,0.819,1.919,1.416,0.197,1.565,1.919,0.038,0.038,-0.906,1.919,1.565,1.565,0.819,0.038,-0.462,-0.462,1.565,-0.906,1.565,-0.653,-0.678,1.919,1.416,0.197,-0.653,1.919,1.919,0.038,-0.653,1.565,-0.462,-0.906,1.416,0.819,-0.678,0.038,0.038,1.416,-0.653,-0.678,-0.6909578299437419,1.402905234376108,-0.6657909318555346,-0.6644156817780967,1.4356137421783484,1.919,0.02447401425377342,-0.6200806097761216,0.197,-0.5636458110550268,0.819,0.17970605962559727,0.054083600164805304,1.4681095491752008
-0.849,-0.849,1.288,-0.819,0.313,-0.408,-0.849,0.884,0.884,0.313,-0.133,0.313,-0.408,-0.916,0.313,-1.011,-0.819,-0.849,-1.011,-0.408,-0.916,-0.819,1.288,-0.408,-1.011,0.313,1.288,-0.83,-0.133,-0.916,0.313,0.313,0.313,-0.83,-0.916,-0.83,0.884,-0.849,0.884,-0.916,-1.011,-0.819,-0.133,1.288,-0.916,-0.83,0.313,-0.408,-1.011,-0.819,-1.011,-0.133,-0.83,0.313,-1.011,-0.8386337243570203,0.884,-0.916,-0.9377317797070471,0.8675051158368561,-0.849,1.288,-0.8663218051209882,-0.819,-1.0199067245492606,0.8886388937013093,-0.7971429024798057,-0.8958799839346794
0.279,0.279,0.279,-0.969,-0.065,-0.906,-0.231,-0.231,0.782,0.098,-0.065,-0.231,0.279,-0.906,-0.231,1.349,-0.231,-0.969,-0.906,0.279,0.279,1.349,-0.135,0.279,1.349,-0.969,-0.969,1.349,-0.065,0.279,-0.135,0.279,-0.906,0.098,-0.906,0.782,1.349,-0.969,-0.969,-0.135,-0.135,-0.906,1.349,-0.04,-0.065,-0.969,1.349,-0.04,-0.04,0.782,-0.04,0.279,0.2636378212644829,-0.231,-0.057639133789973346,-0.135,-0.906,0.7733137332612317,1.349,1.3417804658988455,-0.969,-0.02958940813921101,1.3587975354020865,0.27797055673908994,0.8119154593709851
1.671,-0.729,1.177,0.401,-0.84,-0.84,1.671,-0.907,-0.907,1.671,1.671,0.401,-1.103,-0.729,-0.907,-0.84,0.401,0.092,1.118,-0.729,1.177,-0.907,1.177,1.671,-0.907,-1.103,-0.84,-1.103,1.177,-0.907,0.092,0.401,1.177,0.401,1.118,1.671,1.118,1.118,-1.103,1.177,0.401,1.118,1.177,1.118,-1.103,-0.84,-0.84,1.118,-0.907,0.092,1.1050535012389646,-0.729,1.177,-1.103,-1.1189229863927688,-0.9198645739234681,0.07880730213579111,-0.7458235188906318,-0.8704908661552089,-1.0777027783321818,1.671,0.0
-0.471,1.594,1.657,1.657,1.594,-0.471,0.317,1.264,-1.015,0.317,0.152,1.594,1.594,1.264,1.264,1.264,1.657,1.264,0.069,0.152,0.069,-1.015,-1.015,-0.471,0.069,-0.074,0.788,1.657,1.657,-1.015,-0.074,1.594,0.152,1.594,0.317,0.317,1.657,0.788,-0.074,-1.015,0.069,0.317,1.594,-0.471,1.264,-0.471,-0.074,-0.471,1.264,-0.074,1.594,1.5707625841014485,0.152,-1.015,1.592627522936275,0.788,0.1359405512129646,0.772975090285779,-1.0298409094261949,1.264,-0.9938979635812781,1.657,0.16752014399291082,-0.471,1.6300418561236842,0.069,1.250745576892665
1.608,0.052,1.753,1.254,-1.2,1.643,1.753,1.608,1.753,-0.523,0.052,1.608,1.254,-1.2,-1.2,-0.989,-1.2,-0.227,1.643,-0.523,-1.2,1.753,0.052,1.753,1.254,1.254,-0.523,1.643,0.052,-0.523,1.254,-0.523,1.608,-0.989,1.254,-0.227,-0.227,-0.989,1.608,1.608,1.643,1.608,-0.227,0.569,1.643,-0.523,-0.989,1.643,1.643,-0.523,-0.989,-0.523,-0.989,1.753,-1.2,1.608,-0.227,-1.2,-0.523,-1.2,1.643,1.254,-0.523,1.753,1.608,-0.5306426686281717,0.569,-1.2147538579232737
0.187,-0.932,0.015,-0.847,1.07,-0.932,-0.462,0.919,-0.932,0.919,0.187,-0.968,-0.847,-0.932,-0.462,-0.968,-0.618,-0.932,-0.847,0.187,1.07,-0.932,-0.877,0.919,0.919,-0.968,-0.968,-0.877,1.07,0.015,-0.877,-0.932,-0.847,-0.932,0.015,0.015,-0.618,-0.877,-0.618,1.07,-0.847,-0.6348472592836069,0.919,0.9041654692618459,0.187,0.16740492524426698,-0.462,0.015,1.0582940532400604,-0.6114527081741274,-0.0022770457286076864,-0.8874994654597409,-0.85779925647751,0.025144091180460425,0.9431571286081532,-0.932,1.093477196883442,-0.8594265406551079
0.246,-0.207,-0.715,-0.233,-0.207,0.246,0.246,1.051,0.246,0.554,0.246,1.007,1.11,0.85,-0.715,-0.8,0.554,0.246,-0.233,-0.233,-0.207,0.85,1.007,-0.233,1.11,-0.207,-0.233,0.85,-0.233,1.051,0.85,-0.233,1.007,-0.715,0.554,1.007,-0.8,0.85,0.246,-0.715,-0.233,-0.233,-0.233,-0.8,-0.8,-0.207,-0.207,-0.207,1.051,-0.8,1.11,-0.233,-0.715,-0.207,0.246,-0.8,-0.7301371028435139,0.23459667967869222,-0.2500249848898544,0.85,0.8304926745437786,-0.22712392975486653,1.007,0.28198827291556505
-0.709,1.512,-0.634,1.512,-1.097,1.185,0.37,-0.709,-0.634,-0.634,1.162,1.185,-0.709,-1.097,-0.385,-1.097,-0.634,1.185,-0.634,1.185,-0.085,-0.085,-0.385,1.439,0.37,-0.709,-0.634,-0.385,-1.097,-1.097,-0.385,-1.097,1.439,1.185,1.162,1.512,-0.385,1.162,1.439,1.512,-0.709,1.439,-1.097,-0.085,-0.385,-0.085,-0.085,1.185,1.439,-0.709,1.4206944931513992,1.4578008856083597,0.37,1.162,1.1477479179130388,0.35575456920347925,-1.097,-0.385,-0.085,1.1950918673878412,1.2298866965653943,-0.09921321138173064,-0.634
-0.229,-0.229,-0.54,0.071,0.052,-0.963,-0.963,0.071,0.052,0.071,-0.963,0.052,0.052,0.624,0.624,1.488,0.624,-0.022,0.624,-0.229,1.488,-0.54,1.488,-0.54,0.624,0.071,-0.229,-0.963,-0.022,1.488,1.488,0.624,-0.022,-0.119,-0.963,0.624,-0.229,-0.022,-0.963,-0.54,0.052,0.071,0.0,-0.022,-0.963,-0.119,0.624,-0.229,-0.13360910040964652,-0.54,0.6121334536288667,0.052
1.526,0.468,-0.638,-0.998,0.375,-0.618,1.526,0.468,-1.118,0.375,-1.118,0.468,0.468,0.375,-0.998,0.375,-0.638,-0.998,1.526,1.526,-1.118,-0.998,1.526,-0.094,-1.118,-1.118,-0.609,0.375,0.526,-0.609,0.468,-0.638,-0.094,-0.998,-0.094,-0.094,-0.618,-1.118,-0.609,0.468,1.526,0.468,-0.618,1.526,1.526,-0.638,-1.118,-0.609,0.468,0.4542058988741105,-0.6206737402213685,-1.118,-0.094,0.4916225990184165,1.526,-0.618,-0.577189497764806,-0.638,-0.6252644117188835,-1.1343467157800926,-0.5296044094273887,-0.998,0.546055833351626,-0.5779357088718033
-0.782,-0.56,-0.782,-0.648,-0.125,-0.702,-0.782,-0.648,-0.56,-0.125,-0.125,-0.782,-0.56,-0.648,0.864,-0.702,0.864,-0.702,-0.702,-0.434,-0.978,0.864,-0.782,-0.434,-0.56,-0.742,-0.742,-0.648,-0.648,-0.742,-0.978,-0.782,0.403,-0.742,-0.978,-0.56,-0.782,-0.978,-0.434,-0.56,-0.447059248080934,-0.978,-0.702,-0.572956539304767,-0.3980159630766798,-0.7150420834233752,-0.7027198211091611,-0.37565823228324446,-0.648,-0.742,0.864,0.8476107048142208,-0.782,-0.7568337848767761,-0.5178570481102421
1.291,1.212,1.212,-1.101,1.239,1.212,-0.159,1.212,-0.369,-0.325,-0.239,1.291,1.025,-0.159,-0.159,-0.744,-1.101,-0.744,1.239,1.212,-1.101,-1.101,-0.325,1.025,-0.239,-1.101,-0.159,-0.325,1.239,-0.239,-0.744,1.025,-0.239,1.025,-0.325,1.291,1.239,1.239,-0.744,1.212,-1.101,-0.369,-0.369,-0.325,-1.101,1.025,-0.744,-0.325,-0.744,1.239,-0.159,1.291,-1.101,-0.17240693769976717,-0.369,1.2827959235620752,1.212,1.3232813515749338,-0.33806867179486566,-0.758112641221281
-0.312,-0.626,0.034,0.656,-0.529,0.656,-0.529,-0.312,0.882,0.882,0.882,-0.529,0.587,-0.488,-0.664,-0.312,-0.312,0.882,-0.529,-0.488,0.034,-0.312,-0.312,-0.488,-0.664,-0.529,0.656,-0.529,-0.626,-0.178,0.656,-0.488,-0.626,-0.529,-0.178,0.034,-0.626,-0.178,-0.664,-0.664,0.882,0.882,-0.664,-0.488,-0.529,0.656,-0.664,-0.488,-0.312,-0.5062472249466624,-0.3232614314022323,0.587,-0.4848109159894867,-0.626,-0.642686062050982,0.6434964505782323,-0.28501704778864523,0.882,-0.529,0.6784105494142832,-0.43803723469048267,0.8711151336401491,-0.5440362023457063
1.704,-0.371,-0.084,-1.185,-0.371,-1.185,1.704,-0.57,1.704,-0.371,0.716,0.716,-0.571,-1.185,-0.571,0.716,0.279,-0.371,-0.698,-1.185,0.716,-0.362,-0.57,-1.185,-1.185,-0.084,-1.185,-0.698,0.279,-0.57,0.716,-0.698,-0.362,-0.57,-0.371,-1.185,-0.57,0.716,-0.698,-1.185,-0.57,-0.084,0.279,0.279,-0.371,-0.371,-0.698,0.716,-0.362,-0.571,1.704,0.279,-0.698,0.2627709864281142,-1.185,-0.084,-0.371,-0.57,0.2952621203223298,1.6963780493844738
0.35,-1.092,-0.273,0.461,1.788,-0.807,0.847,-1.092,-1.092,0.35,0.35,0.35,-0.486,0.752,1.788,-0.807,1.788,0.35,1.788,-0.486,-0.486,0.35,-0.486,-0.807,0.35,-1.092,0.752,0.35,1.788,-0.807,-0.504,0.35,1.788,0.35,-1.092,-0.504,1.788,-0.807,0.752,0.847,1.788,-1.092,0.752,-0.273,-0.486,-1.092,0.752,-1.092,-1.092,-1.092,-0.504,-0.807,0.752,-0.273,0.7377761810812313,1.788,1.7706823446960138,-0.8240413989139319,-0.7868419860049197,-0.7545648898803523,0.7877462766832617,1.820802850544051,-0.2825529530912584
-1.136,-0.59,1.777,-0.721,-1.136,-0.493,1.777,0.477,-0.493,-0.225,-0.59,1.777,-0.721,1.128,1.081,1.128,-1.136,-1.136,-0.68,-0.225,-0.721,-0.68,1.777,-1.136,-0.721,-0.59,1.777,-0.721,-1.136,1.081,1.777,1.128,-1.136,1.777,1.128,-0.59,1.777,1.081,1.128,-1.136,1.081,-0.721,-0.225,-1.136,1.128,1.081,1.0652605641814787,-0.225,1.777,1.120913438876095,1.7549274348739943,1.0936918818944037,1.1023428251453635,1.7979811550628786,1.1313310455177548,1.8389425698394768,1.159262990242371,-0.59,1.1585218603003407,1.8515857042580561
-1.307,1.59,0.25,-0.793,-1.307,-1.024,-1.024,-1.307,1.778,1.778,-1.307,0.25,-0.793,-0.618,-0.024,-0.793,-0.618,0.46,-1.024,-1.024,0.25,-0.618,1.59,1.778,1.778,0.25,1.778,-1.307,-0.793,-1.307,-0.407,-0.793,1.778,0.25,1.778,-1.307,-1.307,0.25,-1.024,1.59,1.778,1.778,-1.307,1.778,1.59,-0.618,-1.307,-1.3201343272000987,-0.793,0.46,-0.8069267726142992,1.778,-0.024,-0.618,-0.7860052268891031,0.25,1.76969663755419,-1.024,-0.6324705182681227,0.45031062602761185,-1.036579752597359
-0.287,-0.803,-0.777,1.915,-1.16,-0.039,-0.417,-0.648,1.915,-1.16,-1.16,-0.648,-0.287,-1.16,1.007,1.915,-1.16,-0.287,-1.16,-1.16,1.007,-0.612,-1.16,-1.16,-0.777,-0.287,-0.648,-0.803,-1.16,-0.612,1.915,-0.417,-0.287,-0.777,-0.287,-0.648,1.915,1.007,-0.287,-0.039,-0.777,1.007,1.915,1.915,-0.039,-0.039,-0.803,-0.039,1.007,-0.803,-0.803,-0.8192392327648531,-0.417,-0.039,1.915,-0.648,-0.612,-1.16,1.9015150492399762,-0.6291385928633876,-0.6640508782622454,1.9365583787442597,-0.0529408348769483,1.007,-0.287,-0.7921918124001379
-0.592,-1.011,-0.514,1.26,-0.357,-0.43,-0.43,1.26,-1.011,-0.43,-0.592,-0.357,-1.011,-0.357,-0.932,-0.43,1.26,-0.083,-0.429,-0.932,-1.011,-0.43,-0.514,-0.43,-0.43,-0.932,-0.357,-0.514,-0.083,-1.011,-0.083,-0.083,-0.932,-0.592,-0.083,0.613,-0.43,-1.011,1.26,-0.592,-0.43,-0.357,-0.932,-0.932,-0.592,0.613,-0.429,-1.011,-0.083,-0.932,-0.357,1.26,-0.10101000641270802,-0.9498871729975288,-0.07135978489941129,-1.0218295305967653,-0.9980852497331687,-0.9592286171192214,-0.514,-0.5307236600910877,-0.592,-0.429,-0.9216948831990563
-0.697,-0.652,0.12,-0.595,-0.652,0.148,-0.912,0.12,-0.959,1.307,-0.652,1.07,0.148,-0.959,-0.959,1.307,-0.652,-0.652,-0.912,2.148,-0.912,2.148,-0.652,-0.595,-0.697,-0.959,0.12,1.307,1.07,-0.652,2.148,2.148,-0.697,-0.912,-0.697,1.07,-0.697,2.148,1.07,-0.959,-0.697,2.148,-0.912,1.07,2.148,1.07,1.07,-0.912,-0.595,1.307,0.148,1.07,-0.652,-0.959,1.307,-0.652,-0.6673554163611227,1.287741876509396,0.148,-0.959,-0.6318290088976783,0.12,-0.5827534583935049,-0.5349379367056621,-0.595,2.148,2.1240427325615756,-0.697
-0.919,1.096,1.388,-1.285,1.877,2.415,-0.919,-0.919,1.388,-1.285,1.877,1.096,1.877,1.062,1.062,1.388,1.062,1.388,-1.285,-1.1,1.388,-0.919,-1.1,2.415,2.415,-0.592,-1.285,-1.1,-0.919,1.388,0.385,-0.919,2.415,-1.1,1.096,2.415,-1.1,-0.919,-1.1,1.877,-1.285,-0.592,-0.919,0.385,1.096,-0.592,1.096,1.096,-1.285,1.877,2.415,-0.919,-0.592,1.062,-0.592,-0.919,-0.592,-0.919,0.385,0.357778124624053,2.415,2.394307081486512,-0.592,1.096,-1.1,1.388,-0.9341395084154062,0.37816439926890566,1.3731976317145975,1.39819017295319,-0.9247823118472838,1.877,-1.1085790103044526
-0.392,-0.613,-0.613,1.226,-0.613,-0.872,-0.392,1.808,-0.717,1.808,-0.872,-0.193,-0.872,0.706,-0.439,-0.613,-0.872,1.226,-0.984,-0.439,-0.193,0.706,-0.613,-0.193,-0.717,-0.613,1.808,-0.984,-0.613,-0.872,-0.392,1.808,-0.717,-0.872,-0.392,-0.984,0.706,-0.392,-0.872,1.226,-0.613,0.706,-0.193,0.706,-0.439,-0.984,1.808,-0.613,-0.613,1.226,0.706,-0.392,1.808,0.6874727352598727,-0.613,1.2147392317471022,0.7187043010830878,1.7914571266044779,-0.193,1.2425363237800051
-0.181,0.174,0.174,-0.181,-0.531,-0.93,-0.93,-0.531,-1.19,-0.93,-0.909,-0.629,-0.909,-0.531,-0.181,-0.909,-0.93,0.741,0.174,-0.135,-0.508,-0.93,-0.508,-1.19,0.741,-0.93,-0.93,-0.135,-0.629,-0.909,-1.19,-1.19,-0.629,-1.19,-0.909,-0.181,-0.629,-0.508,-0.531,-1.19,-1.19,-0.531,-0.135,-0.181,-0.19203994329123758,-0.93,0.741,-0.135,-0.531,-1.19,-0.15042833420782492,-0.629,-1.1993418989651303,-0.1558668800714534,-0.9389932138353383,0.7275289526088061,-0.12784598353702384
-0.224,-0.224,-0.874,-0.416,-0.741,-0.641,-0.741,-0.874,-0.874,-0.224,-0.224,-0.741,-0.874,-0.641,2.028,2.028,2.028,2.028,-0.641,-0.224,2.028,-0.416,0.243,-0.146,0.141,-0.741,0.243,-0.641,-0.146,-0.874,0.243,2.028,0.141,2.028,2.028,-0.641,-0.146,0.428,-0.874,2.028,-0.874,-0.8901856615081662,-0.416,2.028,-0.146,-0.224,0.243,2.018129351954026,0.428,-0.843217957539254,-0.15942415878565513,0.23042427123670214,-0.641,-0.10941332686154778
-0.478,1.786,-0.478,-0.478,1.336,-0.478,-0.478,0.043,-0.607,-0.478,-0.478,1.336,0.043,1.336,1.046,1.786,1.046,0.043,-0.607,-0.378,-0.378,-0.883,1.336,-0.478,-0.607,-0.478,0.043,-0.883,1.786,-0.883,-0.883,1.786,0.043,1.336,-0.478,-0.386,-0.486,1.786,-0.486,-0.607,1.046,-0.883,1.786,-0.486,-0.378,0.043,-0.883,0.043,1.336,1.046,1.046,0.043,-0.386,-0.40291613256325176,-0.478,-0.486,-0.4979998412729074,1.336,-0.378,-0.883,1.3201927301880862,-0.9004302784847257
-0.383,-0.925,-0.383,0.942,0.024,0.695,-0.378,-0.925,-0.568,-0.925,-0.925,-0.925,-0.568,-0.378,-0.568,0.033,-0.925,0.695,0.942,-0.396,-0.378,-0.568,-0.378,0.024,0.033,-0.378,-0.378,-0.383,0.033,-0.813,-0.378,-0.568,-0.568,0.033,-0.383,-0.813,0.695,-0.925,-0.383,-0.383,-0.383,0.942,-0.396,0.695,-0.568,-0.813,-0.925,0.942,-0.383,0.942,0.024,-0.378,0.033,-0.383,0.695,0.6727172661013401,-0.3944954298012197,0.7006647642848641,0.01640634315989054,-0.813,-0.925,-0.568,0.024,0.04279321352321012,0.008646979775811867,-0.35161879853265,-0.8197173979485517
0.029,0.495,-0.067,1.261,0.029,0.495,0.379,0.379,1.613,1.613,0.495,-0.475,1.261,0.495,0.495,0.029,1.613,-0.588,0.863,-0.067,0.863,-0.067,1.613,-0.475,0.495,1.613,-0.588,0.029,0.379,-0.067,0.379,0.863,1.315,0.863,0.029,-0.067,-0.067,1.261,1.261,1.315,1.315,1.315,-0.475,0.495,-0.475,0.863,1.261,0.495,1.315,-0.067,0.029,0.379,1.613,1.2473754732371667,-0.07454764263424007,0.8515301222452297,1.6009214165739991,0.01249903788003581,-0.48740783666666804
1.742,-1.205,-1.205,1.073,-0.78,1.562,1.742,-0.285,-1.205,-0.732,1.742,1.562,1.562,-1.095,-0.732,1.742,0.598,-1.095,-1.095,1.562,1.562,-1.205,-0.78,-1.205,-0.732,1.742,-0.732,-0.78,-0.285,1.742,-0.732,1.073,-0.78,-1.205,-0.732,-0.285,1.742,-0.732,-0.732,-1.205,-1.095,1.073,-0.78,1.562,-0.285,1.742,-1.095,-1.095,0.598,1.562,1.073,-0.78,0.0,-0.285,1.0563565594326845,0.5849743693554759,-1.095,0.6131819382921521,1.0981502601771105,-0.732,-1.205,1.5551447152363578,-0.017672957050147316
-0.285,-0.696,-0.515,-1.092,0.128,0.128,1.408,1.251,-0.285,-0.696,0.128,1.408,1.251,0.128,0.128,-0.285,-1.1,1.251,-1.092,-1.092,-0.285,-0.515,0.486,-1.1,-0.167,-0.515,-0.515,1.408,-1.1,-0.696,-0.167,0.128,0.128,0.128,1.251,1.408,-0.696,-0.515,-0.515,-1.092,1.251,-1.1,1.408,-1.092,1.408,0.128,0.10769062696109219,-0.167,-1.1,-0.18197573097655395,-0.285,0.15402939328928048,-1.115068376635612,-0.14501016567102049,-1.0846012009964832,-0.515,-0.5284493994688274,-0.696,-0.7201577819725797,1.251,-1.0469654334816534,1.3939476480591335,-1.0394119937117836,-1.092,-0.11079852712191805,1.4462058308472483
0.274,-1.069,-0.855,-0.726,-0.726,-1.069,-0.4,0.279,-0.855,-0.855,-0.4,-0.4,0.279,-0.445,0.274,-0.067,0.279,-1.069,-0.445,0.197,-0.4,0.279,0.274,0.197,0.274,0.279,0.279,-0.445,-0.855,-0.067,-1.069,-0.4,0.279,0.274,0.274,0.197,-0.855,-0.445,0.274,-1.069,-1.069,-0.726,-1.069,-0.855,-0.445,-0.726,-0.067,-0.4,-1.069,-0.855,-0.067,0.279,-0.726,-1.069,-0.7439725302748565,-0.7026995058905802,-0.4,-0.067,0.197,-0.4104970274406167,-0.08094006747975423,-0.855,-0.445,-0.3546390749204588,-0.8644389102470564,0.18317367721625338,-0.4591233212200635,0.279,0.274
-0.545,-0.162,0.164,-0.545,-0.709,-1.167,-0.874,-0.162,1.268,1.268,1.268,0.164,-0.162,-1.167,1.268,1.268,0.164,1.268,-0.709,-0.162,-0.162,0.164,-0.162,-1.167,-0.874,-1.167,0.164,-1.167,-0.162,-0.162,0.066,-0.162,0.164,1.268,-0.709,-1.167,-0.162,-0.874,-0.545,-0.874,-1.167,-0.162,-0.545,-1.167,0.164,-0.162,-0.895,-0.874,-0.162,0.066,-0.895,-0.874,-0.545,-1.167,-0.895,-1.167,0.164,0.423,-0.874,-0.895,0.164,-0.709,-0.162,-0.914344265227722,-1.167,0.066,0.047868272846813734,-0.8850998204945997,-1.1803444591532484,-0.8629221681920859,1.268,-0.8320377755962043,1.2504370914887173,-0.17363502763762678,-0.13633751179610695,-0.545
-0.679,-0.061,-0.44,-0.295,-0.679,-0.295,-0.367,-0.367,1.187,0.846,-0.367,-0.061,0.811,-0.679,-0.295,-0.061,-0.679,-0.679,-0.061,1.187,1.187,1.105,0.846,0.811,0.811,-0.38,0.811,-0.295,0.846,-0.679,0.846,0.846,-0.295,-0.38,-0.295,-0.367,-0.679,1.187,1.105,-0.44,1.105,-0.061,1.187,-0.295,1.172949715834606,-0.38,1.2264725218438963,1.105,-0.44,-0.30585899261313726,0.811,-0.25803482079394024,-0.061,-0.3974591494776252,1.2756990191423767,-0.22628986059039774,-0.07883070778615932,1.0925173442394474
-0.023,2.16,2.16,2.16,2.16,-0.023,-1.015,-0.765,-0.594,-1.018,-0.023,0.186,-1.018,-0.594,-1.015,0.98,0.507,-0.023,-0.831,0.507,0.186,-0.594,2.16,-1.015,-0.023,-1.018,-0.594,-1.015,-0.594,-0.831,-0.023,-0.765,0.98,2.16,2.16,-1.015,0.186,-0.594,0.186,-0.831,-1.015,0.186,-1.015,-1.018,-0.765,0.98,-0.765,2.16,0.98,-0.765,-1.018,-0.023,-0.594,-0.831,-0.7756971621995559,2.1520449017308265,0.507,-0.6040317866530329,-0.8439365143426226,-0.72756397342909,-0.0339844729298766,-0.6998660735133507,-1.015
1.978,-0.751,-0.763,-0.153,0.307,0.251,-0.435,-0.751,-1.086,0.251,0.307,-1.086,-1.086,0.251,0.307,-1.086,-0.435,1.413,-0.763,1.413,-0.435,-0.751,1.978,-1.086,1.978,-0.751,0.307,1.978,0.251,1.413,-1.086,0.307,0.251,1.978,1.413,-0.751,-1.086,1.978,-0.153,0.307,0.307,1.978,0.307,0.307,-0.763,-0.763,1.978,-0.763,0.307,0.418,0.251,-1.086,0.307,1.978,0.418,0.29616539626313604,1.413,-0.751,1.9690199275094313,0.40718285049105263,-1.086,-0.7631588085287416,-0.7040440172883518,0.32881346438240006,0.4264532293362916,0.251,0.3754117954995015
1.393,-0.172,0.964,-0.266,-1.053,-1.053,0.908,1.022,-0.266,-0.172,-0.072,0.908,-1.053,-1.053,-0.072,-1.083,-1.053,1.393,-1.053,-0.607,-1.053,1.022,-1.083,-0.172,-0.172,-1.053,-0.607,0.964,1.393,-1.083,1.022,0.964,1.022,1.022,0.908,-0.607,-1.083,-0.607,-1.083,-0.607,-1.083,0.964,0.908,-0.607,1.022,0.908,-1.083,-0.607,-1.053,-0.266,-1.0711457170062437,-1.0353031910066368,0.908,-0.9946722348367971,0.964,1.022,1.393,-0.280713681978636,-0.172,1.0103351101864795,-1.083,-0.9408115287690977,-0.6158659814497623,-0.23634202518428524,-0.20875052341346476,0.9023978008799491,-1.0916636232972272,-0.8986723743346328,-0.8665147296641613
2.198,-0.37,2.198,-0.37,0.925,2.198,0.423,-0.144,-0.724,-0.199,0.925,0.925,-0.144,-0.144,0.907,-0.152,0.907,-0.724,0.907,-0.144,-0.724,-0.144,-0.144,0.907,-0.144,2.198,0.925,0.907,-0.144,2.198,-0.465,2.198,-0.37,-0.724,0.907,2.198,-0.37,-0.199,0.925,0.423,0.907,2.198,-0.724,0.907,-0.465,-0.152,-0.152,-0.465,-0.144,0.423,0.406315038699517,-0.724,0.907,0.925,0.8942968079431473,0.443752810444077,-0.199,2.198,-0.15499940855917288,-0.7342281703867188,-0.37,0.9340716835666663,-0.38939292575666234
0.958,-0.376,0.548,0.202,-0.376,0.958,-0.644,0.491,0.202,-1.067,0.548,0.548,0.958,0.548,-0.496,-1.067,-0.85,-0.496,1.375,-1.067,0.202,-0.376,-0.376,0.958,-0.85,-0.644,-0.376,0.202,-0.85,0.958,0.548,0.202,-1.067,-1.067,-0.644,0.491,0.491,-0.85,-1.067,0.548,0.548,1.375,1.375,0.491,-0.376,-0.376,-1.067,0.491,0.491,1.375,0.491,1.375,-0.85,-0.8701609624793455,1.375,-0.644,-0.376,-0.3923826970332707,0.491,1.3635882858416695,0.4803966104005653,-0.8217684870540936,0.202,-1.067,0.5202603190921938,-0.496,0.5768225184138301
1.673,1.152,-0.586,1.673,-0.379,-0.586,2.286,1.673,2.286,-0.92,-0.92,-0.839,1.152,2.286,2.286,-0.424,-0.92,-0.839,-0.92,2.286,-0.839,-1.12,2.286,-0.92,1.152,1.673,1.152,-1.12,-1.12,-0.92,-1.12,-0.92,-1.12,1.152,2.286,-0.839,1.673,2.286,-0.839,-0.358,1.673,1.152,-0.379,-0.586,1.152,-0.358,-0.3747247664943278,2.286,-1.12,-0.586,-0.379,-0.424,-0.332784056453046,-0.839,1.673,-0.92,1.152,1.1373598266680982,1.659113374776124,-0.30539264549921735,1.6965299208533644
2.565,2.565,-0.82,1.264,0.256,-0.332,0.721,1.393,0.182,1.264,1.393,-0.332,1.393,2.565,1.393,-0.82,0.182,2.565,1.393,1.742,2.565,-0.82,1.742,1.206,1.742,1.742,1.206,0.256,1.206,0.721,-0.82,0.256,2.565,2.565,1.264,1.264,-0.82,1.206,1.742,2.565,1.264,-0.332,1.206,-0.332,2.565,1.264,1.206,1.742,1.393,-0.332,0.182,0.256,-0.3444183965728341,0.23858089730621854,-0.82,1.727306338908456,-0.8356215346693976,1.7596084560476537,-0.7900890301295881,1.1936871312160795,-0.7350082079863144
-0.665,-0.499,-1.323,0.991,1.757,0.567,-0.289,-0.499,1.757,-1.323,-1.323,-0.665,-0.878,1.757,-0.878,1.757,-0.665,-0.878,-0.289,0.991,-1.323,0.991,-1.323,0.871,0.991,-0.665,-0.665,-0.289,0.505,-1.323,-1.323,-1.323,-0.878,0.991,-0.665,-0.878,-1.323,-0.665,-1.323,-0.289,-1.323,1.757,0.991,-1.323,0.505,0.4953329818943619,0.871,-1.3357204950104067,0.991,-0.289,1.757,-1.3041833047044056,-0.499,0.9800610883551469,-0.665,0.5349130178801741,-0.5112870941183665
0.21,0.21,0.21,1.561,-0.48,1.494,-0.018,0.397,-0.48,0.399,-0.494,-0.48,0.563,0.21,0.21,-0.48,1.561,-0.494,1.561,-0.48,-0.865,1.494,-0.494,0.563,0.563,0.563,0.21,0.21,0.399,-0.48,0.397,0.399,0.397,0.397,-0.494,1.494,1.494,-0.494,-0.865,-0.865,-0.865,-0.494,0.397,0.563,-0.494,-0.494,1.561,0.21,0.1876653786803115,1.561,1.494,-0.494,0.2203119029145112,1.5461201737508026,0.399,1.4793755576015555,-0.018,1.571625647336354,0.563,1.6024846487313644,0.397,1.499609937312438
-1.156,1.173,2.356,0.249,2.356,-1.156,2.356,0.609,1.563,-1.156,0.609,1.563,-0.462,2.356,2.356,1.563,2.356,0.576,-0.462,1.173,0.609,0.609,2.356,-0.622,1.563,-0.617,-1.156,1.563,1.563,-1.156,1.563,0.249,1.173,2.356,0.249,0.609,-0.622,0.576,2.356,-0.617,2.356,1.173,2.356,1.563,-0.617,0.609,0.576,0.576,1.173,-0.617,1.563,-1.156,-0.622,0.609,0.5838207698101342,0.249,0.562243555951045,-0.462,-0.48040064331412907,0.5942478802081067,1.5505890275123961,0.2378334254348446,-0.43637197026600905,0.6225367486973763,-0.6395448500123174,1.5787104037334012,0.6646826449939344,0.6171880780199972,-0.6280360559569803
1.192,-0.924,1.032,1.625,0.124,0.589,0.589,-0.924,-0.746,1.625,0.419,-0.746,-0.677,1.625,-0.906,-0.924,1.192,-0.746,1.192,-0.924,-0.924,-0.677,0.589,-0.677,-0.906,-0.746,1.625,-0.677,0.589,1.625,-0.906,-0.677,1.032,1.625,1.192,-0.924,0.589,1.032,1.625,0.124,0.589,-0.906,-0.924,-0.924,0.589,-0.924,0.589,0.124,1.192,-0.906,0.589,0.5734372444016665,0.6029499948667089,0.124,0.6355002865320725,-0.746,-0.906,-0.7576201198997173,-0.677,-0.6899820484142756
0.791,-0.557,-1.097,0.791,-0.536,-0.884,0.717,-0.275,-1.097,-0.884,-1.097,1.341,1.341,0.791,-1.097,-1.097,1.341,-0.557,-0.536,-0.199,-1.097,0.717,-0.884,-0.714,0.791,-0.275,-0.557,-0.557,-0.557,-0.536,-0.884,1.341,-0.557,1.341,0.791,0.791,1.341,-0.557,-0.714,-0.714,-0.536,0.791,-0.884,1.341,-0.884,0.791,0.791,1.341,-0.536,-0.884,1.3281060795375925,0.7747484305416583,-1.097,0.717,-0.714,0.7016187674536849,-0.5477400340775241,0.8097215217321417,-0.5097746671309129,-0.8977380621574378,-0.7253323947990439,-0.275,-0.6871541227132292,1.3839381019705652,-1.1082839495266597
-0.468,-0.595,-0.246,0.327,-0.849,-0.208,-0.849,0.309,-0.208,-0.196,-0.208,-0.246,0.856,-0.849,1.155,-0.595,-0.849,-0.246,0.309,-0.208,-0.849,-0.208,-0.196,-0.208,1.155,-0.208,0.856,-0.196,-0.246,0.856,1.155,-0.246,0.309,-0.246,-0.246,0.327,0.856,-0.208,0.856,1.155,-0.208,-0.246,0.856,-0.468,-0.595,-0.246,0.309,-0.246,0.856,0.327,0.327,0.327,0.327,-0.595,-0.468,0.856,-0.849,0.309,-0.208,-0.6079066594055655
0.908,-0.872,1.378,-0.44,-0.44,-1.357,-0.44,0.908,-0.46,-0.526,-0.526,-0.746,-0.872,-0.569,-1.357,0.908,-0.661,0.908,0.908,-0.569,-0.44,-0.526,1.378,-0.44,-1.357,-1.357,-0.46,-1.357,-0.872,-0.746,-0.661,-0.569,-1.357,-0.661,1.378,0.908,-0.526,-1.357,1.378,-0.569,-0.44,-0.526,-0.569,-1.357,-0.44,-0.746,-1.357,1.378,-1.357,1.378,-1.357,-1.369985844173224,0.908,-0.44,-0.46,0.897143578715231,0.933008603073985,-0.526,-0.469844466566412,-0.5429365427417682,-0.5099020836989017,-0.4863636694693429,1.3647751819606486,-0.569,-0.45048842473402595,-0.42597309663892663,-0.872,-0.5866061205858525,-0.3894480477354324
1.175,-1.102,-0.179,-0.179,0.082,-0.71,1.175,-0.71,1.134,-1.102,-1.075,-0.71,-1.102,-0.179,-0.65,-1.075,-0.71,-1.102,-1.102,-1.102,0.469,1.175,1.175,1.134,0.469,-0.179,-0.65,-1.075,0.469,-1.102,-0.71,-1.102,-1.075,-0.65,-0.75,-0.179,-0.75,-1.102,-0.179,1.175,0.469,0.082,-0.179,-0.71,-1.075,-0.179,-1.075,-0.179,-0.71,-0.75,-1.075,1.175,0.082,1.134,0.067843569591816,-0.179,-1.102,1.175,0.11284835710560424,1.158952223370466,-1.075,-0.65,-0.71,-0.1938084981200111,-0.75,1.1926987891387455,-1.0934528399201928,-0.17873997610739176
-1.236,-0.267,-0.678,0.366,-0.781,0.366,-0.57,0.333,-0.267,-1.236,-0.267,-0.664,-0.781,0.333,-1.236,1.382,-1.236,-0.781,-0.369,-0.267,1.382,-0.781,-0.267,1.382,1.382,-0.57,-1.236,-1.236,0.366,-1.236,1.382,0.366,0.333,1.382,0.366,-1.236,0.333,-0.664,-0.267,-0.678,-0.57,0.333,1.382,-0.781,-0.781,-0.57,-0.781,-0.369,-0.57,0.366,0.366,-0.678,-1.236,0.333,-0.369,0.3202752657889526,0.32843873663006606,-1.2460736557214136,-0.3834726940801626,-1.2162630534486805,-0.781,-0.267,0.366,0.34913534619823505,0.35243579802555874
1.451,0.483,0.681,0.149,1.416,0.149,0.681,0.483,0.149,-0.744,1.451,-0.617,-0.038,0.483,-0.038,-0.744,1.451,1.416,-0.038,0.483,0.483,-0.264,0.681,1.426,0.483,0.483,0.681,0.681,0.149,0.149,1.416,0.149,-0.744,1.451,1.416,-0.617,0.681,1.426,1.426,-0.264,-0.744,-0.744,0.483,0.681,0.483,1.451,1.451,-0.264,0.483,-0.744,0.681,0.149,1.416,0.681,0.13154218058335462,1.4013515049540515,1.4365247455332726,0.483,-0.744,-0.038,-0.264,-0.2858046242647131,1.426,0.1777783777808613,0.19771523627453763,0.22711881806444342,0.4707515579452334,0.49289288761546546,0.6644966877589736,-0.617
-1.137,-0.757,-0.655,-0.235,1.222,-1.051,-1.137,-1.051,-0.235,-0.235,1.123,-0.757,-1.051,-0.757,-0.655,-1.051,-0.757,-0.334,-0.334,-1.137,-1.137,-1.137,-0.757,1.123,0.049,-1.051,0.041,1.222,-1.137,1.123,1.222,0.041,0.049,-0.235,0.041,1.123,-1.051,1.222,1.222,-0.757,1.222,1.123,-1.137,1.222,-0.235,1.222,-0.235,-1.137,1.222,1.123,-0.757,-1.1510822624900527,1.2091363603736718,-0.24915768398576593,-0.334,0.041,-1.051,-0.655,-1.1089931550769578,1.1145666663106217
1.543,-0.797,0.651,0.443,-0.939,1.543,-0.329,-1.035,-0.329,-0.329,1.543,-0.329,-0.329,0.579,-0.939,-1.035,-0.895,0.651,-0.939,-0.797,-1.035,0.579,0.579,0.651,-0.473,-0.895,-1.035,-0.329,-0.797,0.579,-0.329,-0.473,-0.895,-0.895,-1.035,0.651,1.543,-0.797,0.651,-0.329,-0.939,-0.329,-1.035,-0.473,0.443,-0.473,0.651,0.43072046720468127,-0.4823394751592113,-0.329,0.46441108157570926,-0.4516565663873935,0.4854251941391828,0.579,-0.4286165980346127,0.5346758528494262,-0.3427311451729539,0.5620775290803071,-0.895,-0.9023868675173886,-1.035
1.434,1.434,-0.454,1.434,1.434,0.587,-0.975,1.434,-0.975,-0.434,-0.665,-0.665,0.587,0.471,-0.665,0.587,1.04,1.434,-0.687,-0.665,-0.454,1.819,1.434,0.471,1.819,0.471,1.819,-0.665,0.471,1.434,-0.975,1.04,0.471,0.587,-0.687,-0.975,-0.975,0.587,-0.975,-0.454,1.819,1.04,1.434,-0.454,-0.665,0.471,-0.687,1.819,-0.434,1.819,-0.975,-0.454,-0.665,-0.6818636675918406,1.434,0.587,-0.687,0.471,1.819,0.45936136951676965,-0.699914886499744,-0.975,-0.6696877804603173,1.8055781416783154,1.4203740729161123,-0.434,-0.9846821889741747,0.57753198536851,-0.6507494088108725
0.608,1.385,-0.73,1.385,-0.73,-0.73,-0.847,1.385,0.394,0.608,1.179,-0.777,-0.73,1.179,-0.847,1.385,0.183,0.183,-0.777,0.183,-0.73,1.179,0.608,0.073,0.608,-0.73,0.394,0.394,1.179,-0.847,0.183,-0.73,-0.777,-0.847,0.608,-0.847,-0.777,1.179,-0.73,-0.73,-0.847,0.335,0.183,0.183,1.179,0.335,0.073,-0.847,-0.73,0.073,-0.73,0.06728464453815754,0.183,1.179,0.335,0.11123113692696818,-0.777,0.16649676264923366,-0.847,0.20245721506144274,0.394,-0.7912987926016138,1.385
-0.293,-0.71,-0.4,-0.336,-0.688,-0.688,-0.336,-0.336,-0.737,-0.336,-0.293,-0.393,0.386,-0.336,-0.293,-0.293,-0.393,-0.336,-0.393,0.386,-0.281,-0.293,-1.137,-0.688,-1.137,-0.336,-1.137,-0.737,-0.688,0.386,-0.393,-0.737,-0.336,-0.281,-0.393,-0.281,-0.71,-1.137,-0.4,0.386,-0.336,-0.71,-0.281,-0.4,-0.737,-0.4,-0.281,-0.336,-0.688,-1.137,-0.336,-1.137,-1.137,0.386,-0.71,-0.737,-0.4,-0.40972284288805993,-0.293,0.3727152988138895,-0.30874816832928637,-0.36237554307651887,-0.336,-0.3425010342971679,-1.1461121543273989,-0.688,-0.7049469699195605
0.72,0.684,0.122,0.72,1.249,-1.235,0.684,0.037,-0.897,0.72,-1.235,1.249,-1.036,-0.897,-1.235,-1.235,0.122,1.249,-1.235,1.249,1.121,1.201,-1.235,1.121,-1.036,-1.235,1.249,-0.897,-1.235,0.72,-0.897,-1.235,-1.235,1.249,1.201,-1.036,1.249,1.121,-1.036,-1.235,1.121,-1.036,1.201,0.037,1.201,0.684,1.249,0.684,0.122,1.201,1.201,-0.897,-1.036,-1.235,1.121,0.684,0.6643707249977704,0.6785980615375317,0.6915117275015432,-1.244424966790494,1.201,1.1087324545315418,0.72,-1.2268664088132084,0.037,1.1887751311236872,0.122,-0.897,1.243797684966516,1.2658122103393095,1.249
-0.138,-0.7,-0.822,0.144,0.25,-0.822,-0.583,0.25,-0.822,-0.551,0.272,0.144,-0.191,-0.583,-0.191,0.144,0.25,-0.583,0.272,-0.7,-0.822,-0.138,-0.138,-0.191,0.25,-0.238,-0.138,-0.191,-0.822,0.272,-0.191,-0.138,-0.822,-0.238,-0.551,-0.191,-0.7,-0.822,-0.7,-0.138,0.144,0.272,-0.138,-0.822,0.25,-0.191,-0.7,-0.20417941972783687,-0.15039069733312402,0.23893726099701856,-0.8304129381725369,-0.583,-0.8073448573460709,-0.6003750417840378,0.2634321740991288,0.2742608419973479,-0.08655898779061835,-0.051318627281263476,-0.238,-0.7114235093055595
-1.016,-1.234,0.036,0.036,0.036,-1.016,-1.234,0.77,-1.016,-1.073,0.77,-1.073,-1.016,0.77,-0.298,-0.305,-1.234,-0.165,-1.234,-0.896,-0.165,0.036,-0.565,-0.165,0.77,-1.073,-1.234,-0.305,-0.896,-1.073,-0.896,-0.896,-0.298,-0.305,-1.234,-1.016,0.77,-1.234,0.036,-1.073,-1.016,-1.234,-1.234,-0.896,-0.896,-1.073,-1.073,-1.234,-0.565,-0.565,-0.305,-1.016,-1.073,-0.305,-0.165,-0.305,0.77,-0.305,0.77,-1.073,-1.234,0.036,-0.305,-0.3220458829020416,-0.896,-0.27676844640608517,-0.298,-0.25886070931587574,-1.2529958274226543,-1.2230524302322952,-0.903433031792609,-1.1867643412474487,-0.165,-0.31379609679547105,-1.158776387473473,-1.016,-0.18498209597932658,0.77,0.7528002781390967,0.026644852070371677,-1.0278756434514853,-0.23552251008207564
-0.879,-1.107,-0.879,-1.072,0.725,-1.072,-0.879,0.731,0.725,-1.072,-0.822,-1.002,-1.072,-0.413,-1.002,-0.879,-1.107,-1.002,-1.107,-0.822,0.731,0.731,0.731,-1.002,-0.879,-0.822,-0.413,-1.072,-1.107,-1.002,-1.002,0.434,-0.335,-0.879,-0.822,-0.822,-1.107,0.434,-1.072,0.731,-0.335,-0.822,-0.335,-0.879,0.434,-1.107,-0.413,-0.335,-0.42319978756689003,-1.002,0.725,-0.38882964757735256,-0.879,-0.32838404774414964,0.717475187822284,0.7598916967492971,-0.3487229154471643,-1.0118410537513158,-0.26583198700723787,-0.9749510539603775
0.559,-0.233,-0.917,1.472,0.9,-0.827,0.726,-0.434,1.237,-0.917,-0.233,0.9,1.237,0.726,1.472,0.559,0.9,-0.827,1.472,1.237,-0.434,1.472,1.472,-0.233,0.559,-0.434,-0.233,0.726,-0.233,0.559,-0.917,0.9,-0.917,0.726,1.237,1.237,-0.917,0.726,0.559,0.559,1.237,1.472,-0.827,0.0,-0.827,-0.8425136641190307,0.726,-0.917,-0.233,1.237,-0.010200643490224775,1.472,0.559,1.4544713422378146,0.02781009167167965,-0.8056837738463257,-0.9304262591591793,0.718382049417259,-0.434,1.4978695392952392,1.222335360181642,0.04045499788903289
-0.734,-0.734,1.137,-1.038,-0.471,-0.912,1.137,-1.037,-0.96,-0.471,-1.038,-0.727,1.029,-0.912,1.029,-0.912,1.029,-0.96,1.137,-1.038,-1.037,-0.607,1.137,-0.471,-1.038,-1.038,-1.037,-0.471,-0.727,1.137,-0.912,-1.037,-0.471,-0.96,-0.734,-0.734,-0.607,-0.912,-0.727,-0.607,-0.96,-0.607,1.137,1.137,-0.912,-0.912,-0.471,-0.912,-0.48496468126745396,-0.96,-0.727,-1.038,-0.9271924674572652,1.029,-0.7452734203403867,-1.0508211325474452,-1.037,-0.734,-1.0495795453062438,-0.607,1.137,-0.6220541538549291
-0.987,0.189,-0.912,0.531,-0.912,-0.912,-0.878,-0.857,-1.039,0.531,-1.039,0.531,0.531,-0.912,-1.039,-1.039,0.531,0.189,0.879,-0.912,1.324,-0.878,-0.73,-0.987,0.531,0.879,-0.857,-1.039,1.324,-1.039,-1.039,-0.987,-0.73,0.531,-0.987,0.531,-0.878,-1.039,-0.878,-0.73,1.324,-1.039,0.531,-0.857,1.324,-0.857,-0.912,-1.039,0.531,0.189,0.512706994066542,-0.73,-0.857,1.324,0.5531117588117817,0.6019199993774178,0.6223338971743478,-0.987,-0.7437805222470103,-0.7111966444198914,0.879,-0.912,-0.878,-1.0006654009317681,-0.9224226210058158,-0.6722781953676612
-0.926,0.265,-0.759,-0.907,-0.907,-0.265,0.265,-0.445,-1.084,-1.084,-0.265,-0.907,-1.084,-1.084,0.265,-0.907,-0.759,-1.084,0.265,-1.084,-0.533,0.858,0.265,-0.907,-0.445,-0.759,0.265,0.447,-0.926,-0.926,-0.907,-1.084,-0.907,0.858,-0.926,-0.533,-0.926,-0.445,-0.907,-0.9408522702539192,-0.9099664609249327,-0.4581638379557195,0.265,-0.265,-0.8628551313923166,0.447,-0.8141600732037152,-0.759,-0.7860361625230899,-0.7426411095115,-0.7130138952750507,-0.42197307706353854,-0.7690803265026344
-0.353,-0.549,0.728,-0.528,-0.971,-0.345,-0.949,1.706,-0.949,-0.971,0.246,-0.971,-0.353,-0.438,0.728,0.246,0.246,-0.528,1.706,-0.949,0.728,1.706,0.246,0.728,0.728,-0.971,0.728,0.728,-0.971,0.728,-0.949,-0.528,0.728,0.728,-0.438,1.706,0.728,-0.528,-0.528,-0.971,0.728,-0.438,-0.438,-0.528,1.706,-0.528,-0.549,0.728,-0.949,-0.353,-0.36808306337281116,-0.528,0.728,0.246,0.2310441998200506,-0.5395537894898874,-0.971,-0.5087398442892526,-0.9934401932072541,-0.9662320872809027,-0.9603044791212598,1.706,-0.438,-0.345,-0.4549043020826632,-0.4321585994530822,-0.549,-0.400737019540251
1.358,-0.19,0.537,1.652,-0.19,1.358,-1.046,-0.19,-0.392,1.652,-0.19,1.001,0.537,1.358,1.358,-0.19,-1.109,-1.046,1.652,0.537,0.537,1.358,-1.046,-1.046,0.537,1.376,1.358,-0.19,1.001,-0.19,-1.109,-0.19,0.537,0.413,1.001,1.001,1.652,0.413,-0.19,-1.109,-1.109,0.537,1.376,-1.109,-1.109,-0.19,-1.046,1.652,-0.19,-1.046,1.358,-1.109,1.376,-1.046,1.652,0.537,1.001,0.413,-1.046,-0.19,-1.046,-1.046,1.358,1.376,0.413,-1.046,-0.19,-1.0667541167933376,1.001,1.652,0.39680450776340565,-1.109,0.45643935517476864,-0.392,1.358,0.5006079027452099,-0.19734479318869194,0.9892791216430918,1.3641532148416196
-0.224,-0.224,0.181,-0.828,-1.094,-0.32,-0.815,-0.815,0.181,-1.094,-0.561,0.948,0.733,-0.224,0.948,-1.094,-0.828,-0.561,-0.815,-0.815,-0.561,-0.049,0.181,0.733,-0.815,0.948,-0.561,-0.561,-0.815,0.181,-1.094,-0.561,-0.224,-0.049,-0.32,-0.828,-0.049,-0.828,0.181,-0.815,-0.224,-1.094,-0.224,0.181,0.1649736597930459,0.733,-0.815,0.19979127263673663,-0.32,-1.094,-0.561,0.7187030636509245,-0.8233997646311841,-0.5745152018789537,-0.828,0.948,-0.7536694426093884
-1.159,-0.557,-0.827,-0.041,0.458,-0.557,-0.557,-1.159,0.458,-0.557,-0.557,-0.521,0.512,-0.827,0.458,0.396,0.512,0.396,0.396,-0.557,-0.827,-0.592,-0.592,-0.592,0.127,-0.557,-0.041,-0.041,-0.592,-0.557,-1.159,-1.159,-0.041,0.396,0.127,-0.557,0.512,-0.557,-1.159,-1.159,0.512,0.512,-0.521,0.458,0.512,-0.827,0.458,-0.521,0.4468242022564096,0.396,-0.5348409884269052,0.127,0.512,0.11249417797752137,-0.557,-0.041,-0.5673580320291185,-1.159,-1.1757851689522174,-0.4839171963579611,0.4989077723669735
-0.531,0.477,-1.065,0.551,-0.868,2.007,-0.531,-0.598,2.007,-0.632,-1.065,-0.632,-0.79,-0.531,-0.883,-0.598,-0.868,-0.79,-1.065,-0.883,-0.868,0.551,-1.065,-1.065,-0.79,-1.065,-0.79,-0.79,-0.632,0.551,2.007,-1.065,-0.868,-0.79,-0.883,2.007,-0.632,-0.883,-0.598,2.007,-0.883,2.007,0.477,-0.531,0.45720262149764407,-0.883,-1.065,-0.5464673664175216,-0.79,-0.8144197699923221,0.551,0.5139980819755476,-0.7774608803663364,-0.868,-0.632
0.021,0.498,-0.668,-0.469,-0.469,1.859,1.859,0.021,0.019,-0.668,-0.177,1.02,0.021,0.021,0.409,-0.668,1.02,1.859,0.021,0.409,-0.177,-0.177,0.409,0.409,-0.086,-0.469,0.019,-0.668,0.498,-0.668,0.409,1.859,1.859,1.02,0.021,-0.086,-0.086,1.02,1.02,0.021,0.409,0.498,0.409,1.859,-0.086,1.02,0.9949515535662936,0.019,-0.469,1.8457108446332744,0.021,-0.4778548654678817,-0.177,-0.44126257794505963,-0.39576409032233356,-0.33074914426650975,0.008750452473602992,0.0130259556735655,-0.668
1.823,-1.245,-0.715,-1.073,-0.571,-0.159,-1.245,1.823,-0.159,-0.159,-1.073,-1.073,1.823,-0.121,-0.121,-1.245,-1.073,1.823,-0.541,-1.073,-0.121,-0.386,-1.245,-0.541,-0.159,-0.571,-0.392,-0.571,-0.541,-0.571,-0.121,-0.715,-1.245,-1.073,-0.541,-0.571,-1.245,-0.541,1.823,-1.073,-0.541,-0.715,-0.571,-1.245,-0.715,-0.541,-1.245,-1.073,-0.541,-0.571,-1.073,-1.0862570297072724,-0.715,-1.034014844237574,-0.541,-0.9996391545870759,-0.9921303496722652,-1.245,1.823,-0.5559497190023711,-0.726557499634904,-0.121,-1.2575190176133382,-0.392,-0.5798362128105927,-0.9580573738206444,1.8133162842280497
-1.118,0.279,0.864,-1.042,-0.275,1.535,1.658,1.658,1.535,0.864,-1.118,-1.038,0.432,0.432,-1.042,0.864,0.864,-1.042,-1.118,0.432,1.658,0.864,0.058,-0.275,1.535,1.535,0.279,-1.038,-1.042,0.864,1.535,-0.275,-0.275,0.058,1.658,0.864,-1.038,-0.275,-0.275,0.279,0.432,-1.042,-1.042,-1.118,0.864,-1.038,-1.118,-0.275,0.864,-1.038,-1.038,1.658,0.864,0.279,0.864,-0.275,0.058,1.535,0.279,0.864,-1.042,-1.118,0.432,1.5258164782466177,-1.0540931549766657,-1.1272397884528769
0.596,-0.876,-0.664,0.596,-0.876,-0.879,-0.551,-0.876,-0.785,-0.09,-0.869,-0.879,-0.785,-0.876,1.491,0.596,-0.876,-0.876,1.491,-0.67,-0.879,-0.09,-0.09,-0.879,-0.67,0.596,-0.551,1.491,-0.876,-0.09,-0.879,-0.879,-0.785,-0.67,1.491,-0.09,-0.785,0.596,-0.09,-0.664,-0.869,1.491,-0.09,-0.09,-0.785,-0.869,-0.551,-0.869,-0.785,-0.664,0.596,-0.67,-0.698355105678189,-0.876,-0.869,-0.6823908842428495,-0.09,-0.551,1.491,-0.1028814455401198,-0.8828594969207799,-0.8864252972503194,-0.5623429401320852,-0.521989697888125,0.5837027419390229,-0.8376004010440381,-0.4797400461103461
-1.099,-0.953,-1.099,0.106,-0.283,-0.283,2.113,0.726,0.85,-0.953,0.726,0.85,-1.099,2.113,2.113,1.236,0.85,1.097,-0.283,2.113,-0.953,0.827,-0.283,0.827,1.097,-0.953,2.113,0.85,0.106,-0.953,0.827,0.106,0.85,-0.953,-1.099,-1.099,0.827,-1.099,2.113,1.236,2.113,0.726,2.113,0.827,-1.099,1.097,2.113,0.726,2.113,-0.283,0.827,0.726,-0.953,0.85,0.726,-0.283,1.097,2.113,-1.099,-0.29890663574343806,0.7148122411926319,0.770978279212159,1.236
-0.692,2.222,0.996,-1.219,-0.362,0.996,1.831,0.996,2.222,-0.504,-0.504,2.222,1.166,-1.219,-0.006,-0.362,-0.692,1.831,-1.219,-1.219,-1.219,2.222,0.207,2.222,-0.006,-0.006,2.222,-0.692,0.207,2.222,2.222,2.222,-0.692,2.222,-1.219,2.222,-0.362,1.166,0.996,2.222,0.996,-1.219,-0.362,-1.219,1.166,-0.362,1.831,1.166,-0.504,2.222,2.222,-0.504,-0.504,1.831,-0.006,0.996,2.222,1.831,-0.692,-0.7145259423990153,-0.362,1.8135991467530945,-0.6831150891526043,-0.504,-0.6293161599502405,0.9873906302426949,-0.006,-1.219,-0.5151177995275785,-0.37922595827879585,-0.33278045507744414,1.166
1.858,-0.252,-1.044,-0.449,0.997,-0.252,-0.449,1.858,1.858,0.997,0.78,-1.044,-0.718,1.858,-0.449,2.46,-1.044,-1.044,0.99,-0.449,2.46,1.657,0.997,-1.044,-0.718,-0.252,0.78,0.78,0.99,0.997,1.657,0.99,-0.449,1.657,2.46,1.657,1.858,2.46,-1.044,2.46,0.99,-0.449,-1.044,2.46,-0.718,1.657,1.858,0.997,-1.044,-1.044,-0.718,-0.718,2.46,1.657,1.858,1.657,1.6348852017974775,0.997,2.46,0.99,-0.718,-0.449,-0.7319869336120898,-0.4665573409480806,0.9822512935902895,2.4455041633267447,2.4937834835955552,0.9848349792154096,-0.252,1.0150961912168293,-0.6771014250225496
-1.081,-1.031,-0.059,-1.031,-0.527,-0.922,0.8,-0.296,1.669,-0.296,1.669,-0.296,-0.527,-0.251,1.669,0.8,-1.031,0.8,-0.527,-0.922,1.669,-0.527,-1.031,0.8,-1.081,-0.376,1.669,-1.081,1.669,-0.527,-0.251,-0.922,-0.251,-0.251,-0.059,-0.922,1.669,-1.081,-1.031,-0.059,-1.081,-0.296,1.669,-1.031,-1.081,-0.376,-0.296,-1.0954025670664498,-0.922,-0.3878279917274625,-0.251,-0.059,-0.9364215155931349,-0.527,0.8,1.669,-0.26849775526922937,-1.0610953872823574,-0.5413183170296825,0.7832613613007897,1.6579267248312306,-0.9301275051247745
-0.445,-0.31,-0.56,-1.289,-1.048,-0.298,-0.298,-1.289,-0.31,-1.289,1.099,0.905,-1.048,-0.298,-0.31,-0.298,-0.445,1.099,1.099,-0.31,0.905,0.342,-0.549,-0.56,0.342,0.342,-0.31,0.905,-1.048,-1.289,0.905,-1.289,0.905,-0.445,-0.549,0.342,-0.445,-1.048,-0.549,-0.298,-0.56,-0.445,0.905,1.099,-0.445,-0.549,-1.289,0.905,-0.56,1.099,-0.445,1.099,0.342,-0.31,1.0863498721257503,0.905,0.3330969001536438,-1.048,-1.289,-0.3244860445971854,-0.549,-0.28152806619425136,0.3656795603380598,-0.247951001253069,-0.21343629272881487
0.142,-0.749,-0.411,0.077,1.752,-0.378,-0.378,1.238,0.142,-0.749,-0.783,1.238,1.332,-0.749,0.582,-0.783,1.752,0.582,-0.783,1.752,1.752,-0.783,0.077,-0.749,0.142,-0.749,0.077,1.332,0.582,1.332,0.142,0.582,0.142,1.752,0.142,-0.783,-0.378,1.752,1.238,0.142,1.332,1.752,-0.749,0.582,0.142,1.238,-0.411,-0.43062723024230976,0.142,0.12876205590251139,0.18041630473683648,1.332,-0.749,0.077,-0.783,0.06580139923984313,0.582,-0.7596240115040858,0.22769375493573404,1.238,1.2146085380640086,0.270166845554148
1.492,-1.027,0.081,-1.03,-1.03,-1.03,1.492,-1.03,1.214,1.492,-0.971,-0.182,1.492,-0.182,-1.027,1.492,-1.027,-1.03,-0.182,1.214,-0.814,-1.03,-1.027,-0.814,-0.971,-1.027,-1.027,-1.027,-0.971,1.214,-0.971,-0.971,-1.03,-0.148,-0.814,-0.814,0.081,-0.814,-0.814,-0.971,-0.814,-1.03,0.0,-1.045849404313254,-0.148,-0.9828448143054275,-0.1626221541483929,-0.949038810174844,-0.01668781884522815,1.214,-1.027,1.492,1.4773637075369859,0.081,-0.8245809223430712
-0.582,-0.696,0.886,-0.18,-0.776,-0.582,-0.814,-0.453,-0.814,-0.086,-0.453,-0.453,-0.696,-0.086,-0.776,-0.582,-0.814,-0.696,-0.086,-0.696,-0.582,-0.776,-0.582,-0.18,-0.18,-0.582,-0.453,-0.18,-0.582,0.886,-0.582,-0.582,-0.086,-0.161,-0.453,-0.814,-0.582,-0.582,-0.086,-0.776,-0.696,-0.453,-0.776,-0.7871063700939225,-0.18,-0.161,-0.4692072218047564,-0.7468197508565431,-0.814,0.0,-0.010193255053099967,-0.582,-0.086,-0.09783116919430793,-0.8282987806282621
0.234,-1.008,2.026,0.234,0.639,-0.743,2.119,-1.008,-0.47,2.026,-1.008,-1.008,-0.664,-0.797,-0.743,2.026,0.457,-0.743,2.119,-0.47,-0.743,-0.797,-1.008,0.234,2.119,-1.008,-0.664,0.639,-1.008,2.026,0.639,-0.47,-0.47,2.026,2.119,2.119,2.119,2.026,-0.797,2.026,-1.008,-0.664,0.639,-0.797,-0.797,-0.47,0.234,-0.664,-1.008,-0.6700237478946304,-1.0245232162754814,-1.0171108517478669,0.223909217438357,-0.9882542155373745,0.639,-0.9533420519612857,-0.6428580977887528,2.119,-0.743,2.1014249748733604,-0.5981316002028955,0.26183451544192154,-0.572009176722437
-0.22,-0.707,-1.244,-1.244,-1.244,1.7,-1.244,-0.334,-1.336,-0.513,-1.336,1.7,-1.244,-0.176,1.7,-1.244,-1.244,-1.311,-1.311,-0.707,-0.22,-1.311,-0.513,-0.22,-1.336,1.7,1.7,-1.336,1.7,-0.22,-0.176,-1.336,0.531,-1.311,-1.311,-0.176,-0.513,-1.311,-0.176,-1.336,-1.244,-0.176,-0.176,-1.336,-1.311,-0.707,1.7,-1.311,-0.334,0.531,-1.244,0.5165787285834111,0.5497778825457501,-1.311,-1.258719011288268,-0.22,-1.336,-1.3250027011830723,-1.3462625367664747,1.7,-1.2999514814588127,-1.3021003406965999,0.5857680583041442,-0.707,-1.2683936279496069,-0.176
0.037,1.028,-1.096,0.327,0.51,1.225,1.024,-1.096,1.028,-0.268,1.024,1.024,1.225,1.028,0.327,1.024,0.327,-0.688,-0.688,0.252,-1.096,1.024,-0.268,-0.688,1.028,-0.268,0.037,0.51,-1.096,-0.688,1.024,0.327,0.252,0.327,1.028,0.327,0.327,0.252,-0.688,0.51,1.028,1.225,-0.688,1.024,-0.688,-0.268,1.225,1.225,0.037,1.024,0.51,1.007466340667188,1.0508289948080487,0.327,-0.268,1.08789902249212,-1.096,0.027162661592528142,-0.688
-0.764,0.117,-0.87,-0.816,-0.98,-0.98,1.652,-0.98,1.652,1.621,-0.98,-0.87,1.052,1.652,1.052,0.117,-0.764,-0.98,1.652,-0.87,1.652,1.621,1.652,1.652,1.669,-0.98,1.052,1.652,-0.816,1.652,1.669,-0.98,-0.87,1.652,1.669,1.621,1.652,-0.764,-0.98,1.669,1.621,-0.98,1.621,1.621,-0.764,1.669,0.117,1.652,-0.98,1.652,-0.764,-0.98,0.117,-0.98,-0.816,0.117,-0.374,-0.816,-0.87,0.117,-0.374,1.669,1.621,1.6516767736383249,-0.8829107784281418,-0.764,-0.98,1.6116351953643284,0.10310671396460469,-0.816,-0.8285519613710912,1.652
-1.146,-1.019,-0.082,-0.76,-1.146,0.717,-0.76,0.383,-0.762,0.383,0.651,-0.762,-1.146,-0.762,-0.082,-0.063,-0.76,-1.019,-0.082,0.717,-0.082,-1.146,-1.019,-1.019,0.383,-1.019,-0.762,-0.762,-0.76,-0.063,-1.019,0.651,0.651,0.717,0.383,-0.762,-1.019,-1.019,-0.201,-1.146,-0.762,-1.146,-0.063,-1.019,-0.063,0.717,0.6978057281641141,-0.76,-0.762,0.383,-0.201,-0.7788718558950574,0.7152220687959566,-1.019,-0.2110013402379718,-1.0305837391850308,-0.7738429501079164,0.37081817508627374,-0.7301059216441382
0.894,-0.785,-0.702,-0.204,-1.103,-0.918,-0.241,-1.103,-1.476,-0.204,0.894,-0.785,1.044,-0.204,1.044,-1.103,-0.918,-1.103,-0.241,-1.103,0.894,-0.241,-1.476,-1.476,-1.103,-1.476,-1.476,-0.702,-0.702,-1.476,-0.203,-1.103,-0.204,-1.476,-0.918,-1.476,-1.476,-0.241,-0.204,-1.476,0.894,-1.476,-0.918,-0.785,-0.241,-0.241,-0.785,-1.476,-1.476,1.044,1.044,-0.203,-0.785,-0.22182702539272436,-1.103,-0.204,-0.23179327162799376,1.0353161602715084,1.086160088703213,-0.19198377885975756,-0.918,-1.476,-0.19270756952685922,-0.7985041832173052,-0.15779888313551949
0.135,1.701,-0.76,-0.644,0.135,-1.152,1.701,-1.152,0.975,0.135,0.135,-0.644,1.701,-0.644,-0.644,-0.264,1.174,-1.152,-1.152,1.701,1.081,-0.76,1.701,-0.644,1.174,0.135,0.135,1.174,-0.76,-0.644,1.081,-1.152,0.975,0.975,0.975,-0.264,0.054,0.054,1.081,-1.152,-0.644,-0.76,1.081,-0.264,0.054,-1.152,1.081,-1.152,1.081,-0.76,1.081,-0.644,0.975,-0.264,-0.2814935770482132,1.174,-0.6552126222361636,0.135,-1.152,1.0695249163175613,0.11797916131424352,0.14289852347377346,1.0916573994326295,0.054,-0.6197825188539767,-0.76,-0.7751393723224845,-1.166646605691576,0.042255345407088515,1.1593199356312156
-1.29,-0.512,2.472,1.187,-0.68,2.472,-0.198,0.268,2.472,-1.29,0.509,-0.198,-0.198,-0.198,-0.198,-0.515,-0.198,2.472,-0.512,0.268,2.472,-1.29,2.472,-0.515,-1.29,-0.68,-0.515,-0.198,-0.198,-0.198,-0.512,1.187,2.472,1.187,-0.198,1.187,-0.68,-0.68,-0.512,-0.8,-1.29,-0.515,-0.515,-1.29,-0.198,-0.8,-1.29,-0.515,-0.512,-0.8,-0.512,-0.68,0.509,-0.515,0.268,-0.5223525852096002,2.472,0.25070534547720286,-0.8,-0.6899241805346862,0.4950886356152856,-0.198,2.4552168732980197,-0.8128414015293512,1.187,-0.5078045814955164,-0.49407657867851373,2.5020678680541333
1.631,-0.003,0.333,-1.075,-0.337,1.631,1.71,-1.074,1.631,-1.074,-0.413,-0.836,0.333,-1.075,1.71,0.333,-1.074,1.71,1.631,-0.413,-1.075,-1.075,-1.074,-1.074,1.71,1.631,-0.836,-0.413,1.71,-0.337,-0.1,-0.413,-0.337,-1.074,1.71,0.333,-0.836,-0.413,-1.074,-1.075,-0.413,-1.075,-0.337,-1.075,-1.075,-1.074,-0.337,-0.413,-1.075,-0.003,-0.836,-1.0903606548770974,0.333,-1.05139221952916,0.31229647630343305,-0.017422798551981106,1.71,-0.3482760932410591,-1.0109300089070556,1.631,-1.074,1.6953100223424102
-0.703,1.76,1.562,-1.477,-1.477,0.713,-0.169,1.562,0.105,-1.477,1.76,-1.477,1.76,0.713,-0.859,-1.477,-0.86,-0.169,1.216,-0.859,-1.477,-0.859,1.76,1.562,1.76,1.562,-0.859,1.216,0.105,1.216,1.216,-0.86,1.562,1.216,1.216,1.562,-0.86,-0.169,1.76,-0.169,0.713,-0.169,0.713,-0.169,-0.703,-0.86,-1.477,-1.477,-0.703,1.76,1.76,-1.477,-0.859,-0.703,1.216,1.2017961233178995,-0.859,-1.477,-1.495375846465194,1.238295117285387,-0.718061466735459,1.2887849252283923,-1.4535772213695322,-0.689681460310894,0.105,-0.86,-0.650670218248416,-1.416476971919382
1.26,-0.755,-0.432,-1.277,-0.375,-0.375,0.285,1.26,1.26,1.264,-0.68,-0.602,-1.277,-0.68,-0.602,1.26,-1.277,1.264,1.264,1.264,-0.68,-0.602,-0.432,-0.375,0.285,-1.277,-1.277,1.264,-0.755,0.285,-1.277,0.285,-1.277,1.264,1.264,-0.352,1.26,1.264,-1.277,0.285,-0.375,1.264,-0.432,-1.277,-0.755,-1.277,-0.755,-0.432,-0.755,-0.432,-0.755,0.285,1.26,-0.755,-1.277,-0.375,-1.2891907891501133,-0.602,0.285,1.264,1.245880676362105,-0.352,1.2607115559129694,1.2497610140576043,1.2838902462895048,1.3281200407012002
-0.893,-1.037,-0.429,-0.286,-0.286,1.892,0.578,0.578,0.913,0.578,-1.037,-0.429,0.578,1.892,-1.037,1.892,-0.286,-1.037,0.417,-0.893,0.913,1.892,0.578,-0.286,0.578,0.578,0.578,0.417,-0.286,1.892,-0.286,-0.286,1.892,1.892,-0.429,-0.893,1.892,-0.893,0.913,-1.037,-0.286,-0.893,-0.893,-0.286,-1.037,-0.429,0.417,-1.037,0.417,-0.429,0.578,-1.037,-0.286,0.417,0.0,-1.051777780205654,-0.429,-0.2969709599537679,0.578,0.5666213468296658,-0.429,0.913,0.899933239533491,0.6152314308092934,0.9404871108738935,1.892
0.752,0.79,1.721,2.16,0.752,2.16,-0.834,1.721,0.904,0.79,0.752,1.721,1.721,0.944,2.16,0.944,-1.125,2.16,0.79,0.752,2.16,0.904,1.721,1.721,0.79,2.16,2.16,-1.125,2.16,-0.834,-1.125,-0.408,0.752,-1.125,1.721,-1.125,2.16,0.79,0.79,0.904,2.16,-1.125,0.752,0.904,2.16,2.16,0.79,0.904,0.79,-0.834,2.16,-1.125,1.721,1.721,-1.125,-0.408,0.79,-1.125,-1.125,1.721,2.16,1.7062406241040724,0.79,-1.1393760766870469,0.944,0.7757742516322113,0.7941978523452705,0.9344901718891679,0.0
-1.033,-1.033,-0.777,0.998,-0.461,-0.461,-1.027,-0.461,1.405,-1.027,-0.844,-1.033,0.998,0.998,-0.529,1.409,-0.844,0.998,-0.777,-1.027,-0.777,0.53,0.998,-1.033,0.998,-0.844,1.405,-0.461,-1.027,-1.027,-0.529,1.405,-0.777,1.405,1.409,-0.529,-1.027,-1.027,1.409,1.405,-0.461,-1.033,-0.844,-1.033,0.998,-0.461,-1.033,-0.529,-0.844,-0.777,0.998,-0.5437202740252175,-0.47304762745751583,1.409,0.9840955710463655,1.405,-1.0446901549251368,-0.8547360050377625,-1.027,1.0225824918331283,-0.4932479161899893,-0.7893657243554003,-1.0412686073016406,-1.0035284768332404
0.158,0.158,1.723,-0.33,0.547,-0.33,-0.365,-0.33,-1.013,-1.083,0.158,-0.42,-1.083,1.723,1.723,0.353,0.353,0.158,-0.33,-1.013,-1.083,-1.083,-0.33,-1.288,-1.288,-1.288,-1.288,-1.288,-0.365,0.547,-1.013,-0.365,-0.33,-1.013,1.723,-0.42,-1.288,-1.083,-1.013,0.158,0.353,-1.013,-1.083,-1.013,0.547,-0.365,1.723,0.353,-0.33,-1.288,-1.083,1.723,-0.33,-1.288,-0.365,-0.33,0.353,0.353,0.547,-0.365,0.158,0.353,-1.013,0.14271157336234513,1.723,1.7111741476413154,-1.083,0.18495343230612507,-0.33,-1.0998052847738091,-1.060298388973501,0.2343824737084228,0.2495184600496815,-0.42,-0.34137211035405124
1.767,0.905,0.639,-0.247,0.639,0.639,-0.669,-0.61,1.227,1.227,1.767,-0.61,1.227,1.767,0.905,1.767,1.767,-0.61,-0.696,0.639,0.974,1.227,1.767,1.767,1.767,-0.696,0.974,0.974,0.639,-0.669,-0.247,1.767,0.974,1.227,0.415,1.767,0.974,1.767,0.974,-0.669,0.974,0.974,-0.696,0.974,1.227,-0.696,0.905,1.767,1.767,0.639,-0.247,0.6234938243642222,-0.669,1.767,1.759869784604449,0.6604428000151662,1.227,1.2106601749398525,1.2631425524735187,-0.696
-0.655,0.483,-0.89,-0.89,0.483,-0.444,-0.161,0.249,-0.655,0.249,-1.072,0.249,-0.298,-1.072,-0.298,-0.298,0.405,-0.298,0.483,-0.89,-0.824,-0.655,-0.89,-0.824,-1.072,-0.161,0.483,0.483,-0.444,-0.161,-1.072,-0.824,-0.298,-0.298,-0.89,-0.161,-0.444,0.249,0.405,-0.298,-0.655,-0.89,0.483,-0.89,-0.444,-1.072,0.483,0.405,0.483,0.4659736455176952,-0.655,0.249,-1.072,-0.6685547497313566,-0.161,-0.824,-0.89,0.39503037720800604,-0.444,0.2345372036218884,-0.17577459826529432
-1.04,-0.694,0.928,0.03,-1.312,1.433,-0.644,0.928,0.03,-0.549,-1.312,0.491,0.478,-1.312,-1.312,0.928,1.433,-1.04,-0.549,-1.04,-1.312,-0.694,1.433,0.928,-0.549,1.433,-1.312,0.928,1.433,-0.644,0.478,0.478,-0.694,-1.312,-1.04,-1.04,-1.312,-0.549,0.928,-1.04,0.491,0.491,-0.549,-0.694,0.478,-1.312,0.03,-1.3227996085199303,-1.2923230879005496,-0.644,-1.2679777753483825,-0.549,1.433,-0.56036814856892,0.017097777558229398,1.422677856236592,-1.04
-0.793,-0.758,-1.061,-0.793,-0.793,0.321,-0.942,-1.061,0.321,-0.861,-0.485,-0.861,0.321,-0.793,0.321,-0.942,0.321,0.321,-0.861,-1.061,0.709,-1.061,-0.793,-0.758,-0.087,-0.942,0.709,-0.793,-0.942,-0.625,-0.758,-0.942,-0.485,-0.861,-0.793,-1.061,-0.942,-0.625,-0.793,0.709,-1.061,-0.625,-0.087,-0.793,-0.861,-0.087,0.321,-0.485,-0.758,-1.061,-0.625,-0.4946277137247128,-0.7752373584543154,-0.942,-0.7164364186415518,0.709,-0.793,-0.861
1.619,0.758,-0.578,-0.477,-1.152,2.297,2.297,-1.052,-0.674,1.619,-0.477,-1.152,-0.578,2.297,-1.152,1.619,-0.477,-0.674,-0.397,-0.321,1.619,0.758,-0.321,-0.674,2.297,0.758,-0.477,1.619,-1.152,0.758,-1.152,1.619,0.758,-0.477,-0.397,-0.397,-1.052,-0.321,-1.152,-0.674,2.297,-0.321,2.297,-1.152,2.297,-0.397,-1.052,-1.052,0.758,-1.052,-1.152,-0.321,-0.477,-1.052,-1.152,-0.578,-0.6013941015154854,-0.48839773830819816,-1.1651291678530393,-0.397,-0.44380501201895745,-1.1207615324666083,1.619,2.297,1.6036495866118472,-1.0847170169905846,2.2826400223653747
-0.838,0.931,-0.89,1.065,-1.033,0.931,-1.033,0.931,-1.033,0.351,-1.033,0.931,-0.441,0.931,-0.717,1.065,-0.838,0.351,-1.033,-0.441,-0.602,-0.717,0.931,-1.033,-0.441,0.604,0.931,-1.033,-0.89,-1.033,-0.89,-1.033,0.931,-0.602,0.931,-0.89,-0.441,-0.717,-0.89,-1.033,0.351,0.931,0.931,0.931,-1.033,1.065,-0.89,0.351,-0.717,-0.602,0.931,0.351,-1.033,1.065,-1.033,-0.602,-0.838,-1.033,-0.717,0.604,0.351,-0.89,-0.917067275709456,0.32948315351218577,0.3540448092951111
-0.063,0.491,-0.991,-0.427,-1.133,-0.488,-0.991,-0.991,0.491,-1.133,-0.427,-0.991,-0.991,-0.063,-0.063,-0.991,-1.133,-0.427,-0.991,-1.133,-0.991,0.699,0.491,-0.662,0.699,-0.417,-0.063,-0.488,-0.488,-0.662,-0.991,-1.133,0.491,-1.133,-0.991,-1.133,-0.488,-1.133,-0.488,0.699,0.491,-0.662,0.491,-1.133,-0.427,-0.488,-0.063,-0.427,-0.5027447670729641,-0.07691257313977409,-0.4815906128013334,-0.46264852878393137,-0.4464109671013721,-0.425057616989018,-0.3862351220165331,-0.41039273300016044,-0.037757061842775164,-0.662,0.699,-0.0037527655869759816
-0.674,1.493,-0.674,1.142,1.689,1.689,-0.674,-0.251,1.689,-0.251,1.493,1.142,-0.096,-0.251,-0.898,-0.251,2.089,-0.898,1.493,1.689,-1.016,-0.898,2.089,-1.016,-1.016,1.493,1.142,2.089,-1.016,1.689,0.461,2.089,2.089,2.089,-0.251,1.142,1.142,1.493,-0.096,-1.016,1.689,2.089,1.493,2.089,-0.898,2.089,-0.251,1.142,1.493,1.689,2.0790926221854242,-0.674,2.1183142319386903,1.674711851929599,-0.898,0.461,1.4852415779032098,1.533611225506765
-0.194,-0.683,-0.683,-0.683,-0.775,1.619,1.619,-0.862,-1.173,-0.428,-1.173,-0.862,-1.173,-0.47,-0.47,-0.156,-0.862,0.14,-0.47,-0.775,-1.173,-0.862,-1.173,1.619,1.619,-0.156,0.14,-0.47,1.619,-0.156,-0.683,-0.862,-1.173,-0.683,-0.194,-0.775,-0.683,-0.683,1.619,-1.173,1.619,-0.194,-0.47,-0.683,-0.156,1.619,-1.173,-0.428,-0.683,-0.156,1.619,1.609847571934557,-0.862,-0.47,-0.683,-0.8782909776558343,-0.6940603764569239,-0.6394454296417313,1.6459508655814823,1.6771602707022535,-0.156,-0.5984243779830719,-0.194,1.698050012184397,-0.16968768100692266,-0.21188238522974534,-0.775
-1.21,-1.146,1.15,-1.146,-1.21,-0.86,0.44,-0.085,-1.146,-1.21,-0.848,0.44,0.44,-1.21,-1.21,0.275,-1.21,-1.146,-1.146,-1.146,1.15,-0.86,-0.86,-0.86,1.15,0.44,1.15,-0.86,-1.146,0.44,-1.146,-1.21,-0.085,0.44,-0.848,0.275,-0.085,-1.21,-1.146,-1.21,0.275,-0.86,-0.085,-1.146,1.15,-0.848,-0.86,1.15,-0.085,-0.848,-0.86,0.0,-0.09765211152687954,-0.056727966606042055,-0.022928172045828636,-1.21,0.44,1.1381300355752288,0.01447645936883655,-0.8592342919708877,0.4317610129435415
-0.455,0.477,-0.584,-0.864,-0.584,-0.584,1.02,1.02,0.477,-0.864,1.02,-0.455,0.182,-0.921,-0.188,0.182,-0.921,0.168,-0.36,-0.864,-0.36,-0.455,0.477,-0.921,-0.455,-0.864,-0.455,1.02,0.182,-0.584,-0.864,-0.455,-0.188,-0.921,0.477,0.477,-0.36,0.182,0.477,-0.36,-0.188,0.182,0.168,-0.36,-0.584,-0.455,1.02,-0.188,0.182,0.1670154015943119,-0.2031470893440565,1.0062612564226634,-0.6010557925640695,-0.921,0.168,-0.9299520161674756,-0.905601424955421,-0.5476618161268789,0.21662701903305712,1.0243221194780143,-0.8713914978722401
-0.569,-0.448,-0.746,1.176,-0.448,1.496,-1.056,1.176,-0.179,-0.286,1.496,-0.569,1.496,-0.286,1.794,1.496,1.794,1.496,-1.056,0.404,1.794,-0.569,1.176,1.176,-1.056,1.794,-0.746,-0.746,-0.448,1.794,-0.448,1.496,-0.448,-0.448,-0.448,1.794,1.176,-0.569,1.496,-0.569,-0.448,1.794,-0.746,-0.286,-0.286,1.794,-0.286,-1.056,-0.286,-0.746,1.496,-0.569,-0.179,0.404,1.176,1.1552835346113601,0.39280178013755906,-1.056,-0.448,1.794,-0.746,0.431406655861227,-0.7535223651334222,1.7781695612127209,-0.45900763297342884,-1.0667688373803181
-0.428,1.806,-0.854,1.024,0.385,-0.854,-1.026,-0.854,0.354,1.024,-0.576,-0.854,1.024,-0.854,1.806,-0.576,-0.576,-0.576,-1.026,0.354,1.024,0.354,1.806,-1.026,1.806,-0.854,-1.026,1.806,1.024,-1.026,1.806,1.806,1.024,-0.428,-0.031,1.024,-1.026,-0.854,-0.854,0.354,-0.8679714015604522,-0.576,0.3430980025877244,-0.428,1.806,0.37200858509459966,-1.026,-1.0490867812782125,0.4070152848689893,-0.587270962901747,0.385,1.024,-0.031,0.3720644840643514,1.7925536649603642
-0.381,-1.057,-1.078,1.38,0.193,1.38,-1.414,-1.078,1.235,-1.078,1.712,-1.078,1.38,1.712,0.193,-1.414,0.413,-1.057,-1.078,-0.882,-1.057,-1.057,-0.882,1.235,1.235,-0.882,-1.414,1.712,1.38,-1.414,-1.078,-1.414,-0.381,-1.414,-1.414,1.235,1.38,-1.414,-0.882,-1.078,1.712,1.38,-1.078,-1.414,-0.882,1.235,1.235,1.235,-1.057,-1.078,-0.381,0.413,-1.414,-0.39229898049334905,1.712,-1.091280065096558,1.235,1.6989860740451121,-0.3508584955152871,1.724373534538347,-1.063868614739049,-1.0149298684403678,1.7599046945356274
0.897,-0.598,0.897,0.703,0.703,1.026,1.397,-0.799,-0.501,-0.044,-0.501,-0.598,-0.501,0.484,-0.501,0.897,-0.044,0.897,-0.501,0.484,0.897,-0.48,-0.598,-0.044,0.703,-0.799,1.026,-0.48,-0.799,0.897,0.897,0.484,-0.501,1.397,-0.48,-0.501,-0.48,1.397,-0.48,1.397,1.026,-0.48,1.026,-0.48,-0.799,-0.044,-0.501,1.397,-0.598,-0.044,-0.598,1.026,-0.501,-0.48,0.484,-0.5034948965028135,0.897,1.0168417888154226,-0.799,-0.05504205818625506,1.046776285862757,-0.5144934254467226,0.46481267649035,-0.8157825787270376,-0.475348824762095,0.703,1.397
0.216,-0.653,2.156,-0.425,2.156,1.356,0.216,1.506,2.156,1.506,0.148,1.839,2.156,-0.653,1.506,1.356,0.148,0.024,-0.094,1.839,2.156,0.024,0.216,2.156,-0.094,1.839,2.156,1.506,0.024,-0.653,2.156,0.148,1.356,1.839,-0.425,0.148,1.506,0.216,-0.094,1.839,-0.094,0.216,-0.11030284107782895,-0.425,-0.07639820303562685,0.148,1.506,-0.03621321856269882,-0.44152009110077184,0.13279975680429748,1.4929753019452687,-0.014990348863484142,-0.3951401334486853,2.156,1.5229409580830497,1.5539092188155719,-0.3576403265758928,0.024
-0.519,-0.519,1.358,-0.519,-0.626,1.358,-1.17,-1.17,-0.626,1.281,0.247,1.358,-1.17,0.247,-0.529,1.281,1.358,-0.519,-0.626,-0.662,-0.529,-1.17,-0.529,-1.17,-1.17,-0.101,-0.662,0.976,0.976,0.247,-0.662,-0.101,0.976,-0.662,-0.101,1.358,0.976,-1.17,-0.626,1.281,0.976,-0.519,0.976,-0.626,1.358,1.3424123325895774,-0.101,0.9675946789332927,0.247,-0.519,-0.662,1.281,-0.6748685081854818,-0.5290632963432113,0.23173780035472474,-0.6349421974210585,-0.643330026954836,0.2699318685004981
-0.976,-0.041,0.214,1.137,-0.819,-0.819,-0.976,-0.819,-0.819,-0.571,-0.976,0.257,-0.571,-0.819,1.137,0.29,1.336,1.137,0.29,-0.041,-0.819,-0.571,-0.041,1.137,-0.801,0.257,1.336,1.137,-0.041,0.29,-0.801,-0.976,-0.571,-0.801,0.214,-0.976,-0.976,-0.801,-0.976,-0.571,-0.819,1.336,-0.571,0.29,0.29,-0.801,1.336,-0.571,-0.819,-0.041,-0.05862584366348923,-0.801,1.137,0.214,-0.8341202677129864,0.257,-0.8120461844464253,1.1235639925398428,0.29,-0.5837908986397028,0.24793667935316716,0.20359614861365236
1.671,-1.031,1.063,1.478,1.063,-1.031,1.478,1.478,1.76,1.671,2.071,-0.098,1.76,2.071,2.071,-1.031,1.671,-0.322,0.622,0.622,-1.031,-1.031,2.071,2.071,-0.268,-0.098,-0.322,-0.098,1.76,-0.268,1.76,2.071,1.76,1.671,1.671,1.478,1.063,2.071,1.76,1.76,-1.031,0.622,1.671,-0.322,1.478,1.478,-1.031,1.478,1.76,1.744866376678551,0.622,2.071,0.6061364651542305,-0.268,1.063,0.635412624662007,0.6687437829186142,-1.046486776381207,1.7686141119741043,1.0520568694286947,2.058325693547569,1.817440980704541,1.4648976632594473,1.4905574463998885
-1.146,0.605,0.481,-0.854,-1.087,0.555,0.605,-1.087,0.556,-0.854,0.556,0.502,-0.627,0.481,0.555,-1.087,-0.627,0.605,0.481,-1.087,0.605,0.605,-1.087,-0.854,0.556,-1.087,-1.146,-1.146,-1.087,0.556,-0.854,-0.031,-0.854,0.605,0.605,0.555,0.555,0.555,-0.627,-1.146,-1.146,0.481,-1.146,0.556,0.605,-0.627,0.555,0.5320583913593788,-0.854,-0.031,-1.087,-0.8680080556694855,-0.8284813979705702,0.502,-0.6458892211189236,-0.037939296260079615,-0.01733508480709532,-0.7889567983322637,0.5692945807482763,0.481
-0.85,-1.055,-0.993,1.222,-1.096,0.186,-1.096,-0.479,-0.85,-0.993,-1.055,0.186,0.49,-0.993,-0.993,0.186,1.222,-0.479,-0.85,-1.055,0.186,-0.709,-0.85,0.186,0.186,-1.055,0.186,-1.096,0.49,-0.479,-0.993,-0.709,-0.85,0.49,-1.055,0.49,-0.479,0.49,0.186,-1.096,-0.85,0.186,-0.993,0.49,-0.709,-1.055,-1.055,0.49,-1.096,-0.993,-0.479,-1.0066286013205272,-0.48538189552877614,-0.709,-1.055,-1.0699189430641667,1.222,-1.096,0.186,0.49,-0.9672548044582153,-0.44484994153648816,-1.041225792190777,0.4715099702999488,-0.9536819040099924,-0.9160420258245011,-1.0057219294218696,1.2111452363515738,-0.39537468031124207,0.5180008930824045,0.1751192123533249
-0.903,0.415,-0.504,0.837,1.57,-0.903,-0.604,-0.604,-1.022,0.415,-0.903,0.03,-0.793,0.837,-0.903,-0.793,1.57,-0.806,-0.604,1.57,-0.903,-0.903,0.03,-0.793,0.03,0.415,-1.022,-0.504,-0.793,1.57,-1.022,0.415,0.837,1.57,0.837,-0.806,-0.806,-1.022,-0.604,1.57,-0.903,-1.022,-0.806,0.03,-0.604,1.57,0.837,-1.022,-0.793,0.415,-0.806,-0.806,0.03,0.415,0.415,-0.806,-0.504,-0.793,0.837,-0.903,0.415,1.57,-0.9205705921857165,-0.604,0.03,0.40702251853401267,-0.8051184512130253,0.01896902335551548,0.44641599545615596,0.47415349093420234,-0.8180174785645459,-0.8871278192889155,-0.7871434065624077,0.513003666378524
-1.024,-0.318,-1.024,0.115,-0.931,-0.554,-1.034,-0.554,0.419,-0.554,0.115,-1.024,0.115,-1.034,-1.034,0.115,-0.931,-0.473,-0.554,-0.931,1.557,-0.931,-0.931,-0.554,1.557,-1.024,-1.024,1.557,-0.554,-1.024,-1.024,-0.931,0.115,-0.931,-0.931,0.115,-0.318,-1.034,1.557,0.115,-1.024,0.115,1.557,-0.554,-0.473,1.557,1.557,-0.931,-1.024,0.115,-0.9445481844698548,0.419,-0.931,-0.9076563502477156,-1.034,1.5444788262415237,-0.318,-0.33203201063200066,-1.0463911153423955,-0.554,-0.5668712787050321,0.09965329068959887
-0.984,-0.826,-1.105,-0.984,0.102,-0.999,0.403,-0.826,-0.984,-1.334,-0.826,0.102,0.102,-0.984,0.102,-0.999,-0.826,-0.837,-0.984,-1.334,-1.105,-1.334,0.222,-0.984,0.222,-0.999,0.222,-1.334,-0.826,-0.826,-1.334,0.222,-0.837,-1.334,-0.984,-1.334,-0.999,-1.105,-0.826,1.13,-0.999,-0.837,-0.984,-0.984,1.13,-0.984,-0.984,-1.334,1.13,-0.999,0.102,-0.999,-0.999,0.222,-1.105,-1.105,-0.837,-0.826,-0.8431391493885159,-0.837,-0.8478135465912442,0.403,0.38639450536193354,-0.8183457722846498,-0.8166923442227382,0.222,0.4200556927327488,-1.105,1.13,-1.334,0.20623018238987856,-0.7650228830846137,0.102,0.24380320832324817,1.1197823269834708
-0.101,-1.077,0.461,-1.077,0.461,-1.077,-1.077,-0.101,-0.51,0.461,-0.664,1.763,0.129,0.062,1.07,1.763,1.07,-1.077,0.461,-0.664,1.763,-1.074,-1.077,0.461,0.461,-1.077,1.07,0.461,1.763,-1.077,0.129,-0.51,-1.077,-1.074,0.062,1.763,0.461,-1.074,-1.074,1.763,-1.074,0.129,-1.074,-1.077,-0.101,-0.101,1.763,0.129,-1.074,0.062,0.11496477330741572,1.7457680147750831,0.461,0.4457357913509642,0.15210651887409776,-0.664,-0.68130856638432,-1.0867094119364988,-0.11256791536844407,1.07,0.050772297845963675,-0.08251594919364015,0.07323481066216322,-0.51,0.15733063634726327
1.455,1.455,-1.436,1.455,1.922,-0.383,-1.436,-0.317,-1.01,-0.345,0.005,1.922,-0.917,-0.317,-0.383,1.922,-1.436,-1.01,-1.436,-0.917,-1.436,1.455,-1.01,-0.917,-1.436,-0.917,0.005,-0.383,-1.01,0.005,-0.317,1.455,-1.01,1.922,1.922,1.455,-1.01,-1.436,-1.436,-0.317,-0.065,-0.917,-0.383,-1.01,-0.345,0.005,-0.317,-0.383,-1.436,-1.4488556450287697,-1.4279455172483189,-0.065,0.005,-0.08228624674942024,-0.051018548817527876,-0.009555021073898887,1.455,-0.345,-0.022095989929885672,-0.917,-1.3820488043636823,1.4371393402094286,0.04244071155246771,-0.383,0.00981606628473047,1.922
1.301,0.434,-0.791,-0.791,-0.268,0.434,0.434,0.108,-0.699,-0.074,-0.268,1.301,-0.542,-0.268,-0.473,1.608,-0.542,0.108,-0.699,1.608,-0.074,-0.074,0.108,-0.268,1.608,-0.699,0.434,-0.791,1.608,-0.473,0.108,1.301,1.608,1.608,-0.473,0.108,-0.699,-0.699,0.108,0.434,-0.542,-0.473,-0.268,-0.542,-0.791,-0.074,0.108,0.09275438240966395,-0.473,0.1362187495245128,-0.268,1.301,1.608,0.434,1.291652436113192,1.5913986846487012,0.17439389726836216,1.3345779686844172,0.41894445288425725,-0.08747997621346536,-0.2764857749641059,-0.8047059015361469,-0.699
-1.178,-1.178,1.502,-0.753,1.502,-0.803,-0.972,-1.046,0.928,-1.046,0.928,-0.972,-0.803,-1.178,-0.803,0.502,-1.046,-0.972,-0.803,-0.753,-0.972,-1.046,0.928,0.502,0.928,-0.803,0.382,0.382,1.502,0.454,0.454,-1.178,0.454,-0.803,0.502,-0.803,-0.803,-1.178,-0.972,-0.753,-0.972,0.502,-1.178,0.928,-1.046,0.928,0.502,-1.046,-0.753,-0.972,-0.972,1.502,-1.178,-1.178,0.382,-0.803,-0.820243818817336,1.502,0.3678433380997341,-0.7626132124660654,0.4182310978934276,-1.178,0.44592607153641445,-0.7356065598593953,-0.6973337165375297,0.4894041194752389,-1.194436677673607,-0.753,0.928,0.454
0.001,-0.341,-0.961,0.098,0.152,0.152,0.152,-1.175,-0.961,-1.175,-1.008,-1.008,0.098,0.001,-1.008,-0.961,-0.712,-1.008,-1.175,-0.961,-0.712,-0.961,-0.961,0.152,-1.008,-1.175,-0.712,-0.043,-1.175,-1.175,-0.471,0.152,0.098,-1.175,-1.008,0.098,-1.008,-1.175,-0.471,0.098,0.098,-1.175,0.001,-1.175,-0.961,-1.175,-1.008,0.152,-0.471,-1.0199518584369751,0.098,-0.341,-0.9747345468859363,0.001,-0.47771432653118007,0.13909696164188867,0.08659924973074229,-0.712,-0.012995841940730321,0.11288317249933866,0.028403648998399027,-0.4284455907935113,-1.189125759361419,-0.043,0.14562236230930825
0.551,0.551,0.939,0.939,-0.173,0.051,-0.535,0.551,0.303,0.939,0.303,0.303,0.051,0.303,0.222,-0.535,-0.123,0.051,0.051,-0.123,0.939,-0.123,0.222,-0.173,-0.593,-0.593,-0.535,-0.535,-0.535,-0.593,0.303,0.051,-0.593,-0.593,0.403,-0.593,-0.593,-0.535,-0.593,-0.593,-0.173,0.403,-0.123,-0.535,0.051,-0.593,0.222,-0.123,-0.6086071770828425,0.051,-0.5893670010926987,-0.535,0.551,0.5347273992298535,-0.173,0.557195815998848,-0.5448773846242336,0.403,0.21290055043617084
0.728,0.059,-0.584,-0.863,0.059,0.728,-0.795,-0.145,1.601,-0.863,-0.795,0.296,0.728,0.296,1.601,0.059,-0.863,1.068,1.068,-0.795,-0.863,0.732,1.601,-0.584,1.601,1.601,0.059,-0.795,-0.795,1.601,-0.584,0.728,-0.584,0.728,-0.145,-0.584,0.728,0.728,0.296,0.296,-0.863,-0.145,-0.145,-0.863,0.296,0.732,0.059,0.728,1.601,0.296,1.601,-0.145,0.059,-0.863,1.584305362196334,0.04710442862765464,-0.795,-0.8758467490303671,-0.8329333861716388,1.630630666929037,1.6620712324249696,1.6885837710248397,0.06800495322150761,0.728,0.732,-0.8093871667114476,-0.7741876861453804
-0.45,1.479,1.639,1.479,-1.205,-1.205,1.639,1.422,1.405,-1.205,1.639,-0.763,1.405,0.069,-0.763,1.757,-1.205,1.757,1.479,1.639,-0.763,1.405,1.405,1.479,0.069,1.405,1.757,-1.205,1.757,1.639,1.757,1.422,-0.763,-0.763,1.422,-1.205,-1.205,-0.45,-0.45,1.422,-0.763,-1.205,1.405,1.479,1.639,1.757,0.45,1.405,1.757,1.405,-1.205,0.069,1.757,1.757,1.405,-0.763,1.479,1.639,1.3912580522537428,-0.45,-0.46642313855173245,1.422,1.7470663300949276,-1.205,0.45,1.6325309029742547,1.6498301343336959,-0.4434795036483844
-0.749,-1.237,-0.782,-0.749,-0.782,0.911,1.077,1.942,1.077,0.572,1.942,-0.749,-0.782,-0.749,-1.237,0.572,0.572,1.546,0.3,1.942,-0.782,0.572,-0.749,1.942,-0.749,1.942,0.911,-1.237,1.546,1.077,0.572,1.546,0.3,-1.237,1.942,0.102,1.077,1.546,-1.237,-0.749,0.911,1.942,1.546,-1.237,-1.237,-1.237,0.102,0.572,0.572,0.911,0.572,0.572,0.572,0.911,0.102,-1.237,1.546,-0.749,-1.237,1.077,-1.2562339839059886,1.066763620593503,1.5357776134375887,0.911,-0.782,0.8902205587740049,0.3,-1.2301205915113094,-0.7646567458128041,-0.7979963033911976,-0.7808192637711795,-0.7510232427404407
0.68,-0.418,0.887,-0.286,-0.808,1.121,1.121,1.121,0.68,-0.418,0.68,-0.394,-0.808,0.68,-0.286,-0.418,-0.286,-0.418,-0.808,0.887,1.235,-0.808,-0.286,-0.286,1.007,0.68,0.424,-0.286,1.121,1.121,-0.286,-0.394,0.68,1.235,1.007,1.007,-0.394,0.68,1.121,-0.808,1.235,1.121,1.235,1.121,-0.394,-0.808,1.235,-0.808,1.121,-0.394,0.887,-0.286,1.007,1.2211714630373138,0.9900304878591831,-0.30372128694896394,-0.8226768455779716,-0.418,-0.409414194182005,-0.37479652472390557,1.0230880979551487,0.68
-0.441,0.225,-0.097,0.939,-0.441,-0.441,0.939,1.352,-0.779,-1.213,1.352,1.352,-0.441,0.939,-0.66,0.225,0.817,-0.779,0.225,-1.213,0.225,-0.66,-0.441,-0.66,-0.097,0.939,0.194,0.225,-0.097,1.352,1.352,-0.097,-0.779,1.352,0.817,1.352,-0.097,0.817,-0.779,0.939,0.939,-0.779,-0.779,-1.213,0.194,-1.213,0.225,-1.213,-0.441,-0.097,-0.1123090020889167,0.225,-0.4501255574144201,0.20840796581763332,1.352,-0.779,-0.4118700965112724,-0.7984939639902896,0.939,-0.66,-0.7887503304357232,1.3375146217883973,0.194,1.378176889308263,-0.0475617455145531,-0.018310103719992997,-1.213
1.019,-0.57,1.019,-0.963,-0.731,0.391,0.283,1.907,-0.478,-0.963,-0.246,1.907,1.907,-0.478,-0.963,0.391,0.283,-0.246,-0.963,0.283,-0.57,-0.674,-0.57,-0.57,0.283,-0.57,-0.731,-0.731,-0.963,1.019,-0.731,-0.478,-0.478,-0.246,-0.674,-0.57,0.283,0.283,0.283,-0.963,-0.57,-0.674,1.907,-0.963,-0.963,1.907,1.907,-0.246,-0.478,-0.57,0.283,-0.674,-0.246,1.907,-0.246,1.019,-0.731,0.391,-0.2551316375343259,-0.963,1.907,-0.7470559956237117,-0.674,-0.693824472297028,-0.57,0.3757281512385728,1.0094104961276054
-0.921,-1.091,2.011,-0.921,-0.921,0.602,1.179,2.011,2.011,-0.214,2.011,-0.214,0.144,-1.091,2.011,0.837,-0.763,-0.763,-0.214,-0.214,-1.091,0.144,0.1,1.179,-0.763,-0.921,-1.091,-0.763,-0.214,-0.921,-1.091,-0.214,1.179,0.837,2.011,0.837,0.1,0.1,0.1,0.837,-0.921,-1.091,1.179,0.837,-0.921,0.144,-0.763,2.011,0.1,-0.921,2.011,1.988406764874264,0.837,0.8270520062028524,-0.214,0.602,2.018207877976722,-1.091,-1.1154970163052749,0.8582911472883197,-0.22628680342100854,-0.21013477754942567,-0.19222189929049258
-0.901,-0.55,-0.55,-0.407,0.927,0.649,-0.845,0.927,1.485,-1.382,-1.382,0.927,-1.382,-1.382,-0.55,-0.845,-1.382,-0.901,-0.17,-0.427,-1.382,0.927,0.927,-0.55,1.485,0.649,1.485,-0.427,-0.55,0.649,-1.382,-1.382,-0.55,0.927,-0.55,1.485,-1.382,-0.845,0.927,-0.55,-0.901,-0.17,-0.17,-1.382,1.485,0.649,-0.845,-0.55,-0.17,-0.845,-1.382,0.927,-0.845,0.649,0.9136397412012195,-0.860552168157274,-0.427,-0.901,-0.44053594565841575,1.485,-1.382,0.9552777015687315,0.6355912468049819,0.9870261335258484,1.4664571414282561,1.495704275976113
-0.231,-0.997,1.417,1.595,-0.231,0.859,0.325,0.325,0.859,1.595,0.859,-0.231,0.325,1.417,0.859,1.417,0.067,-0.997,0.067,0.325,-0.927,0.859,-0.997,0.641,0.641,1.595,-0.407,-0.997,-0.927,-0.231,0.641,-0.927,-0.407,0.859,0.859,-0.997,0.859,1.595,-0.927,-0.927,0.325,1.417,1.417,-0.231,-0.231,1.595,0.859,-0.231,-0.997,0.8465303399553832,1.417,-0.927,1.4057066732006536,0.641,-1.0095816427253168,-0.9433820351386017,-0.9653459281794291,1.595,0.6315223099242482
0.5,-1.198,-0.177,-1.198,0.5,-1.198,0.216,1.777,1.164,1.475,1.777,1.164,1.777,0.5,0.764,1.475,-1.198,0.5,0.216,-0.6,1.777,-0.177,1.475,1.475,1.475,-1.198,1.777,0.31,-1.198,1.164,1.777,1.164,1.475,-0.6,1.475,0.31,-0.6,-1.198,1.475,0.216,1.475,0.5,-0.177,0.5,-1.198,-0.177,0.764,1.777,-0.6,1.777,0.764,-0.6,-0.177,1.7641821502520056,-0.1877462836823323,-0.1430284595222206,0.31,0.2927761251917154,-1.198,-0.6129365854270291,-1.2155647500312303,0.216
-0.876,-0.876,-0.876,0.616,-0.32,-1.308,-0.867,-1.308,-0.199,-1.308,-0.295,-0.199,-0.867,-0.199,-1.308,0.694,-0.199,-0.199,-0.32,-0.295,-0.295,-0.697,-0.697,-1.308,0.694,-0.295,-0.867,-0.295,-1.308,0.694,0.694,-0.697,-0.113,-0.867,-0.199,-1.308,-0.295,-0.295,-0.32,-0.876,-0.867,-1.308,-0.32,-0.32,-1.308,-0.199,-0.32,-1.308,-0.867,-0.876,-0.295,-0.113,-1.3208016088228842,0.694,-0.32,-0.697,-0.31103322644047193,-0.8773899713420611,-0.12969540366478205,-0.10698472705813103
-0.782,-0.4,-0.782,1.004,-0.645,0.083,1.004,0.083,-0.393,-0.4,-0.873,1.004,-1.125,-0.907,-0.873,-1.125,-0.782,-0.873,-0.692,-0.4,-0.692,-0.393,-1.125,-0.873,-0.393,1.004,-1.125,-0.907,1.004,0.083,-0.907,1.004,-0.4,-0.4,1.004,-0.4,-0.907,-0.873,-0.873,0.083,-0.4,-0.645,-0.393,1.004,-0.782,-1.125,-0.645,-0.873,-1.125,-0.393,-0.645,-1.125,0.083,-0.4,0.06942663078539742,-0.873,1.004,-0.40764157313838856,-1.138621670096434,-0.4201397260682055,-0.782,0.9917483354668026,-1.1093555585718884,-0.907,-0.7962714313565323,-0.8859746344374919,1.02168543777851,-0.829559336080666
-0.239,-0.475,0.188,-0.826,-0.475,0.836,0.188,-0.695,-0.695,0.133,-0.239,0.133,-1.095,-0.475,-0.239,-0.777,-0.826,0.188,-0.777,-0.777,0.836,-1.095,-0.777,0.836,-1.095,-1.095,-0.239,-0.297,-0.826,-0.695,0.188,-0.475,0.133,-1.095,0.133,0.188,-0.475,0.836,-0.239,0.188,-0.239,-0.777,-0.826,0.133,-0.475,0.836,-0.475,-0.297,0.188,-0.475,-0.297,-0.826,-0.239,0.133,-1.095,-0.695,-0.7211244173077714,-0.475,-0.2530693185606269,-1.10509474157754,-1.0753064109327561,-1.0323605922286654,0.188,0.1731199237364003
-0.812,0.638,-0.812,-1.132,1.044,-1.132,0.823,0.001,-1.132,-1.132,0.001,-1.046,-1.132,-0.812,0.279,-1.132,0.823,0.279,0.001,-1.046,-0.812,0.001,-0.72,-1.046,0.279,-0.812,-0.72,0.823,0.279,-1.046,0.823,-0.287,0.001,1.044,-1.132,-0.287,-0.812,-0.812,-1.132,1.044,-1.046,-0.812,-1.046,-1.132,-0.72,1.044,0.001,1.044,1.044,1.044,-0.72,-1.132,-0.7374677007770203,-0.6966896536293969,0.279,-0.287,-0.812,-1.046,-0.6890697207911084,1.044,1.0270513852090892,1.0515320000304318,-0.8235375415350864,-0.3009882511146528,-1.1477362477779027
-0.554,2.359,-0.43,-0.639,0.713,0.713,-0.554,2.359,1.122,-0.843,0.713,2.359,-0.554,-0.43,0.713,-0.843,1.34,0.713,1.34,-0.396,1.122,-0.843,-0.843,1.758,1.34,2.359,0.713,1.758,2.359,-0.554,1.34,1.758,2.359,1.758,-0.639,1.122,-0.43,2.359,2.359,-0.554,-0.396,1.122,1.758,1.7390189125429316,1.34,0.713,1.322082678941047,1.1026783832851599,-0.843,1.7653754994629918,1.8065327686114072,-0.396,-0.639,0.6980680795763333,-0.8557574756994365,-0.554,-0.5701570965920678,-0.5118348024078578
-0.952,1.721,-0.748,-0.748,1.721,-0.899,-0.748,-1.048,-1.048,-0.899,0.627,0.873,0.873,0.873,1.721,-0.539,-0.899,1.721,-0.952,-0.539,-1.048,0.261,-0.899,0.873,-0.748,-0.539,0.627,-0.952,0.261,-1.048,-0.952,-1.048,-0.142,1.721,0.873,-1.048,0.627,0.627,1.721,-1.048,-0.899,1.721,-1.048,-0.952,-0.952,-0.952,1.721,-0.952,-1.048,0.873,0.627,-0.952,-1.0594251532589603,-0.9653362796936447,-0.539,-1.0442451584849972,1.721,-0.9411435359710234,0.615133221907436,-0.142,0.6453680681959337,-0.15181933041349194,-0.8949317349511435,-0.899,-0.748,-0.99267680822054,-0.11081914621843701,-0.07318679861274249,-0.7602712255851645
-1.081,-0.339,-0.526,-0.339,-1.076,-0.97,-0.253,-0.755,-0.97,-1.011,-0.526,-1.011,-1.011,1.694,-1.081,-0.253,1.694,-0.97,-1.011,1.694,-1.081,0.193,-1.011,-0.97,-1.076,-0.526,-1.081,-0.755,-0.339,-1.011,-0.526,-0.526,-0.755,-0.339,1.694,0.193,-1.011,-1.076,1.694,-1.076,1.694,-0.755,-0.253,-1.081,-1.076,0.193,-0.97,-0.97,-1.081,-0.526,1.694,1.694,-0.755,-0.253,-1.076,-1.011,-1.0945308375278462,-0.2656217539565345,-1.0257489666427109,1.694,-0.339,-0.9669115673190826,-0.9422769324999425,-0.526,-0.97,-0.22207244404443965,-0.984916535846748,-0.9656774703689123,-0.20462016824965157,-1.081,-0.8975884053471954,0.193
1.357,0.071,-0.883,-0.982,-0.504,0.071,1.357,0.071,-0.331,-0.448,0.592,-0.331,0.511,1.357,-0.504,0.592,-0.883,0.592,0.905,0.071,-0.504,-0.982,-0.883,-0.883,-0.982,0.592,1.357,-0.448,-0.883,-0.883,-0.331,-0.448,0.592,-0.331,-0.331,-0.982,-0.331,0.592,-0.883,-0.331,-0.982,0.905,-0.883,-0.982,-0.331,-0.448,-0.883,-0.448,0.071,0.592,-0.883,0.592,1.357,1.357,0.071,0.905,-0.448,-0.504,1.3408567498432968,0.05983861063647497,-0.982,-0.9966906180704722,0.592,-0.512675378851765,-0.45778532582538783,0.8928313561452228
1.876,0.825,-0.608,-0.29,-1.353,-0.608,1.876,-1.353,-1.353,-0.252,-0.29,1.612,-0.571,-1.353,1.876,1.612,-0.608,1.612,0.675,-1.353,1.707,-0.252,-0.252,-1.353,-1.353,-1.353,-0.252,1.876,0.675,1.876,1.876,-0.571,1.876,1.876,1.707,-1.353,-0.29,1.707,-0.608,1.612,1.707,1.876,1.612,0.825,-1.353,-0.571,-0.608,0.675,0.825,-0.29,1.612,-0.3064691592541831,1.707,-0.252,-0.27485333817238294,-0.24185342762307213,1.6899046808887492
0.205,0.695,-1.204,-0.479,1.507,1.507,-0.026,-0.559,-0.479,1.507,-0.026,0.205,-1.204,0.205,-0.559,0.205,0.205,-0.479,-1.204,-1.204,1.34,1.34,-1.204,-0.479,-0.026,-0.559,0.205,-0.017,-1.204,0.695,-0.017,1.34,0.695,1.34,0.695,-0.559,0.205,-0.559,-0.06,-0.559,-0.479,1.507,-0.479,0.205,1.507,-0.017,-0.559,1.507,-1.204,-0.06,-0.026,0.205,1.507,0.695,-0.559,-0.5835995212114814,-0.0703323497023239,1.34,-0.5491762970276813,-0.0321134051752101,-0.5210571302307145,-0.017
1.425,0.027,-0.671,-0.772,0.719,0.387,0.027,0.027,-0.772,0.027,-0.772,-1.055,0.719,-0.209,0.387,-1.055,-1.055,1.0,1.0,1.425,-0.496,0.027,-0.772,-0.772,0.719,1.0,1.425,0.027,1.0,-0.772,1.425,1.425,-0.671,-0.209,-1.055,-0.671,-1.055,1.425,-0.496,-0.209,0.387,-0.496,1.425,-1.055,0.027,-0.772,-0.671,-0.5130970278486265,0.37755921634043477,0.007386831134565126,0.39959620768736676,-0.7858137802689242,-0.7474385527011612,-0.48532615189062206,-0.21941586089562806
1.235,-1.292,-0.266,0.085,1.534,-0.742,0.739,-0.266,-0.987,0.135,-0.987,-0.266,0.231,-0.266,0.135,0.739,-0.987,-1.292,-0.742,-1.292,0.135,0.135,-1.292,1.534,-1.292,-1.292,1.235,1.235,-1.292,-0.987,-0.266,-1.292,0.231,-0.266,1.534,-0.987,0.135,1.235,0.739,0.739,0.135,1.534,-0.742,-0.742,0.231,-0.266,-1.292,0.085,0.231,-1.292,-1.292,0.739,1.235,1.2173793278218679,0.731187174707783,-1.292,-0.266,0.135,0.775324564114558,-1.3030480473047574,1.256441409164544,0.12397806957405999,1.534,-0.987,0.231,1.298226637272515,-1.2813666478086683,1.3237613416321112,0.2206330379973938,1.5209050921183258,1.377839787596453
-0.614,-0.85,0.415,-0.614,-0.862,-0.862,-0.79,-0.618,-0.614,-0.862,-0.614,-0.85,-0.79,0.647,-0.614,-0.779,1.866,-0.34,-0.85,1.866,-0.779,1.866,-0.779,0.647,-0.862,-0.79,0.647,-0.779,0.647,-0.618,1.866,1.866,1.866,-0.79,-0.862,-0.79,0.647,-0.862,-0.779,-0.85,-0.862,0.415,-0.79,-0.7924924384803641,1.866,0.4002875867714077,-0.34,1.850823986732049,-0.8056794530865197,-0.618,0.647,1.8754705365575595,0.6308838920118852,-0.8668872095415961,-0.766169621458274,-0.7321881200170559,-0.6911074678578282,-0.8708975744553117,0.4352382277499163,0.657213344901065,-0.8167319538652476
1.118,0.385,-0.24,0.353,-0.84,0.092,0.092,-0.597,-0.597,1.118,0.353,-0.84,-0.84,1.118,-0.597,0.385,-0.597,-0.597,0.353,0.353,-0.84,-0.24,-0.84,-0.597,-0.597,-0.84,0.385,0.092,0.092,1.118,-0.24,0.385,0.353,0.353,-0.84,-0.666,1.112,-0.712,-0.712,0.385,0.092,-0.24,-0.666,0.353,-0.712,1.112,-0.666,-0.84,0.353,-0.666,0.353,-0.712,0.33567415524202787,0.092,1.118,0.07326143987296055,0.36338303742474426,1.1061614984164307,-0.597,-0.84,-0.6094326385701243,-0.666,0.09999335722850072,0.385,-0.7265624965088491,1.132354468189477,0.37302580896552884,-0.5956884197095732
-1.339,-1.339,1.025,-0.303,-0.577,-0.577,-1.339,-1.052,-0.303,-0.303,0.834,-0.257,1.538,1.025,1.538,-1.052,-1.339,-0.818,-1.052,-0.303,-0.818,-1.052,1.538,1.538,-0.818,1.025,-0.577,0.834,-0.577,-1.052,1.025,-0.818,-1.339,1.025,-0.41,-1.339,1.538,-1.052,-1.339,1.538,-0.257,-1.339,-0.577,-1.052,-0.577,-1.339,1.025,-0.303,-0.303,-0.41,-0.818,0.834,-0.8337273184267655,-0.577,1.538,-0.7973899747565235,-0.5834986381630811,-0.257,-1.339,-0.303
-0.919,0.72,0.532,-0.934,0.533,0.532,0.533,-0.934,0.897,-0.934,-0.919,-0.919,-0.934,-0.919,-0.351,-0.783,-0.934,0.533,-0.783,-0.783,0.72,-0.919,-0.38,0.533,0.532,-0.783,-0.783,0.533,0.563,-0.934,0.533,0.897,0.533,-0.351,-0.351,-0.38,-0.919,-0.351,0.533,-0.934,-0.934,-0.783,0.897,-0.351,-0.934,0.533,0.897,0.533,0.897,0.533,0.533,-0.919,0.897,-0.351,-0.3632164350065577,0.72,-0.38,0.563,0.5383761389094733,-0.783,0.7062994613589428,-0.9316760349625601,0.5806903942241097,-0.39306366663692965
1.068,0.766,1.121,0.766,0.766,0.766,-1.392,-1.392,-0.07,-0.196,0.766,-1.392,-0.196,-0.466,-0.743,-0.466,1.068,0.766,1.121,-1.392,1.068,-0.661,0.766,-1.392,-0.661,-0.661,-0.196,1.121,-0.196,-0.576,-0.661,-0.743,1.121,-1.392,-0.576,0.766,1.068,1.068,-1.392,-1.392,0.766,-1.392,1.068,1.068,-0.661,0.766,-0.743,-0.576,-0.576,0.766,-0.661,1.068,-0.466,0.766,-0.196,-0.576,-0.47652244593688925,1.068,-0.661,-0.07,-0.4343664181637113,0.7512508965160438,-0.6776002817923197,-0.6376673709416593,-1.392,0.7989380201338003,-0.08023053647152427,-0.5842017174313459,1.121,-0.743
-0.508,-0.356,-0.623,1.004,-0.923,-1.245,-1.025,-0.923,1.233,-1.245,-0.623,-1.025,-0.495,-0.952,-0.623,1.004,-0.952,-0.952,-0.923,-1.025,-0.356,-0.923,1.233,1.233,-0.356,-1.025,-1.245,-1.245,1.233,1.233,-0.952,1.233,-0.923,-0.356,-0.356,-0.923,-0.495,-0.495,-0.508,-0.356,-1.245,-0.623,-0.623,-0.508,-1.245,-0.495,-0.623,-0.623,-1.025,1.233,1.004,-0.508,-0.495,0.9910091634478864,-0.356,-1.245,1.2156562686612171,-0.5082887836294585,-0.6351839868674598,-0.618753259023619
1.661,-0.149,-0.911,-0.682,0.199,1.661,-0.911,-0.801,-0.801,-0.149,0.199,-0.682,-0.801,-0.911,0.199,-0.637,0.731,1.661,0.199,0.199,1.661,0.199,-0.36,-0.911,0.731,1.661,-0.911,0.731,-0.637,-0.637,-0.682,-0.801,1.009,-0.801,-0.149,1.661,0.199,0.199,-0.637,1.009,1.661,0.199,-0.801,-0.36,0.199,-0.149,1.661,-0.37244507660695314,0.731,0.716346219592919,1.6494386578815257,0.7591616718191002,0.18630854870843008,-0.16029301971039456,1.6904168539626756,-0.8092797902978511,-0.11802999523384626,-0.637,0.20156213963834452,-0.652055900999722,-0.911,1.7295747315515118
-0.641,-0.648,-0.867,-0.425,-0.867,-0.867,-0.648,0.638,-0.349,-0.648,-0.013,-0.425,-0.013,-0.867,-1.266,-0.346,-0.867,-1.266,-0.013,-0.641,-1.266,-1.266,-0.641,-1.266,-0.013,0.415,-0.641,-0.346,-1.266,0.638,-1.266,0.638,-1.266,-1.266,-0.867,-0.013,-0.648,-0.013,-0.425,-0.349,-0.36867796925675067,-0.33733124490624805,-0.43562031112217187,-0.648,-0.28674833412815165,-0.3910106736107674,-1.266,-0.24628264684667467,-1.2757625144229991,-0.867,-0.641,-0.6611776971409002,-0.346,-0.3608917539756465,-0.36256997538681224
-1.036,-0.042,-0.246,-1.045,-0.879,-0.879,-1.136,-0.672,0.691,-1.136,-1.136,-0.779,-1.045,-1.036,-0.879,-0.672,-1.045,-1.045,-0.879,-0.042,0.399,-0.246,-1.045,-1.136,-0.779,0.691,-1.045,-0.042,-1.136,0.691,-0.879,-1.036,-1.036,-0.672,-0.246,-1.045,-0.879,-0.779,-1.036,-1.045,-0.779,-0.246,-0.672,-1.045,0.399,-0.879,-1.136,-0.779,-0.672,0.691,-0.6887627771324369,-0.879,0.399,-1.045,-0.6466767672693442,-0.8945139144427603,0.3887052267449086,-0.8518898327536637,-0.8084674439739207,-1.036,-0.246,-1.0565075090254656,-0.6084510061269661
0.466,0.005,0.184,-1.571,0.319,0.005,1.709,-1.571,0.184,-0.773,0.005,-1.571,-1.571,1.33,0.184,1.33,1.709,-1.571,0.319,-1.571,-0.965,1.709,-1.571,-0.965,-0.773,0.184,-0.944,-1.571,-0.965,-1.571,0.184,-0.944,-0.944,0.319,0.466,-0.773,0.466,-0.965,0.005,1.33,1.33,-0.773,-0.965,1.33,1.709,1.33,-0.944,0.005,0.466,0.005,-0.01958021794472207,0.184,-0.944,1.33,1.3136239341912643,-0.965,-0.773,0.023888164485298412,-1.571,0.062167163314252066,0.319,0.4577394447993406
1.581,1.453,-0.669,-0.935,1.292,1.581,1.453,1.453,0.63,0.63,1.453,1.453,-0.408,1.453,-0.935,-0.408,-0.503,-0.669,-0.408,1.581,0.63,-0.923,1.292,1.581,-0.935,-0.935,1.581,-0.503,-0.669,-0.669,-0.923,-0.669,-0.935,-0.923,-0.935,-0.503,-0.408,-0.669,1.453,0.521,1.292,-0.935,0.521,-0.935,-0.923,0.521,0.521,0.521,-0.935,0.63,0.521,1.292,-0.923,-0.9506378449954308,-0.408,0.6209509664966522,-0.503,-0.4199496716967575,-0.942000539870389,1.581,0.657786419739936,1.5668813894911595,-0.9123806042305475
-0.83,-0.659,1.715,0.433,0.433,0.166,-0.83,-0.659,0.433,0.433,1.715,1.715,1.715,-0.659,-0.276,1.715,-0.445,-0.659,0.735,-0.659,-0.065,-0.276,-0.065,0.433,-0.065,-0.649,0.166,0.433,1.715,-0.659,0.735,-0.649,-0.445,-0.83,-0.276,0.433,1.715,-0.065,-0.649,0.735,-0.445,-0.659,-0.649,-0.659,0.735,-0.276,-0.659,-0.83,-0.445,0.433,-0.065,-0.07998520144993597,1.715,-0.8426239367371517,-0.276,-0.8287425143514053,0.166,0.4249338089925824,0.15009278832899142,0.735,-0.649,-0.0401913525481713
-0.99,-0.99,0.194,-0.514,-0.857,-0.857,0.947,-0.857,0.947,1.629,-0.838,0.021,-0.857,1.629,-0.838,-0.838,-0.514,1.402,1.402,-0.99,0.947,-0.857,1.402,1.629,-0.99,0.021,-0.514,1.629,-0.99,-0.838,0.194,-0.99,0.021,1.629,-0.838,-0.514,1.629,1.402,-0.857,1.629,0.947,0.947,-0.99,-0.514,1.629,0.0,-0.838,0.021,-0.9983716716862002,0.194,-0.019451162375624314,-0.9656379744465569,0.1828186146258458,-0.857,0.23815908341030104,0.947,-0.9156768999678025,1.6157446575511112,-0.8685853124689973
-0.247,-0.883,-0.668,-0.509,-0.624,-0.883,-0.596,-0.883,-0.509,-0.883,-0.738,-0.978,-0.247,-0.978,-0.509,-0.624,-0.985,-0.985,-0.624,-0.509,-0.738,-0.509,-0.668,-0.738,-0.668,-0.596,-0.978,-0.668,-0.247,-0.509,-0.883,-0.509,-0.738,-0.596,-0.738,-0.978,-0.883,-0.883,-0.978,-0.883,-0.985,-0.413,-0.668,-0.509,-0.985,-0.978,-0.247,-0.413,-0.596,-0.738,-0.883,-0.509,-0.7537111057619542,-0.8965239665703019,-0.978,-0.8786695432468785,-0.985,-0.6100239165572957,-0.5817636175384664,-0.247,-0.5400272110078628,-0.668,-0.520051892748935,-0.9879752016399421,-0.8349130597636986,-0.6797512019612015,-0.8067978602784619,-0.9378666291599436,-0.624,-0.6706519173364491,-0.9149545818669392,-0.2637772499480671,-0.5053219380805278
0.024,-0.495,-0.937,0.024,-0.916,-0.937,-1.032,-0.969,-0.969,-0.969,-0.148,-1.032,0.024,-0.969,-0.471,-1.032,-0.495,-0.969,0.622,-0.969,-0.969,-0.937,-0.471,-0.916,-0.148,-0.916,-0.148,-0.969,0.622,-0.471,-0.715,-1.032,-0.715,-0.148,-0.916,-0.471,-0.715,-0.937,0.622,-0.715,0.622,0.622,-0.937,-0.495,-1.032,-0.471,-0.495,-0.916,0.024,-0.5094160717602026,-0.471,0.00981220053593439,-0.9278507980019627,-0.481442461099484,-0.715,-0.440490362549188,0.028386310601176336,-0.4601746011226957,-0.148,0.622,0.6083996981247565,-1.032,-1.049845604642303
2.227,0.741,0.515,0.515,-0.872,1.757,1.087,-0.697,2.227,0.515,-0.697,0.741,-0.872,2.227,1.087,0.752,0.741,1.087,0.515,1.087,1.087,0.515,-0.044,0.741,2.227,1.757,-0.872,-0.044,0.515,0.515,-0.872,0.515,-0.697,-0.872,1.087,0.741,-0.872,2.227,0.752,0.741,0.752,1.757,0.754,-0.044,2.227,-0.697,0.754,1.757,0.741,0.741,0.741,2.227,-0.872,0.754,-0.697,1.757,0.752,-0.872,-0.896870452055085,0.515,1.757,0.741,-0.8622194020135515,-0.697,-0.8380819708951477,2.227,1.7451887641619168,1.087,0.5046874084133229,0.7277995907504118,-0.7109047098046949,0.7357209454794573,0.7658695473706679,-0.044
-0.4,1.473,-1.055,-0.4,1.473,-0.4,-1.055,0.591,-0.95,1.035,-1.055,0.591,1.473,0.496,-1.055,0.496,0.496,1.117,0.496,0.591,-0.4,-0.95,-0.327,0.591,1.035,-0.95,-1.055,1.117,1.473,-1.055,1.035,0.496,-0.4,-1.055,1.035,1.117,-0.95,0.591,-0.95,1.035,1.035,1.473,-0.4,-1.055,1.035,0.0,-0.327,-0.3383848129396978,-0.2816860304523365,-0.26122381202985634,-1.055,-1.0704188341883207,1.117,1.0210613601471505,1.106695718616445,1.473,1.4602025320120966,1.1174893939231918,0.496,1.146734187234968
1.617,0.87,1.617,-1.215,0.87,-0.452,-0.755,-1.248,-0.848,-1.215,0.184,0.184,-0.848,0.87,-0.755,0.184,-0.755,-1.215,-0.274,-1.215,0.184,-1.248,-1.215,0.87,-1.248,-1.248,-1.248,1.617,-0.848,0.87,-1.215,-1.248,0.184,-1.248,-1.215,1.617,0.388,-0.848,1.617,0.184,0.87,0.388,-0.755,-0.452,-0.274,0.87,-1.248,1.617,-0.755,-0.452,-0.848,-0.287805890438507,0.184,1.6074352135045191,1.635376219619721,-0.7676944125897364,-1.215,1.6698906233104882,0.8576955682676106,0.8928295994932902,-0.7137257136598678,0.916626427326175
2.095,-0.391,2.095,0.468,0.587,0.615,0.232,0.431,1.772,0.468,0.615,2.095,0.587,1.772,-0.78,0.468,2.095,0.431,0.232,-0.78,0.587,2.095,-0.113,-0.78,2.095,0.615,-0.113,1.772,2.095,0.468,0.468,-0.391,2.095,0.468,0.587,0.468,0.232,0.431,0.615,0.232,2.095,2.095,0.232,1.772,0.615,0.431,1.7591174875405198,-0.391,0.4171125506951022,1.7773022341070155,0.468,0.587,2.095,0.2241834758323224,2.081419172379707,0.6045895155050768,0.4569856031702093,0.45980605951168624
-1.212,-0.238,-0.238,0.759,0.759,-0.832,-1.212,-0.221,-0.221,1.635,-0.832,-0.238,-1.212,0.215,-0.832,-0.775,1.635,-0.775,-0.221,-0.238,-0.451,1.635,-0.511,0.215,-1.212,0.215,-0.775,0.215,-0.775,-1.212,-0.451,-0.238,-1.212,-0.511,-0.451,1.635,-0.832,-0.832,0.215,-1.212,0.215,-0.775,-0.451,0.215,-0.238,-0.775,-0.832,-0.775,1.635,-0.238,-0.238,-0.221,0.215,0.215,1.635,1.635,-1.212,-0.238,-0.221,-0.511,-0.23699624760331875,-1.212,-0.832,1.635,-0.8491678484728218,0.215,-0.451,-0.817720642482645,-0.7771356690259933,-1.227157749716048,-0.25383095195644756
-0.038,1.867,-0.553,1.867,1.867,-1.109,0.481,1.314,-0.641,-0.553,0.481,-0.789,-0.641,2.333,1.867,1.314,1.867,1.867,0.481,-1.109,-0.789,2.333,-0.789,-0.789,-1.109,-0.641,2.333,-0.038,2.333,-0.038,-1.109,-0.294,-0.789,-0.641,-0.553,0.481,1.314,-0.641,1.867,1.867,0.481,1.314,-0.789,1.867,-1.109,-1.109,-0.553,2.333,1.314,-1.109,-0.038,0.481,-0.641,-0.553,-0.5628744458322608,0.4661315024439915,-0.6556850466053712,1.867,1.3049418150630285,-0.04914617020873203
2.845,-0.586,-0.612,0.458,-0.586,-0.901,1.883,-0.901,1.508,2.845,1.883,-0.901,-0.46,-0.586,1.883,-0.901,2.845,1.883,0.458,-0.791,2.845,0.458,2.845,-0.901,0.458,2.845,-0.539,1.883,2.845,0.458,1.508,-0.539,1.883,-0.791,-0.539,1.508,-0.901,-0.46,1.508,-0.586,-0.539,-0.791,-0.612,2.845,-0.612,1.883,2.845,-0.586,1.508,1.508,-0.539,1.508,-0.586,2.845,2.845,2.845,2.845,-0.586,1.883,1.8707458498655973,-0.586,-0.901,-0.46,1.508,-0.539,1.4943262365503984,0.458,1.9263789115541332,2.845,-0.9141451079750527,-0.5525864222767293
-0.668,-0.668,0.14,-1.028,0.14,-1.028,-1.285,0.668,-0.86,-1.285,-1.285,-0.86,-1.285,-0.935,-0.935,-0.86,1.043,-1.285,-0.86,1.043,-1.028,-0.563,0.668,-1.285,1.043,-0.86,-1.285,-1.285,1.043,-1.285,-0.935,-0.935,-1.028,-0.935,-0.451,-0.935,-0.451,-0.563,-1.028,-0.451,-1.028,-0.86,-0.86,0.668,-1.285,-1.2998353223340646,-0.8712703906552238,-1.028,1.043,-0.8383905903766234,0.14,-1.0426923995057105,-1.0367138917526086,-0.563,1.0312284362943078,0.6584752569387031,-0.8017273313354301,-0.9913590637936179
1.661,1.661,-0.598,-0.958,0.605,1.661,-0.958,-0.598,1.332,0.093,1.661,0.921,-0.958,0.093,1.332,1.332,-0.185,0.921,0.605,1.661,1.661,1.332,0.093,0.093,0.736,0.921,1.661,1.247,-0.185,0.093,1.332,1.332,-0.958,1.332,-0.185,-0.598,1.247,0.736,-0.598,-0.958,1.247,1.332,1.332,1.332,1.332,-0.958,1.247,0.605,0.921,0.605,0.9019071091397334,-0.958,0.9451861705940799,1.332,0.5929754945786344,0.6237193039155032,1.320035754432263,1.247,-0.185,0.977903233133426,1.0097644702402089,0.6537548675770226,1.23606127538607,1.0545610642002972,-0.598
-0.164,-0.631,-1.012,-1.115,-0.164,0.129,0.49,-1.012,-1.012,-0.164,-0.164,-0.631,-0.164,-0.348,-0.631,0.129,-1.012,-0.348,-0.631,0.129,1.749,0.523,-1.032,-1.032,-0.164,-1.115,1.749,0.523,0.523,-0.631,1.749,-0.631,1.749,-0.348,-1.012,-1.115,0.49,0.523,1.749,-0.348,-0.631,-1.032,-0.631,0.49,0.129,-0.348,0.129,-1.115,-0.164,0.129,-1.115,1.749,1.749,-1.032,1.749,-0.164,-1.115,-1.032,0.129,1.749,-0.164,0.523,0.523,0.129
-0.696,-0.725,-0.522,-1.207,-0.602,-0.427,-1.207,-1.207,-0.696,-0.725,-0.696,1.268,-0.427,0.232,-0.522,-0.602,-0.602,-1.207,-0.905,-0.602,-0.905,1.268,-0.522,-0.905,-0.725,-1.207,1.268,-1.207,0.232,1.268,-1.207,1.268,-0.905,-0.725,-0.602,-0.725,-1.207,-0.725,0.409,-0.602,-0.905,1.268,-0.9175259759653127,-0.427,-0.4460953558853365,-0.522,0.232,-0.5314078177522745,-0.602,0.409,-0.4115168720042536,-0.8586035741196034,-0.725,-0.74577151620414,0.21825435764258805,-0.696
1.695,-1.061,-1.061,-0.366,-0.558,-1.103,-0.48,-0.853,-1.061,-0.48,-0.558,-1.061,-1.103,-0.558,-0.48,-0.48,0.71,-1.103,-1.061,1.695,-1.061,0.411,1.695,-0.48,-1.103,-1.061,1.695,1.695,-0.558,-1.103,-0.558,-0.366,-0.48,-0.558,-0.689,-0.853,-0.853,1.695,-0.689,-1.061,0.71,-0.558,-0.689,1.695,-0.853,1.695,1.6750896750733086,-1.103,-0.558,0.411,-1.061,-1.07800120890233,-0.689,0.3980184096063675,-1.0382180164194479,-0.366,1.6994368190855347,-0.48,-0.3829749434931016,0.71,1.7351673922923305,0.6924221252370525,-0.853
-0.889,-0.965,-0.454,0.459,-0.212,0.459,-0.442,-0.751,1.213,-0.751,0.803,-0.965,-0.889,-0.889,-0.442,0.803,0.803,-0.751,-0.454,-0.442,-0.965,-0.751,-0.454,0.459,0.459,0.459,-0.442,-0.212,0.459,-0.442,0.803,0.803,-0.751,0.16,-0.442,-0.212,-0.442,1.213,-0.212,-0.965,-0.442,0.803,-0.889,1.213,0.16,-0.442,-0.454,0.803,0.7873745738991124,0.459,0.4408331663664682,-0.4678311968059257,-0.4506865339946254,-0.4127107530481788,-0.965,-0.9920406301693498,-0.9528220483833555,-0.429056997153217,-0.212,-0.3824534879104292,0.8106869281004285,-0.2265344915681206,0.49757348978735544,-0.9122968109467925,0.16,0.531184402729123,-0.39137741221711925,-0.35924254066181127,-0.8694315296488014
-0.72,-0.574,2.062,2.062,1.509,1.509,-0.574,2.025,-0.87,-0.87,-0.72,-0.178,2.025,0.483,-0.87,-0.308,-0.72,-0.574,1.509,-0.308,-0.574,2.062,2.025,-0.399,-0.308,1.509,2.062,-0.72,2.062,2.062,2.025,1.509,-0.574,-0.574,2.025,-0.178,2.062,2.062,2.062,2.025,1.509,-0.574,2.025,-0.87,1.509,-0.178,2.062,1.509,2.025,2.025,-0.72,1.509,-0.72,-0.87,2.062,-0.178,-0.399,-0.308,-0.72,2.062,0.483,-0.574,-0.178,-0.19033977563779583,2.045724815565284,-0.308,2.025,1.509,-0.13925462976789357,1.4953109552474253,-0.5849488097079242,2.01341794852696,2.0385357219803284,0.47168803275098503,0.5060181768126422
0.386,-1.119,-0.883,0.427,-1.119,0.386,-0.537,-0.585,-1.096,-0.585,-1.096,-0.406,-0.883,-0.226,-1.096,-0.883,-1.119,0.386,-0.883,0.386,-0.537,-0.406,0.246,-1.119,-0.883,0.246,-0.406,-1.119,-0.226,-0.406,-1.096,0.386,0.386,-1.119,-1.096,-0.406,0.386,-0.585,-0.406,0.386,-0.406,-1.119,-0.226,-1.096,-0.537,0.427,-1.112419290881468,-0.23782781306847606,-0.883,0.41140261562684377,0.386,0.4391144650154222,0.49150584013181914,-0.20616678384635234,-1.1267813100148303
0.362,-1.031,0.362,-1.031,1.357,1.627,1.575,0.362,-0.11,1.575,-1.031,-0.76,-0.232,0.167,0.362,-0.76,0.167,1.627,0.419,1.575,-1.031,-0.76,-0.11,1.627,-0.11,1.627,1.627,0.167,1.357,1.627,0.362,-0.76,1.575,1.627,0.362,-1.031,1.627,1.627,-1.031,1.627,-0.76,1.575,1.357,-0.232,1.627,-0.232,-1.031,1.575,-0.11,-0.13039677915537906,-0.0661007944444755,-0.03479420164066063,0.167,-0.76,1.575,0.419,0.362,1.5619520022641618,0.4040743440564912,-0.232,0.00571913713497459,-1.031,-0.24542245630326798
-0.79,-0.927,-0.619,-0.61,-0.619,-1.368,-0.61,-0.927,-1.176,-0.61,-0.79,-0.619,-0.61,0.444,-0.72,-1.368,-1.368,-0.927,-0.927,0.785,-1.176,-0.61,-0.61,-1.368,-1.368,-1.368,-0.79,-1.176,-0.72,-1.368,-0.435,-0.435,-0.79,-0.79,-0.435,-1.176,-0.72,-0.79,-0.435,0.785,-0.927,-0.79,-0.72,-1.176,-1.176,-0.72,-0.927,-1.368,-0.927,-1.368,-0.927,-0.72,0.785,-0.7325759873284929,-0.435,-0.44871498785252,0.7681940136816253,-0.6995868061066896,-0.619,-0.41091013853488906,-0.94135824808005,-0.9077460353403443,-0.3734090163093273,-0.8609102983454969,-0.8291153377638594,-0.32890889373742593
1.015,-0.543,0.991,-0.78,-0.48,-0.572,-0.543,-0.543,-0.491,-0.48,-0.572,-0.491,-0.572,1.015,-0.572,1.188,0.539,1.188,-0.491,-0.491,-0.78,-0.48,0.991,-0.491,-0.491,-0.491,0.991,1.188,1.015,1.015,-0.543,-0.491,-0.78,1.015,-0.208,0.539,0.539,0.539,1.015,-0.78,-0.491,-0.543,-0.491,-0.543,-0.572,1.015,0.539,-0.556359403322826,-0.5839354249902605,0.9970173267374928,0.5228489985606458,0.5716068776274417,0.991,-0.48,1.188,0.9764269635627161,1.035501622682487,-0.5030636922331598,-0.5476068294230255,-0.491,-0.5095079275983593
0.831,-0.462,0.831,1.77,1.502,-0.026,-0.462,-1.41,-0.524,-1.41,-0.524,-0.026,0.991,0.089,1.77,0.089,1.77,-0.462,1.169,1.77,1.77,-1.41,-1.41,0.991,0.089,-1.41,-0.462,-0.026,0.831,1.502,1.169,-1.41,-0.026,1.77,-0.026,-0.462,-1.41,1.169,0.831,-1.41,-0.026,1.169,1.502,1.77,1.169,-0.026,1.169,-0.026,0.831,-1.41,1.502,-0.026,1.169,-1.41,-0.462,1.77,-0.026,1.7567213617948163,-0.4742306316986326,0.991,-0.44867189517719464,-0.042555100791048434,0.983016035070711,1.1542913086687736,1.502,0.831,-0.41780680408451604,-1.4230599579957122,1.485974091795598,0.8175447561959946
-0.678,-1.045,-1.045,-1.045,-0.678,-0.101,1.467,-0.657,1.895,0.121,1.895,-0.657,-0.101,-1.045,-1.045,1.467,-0.678,-1.045,1.467,1.895,-1.045,0.826,0.121,1.467,0.121,-0.901,-1.045,-0.901,-1.045,1.895,1.895,-1.045,-1.045,1.467,-1.045,0.829,0.829,0.121,1.467,0.829,0.829,1.895,-0.901,0.121,-0.657,-0.901,-0.6757529215902243,-0.101,-0.678,0.826,1.895,0.8148286759203929,-0.6535008938103646,1.467,1.877738485314669,0.829,-0.11399451865234758,-0.07803068420548645,0.8451763038643139,1.9148228795355364,-0.617875296222712,-0.5714384335958854,-0.9130809194278795
-0.176,0.849,-0.593,0.89,0.89,0.399,1.659,1.659,-0.875,-0.875,0.89,0.988,1.659,0.89,0.988,0.89,-0.593,0.849,1.387,-0.875,0.849,0.988,1.659,0.849,-0.176,1.659,0.89,-0.875,0.89,0.849,1.387,0.41,-0.176,0.849,1.387,0.849,-0.593,1.659,0.988,-0.875,1.387,0.399,0.988,0.89,-0.176,0.988,-0.875,-0.593,-0.6130553038343889,-0.18436497263475787,-0.5818728149699794,0.89,0.8764361374643013,1.387,1.363361741154215,-0.5392420737224702,0.9758538039091406,0.399,-0.13727653317821154
-0.083,-1.112,-0.083,0.664,0.999,-0.083,-0.083,-0.375,-0.375,0.738,0.41,-0.719,0.738,0.999,0.664,-1.112,0.41,1.57,1.57,0.41,0.664,0.966,0.664,1.57,-0.083,-0.719,0.999,0.41,-1.112,-1.112,-0.719,-1.112,0.738,-0.719,-0.719,-0.083,1.57,-0.083,-0.375,-0.083,-0.719,-0.375,0.41,-0.375,-0.083,0.966,1.57,-1.112,-0.083,0.738,0.664,-1.112,0.664,1.57,0.41,-0.083,0.999,0.664,-0.0924372381138126,-0.719,0.6515591030584531,0.738,1.57,0.41,-0.047054291296477826,-0.028021345715446518,1.5539464520850657,-0.017799530731285516,0.966,1.5805960349026926
-0.501,-0.879,1.214,-0.879,0.027,-0.632,-0.936,0.708,-0.936,0.708,-0.632,-0.501,1.214,0.131,-0.936,-0.632,0.027,-0.501,0.131,-0.632,-0.632,1.214,-0.936,-0.936,-0.879,1.214,-0.879,0.027,-0.06,1.214,1.214,-0.501,0.708,0.708,1.214,0.131,-0.632,-0.501,-0.879,-0.274,-0.501,1.214,-0.879,-0.879,0.131,-0.501,-0.501,0.027,0.708,0.015595247102479231,-0.936,-0.632,-0.06,0.6965927344944349,0.0409387951578194,-0.5093159303817925,-0.9458411164109016,0.7393506312555755,-0.4909880941713325,0.7914659032807023,0.06421696607804028
-0.213,-0.683,-1.279,-0.162,-0.683,-1.279,0.435,-0.967,-1.279,-0.51,-1.279,-0.162,-1.279,-0.683,-0.213,-0.967,-0.51,-0.683,-0.213,-0.213,-0.745,-0.683,-0.745,-0.172,-1.279,-0.745,0.374,-0.162,-1.279,-0.162,-0.967,-1.279,0.374,-0.967,-0.172,-1.279,-0.967,-0.745,-0.745,-1.279,-0.162,-0.967,-0.172,-0.967,0.374,-0.213,-0.213,-0.745,-0.683,-0.6982812833312633,-0.51,-1.279,-0.7542248456036974,-0.7083811454575286,-0.6529167273019343,-0.22781851982785828,-0.198967986269143,0.374,-0.162,-0.6194025762110785,-0.6006920226615483,-0.15935155773197002,-0.6708549618491275,-0.5251392612935657,-1.2884790910671464,-1.2500711837861758
-0.812,0.004,-0.924,-0.812,-0.201,-0.838,-0.924,-0.948,-0.981,-0.812,-0.832,-0.924,-0.981,-0.812,-0.832,-0.981,0.867,0.867,-0.201,-0.981,-0.981,-0.981,-0.948,-0.201,-0.812,0.867,-0.812,-0.201,-0.924,-0.948,0.867,-0.981,-0.832,-0.838,-0.948,-0.924,-0.201,-0.812,-0.812,-0.832,-0.201,-0.812,-0.812,0.004,-0.812,0.082,-0.981,-0.948,0.082,-0.838,-0.838,-0.832,-0.812,-0.201,-0.981,-0.948,-0.924,-0.838,0.082,-0.8421179792410629,-0.8003792387411173,-0.859524524096751,-0.9635762093112914,0.867,-0.8287270639114905,0.004,0.06551452219423184,-0.7892601586534576,-0.21244627369784347,-0.9222641142293975,-0.9963926057626329
-0.693,0.959,-0.252,-1.213,0.356,0.959,-0.693,0.124,1.705,-0.934,-0.252,-1.213,-0.857,0.489,0.959,-0.934,1.705,-1.213,0.356,0.356,0.124,0.356,0.356,-1.213,-1.213,0.489,-0.693,-1.213,0.124,-0.857,-0.934,0.489,1.705,-0.934,1.705,0.959,-0.857,0.356,-1.213,0.489,-1.213,0.356,0.959,-0.693,0.124,-0.252,-0.934,-0.857,0.124,-1.213,-0.252,1.705,0.10933414386797438,0.356,-0.693,-0.857,-1.2263154098425144,0.14249909454752865,-1.1953717272588364,-0.8713955824177811,1.6946066810243083,-0.2630801660091683,0.489
1.772,-0.469,-1.086,-0.995,-0.995,-0.469,1.267,0.284,-1.086,1.267,1.688,-0.217,0.284,1.688,1.772,1.688,0.6,0.206,1.688,-0.995,-0.217,-1.086,-1.086,0.6,1.772,0.284,0.284,0.206,-0.469,1.688,0.6,1.688,-0.217,1.772,-0.995,1.772,-1.086,1.267,1.267,-0.469,1.772,1.772,1.772,-0.469,0.284,1.267,0.206,-1.086,-1.086,-0.995,-1.086,-0.995,0.284,0.206,-0.469,-0.995,0.206,1.688,-1.086,1.772,-0.217,1.671562617827176,-0.23678118698983328,-0.2022530558776307,0.284,0.19365186167351442,-0.4811572202650852,-0.16221033158572765,0.2711678700990106
1.211,1.211,-0.977,-0.977,-0.394,-0.708,-0.872,-1.035,-0.394,-1.256,-1.035,0.673,-0.977,-0.82,-1.256,-1.035,-0.82,-1.035,-0.394,0.884,-1.256,-0.872,-1.256,1.211,-1.256,-0.82,-0.872,-1.256,-0.82,-0.708,-0.872,-0.394,-0.977,1.211,-1.035,-0.872,-1.256,-1.035,1.211,0.884,-0.394,-0.82,-0.977,-0.394,0.673,-0.40924031618655243,-1.035,-0.82,1.211,-1.256,-0.3726517441540037,-0.3243372120505244,1.1964235535564962,0.6567089491827157,-0.872,1.2244217453509991,1.2640443732851672,-0.8325926052654244,-0.977,-0.3045902340934122,-1.2722818752679073,-0.882114920334055,0.6963927640039226
-0.214,-1.154,-0.986,1.252,0.409,-0.986,-0.801,-0.721,-0.801,0.409,-0.721,1.615,1.252,1.615,-0.214,1.252,-0.986,-1.154,-0.721,1.252,1.615,-0.986,-1.154,0.423,-1.154,-0.986,0.409,1.615,-1.154,-0.801,1.148,0.409,-0.721,-0.986,0.423,-0.801,1.148,1.615,-0.801,0.409,1.615,-0.214,-1.154,1.615,-0.801,-0.721,-0.986,-1.154,-1.004800663370234,0.409,0.39203806486269266,1.148,-0.9936286800417413,-0.9670031406804549,-0.214,-0.801,-0.721,1.252,1.615
0.372,0.372,-0.046,1.047,0.989,0.598,-0.3,1.508,0.598,-0.654,-0.3,-0.948,0.598,-0.948,0.372,-0.046,-0.053,0.989,-0.3,-0.3,1.047,1.508,-0.046,0.372,-0.654,-0.654,0.598,0.372,-0.3,-0.053,-0.948,-0.654,-0.948,1.508,-0.948,-0.053,0.372,-0.654,-0.3,-0.948,-0.3,0.372,-0.948,-0.3,0.598,1.508,1.047,0.989,1.047,-0.3,-0.053,0.989,0.9647041050274603,1.047,0.372,0.9895191533121915,1.508,-0.948,-0.9609638233705283,-0.937871107108409,0.3557999830361489,0.37907683431321726,-0.3,-0.053,1.4952927741749638,-0.3129860764738498,1.030994781220163,0.598,1.542137146848351
-0.977,-0.949,-0.825,-0.949,-0.138,-0.825,1.343,1.343,-0.993,-0.825,-0.998,-0.993,-0.977,0.275,0.275,-0.993,-0.825,-0.825,-0.998,-0.825,-0.993,-0.977,-0.949,0.275,-0.998,-0.998,0.275,-0.825,-0.977,-0.998,-0.825,1.19,-0.998,-0.998,-0.825,-0.993,1.343,-0.977,-0.949,1.343,-0.949,0.275,1.19,-0.977,0.275,-0.998,1.19,-0.977,1.343,-0.949,0.275,-0.949,0.275,-0.998,-0.977,-0.998,-0.993,1.19,-0.825,0.275,-0.138,1.343,0.2589431020898501,-0.8415442234863575,-0.949,-1.008915508733258,-0.9449293343723257,1.3351550982644258,-0.998,1.3801328528026546
2.032,-0.949,-0.949,-1.001,-0.215,1.094,0.823,2.032,-1.001,1.094,0.072,0.072,2.032,-0.949,2.032,-0.825,2.032,0.823,-1.001,0.823,1.094,1.094,0.072,-0.825,-0.949,0.072,-0.949,0.085,2.032,-0.215,-1.001,2.032,0.823,2.032,-1.001,1.094,1.094,-0.949,-0.949,0.823,-0.949,-0.215,0.085,0.511,-0.825,2.032,-1.001,2.032,2.032,2.032,-1.001,-0.215,2.0153339948444207,-0.949,-1.0122981906523976,1.094,-0.964869317983283,-0.9214775118866004,2.058031227550723,-0.22239033718285928,0.072,0.05347154615646811,-0.18954155720663918,0.08552223584832988,-0.1587682614646261
-1.031,-1.043,-0.835,-0.869,1.481,-0.625,-1.043,-1.031,-1.133,-0.869,0.466,1.481,-0.625,0.466,-1.133,-1.133,-0.287,-1.031,-0.821,-1.133,-0.869,-1.043,-1.133,-0.625,-0.821,-1.031,-0.869,1.481,-0.625,-0.821,-0.869,-0.869,-0.835,-0.869,-0.287,-0.287,-0.869,-0.869,-0.835,1.481,-0.821,-0.835,-0.287,0.466,-1.043,-0.821,-0.625,-1.031,-0.869,-1.133,0.466,-0.869,0.45368523663546123,1.481,-0.287,-0.625,-0.821,1.469583668644604,-0.6385331701956577,-0.8827140611033115,-0.835,-1.031
-0.749,-0.831,0.502,0.861,0.861,-1.376,-1.376,-1.376,1.323,-0.749,0.861,-1.376,1.949,0.502,0.232,1.323,-1.376,0.962,-1.376,-1.376,-1.376,-0.672,0.502,1.949,1.949,1.949,0.962,-0.749,0.962,-1.376,-0.672,0.232,-0.749,0.502,0.861,-1.376,0.502,1.949,-0.831,0.502,-0.831,1.323,0.502,-0.672,0.502,-0.831,0.502,0.962,1.949,1.949,-1.376,0.232,0.861,1.949,-0.672,0.962,-0.6931065296875987,-1.376,0.861,-0.749,0.9496267740008157,0.9767465930967792,-0.831,0.232,1.9359275013073243,-0.6515272540806326,-0.6257388001652316
0.209,-0.672,0.626,0.626,-0.877,-0.896,-0.672,-0.877,-0.746,-0.96,-0.746,-0.572,-0.896,0.209,-1.178,-0.746,-0.758,-0.96,-0.877,0.209,-0.746,0.626,-0.572,-1.178,-0.877,-0.746,-0.758,-0.877,-1.178,0.626,-0.746,-0.96,-0.896,-1.178,-0.746,-0.896,0.209,0.626,-0.96,0.626,-0.877,-1.178,-1.178,-0.896,-0.746,0.626,0.209,0.626,-0.758,-0.896,-0.672,-0.758,-0.9084070484693443,-0.96,-1.178,-1.197340191479986,-0.877,0.209,-0.8882982729984924,-0.8743017094045669,-0.8445133891769628,-0.8588444851948945,-0.8338438261090099,0.626,0.19477948415449403
1.443,1.443,0.358,-0.624,-0.753,-1.093,-0.949,-0.904,0.996,-1.093,0.996,-0.073,-0.624,0.358,-0.624,-0.949,-0.624,-0.624,-0.904,-0.237,-0.624,-0.904,-0.624,-0.073,-0.904,1.443,-0.753,0.358,-0.624,-0.237,-0.949,-0.073,-1.093,-0.753,-1.093,-1.093,-0.904,-0.949,1.443,-1.093,-0.904,0.358,-0.237,0.996,-0.949,-0.904,-0.624,-0.073,1.443,-1.093,-0.753,-1.1055152972793811,-1.077657870444421,-1.0347522594757252,-0.9895450191162977,0.996,-0.073,-0.237,-0.9581306245472877,-0.7658860364066866,0.9809017980849773,-0.624,-0.949,-0.904,1.0135967245472093
-1.271,-1.11,-1.271,-1.11,0.422,-0.848,-1.11,-1.11,1.992,-1.271,-0.498,-0.848,-1.11,-0.77,-0.313,0.713,-1.271,-1.271,0.713,-1.271,-0.848,-0.77,1.884,-1.11,1.884,-0.77,-0.313,1.992,-0.848,1.992,1.884,1.992,0.713,1.992,1.884,-0.848,1.884,-1.271,-0.77,0.713,-1.271,-1.271,1.884,-0.498,-1.11,-1.271,-0.313,1.884,-0.77,1.992,1.992,-0.313,1.992,-1.271,-0.77,-0.7801444502972354,1.884,-1.271,1.992,-0.313,-0.7383815039317656,0.713,-0.32561869154276935,-0.848,-1.11,-1.125000505341779,-0.6970721283418975,0.422,-0.6516480927601273,-1.076494494138515
-0.613,1.474,0.617,-0.613,-0.439,0.682,0.617,0.617,0.266,0.587,0.682,-0.613,1.07,-0.613,0.587,-0.613,0.617,0.587,1.07,-0.691,0.682,0.266,0.617,-0.613,-0.595,1.07,1.474,0.682,0.682,0.587,-0.595,-0.613,0.587,0.587,0.682,1.07,-0.439,-0.691,0.617,0.682,1.474,0.617,0.587,0.266,1.474,0.266,0.266,0.266,0.617,0.587,1.07,-0.595,-0.439,0.25915842779212617,0.682,1.474,-0.613,1.4549972173444445,0.6642426920031604,-0.45964262060402655,0.606529454247416,0.29808282329238134,1.5119477181712269,-0.44101250902234285,1.5446089376134846,-0.691,0.6263567295221103,-0.6997007417506443,-0.626535427122459,-0.6825721566934552
-0.537,-0.537,-0.859,0.388,-0.859,0.388,-0.524,-0.755,-1.183,-0.755,0.388,0.388,-1.008,-0.537,-0.755,0.43,-0.743,0.388,-0.524,-0.743,-1.183,-1.183,-0.743,-1.008,-0.859,-0.524,-0.755,-0.859,0.388,0.993,-0.859,-1.008,-1.008,-1.183,-1.008,-0.537,-0.524,-0.755,-0.859,-0.524,-1.008,-0.524,-1.183,-1.183,-0.743,-0.537,0.993,-1.008,-1.183,-0.524,0.388,-1.008,0.993,-0.743,-0.755,-0.7678105831214963,0.388,-0.524,-0.542093510196238,-1.008,-1.0230241918212926,-0.537,0.43,-0.735175866360786,-0.704191312544371,-0.859
-1.189,-0.611,-1.102,0.104,-0.611,-0.497,1.101,-1.189,-1.102,1.502,-0.497,-1.189,1.502,-1.189,-0.611,1.502,1.101,1.101,1.502,-0.611,-0.497,-1.189,1.101,-1.189,-1.189,0.144,-1.102,1.101,-1.102,-1.102,0.583,0.144,-1.102,1.101,1.415,-1.102,0.104,0.144,0.583,1.415,1.415,-0.611,-1.102,-1.189,1.415,-0.611,-1.189,-1.189,0.583,1.502,-1.102,-0.497,-0.5199699595639269,-1.189,0.104,1.415,-0.47356979678337974,-1.2021661935129802,-0.4421237867492578,-0.4054311964840048,0.09454131607639663,-0.611,0.583,0.144,-0.6296361531405213,-1.111860146719276,1.502,-0.5956456448374272,1.101,-1.080083499678679,1.4944211292559881
-0.567,0.769,-0.717,-0.567,-1.047,-0.747,-0.737,-1.047,0.281,-1.047,-0.737,-0.717,-0.788,0.242,-0.567,-0.788,0.769,0.079,0.281,-0.567,-0.788,0.281,0.281,0.769,-0.737,0.769,-0.567,-0.717,-0.747,-0.717,-0.788,-1.047,0.769,-0.747,-0.737,-1.047,-0.747,-0.737,0.079,0.281,0.281,0.769,-1.047,0.242,0.242,-1.047,-0.788,0.769,-0.737,0.281,-0.7577161004564348,0.079,0.242,-1.047,-1.0597989134405397,-0.747,-1.006506920125785,-0.788,0.2643517417191236,-0.9685979871895887,0.2931136032555501,-0.567,-0.7626497815495867,0.3383586304303306,-0.5803657805362307,0.22450700830548656
-0.671,-0.641,-0.017,-1.089,-1.141,-1.089,-0.017,-1.089,-0.526,-0.017,-1.089,0.735,0.735,-0.017,0.735,-1.169,-0.017,0.735,-1.141,-1.141,0.559,-1.089,0.559,0.559,-0.641,-1.089,-1.169,-0.017,-0.017,-0.671,-0.641,0.559,-0.641,-0.017,-0.641,0.559,-1.169,-0.526,-0.526,-0.526,-1.141,-1.169,-1.141,-1.169,-1.169,-0.526,-1.169,-0.526,-0.017,-0.671,-1.141,-0.416,-1.089,0.559,0.735,-1.169,0.7071555155051507,-0.671,0.5470869139890775,-0.416,-1.179813170234632,-0.43381961097422805,0.578155406769927,0.5980482960892561,-0.526,-1.1502954617803665,0.7485324242392619,-1.089,-1.141,-1.1590496159996873
-0.954,-0.954,-1.091,1.579,-0.717,-0.749,1.579,-0.954,-1.091,-0.749,1.579,0.512,-1.091,-0.927,0.387,0.512,-0.749,-0.954,-0.386,-1.091,-0.954,0.387,1.579,0.387,0.512,-1.091,-0.717,-0.954,1.579,0.387,0.387,0.387,-0.927,-0.954,-0.927,-0.927,0.512,-0.954,0.512,1.579,-0.927,-0.717,0.387,-0.749,0.387,-0.717,0.3777908803639514,-0.7323674382378099,0.43146352786277903,-0.954,0.512,-0.7548789081588959,-0.707337053309554,-0.6739825032929483,-0.7092468366760913,1.579,0.0,0.48067328267931936,0.49779814636902897,0.5305745169052286
-0.171,-0.534,-1.051,0.476,-1.051,-0.844,-0.844,-0.171,-0.171,-0.636,0.302,-0.636,0.302,-0.171,-0.389,0.302,-1.051,-0.142,-0.142,0.476,0.302,-0.389,0.476,0.476,0.476,-0.534,-0.171,0.302,0.752,-0.534,0.476,0.752,-0.636,-0.636,-0.534,0.752,-0.844,-1.051,0.752,-0.171,0.752,-0.142,-0.142,0.476,-1.051,-0.142,-0.534,-0.142,-1.051,0.302,-1.051,-0.534,-0.171,-0.636,0.476,-0.389,0.4621713785814208,-0.142,-0.39880707344373023,-0.18107580863047373,0.302,-0.546360237854266,0.28852336102530524,0.5154536002224541
1.513,2.006,1.513,-0.594,1.513,0.047,-0.594,-0.647,2.006,-0.729,-0.486,-0.359,0.047,-0.359,-0.594,0.047,2.006,0.707,-0.729,-0.486,2.006,0.047,1.421,-0.729,-0.647,2.006,0.707,-0.359,2.006,-0.486,0.707,-0.594,2.006,1.513,-0.729,0.707,-0.486,0.707,0.707,-0.729,1.421,-0.594,1.421,2.006,-0.647,1.513,-0.647,-0.359,-0.729,-0.486,-0.486,0.047,-0.486,-0.359,1.421,2.006,1.4026111368523524,1.4441092903595745,1.513,0.047,1.4841465009446102,1.5017214847107963,0.03957404502912917,-0.647,1.9971615228039985,-0.37474916884181475,-0.729,1.5212975823087773,1.5276334625129229,-0.34207597722709926,-0.486,1.5523545074440201,-0.594
-0.284,-0.243,0.065,2.069,-0.284,2.069,-0.779,-0.779,2.069,2.171,-0.401,2.171,2.069,0.996,-0.779,0.065,-0.284,-0.779,-0.243,-0.779,2.171,2.171,-0.243,0.065,2.171,2.069,-0.779,0.065,0.57,0.065,-0.401,2.171,2.171,-0.423,2.069,2.069,0.996,0.996,-0.243,-0.779,-0.284,0.57,-0.243,-0.423,2.069,-0.779,-0.284,-0.284,-0.779,-0.423,-0.3012499015247687,2.069,2.050242973778498,-0.794046704942254,0.065,0.57,2.171,-0.2672075300024047,-0.243,2.0837584595023224,2.158535513248862,-0.7537794010526015
-0.13,0.483,0.864,-1.259,-0.738,1.086,-0.13,1.086,-0.738,0.885,0.885,1.086,-0.13,0.885,-0.738,-0.738,0.442,0.442,0.864,0.442,-1.259,-1.259,-1.259,-0.738,-0.738,-0.981,-0.981,-0.738,-1.259,0.858,-1.259,0.864,0.864,-0.981,-0.981,-1.259,-1.259,0.442,0.885,-1.259,0.885,-0.13,0.864,1.086,1.086,0.864,-0.738,0.858,-1.259,-0.981,0.885,-0.738,0.864,-0.981,0.483,-0.738,-1.259,0.858,-0.7507985857308714
0.377,-0.825,0.377,-1.118,-1.118,-1.118,-0.957,0.377,-0.169,0.305,-0.825,0.305,1.878,1.878,-0.169,0.305,-0.2,-1.118,-0.957,-0.825,-0.169,-0.825,-0.957,0.377,0.87,0.87,-0.184,0.377,-0.2,-0.825,0.87,0.305,-0.957,-0.957,0.377,0.305,1.878,0.377,1.878,-1.118,-0.2,-0.825,-0.184,1.878,1.878,-1.118,0.87,-0.2,-0.184,-0.184,-1.118,-0.184,-0.20015188654825228,-0.1640465237003995,-0.14051136302823614,-0.169,-0.825,1.878,1.8568339463573933,-0.181027392206158,0.377,-0.8372881496864382,-0.7954820462599627,-0.7537027486746285
-1.048,0.947,0.947,-0.653,0.947,-0.653,0.947,0.947,-0.784,0.268,-0.817,0.947,-0.817,-0.784,-0.817,0.268,-0.648,-0.053,-0.817,-1.048,-1.048,-1.101,0.947,0.947,-0.648,-0.784,-0.817,-1.048,-1.101,-1.101,-1.048,0.321,-1.101,-0.653,-0.784,0.321,-0.648,-1.101,0.947,-0.817,-1.048,-1.048,0.321,-1.101,-0.648,-0.053,-1.101,0.321,-0.784,-1.048,0.947,-0.653,-0.07017459060622665,0.268,-0.817,-0.6642662509497442,-1.059457526287768,0.9347695241330433
0.962,0.08,-0.594,0.369,-0.851,-0.594,-0.375,0.369,-0.851,-0.594,-0.594,0.08,-0.23,-0.556,-0.23,-0.851,-0.375,-0.594,-0.41,-0.594,0.08,-0.375,-0.851,-0.594,-0.594,-0.594,-0.556,0.403,0.962,0.962,-0.556,0.08,0.403,0.962,-0.556,-0.375,0.962,0.962,0.08,-0.556,0.369,-0.41,-0.23,0.08,0.962,0.369,0.369,-0.594,0.403,0.08,0.369,0.962,0.403,0.369,0.35080862084540343,-0.375,-0.556,-0.41,-0.851,0.9553712876321065,-0.5734518235741081,0.9803444765582302,-0.4242712081153938,-0.594,0.3921119061254408,-0.5598822748223152,-0.23
-0.031,-0.858,-1.338,-1.338,-0.452,-1.338,-0.158,2.117,2.117,2.117,-1.115,-0.752,-0.851,-0.858,-0.031,-0.969,-1.115,-0.158,-0.158,-0.851,-1.115,-1.338,-0.752,-0.158,-0.158,-0.858,-0.031,-0.752,-0.851,-0.851,-1.115,-0.158,-0.969,-0.452,-0.969,-1.338,-1.115,-1.115,2.117,2.117,-1.338,-1.338,2.117,-0.452,-1.338,-1.338,-1.338,-1.115,-1.338,-0.969,-0.452,-0.858,-0.452,-0.969,-0.158,-0.031,2.117,-0.851,-0.1701985972653569,-0.15610877225186984,-1.115,-0.863211834239277,-1.1338338538437893,-1.338,-1.0987042513311738,2.102996852332535,-0.0447739994421212,-0.752
-1.27,-1.228,-1.27,0.006,-0.651,-1.028,-1.028,-0.191,-1.028,0.006,0.006,0.006,1.587,-1.228,-1.228,-0.456,-1.27,-0.651,-0.191,-1.228,-1.028,1.587,1.587,0.006,0.006,-1.028,-1.27,0.006,-0.006,-1.228,-1.27,-0.651,-0.651,-1.228,-1.27,-0.456,0.006,-1.27,1.587,-1.228,-1.27,-1.028,0.006,-1.228,-0.276,-1.228,-1.228,-0.191,-1.028,-0.651,-0.276,1.587,-0.20119909266048197,0.006,-0.006,-0.023918453880942304,-0.6596731088265652,0.017884923445963125,-0.0065480727299390366,-0.14391714799321376,0.027815979063202708
1.077,-0.745,-0.54,-0.745,0.887,1.077,0.887,-0.796,-0.223,-0.745,-0.466,-0.796,0.988,-0.54,1.077,-0.54,-0.223,0.988,-0.54,0.988,1.077,-0.796,-0.223,-0.796,1.256,1.256,0.887,0.988,-0.466,0.887,-0.229,-0.229,1.077,-0.745,0.887,-0.796,0.988,-0.466,0.988,-0.229,-0.796,-0.54,-0.796,1.077,0.988,1.077,-0.54,-0.54,-0.223,0.887,-0.5513248593051564,0.8765523644417694,1.077,-0.23348428856316464,1.256,1.0666697478144846,1.2476842074611834,1.093407525407882,-0.229,-0.466,-0.18671380941574994
0.876,0.876,-0.23,0.915,-0.23,0.564,-0.944,-0.308,1.294,0.876,-0.944,-0.308,-0.618,0.876,1.294,-0.23,-0.618,1.294,0.119,-0.308,-0.944,0.876,0.876,-0.618,-0.06,-0.618,1.294,0.119,1.294,0.876,0.876,-0.308,1.294,0.876,0.915,1.294,-0.06,-0.23,-0.23,-0.944,-0.618,-0.23,1.294,1.294,-0.308,-0.308,0.915,0.8944919623036257,1.294,1.281358248508412,0.876,0.8660034040654653,0.564,0.5470908740487582,1.3390970287214743,-0.618,-0.23,-0.3206382540595268,-0.6325127308653601
-0.792,1.284,0.248,0.248,0.728,0.671,0.653,0.2,-1.15,0.2,1.284,0.728,0.248,-0.481,-0.792,0.974,0.974,1.284,0.2,0.974,-0.792,1.284,-0.792,0.728,-0.792,1.284,0.248,-0.481,0.653,-0.792,1.284,-0.481,0.974,0.653,0.671,0.671,0.974,0.653,0.653,-1.15,-0.481,0.2,-1.15,0.653,1.284,0.728,0.653,1.284,0.2,-1.15,0.974,0.2,0.653,-1.15,0.671,0.248,0.6498544221565911,1.284,0.974,1.2664897961367747,0.9588800659762925,0.2,0.23184973619748483,0.18402636797061117,0.653,1.3152686205143398,-0.792,-0.8094825328040033,0.24055617349472697
-0.101,-1.416,-0.881,-0.787,0.293,0.293,-0.881,0.293,0.793,-0.787,2.001,-0.463,-0.787,2.001,-1.416,-1.416,2.001,0.793,0.793,0.793,-0.101,0.793,-0.04,0.793,-1.416,0.793,-0.562,-0.562,-0.881,-0.562,0.793,-1.416,-0.463,-0.463,-0.463,-1.416,-0.562,-1.416,-1.416,-0.463,2.001,-0.787,-1.416,-0.881,-0.881,0.793,-0.463,-0.562,-0.101,-0.101,-0.562,-1.416,-0.04,2.001,-0.04,-0.787,-0.8074686795869179,-0.562,-0.5824890296655858,-0.881,-0.463,-1.416,-0.4766350815551656
-0.016,-0.135,-0.849,-1.079,1.297,1.297,1.041,-0.849,-0.849,-1.079,-0.016,0.008,-0.849,-0.849,-1.079,-0.849,-0.135,1.297,-0.521,-0.135,-1.079,-0.135,-0.849,-1.079,-0.849,0.271,0.271,0.008,-0.135,-0.849,-1.079,-1.079,-1.079,1.041,-0.521,-0.521,-0.016,0.271,0.385,1.041,-0.849,-0.849,0.271,0.008,-0.135,-0.521,-0.016,0.385,-1.079,-0.135,0.271,-0.521,-0.14296134073324662,-1.0943348868719038,1.041,-1.0635392488732318,1.297,-0.03056796132577999
-0.141,-1.144,-1.144,-0.626,-0.755,-0.755,0.705,-0.755,0.306,-1.205,0.287,-1.205,0.306,-0.141,-0.141,0.684,-0.523,-0.141,-1.144,-1.144,-0.755,-1.205,0.705,-0.141,-1.144,0.287,-1.144,-0.755,-1.205,-0.755,-0.626,0.705,0.287,0.705,-0.523,-1.205,-0.523,-0.626,0.287,-0.626,-0.755,-0.141,-0.626,-1.205,-0.523,-1.205,-0.141,-0.523,-1.205,-0.626,-1.144,-1.1609020915779777,-0.1545420018699262,0.705,-0.5382614236349088,0.684,0.306,-0.6365797673001766,-0.5843507438675517
-1.068,0.96,-0.12,-0.12,-1.068,-0.345,2.16,1.079,-0.302,1.079,-0.302,1.079,-0.845,0.229,-0.302,-0.845,-0.12,0.899,-1.068,-0.12,2.16,-1.068,0.899,0.229,0.229,2.16,0.229,-1.068,2.16,-0.302,-0.302,0.899,0.96,-0.345,2.16,2.16,2.16,0.899,1.079,-0.302,-0.345,1.079,-0.345,-0.845,-0.345,-0.845,-1.068,-1.068,-0.12,-0.302,0.899,0.96,1.079,-1.068,1.0657484818105933,-0.12,0.8880944274520541,0.229,-0.13466473799164222,-0.845,2.16,-0.8632087426441345,0.9480123195545449,-0.302,-1.0761327608531273,-1.0279553018514105,1.1183046768226115
0.674,-1.216,-1.216,0.269,0.735,2.766,-0.708,0.735,0.674,-0.619,0.674,0.674,0.674,-0.507,-0.708,-0.608,-0.608,0.269,2.766,-0.708,2.766,-0.997,2.766,-0.608,2.766,-0.619,-0.997,2.766,0.674,2.766,-1.216,2.766,-0.507,-0.997,-1.216,2.766,-0.619,0.674,-1.216,-1.216,2.766,2.766,-1.216,0.735,-0.997,-0.997,2.766,-0.608,-0.708,-0.507,-1.216,-0.5214393935278924,-1.2263124260961602,0.269,-0.7264213447107216,0.735,0.2561164988731948,-1.1652240419097186,-0.6214114901982636,-0.4847440170984152,-0.997,0.7262887402053407
-1.172,-0.628,1.134,-1.247,1.452,1.134,-0.671,-0.237,1.134,1.134,1.452,-0.166,-0.237,-0.237,-1.172,-1.247,-1.172,1.178,1.452,-0.671,-1.247,-1.247,-0.671,1.134,1.134,1.134,1.452,-0.628,0.385,1.134,1.178,-0.237,1.178,1.452,1.178,0.385,-1.247,-1.247,-0.237,1.134,-1.172,-0.166,1.134,-1.247,-1.172,1.178,0.385,-0.671,1.178,-0.166,1.178,1.178,-1.172,-1.247,-1.172,-0.671,1.178,1.1660423269017797,-1.247,1.452,-0.237,1.134,1.1909272835946871,-0.166,1.1166933800700924,1.1383678089950613,-1.172,0.385
-0.23,1.701,0.983,0.658,1.36,0.762,-0.857,0.762,1.36,0.983,0.658,1.701,0.762,-0.693,-0.857,1.701,0.983,-0.857,-0.23,-0.693,1.701,0.455,-0.333,-0.333,0.658,1.36,-0.333,-0.23,0.455,1.701,0.455,0.658,0.455,1.36,-0.693,0.983,-0.23,-0.857,0.658,-0.857,0.455,-0.23,1.36,0.658,0.762,0.6429847195972085,0.983,0.43988206312093575,0.46763334937706424,0.5024705205550607,0.7471483494898645,-0.333,0.7939067726596868,1.701,0.9702706761058391,0.6775703092562811,0.7146220017446966,0.8374941896591035
-1.069,0.277,-1.252,-1.252,-1.252,-0.882,-1.252,-1.069,0.143,-1.252,1.471,0.173,-1.069,1.471,0.173,0.143,-0.882,0.277,0.173,-0.882,0.277,-0.831,-1.069,-0.882,-1.069,0.277,1.471,-0.882,-1.069,-0.831,-0.534,-0.831,-0.352,-0.534,-0.831,0.173,0.277,0.173,0.277,1.471,-0.534,-1.252,-1.069,-0.831,-0.352,1.471,-0.882,0.277,0.173,0.143,0.25651311143820305,-0.534,-0.831,-0.8509186421232245,-1.069,-0.8968358964300502,-0.8210895360638288,0.29643292376312297,-0.549256146119618,-1.252,0.3592267099287911,-0.352
-0.846,-0.976,-0.846,0.508,-0.382,-0.846,0.423,0.508,0.423,0.423,-0.899,0.423,-0.976,0.197,0.142,-0.923,0.197,0.142,-0.923,-0.846,-0.225,0.197,-0.923,0.423,0.423,-0.976,-0.976,0.197,-0.923,0.197,0.508,0.423,-0.923,-0.846,0.197,-0.899,-0.899,-0.846,0.423,0.423,-0.923,0.142,-0.923,-0.899,-0.225,-0.913438487985848,0.197,-0.846,-0.976,-0.382,-0.990620620440099,0.1797638430184194,-0.8747606583684463,-0.3969099409431213,-0.936476240288637,0.19742528082693725,-0.9419575415670637,0.23931328267671836,-0.9062414223324613,0.2733229899104477,0.508,0.423
1.527,-0.335,-0.642,-0.238,0.369,-0.238,-0.831,-0.2,-0.831,0.786,-0.238,-0.2,0.786,-0.642,1.527,1.527,-0.831,-1.045,-0.238,-1.045,-0.831,-1.045,-0.888,0.786,-1.045,-0.888,-0.238,0.369,-0.2,-0.335,1.527,-1.045,-0.238,-0.888,-1.045,-0.335,-0.2,1.527,-1.045,-0.888,-0.831,-0.2,-0.642,-1.045,-0.8442147798689021,1.527,-0.238,-1.0594678854298085,-0.335,-0.888,-1.0215287674491484,0.786,0.7686524943778893,-0.8996222888466908,-0.24942023322085646,-0.8020806927741171,-0.9819881477992422
-0.737,-0.973,-0.394,-0.645,-0.947,-0.394,-1.068,-1.068,-0.81,-0.973,-0.798,-0.745,-0.947,-0.947,-0.737,-0.973,-0.292,-0.947,-0.798,-0.292,-0.798,-0.737,-0.745,-0.737,-0.798,-0.292,-0.292,-0.973,-0.947,-0.81,-0.394,-1.068,-0.81,-0.745,-1.068,-0.81,-0.973,-1.068,-0.292,-0.645,-0.973,-0.973,-0.745,-0.7550252100121175,-0.394,-0.292,-0.4093528185570141,-1.068,-0.973,-0.947,-0.7161501327607755,-0.6703910905171248,-0.737,-0.81,-0.7520790047796587,-0.8277121737148572,-0.7802296628646919,-0.6559394534817937
1.499,1.347,-1.205,-1.141,1.347,-1.141,-0.417,-1.083,-0.417,1.672,1.347,-1.141,-1.083,-1.141,-1.134,-1.083,1.672,-1.205,-1.083,-1.134,-1.141,1.672,1.347,1.499,-1.205,-1.134,-1.205,-1.205,-0.417,1.499,1.672,-1.134,-1.205,1.499,-1.134,-0.267,-1.205,1.672,1.672,-1.141,-1.083,-0.417,-0.417,1.347,-1.083,-0.417,-0.267,-1.141,1.672,-1.153480803588127,-0.417,-1.083,-1.0979930420013444,-1.0709260612678289,1.347,1.3324007920634504,-1.134,1.499,-1.029126924399806,-1.205
-0.651,0.417,-0.82,0.438,-0.696,-0.696,-0.956,0.438,-0.82,-0.956,-0.82,0.438,-0.82,-0.696,0.417,-0.696,-0.696,-0.744,-0.644,-0.651,-0.956,-0.744,0.438,-0.696,0.858,-0.644,-0.644,-0.82,-0.82,-0.956,-0.696,0.858,-0.744,-0.696,-0.956,0.858,-0.744,-0.644,-0.651,-0.696,-0.82,-0.651,-0.651,-0.82,0.438,-0.644,0.417,-0.644,-0.744,0.585,-0.644,-0.956,0.417,0.858,0.585,-0.6590432514335164,0.5696751850790548,-0.651,0.438,-0.9666836867564395,-0.744,-0.6126014579748648,-0.7615990739174211,0.6169254856305949
-1.12,1.57,-0.306,1.391,0.748,1.57,-1.096,1.391,-0.24,-1.12,0.946,-0.306,-0.24,-0.24,1.512,1.391,0.946,-0.24,-0.306,1.391,-1.096,-1.12,-1.12,1.512,-1.12,1.57,-0.306,1.391,0.282,-1.096,-1.096,0.946,1.512,1.391,-0.306,-1.096,1.57,1.512,0.946,0.748,-1.096,0.282,-0.306,1.391,0.282,1.512,0.282,-0.24,0.282,0.26471386583346956,0.946,-0.306,0.2974886395022456,1.512,1.4958507843416924,-1.12,1.5473112185952864,1.391,0.9299317910820382,0.748,1.3782785827610815,-0.24,-1.096,-0.25349495385585785
1.87,-0.846,0.102,1.87,1.372,1.372,0.078,0.081,2.066,2.066,1.87,1.87,2.066,2.066,-0.846,1.372,-0.846,0.102,0.081,-1.159,-1.159,0.094,2.066,-1.159,1.372,-0.846,0.078,2.066,-0.846,2.066,0.102,-0.366,-1.159,1.87,1.372,1.372,-1.159,0.102,0.102,1.87,1.372,1.87,0.081,-1.159,0.094,0.081,0.102,-0.366,0.102,-0.366,2.066,0.094,0.08917755879680808,2.0527181371936227,0.078,-0.3773200490085755,1.372,0.06301256386066001,0.081,1.87,0.08175730380178671,0.13609326449000128,1.3582303176049486,1.8551276607771516
-0.502,-0.773,0.821,0.871,-0.774,-0.076,-1.096,0.685,-0.918,-1.096,-0.918,0.821,0.871,-0.774,0.821,-0.426,-1.096,-0.076,0.821,-1.096,0.871,0.871,-0.774,0.871,-0.918,-1.096,-0.773,0.821,0.685,0.821,0.821,-0.918,0.821,0.871,-0.773,-0.502,0.685,-0.076,-0.773,-1.096,-0.502,-0.426,0.871,-0.774,-1.096,-0.918,-0.076,-0.774,-0.774,-0.918,-0.7855268062841407,-0.7522772603895777,0.821,-0.426,0.685,0.670959860245124,-0.502,-0.517782040210133,-0.7087655502197424,-0.9314108031114222,-0.773,0.6872926492867331,-0.43646142650171355,-0.4029569716566121
1.329,-0.231,-0.442,-0.204,-1.151,-0.204,-0.204,0.17,1.329,1.329,-0.379,1.426,0.17,-1.151,-0.939,-0.52,-0.379,-0.231,-1.151,-0.379,-0.379,-0.204,1.426,-0.52,-0.939,-0.379,-1.151,-1.151,-0.379,-0.204,-1.151,0.17,0.17,-0.52,-1.151,-0.939,1.329,1.329,0.17,1.426,-0.442,1.329,-0.939,-0.379,-0.204,0.17,0.17,1.426,-1.151,-0.939,-0.9618485103273499,1.412904452409499,0.17,-0.379,-0.442,1.329,-0.52,-0.38759960894436685,-0.231,-0.535626843550369,1.3099289103985303,-0.24518927500378,0.16125666247404494,-0.5045166217431414,-0.933219000220253,-0.204,-0.48819055773550724
0.693,0.693,-0.259,-0.279,-0.344,-1.086,0.145,0.563,0.693,0.145,-0.259,1.057,-0.279,0.145,1.057,-1.086,0.396,-0.344,0.563,0.62,0.693,-0.259,-1.086,0.145,0.563,0.563,-1.086,0.693,1.057,0.563,-1.086,0.145,0.693,0.693,0.563,0.693,0.145,-0.279,0.145,0.563,-0.259,-1.086,-0.259,-1.086,0.693,0.563,0.6816972134059142,0.62,0.5463376382437628,0.396,-1.0979034741700016,0.612559579616844,0.649728948870984,0.145,-0.279,-0.27470300461921693
0.418,-0.291,1.217,0.613,0.613,1.217,-0.319,-0.922,-0.922,0.332,-0.693,-0.291,0.332,-0.291,0.418,-1.399,-1.399,-0.922,-0.693,-1.399,0.613,0.613,0.418,-0.922,0.332,-0.922,1.217,1.217,-1.399,-0.291,0.613,-1.399,-1.399,-0.693,1.217,-0.319,-1.399,-0.319,1.217,-0.319,-0.018,-0.922,1.217,-1.399,-1.399,-0.018,-0.319,-0.693,0.613,1.217,0.5950541299653552,-0.922,1.2005321188356444,0.332,-0.291,-0.7078867235347238,-0.6798061628105678,0.6290670502584926,-0.030279306762923203
1.258,-0.487,1.258,-0.273,-0.445,1.39,-0.697,-0.445,0.585,1.543,-0.697,0.585,1.39,1.543,1.543,1.39,1.258,-0.487,0.585,1.258,1.39,1.258,-0.386,-0.697,1.258,1.543,1.258,1.258,-0.273,-0.697,0.585,1.39,-0.487,-0.273,1.39,-0.697,-0.445,-0.697,-0.273,-0.273,-0.273,1.258,-0.445,-0.273,-0.697,0.585,-0.445,-0.487,1.39,0.585,1.39,-0.273,-0.487,1.39,0.0,1.3759373194543107,0.585,-0.445,1.543,-0.386,-0.499665811807154,1.258,1.4200481733646735,1.2445746705965997,-0.47659949766396587
2.402,1.19,-0.706,2.402,-0.322,2.402,0.041,-0.403,1.19,-0.322,1.19,-0.706,-0.763,2.402,-0.322,-0.967,-0.967,2.402,-0.763,-0.763,1.19,2.402,0.354,2.402,2.402,-0.322,-0.63,-0.403,0.354,-0.403,2.402,-0.967,-0.322,1.19,-0.403,-0.322,-0.763,-0.63,-0.706,-0.403,-0.967,0.041,-0.967,2.402,1.19,-0.63,-0.322,-0.322,-0.763,-0.403,-0.322,-0.4189549496993515,-0.706,-0.7785798925382137,2.402,-0.3313058563328496,-0.7180654822621119,1.19,-0.3059269974494475,-0.2607532032609994,-0.63,2.388494226122718,0.354,-0.967,-0.20383872368714093,1.178548481006897
0.779,0.779,1.274,1.452,-0.226,-0.53,-0.624,-0.53,-1.078,0.779,1.274,0.779,-1.078,-0.226,1.452,0.779,-0.624,-0.624,0.98,-0.556,-1.078,-0.53,0.98,-1.078,1.274,-0.624,1.274,-0.226,0.779,0.779,0.779,-0.624,1.274,-0.53,-0.226,1.452,-0.556,-0.624,0.779,0.727,-0.226,-1.078,1.274,0.727,0.779,-0.226,-0.24811225758994476,1.452,-1.078,1.433411248693687,-0.21848136338537,-0.53,-1.0853068273738824,0.7641200141735257,0.727,-1.0569977652094802,0.98,0.7086971827791573,0.7409747682815426,-0.5452255315882665,-0.18158790696412502,0.9651723816952922,-0.624,-0.49919156962825517,-0.636397215741386
0.747,-0.891,-1.015,-0.769,-1.423,-0.891,-0.932,-0.218,-0.932,0.949,-1.423,0.747,0.949,-0.932,-0.28,-0.769,-1.423,-0.891,0.747,-0.218,0.747,-0.218,-0.769,-1.015,0.747,-0.218,-1.015,-0.218,-0.218,-0.218,-1.423,0.747,-0.703,0.747,-0.703,-0.891,-1.423,0.747,-1.423,-0.218,-1.423,-1.015,-1.423,-1.015,-0.28,-1.423,-0.932,0.747,-1.015,-0.703,-1.423,-1.4458720035549035,-0.769,-0.28,-0.7104096445942981,-0.28961694721358583,-0.6847770813587463,0.747,0.949,-0.25499158951777906,-0.2072458925942439,0.9387504006649936,-0.218,-0.7798986842638147,0.7381652961280939,-0.2288190152656981,0.9864596505369584,-0.7432457489977311
0.179,0.179,-0.625,-1.172,-1.204,-1.172,0.178,-0.479,0.097,-1.172,-1.204,0.097,-0.479,-0.479,0.038,0.07,1.229,-0.479,1.229,-1.204,-1.172,-1.172,1.229,-0.625,0.097,-1.172,-1.172,0.179,0.097,0.07,0.07,0.178,-0.479,-1.204,-1.172,0.097,-1.204,-1.172,0.097,-0.479,0.07,-1.204,0.038,-0.625,0.178,-1.172,0.1602984714770813,0.038,-1.204,0.023145966480584305,-1.192372532023214,-0.625,-0.479,0.179,-1.1385099176522626,-1.2190496684332197,0.07,0.097,0.20269237134176987,-0.4947017736116905,0.07887737159613153,0.2404658528606844,-0.4572990373112934
-0.614,-0.609,-0.311,-0.614,1.322,2.613,-1.065,-0.719,2.613,-1.065,2.613,-0.18,2.613,1.36,1.36,-0.311,-0.719,-0.639,-0.311,1.36,2.613,-0.18,1.322,-0.639,1.322,2.613,2.613,2.613,-0.18,1.322,-1.065,-1.065,2.613,-0.719,-0.609,1.322,-0.311,-0.311,-0.609,-0.614,-0.719,1.36,-1.065,-0.609,1.322,1.36,-0.311,-1.065,-0.639,2.613,-0.609,-1.065,1.36,2.6018795301393136,1.3482881819428894,1.3794426032135634,-0.614,1.4158976827943595,-0.311,-0.18,-0.3235313299076514,-0.719,-0.1928793844070943,-0.14526194540700796,-0.639,-0.6293528989358281,2.6420380798143874
0.788,-0.263,-0.39,-0.521,-0.88,1.685,0.788,-0.88,1.685,1.685,-0.39,-0.263,-1.081,1.034,-0.263,-0.718,-1.081,-0.263,-0.521,-0.263,1.034,-1.081,1.034,-0.263,-0.39,-1.081,-0.263,-0.88,-0.718,1.034,-1.081,-0.437,-1.081,-0.88,-0.718,-0.263,0.788,-0.521,-0.263,-1.081,-0.521,0.788,0.788,0.788,-0.88,-0.88,-0.437,-0.718,-0.39,1.685,-0.88,-0.521,-0.437,1.6717953802300596,1.7080780787601229,1.034,-0.40433831701580614,-0.537594074361304,-0.3646741867817712,-0.5035568645277134,-0.4523333000689328,-0.3333390153946859,-0.28687301630124235,1.0183455464549125
1.121,0.941,1.269,-0.694,1.269,0.941,0.66,0.66,1.269,-0.054,0.941,-0.526,0.941,-0.694,1.269,-0.694,0.941,0.365,0.365,-0.054,0.66,0.66,0.365,1.121,-0.526,0.941,0.66,-0.228,1.121,-0.054,-0.694,-0.694,0.941,-0.526,-0.526,-0.694,-0.054,1.121,0.941,0.941,-0.694,0.66,0.66,-0.054,-0.526,-0.5406404758085566,0.0,-0.694,-0.7169963806418146,0.941,-0.016688658885653723,1.269,1.121,0.9247567062747126,0.9565844862272138,-0.6872604964032943,-0.06503133494407266,-0.228,-0.24496853696072785
-0.256,-0.759,-0.759,-1.238,-0.256,-0.97,-0.182,-1.238,-0.182,0.397,-0.97,-0.23,-0.182,-0.182,-0.23,-1.238,-1.238,-1.238,0.477,-1.238,0.397,0.309,-0.182,-0.97,-0.256,-0.256,-1.238,-0.182,-0.23,-1.238,-0.404,0.309,0.309,0.309,-1.238,-0.759,-0.256,-0.182,-0.97,-0.182,-0.182,-0.97,-0.97,-0.759,-1.238,-0.97,-1.238,-0.404,-0.256,-0.182,-0.2692815677015528,-0.23968803588725082,-1.238,-1.2479000822493926,-0.21009439361400684,-0.19616681526502674,-0.759,-0.97,0.397,-0.7758788558407503,-0.7447760541919802,-0.41554712238569036,-0.18931989701404597
-0.405,0.329,1.237,-1.239,-1.239,0.359,-1.239,-0.956,-0.405,-0.414,1.237,1.237,-0.977,0.329,-1.239,-0.405,-0.414,-0.956,-0.956,-0.977,-0.977,1.237,-1.239,0.421,0.329,1.237,-1.239,0.359,0.262,0.421,-0.405,-1.239,-0.956,-0.405,-0.414,-0.405,0.359,1.237,-0.977,-0.414,0.421,1.237,-0.977,0.359,-1.239,0.421,0.262,-0.414,-0.414,0.421,0.359,0.329,0.421,-0.405,-1.239,-0.977,0.3168809034136757,0.40732117627211545,-0.9940083695706712,-0.9539665389837046,0.262,1.237,-0.4178663055716914,-1.2562720318795975,0.34690890911279326,1.224742582255132,-1.2296772061014682,0.4576840856547073,-1.2144006228820883
-0.626,1.639,-1.004,1.589,0.582,-0.669,-0.669,-0.891,-0.584,-0.584,1.639,1.589,1.589,-0.891,1.639,-0.584,-0.669,0.582,0.582,1.639,1.589,-0.891,1.639,-0.334,0.725,1.639,-0.891,-0.891,-0.626,1.589,0.725,-0.334,-1.004,-0.891,-1.004,-0.891,-1.004,-0.584,1.589,-0.626,1.639,-0.891,1.639,-1.004,-0.891,-1.004,1.639,-1.0198766334175573,-0.626,-0.584,-0.6080569750469847,0.582,0.725,-0.6380321626674071,-0.6044319806100784,-0.334,1.625651509302798,-0.669,-0.35532713738048255,-0.891,1.6578968505698517,0.5728865566285745,-0.5580768186270016,0.6022934425974085,-0.9078458987082669
1.519,-0.45,-1.051,-0.815,-0.336,-0.336,1.82,-0.354,-1.051,-1.051,-0.336,1.258,1.258,1.82,-0.815,1.82,-0.336,-0.45,-0.354,-0.815,-1.051,1.82,-0.354,1.82,1.82,1.82,-0.336,-0.449,1.519,1.258,1.258,-0.336,-0.336,-1.051,-1.051,1.519,-0.449,1.519,-0.45,-0.45,-1.051,-1.051,1.82,1.82,1.258,0.428,-0.45,-1.051,-1.051,-1.051,-1.051,-0.45,1.519,1.258,-0.354,-0.815,1.519,-0.449,-1.051,-0.354,1.258,1.82,1.2434454120559084,-0.4579530334310764,1.8041610126404817,1.2750557438138788,-1.0612458515741146,-0.336,1.5040131617132233,1.3221680029219347,1.5460251819368516,-0.4147580233500091,0.428,1.570332484575587,-1.0151606645736597,-0.9842914095976367,-0.9456394727836683
-0.669,-0.259,-0.534,0.481,-0.467,-0.669,-1.116,0.913,-0.878,-0.878,-0.467,-0.332,-0.332,-0.669,-1.116,-0.669,0.913,-0.467,-0.467,0.913,-0.878,-0.332,0.913,-0.878,-1.116,-1.116,-0.259,-0.467,-0.669,0.913,-0.332,-1.116,-0.259,-1.116,-0.259,-0.878,-0.467,-0.259,-0.534,-1.116,0.913,-0.332,0.913,-1.116,-0.669,-0.259,0.913,-0.534,-0.2710329183991534,0.481,-0.467,-0.22560178904419304,-0.332,-0.34227838616218054,-0.6818238711764565
0.803,1.68,-0.444,1.158,0.803,-1.278,0.803,-0.133,-0.535,-0.716,-0.716,1.158,-0.535,-0.716,-0.146,0.803,1.158,0.803,-1.278,-1.278,-0.133,-1.278,-0.427,-0.535,-0.716,0.803,0.803,0.803,-0.133,-1.278,1.68,1.68,1.68,-0.444,-0.716,0.803,-0.133,0.803,-1.278,-0.535,1.68,-0.716,-0.133,-0.716,-0.716,-0.427,1.68,-1.278,-0.44379014228289276,-0.133,-0.444,-0.7274539426346213,-0.40977766244083463,-0.4554346131214209,0.803,-0.6977741557102682,0.787670196150862,1.6657830960003928,-0.14648765339527525,1.158,0.8301733604053101
-0.928,-0.251,-0.995,-0.995,-0.928,-0.928,-1.102,-0.928,-0.995,-0.487,-0.487,0.953,-0.251,-0.487,-0.458,-0.995,0.297,1.189,-0.928,-0.251,1.189,-1.102,-0.995,-0.458,-0.7,-0.251,0.297,-0.458,-1.102,1.189,-0.928,1.189,-1.102,-0.995,0.953,-0.458,0.953,-1.102,-1.102,-0.251,-0.928,-0.7,-0.487,-0.458,-0.487,-0.487,-0.7,-0.7,0.953,-0.487,-0.928,-0.9409104920615123,-0.251,-0.8931578085495413,-0.7,-0.271303448915186,-0.85597927001654,-0.458,-0.995,0.953,0.297,0.9352530731954711,-0.4722309900710731,-1.0124774362600535,-0.42781883326908354,-0.5043338108317117,-0.8107792707876869,-0.404280435840652
-1.037,0.325,0.38,-1.194,-0.859,-0.778,-0.332,-0.713,0.38,0.325,-0.784,-1.037,-0.713,-0.784,-1.194,-0.859,-0.859,-1.194,0.858,0.325,-0.332,-0.784,-0.784,-1.194,0.38,-1.194,-0.332,0.38,-0.859,0.325,-1.194,-1.037,-0.332,0.858,-0.778,0.325,-1.037,-0.778,-1.194,-1.037,-1.037,-1.037,0.38,-0.784,0.858,0.37199979914140513,-1.194,0.4245162655608549,-1.2081182051738935,0.4710535868858509,0.325,-0.859,-1.037,-0.332,-0.713,-0.778,0.5107201183304335
-0.423,1.459,1.459,0.773,-0.423,-0.938,-0.423,0.366,-0.938,1.459,-0.938,1.459,1.459,0.773,1.459,0.773,-0.938,1.459,-0.676,-0.423,-0.598,0.366,-0.598,0.773,-0.676,0.88,1.459,0.88,0.773,1.459,0.366,0.773,0.366,0.424,-0.671,-0.938,-0.598,-0.671,0.773,0.773,-0.598,-0.423,0.366,0.88,0.88,-0.671,1.459,0.366,-0.676,-0.598,1.459,-0.423,-0.598,-0.598,1.459,0.773,0.7622844514684152,0.88,-0.6104813085231955,0.8687110868404914,0.9031463051249468,-0.671,-0.938,-0.423,0.8203202694944349,-0.9529290148212816,0.8539832746430731,1.4511220224336188,-0.676,-0.6930255700676557,0.424
-0.284,-0.284,-0.453,0.361,0.361,-0.659,-0.925,-0.325,1.366,-0.325,-0.139,0.361,-0.284,-0.517,-0.548,-0.925,-0.453,-0.517,-0.925,-0.325,-0.925,-0.284,-0.548,-0.139,-0.284,-0.659,-0.453,-0.284,-0.925,-0.325,1.366,-0.325,-0.453,-0.925,-0.548,-0.548,0.361,-0.139,-0.925,1.366,-0.548,-0.517,-0.925,-0.659,1.3516684527971177,-0.6753112684968883,-0.5564848261901528,-0.325,-0.284,-0.2945082293495523,-0.5324042013099071,-0.139
2.337,1.956,-0.316,2.337,-0.629,-0.371,1.18,-0.108,1.18,2.337,-0.629,-0.316,1.18,2.337,-0.371,1.956,-0.316,0.62,0.62,1.956,-0.108,0.303,1.18,2.337,-0.316,-0.629,-0.629,1.956,1.18,1.18,-0.629,2.337,1.956,0.62,0.62,2.337,1.956,2.337,1.956,0.303,-0.108,-0.316,0.303,2.337,1.18,1.1643381772632633,0.2931754591508625,0.0,2.324524616286468,-0.371,-0.629,0.62,-0.3239706548866378,0.6033046989988882,-0.38811905375764677,-0.6458990489153251
1.098,0.493,-0.165,0.493,0.52,0.52,-0.307,0.493,0.52,0.52,-0.398,0.493,0.493,-0.307,-0.165,0.493,-0.648,-0.307,0.52,-0.307,-0.19,0.254,1.098,-0.165,1.098,-0.074,-0.398,-0.398,-0.398,1.098,-0.307,-0.19,-0.307,0.254,-0.074,0.493,-0.074,-0.19,-0.307,1.098,-0.19,-0.165,-0.307,1.098,-0.648,0.52,-0.165,-0.648,-0.398,-0.648,0.254,-0.6578299152011936,-0.307,0.52,0.5041126086671339,-0.61363999764185,-0.5924011131148802,1.098,-0.19,-0.3120469202636843,-0.398,-0.27206566150047645,-0.4094772451805843,-0.5476209458850176,-0.074
-1.243,-0.517,1.62,-1.243,-0.801,-0.843,-0.643,-0.843,-0.643,-0.234,-0.234,-0.843,-0.843,-1.333,-1.333,-0.517,-1.333,-0.643,0.67,0.67,-0.234,0.67,0.67,0.757,-1.243,0.67,-1.243,-0.801,-0.517,-0.517,-1.333,1.62,-0.801,-0.643,-0.643,0.757,-1.243,-0.801,-0.517,0.67,-1.243,1.62,-1.243,1.62,-0.234,-0.843,-0.843,-1.243,-1.333,-0.234,-1.333,-1.243,-0.643,-0.234,-1.333,-1.243,-0.843,-1.333,-0.643,-1.243,0.757,1.62,-0.801,-1.2492873535306799,-1.2176203591000754,0.67,-1.34549616917398,1.6052772996032543,-0.6551913503276898
-0.587,-0.29,-0.548,0.254,-0.102,-0.229,-0.102,-0.601,0.074,-0.587,-0.229,0.254,-0.29,0.933,-0.587,0.933,-0.29,-0.411,-0.587,0.074,0.933,0.933,0.074,-0.548,0.074,-0.601,-0.587,-0.29,0.074,-0.229,-0.548,-0.548,0.933,-0.29,-0.29,-0.587,-0.29,-0.601,-0.587,-0.548,0.933,-0.229,0.074,-0.2459874903656683,-0.21726002571373726,-0.411,-0.587,0.9217438881751818,-0.548,0.951706835871315,0.061537803887605574,-0.5927556111417652
2.26,0.85,0.622,2.26,-0.702,0.622,0.622,-0.99,0.437,-0.5,-0.99,0.85,2.26,2.26,0.437,-0.353,0.85,2.26,-0.99,-0.99,0.552,0.552,0.775,0.622,-0.702,-0.5,-0.99,-0.353,0.622,0.552,-0.5,0.622,-0.99,0.437,-0.702,0.85,-0.99,0.437,-0.353,0.437,0.775,0.622,-0.5,-0.353,2.26,2.26,0.552,0.552,0.775,-0.353,0.437,0.437,0.622,2.26,0.437,0.552,0.437,-0.702,0.775,-0.5,2.26,-0.99,-0.5135074284282676,-0.7154360021061541,-0.48283926029353985,0.5383630393678045,-0.353,2.2440834021209835,0.42388845400154446,0.45459453897528895,0.4748020217036619
0.707,0.709,0.707,0.483,-0.771,-1.164,0.483,-0.244,0.707,-1.164,0.707,0.058,0.483,-0.644,-0.644,-1.164,-0.771,1.471,1.471,-0.644,-0.644,-0.644,-1.164,-0.644,0.707,-1.164,1.471,-0.244,-1.164,-0.644,-1.164,0.058,-0.244,-0.244,-0.617,0.058,-1.164,0.058,1.471,1.471,-1.164,0.707,0.709,-0.617,-0.644,0.058,-0.771,-0.617,-0.771,0.058,0.03473579669470014,0.058890360653940724,1.471,0.483,-1.164,0.08496236263257101,0.707,-0.617,1.461428321738483,0.10317430289055904,-0.7817694523976975,0.13784313277231744,-0.644,1.4714364905185702,0.6944317078793981,-1.1798781385115351,-0.244,-0.6548158674114883,-1.1491768126141535,-0.2566458957313153
-1.078,-0.802,0.977,0.638,0.638,-0.836,-0.107,1.169,-1.078,-0.802,0.702,-0.107,0.977,0.702,-0.798,-0.836,-0.798,-0.798,-0.107,0.638,-0.798,0.002,-0.107,-0.798,0.702,-1.078,-0.107,0.702,0.638,0.702,1.169,-1.078,-0.798,-0.802,-1.078,-1.078,-1.078,0.638,-1.078,1.169,-0.836,-0.802,-1.078,-1.078,-0.798,-0.107,0.002,-0.836,-1.078,-0.802,0.702,0.638,-0.798,-0.8105536293041363,0.6215109262557579,-0.7530708352469557,-0.107,0.658883839908675,0.7000739404022994,0.977,-1.078,0.002,0.9671790527878915,-0.013734654835735894,0.7514957347492628,0.6911371741605237,0.029268881266604565,1.169,-0.11927782484502264,-1.0916550692755629
-0.863,-0.536,1.098,-0.424,-0.805,1.147,1.147,0.164,-0.238,-0.863,1.098,-0.771,-0.863,-0.238,0.164,-0.863,1.147,0.999,-0.536,-0.238,-0.863,0.164,0.164,1.147,0.164,-0.863,-0.805,1.098,0.999,0.164,0.164,-0.771,-0.805,-0.238,-0.771,-0.805,0.999,-0.536,-0.536,-0.424,-0.863,-0.536,0.164,-0.805,-0.771,-0.805,0.999,-0.424,0.9845808292628598,-0.805,0.164,0.14916131123929077,-0.771,-0.238,-0.7786667499436807,-0.8173491975724319,1.0130545430699394,-0.7345394686753004,-0.536,-0.4338271060882933,-0.863,-0.88563473423369,-0.6950946928813574,0.1991787274767438,0.22273401385447142,-0.8375256328908803,-0.38915396712610933
-0.298,-0.676,-0.806,1.066,1.066,1.066,-0.821,-0.676,-0.676,-0.65,-1.004,1.804,1.804,-1.004,-0.65,-1.22,-0.676,1.804,-1.22,-0.676,-0.806,-0.65,-0.55,1.804,-1.004,-0.676,-0.821,-0.676,1.066,-0.821,-1.22,-0.806,-0.676,-0.821,-0.65,1.804,-1.22,-1.22,-0.65,-0.65,-0.676,-0.65,1.804,-1.004,-0.55,1.804,-1.22,-0.676,-1.22,-0.65,-0.676,-1.22,1.804,-0.298,-0.55,-1.2307951709167833,-1.004,-0.5596142766111105,-0.806,-0.522021475435789,-0.6879464526543073,-0.489958997208265,-1.021422486865297
0.52,-0.825,0.52,-0.447,0.998,-0.825,0.547,-0.447,-0.447,0.998,-0.825,-0.802,-0.572,0.998,-0.825,0.52,-0.802,-0.825,-0.572,0.547,0.428,-0.802,0.325,0.52,0.52,0.547,0.52,0.325,0.52,0.428,-0.572,0.52,0.428,-0.825,-0.802,0.493,-0.447,-0.572,0.52,-0.825,0.52,0.428,-0.447,-0.572,-0.802,0.547,0.998,-0.4593099314263339,0.493,0.41557770020971846,0.4248710886492586,0.988682416592274,0.52,-0.40242930155369117,0.47979207676139457,-0.5818951729189138
-0.867,-1.052,1.474,-0.067,-0.867,-1.052,-0.155,-0.155,-0.155,-0.155,-1.052,-0.067,1.474,0.745,0.745,0.745,0.745,0.745,-0.867,1.474,-0.867,-0.867,0.402,-0.169,-0.169,0.014,0.745,0.745,-0.867,-0.169,0.168,0.014,0.168,-0.867,0.745,0.402,0.402,-0.155,0.745,0.014,-0.867,-0.169,1.474,0.168,0.168,-0.169,-0.067,-1.052,0.745,-0.169,0.168,-1.052,0.014,-0.867,0.745,-0.155,-0.8837767839003227,1.474,0.733593038425554,-0.0006255131798252149,-0.067,-1.064668160781672,-0.16698282368998996,0.02101551424296532,1.4650354774047027,-0.8453086132243514,0.7544146123667433
-0.958,0.971,-0.799,-0.368,-0.084,-0.368,-0.799,-1.08,-0.971,-0.609,0.971,-1.08,-1.08,-0.971,-0.418,-0.799,-0.971,-0.971,-1.08,-1.08,-0.799,-0.971,-1.08,-0.958,-0.958,-0.958,-0.799,0.992,-0.971,-0.971,-0.609,0.992,-0.084,-0.971,0.971,-0.958,-0.609,-1.08,-0.958,-0.799,-0.971,-0.418,-1.08,-0.971,-0.971,-0.971,-0.971,-1.08,-0.084,-0.958,-0.958,-0.609,-0.958,-0.084,-0.971,-0.799,-0.609,-0.09425262932826595,-0.6248190337785697,0.992,-0.9702503849888754,-0.9795158339992205,-0.418,-0.368,-0.4343043221251739,-0.9355505113644541,-0.3939972939073665
1.244,-0.622,0.349,1.244,1.794,-0.778,1.794,-1.067,-0.639,0.57,-1.067,0.349,-1.067,-0.608,1.794,0.349,0.212,-1.067,1.244,0.349,-1.067,-0.622,1.794,-0.622,-0.778,1.244,-0.778,1.244,1.794,0.349,1.244,-0.639,1.244,-0.608,-0.639,1.244,-1.067,1.244,1.794,0.212,-0.608,0.212,1.794,1.794,0.349,0.57,1.794,-0.639,0.3356338245320201,-0.6510149936570615,-0.6197089378478723,1.244,-0.6050497142591826,-0.608,1.7833612793005844,0.212,-0.778,-1.067,-0.622,-0.6373500173999175
0.165,1.773,-1.38,-0.374,0.165,1.773,-0.374,1.773,-0.096,-0.301,1.773,1.773,-0.049,-1.38,-0.096,-0.049,1.773,-0.432,-0.096,-0.049,1.773,-0.374,-1.38,1.214,1.214,-0.096,-1.38,-1.38,-0.301,0.161,-0.049,-1.38,1.214,0.161,-0.432,-0.432,-0.096,-0.301,-0.374,-0.432,0.165,-0.301,-0.432,-1.38,-0.301,0.161,-0.432,-0.096,-0.10705244306893975,-1.38,1.773,0.165,-0.374,-1.3977530113762713,0.14835533147033783,-0.08238701710705798,0.19336571991631374,-1.369905632538579,0.161,1.7599982149614941,-0.049,0.14745210770129916,-0.06283808633879759,-1.3386332079228205,1.7742941151494336
0.942,-0.177,-0.177,-0.112,-0.315,-0.315,-0.156,0.533,0.533,-0.156,-0.177,-0.177,-0.156,0.533,0.942,0.317,-0.112,-0.315,0.007,0.533,-0.315,0.317,0.057,0.317,0.057,0.007,-0.177,-0.315,-0.156,0.533,-0.177,0.942,-0.112,0.007,-0.177,-0.177,0.007,-0.112,-0.315,-0.112,-0.315,0.942,-0.112,-0.315,-0.227,0.942,-0.112,-0.177,0.317,-0.315,0.533,0.007,-0.12455082396307729,0.9287000686283408,0.30503800403879155,-0.0934763542994237,-0.227,0.057,0.9508172112328196,-0.0020178851045913526,-0.23736750020750888,-0.06326526172250872,-0.18854326607500313
-0.003,-0.198,-1.01,-0.794,-0.003,-0.794,0.152,-0.198,-0.198,-0.722,-1.01,-0.722,-0.973,-0.794,-1.01,-0.782,-0.003,-0.003,0.152,-0.794,0.035,0.035,-0.722,-0.003,-0.198,0.035,-1.01,-0.722,-1.01,-0.973,0.135,-0.198,0.035,0.135,-0.973,-0.782,-0.794,-0.722,-0.722,-0.003,0.135,0.152,-0.722,-0.782,0.035,-0.973,-0.973,-0.003,-0.782,-0.794,-0.722,-0.7375982665784394,0.035,-1.01,0.022371867953557563,0.135,-0.018802583918410557,-0.973,-0.987431125087948,-0.721616541247971,-0.9437844543297561,0.05212614766918257,-0.8951648341546178,-0.7032494244389397,-0.6651859789111207,-0.198,-0.8036741210979164,0.024010797225904365
0.505,0.251,-0.098,1.269,1.269,-0.167,0.251,-0.996,-0.996,-0.996,1.547,0.505,1.269,1.547,1.547,-0.996,-0.675,-0.996,-0.675,-0.911,1.547,0.505,1.547,-0.911,-0.911,-0.911,1.547,-0.675,0.251,-0.996,1.547,1.269,-0.167,-0.203,-0.996,1.547,-0.911,1.547,-0.911,1.547,-0.996,-0.996,1.547,0.505,0.251,-0.167,-0.996,-0.167,0.505,0.251,1.547,-0.996,-0.203,0.24410276759154245,1.5343292850093273,-0.21020218622451065,-1.0069731902047327,-0.9622375406362461,-0.17029289355848223,1.5574737491227206,-0.9162968014995567,-0.8674980963525181,-0.911
-0.987,-0.987,-0.804,0.045,-0.668,1.687,-0.987,-0.804,-0.584,0.232,-0.584,0.232,0.232,-0.987,-0.631,-0.668,-0.631,0.232,0.045,-0.668,-0.327,-0.987,-0.668,-0.668,-0.987,-0.584,1.687,1.687,-0.987,1.687,-0.804,0.232,0.477,-0.631,-0.327,-0.668,-0.804,1.687,-0.804,-0.631,-0.668,-0.804,0.232,0.477,1.687,-0.327,-0.987,-0.6437313106613777,-0.6819291567270762,-0.6479002151092557,1.673089797836504,-0.3383709568470406,-0.63766034159585,0.045,0.03358948322602211,1.7059529624462981
1.836,-1.128,-1.054,-1.054,-1.128,-1.054,0.567,-0.592,1.337,-1.128,1.337,-0.592,1.836,1.337,-0.903,-0.199,1.445,-1.128,1.445,1.478,1.836,0.567,-1.054,-0.199,1.337,1.337,-1.128,-0.592,1.445,0.567,1.478,-0.903,-0.903,0.567,-1.128,-0.592,-1.054,1.337,1.445,0.567,1.836,-0.199,-0.903,1.445,1.478,1.836,-1.128,0.567,1.337,1.478,-0.199,1.836,-1.054,-0.199,1.478,-1.128,1.337,1.478,1.445,1.4633780045199458,-0.199,1.3183593924154382,-1.1380242878955404,0.567,0.5504181044147403,1.836,1.4823321487815273,0.5843163018067448,-0.903,1.8180717244664728,-0.9189992595052234
1.224,1.507,-0.726,-0.726,1.622,-0.835,-0.835,-0.683,1.521,-0.708,1.224,1.622,-0.835,-0.683,-0.708,-0.708,-0.683,0.73,0.73,0.73,1.622,0.73,0.73,-0.835,0.037,-0.708,1.521,1.622,1.507,1.622,-0.683,-0.726,1.622,1.507,1.507,-0.726,1.224,0.037,1.507,1.521,0.73,1.622,1.622,1.507,-0.835,0.73,-0.726,1.224,-0.683,1.224,-0.835,-0.683,-0.726,-0.708,1.622,0.73,-0.7249328220146741,1.612241315636052,-0.6949076471202171,1.6429531391261762,1.507,-0.8492777079485009
1.207,0.652,-1.002,0.62,0.62,-1.108,-1.108,-1.108,-1.108,0.652,1.175,1.175,1.207,1.353,1.175,-1.108,1.175,1.353,-1.002,0.652,-1.002,-1.002,0.652,1.353,1.175,1.175,1.484,0.652,1.484,0.652,1.175,0.646,-1.002,-1.002,-1.108,1.353,0.62,-1.002,-1.002,-1.108,1.484,0.652,0.646,1.484,0.652,0.646,-1.002,-1.002,1.484,-1.002,-1.002,0.646,-1.002,0.646,-1.002,0.62,0.6038516468199403,0.652,-1.0141833444678074,1.353,0.646,-0.9914131826033962,1.3480265997186194,-1.002,-1.108,1.207,0.6516543172364356,-1.0200313744475387,1.1946224616081562,1.3863658786454367,-0.9767463728613199,0.680496304780821
-0.93,-0.741,1.311,1.462,1.311,-0.93,-0.97,-0.4,1.462,-0.93,-0.4,-0.4,1.173,-0.4,-0.93,-0.132,-0.132,-0.848,-0.93,-0.741,-0.93,1.311,-0.93,1.462,1.173,0.111,-0.741,-0.97,-0.848,1.173,-0.848,1.173,1.462,-0.132,-0.97,1.173,-0.741,-0.132,1.311,1.311,-0.97,-0.4,-0.848,-0.741,1.462,0.111,-0.741,1.462,-0.848,-0.848,-0.93,1.462,1.462,0.111,-0.848,-0.8557682405748376,-0.97,-0.132,-0.8215168906031751,0.09451377165301544,1.462,-0.7811513643806951,-0.93,-0.7363804079532367,-0.9792974292397159,1.447398617200538,-0.9424759848098547
-0.732,-0.871,-0.379,0.223,-0.583,-0.767,-0.942,-0.379,-0.732,-0.767,-0.732,-0.781,-0.379,0.417,-0.871,0.223,-0.942,-0.942,-0.583,-0.781,-0.767,-0.379,-0.392,-0.871,-0.781,-0.732,-0.942,-0.583,-0.392,-0.871,-0.392,-0.781,-0.392,-0.781,-0.583,-0.583,-0.767,-0.379,-0.871,-0.732,-0.732,-0.583,-0.781,-0.871,-0.781,-0.871,0.417,0.417,-0.942,-0.942,-0.379,0.417,-0.732,-0.39434102421879424,0.4054477582114232,-0.583,-0.35227460666086735,-0.781,-0.7447026163462648,-0.392,-0.5979970256980671,-0.9511289827803125,-0.3287524256530937,-0.2846282841986033
-0.409,-0.441,-0.77,-0.935,-0.77,2.102,-1.026,-0.77,-0.935,0.105,-0.441,-0.409,-0.311,-0.77,-0.441,-0.527,-0.467,-0.935,-0.77,-0.441,-0.935,-0.409,-0.77,-1.026,-0.409,2.102,-0.441,-0.77,-0.467,-0.441,-0.467,-0.409,-0.935,-0.441,-0.441,-0.77,-1.026,-0.527,-0.77,2.102,-1.026,0.105,2.102,2.102,-0.467,-0.527,2.102,-0.441,-0.935,0.105,-0.4547618638367258,-1.026,2.0863513566418708,-0.77,-0.541183446584709,-0.513969315895233,-0.9524331318540703,-0.9272832218192973,-0.7838878324518808,-0.409,-0.4690911786483154,-0.4274495784551455,-0.4777661792418217,2.119961020991016,-0.41354488836786407,-0.36638594097358473,-0.3372795259675754,-0.8824046397961638,-0.41602629948227526,-0.8454333525473227,2.15469759263296,-0.7326077008544802
2.002,2.002,0.253,-0.296,2.002,2.002,0.253,-1.223,0.253,1.099,0.365,2.002,-0.296,1.099,2.002,1.099,1.12,-0.296,-1.223,-1.223,-0.226,2.002,1.12,1.099,0.422,-1.223,1.099,1.099,-0.296,-0.226,2.002,0.365,-0.41,1.12,-1.223,2.002,-1.223,-0.296,-0.226,-1.223,-0.296,-0.41,1.099,-1.223,-0.296,-0.296,-1.223,-0.226,-0.41,-1.223,-0.41,-1.223,2.002,0.253,-0.226,-0.296,1.099,1.9914403165179118,1.12,-0.24138963217361925,0.24268054689402083,0.365,-0.20611532075210645,-1.2377853637150793,-0.3076614560813908
-0.677,-0.582,-0.582,0.562,1.628,-0.677,0.949,1.628,-0.668,-0.626,-0.582,-0.677,0.562,0.143,0.949,-0.626,-0.582,-0.668,-0.582,-0.677,0.562,0.949,-0.626,-0.582,0.143,-0.582,-0.582,0.659,1.628,0.562,1.628,0.562,1.628,0.143,0.562,-0.582,-0.582,1.628,-0.582,0.949,-0.582,-0.668,-0.582,0.562,-0.668,-0.677,-0.582,1.628,0.143,0.659,0.562,-0.626,0.6435893192027377,-0.668,0.5477688711808022,0.6927257638877677,0.5779180141577065,-0.6356714824063133,0.949,-0.6819430365998094,-0.677,0.1346674934227802
0.195,0.326,0.7,0.449,-0.975,-0.775,-0.775,-0.941,-0.975,-0.775,-0.941,1.127,0.7,-0.775,-0.975,-0.975,0.195,0.195,1.127,-0.775,0.326,0.326,-0.975,-0.975,1.127,0.195,-0.941,1.127,-0.256,-0.975,-0.775,-0.975,0.243,0.195,0.243,-0.941,0.195,1.127,0.195,-0.941,-0.775,-0.775,-0.975,1.127,-0.775,-0.941,0.7,-0.9596965056053529,0.6916513188274618,-0.7858484212273915,-0.256,0.326,1.110786411198285,0.243,-0.9865456549974303,-0.8996597007695915
0.748,0.748,0.256,1.238,1.238,-0.707,0.376,0.256,-0.681,-0.116,0.886,0.748,-0.707,0.376,-0.116,0.256,-0.116,0.422,0.886,0.256,-0.116,0.488,-0.681,-0.707,-0.681,0.886,0.256,0.256,0.748,1.238,1.238,-0.116,-0.707,-0.681,0.376,0.256,0.376,0.886,0.886,0.8681063734403873,-0.681,0.748,0.422,0.256,0.376,-0.6959394742350332,0.8971103550091508,0.2358257615862373,0.35823094616079176,0.488,-0.6566717199926312,0.27766836309792486,-0.6336943570652004
-1.076,-0.496,-0.496,-0.496,-1.076,0.58,1.404,-1.076,-0.682,-1.076,0.127,1.404,0.58,-0.972,1.404,-0.808,-0.808,-0.682,-1.076,-0.496,0.019,0.58,-1.076,-1.076,-0.808,-1.076,-0.972,-1.076,0.019,-0.972,-0.808,0.127,1.281,0.019,1.404,0.019,0.019,0.58,-1.076,0.58,0.019,1.281,-0.972,-0.496,0.127,-1.076,-0.972,-0.808,0.127,-1.076,0.019,0.019,-0.808,-0.496,1.281,-0.972,-0.682,1.2626397897086223,1.404,-0.9837160003487202,1.3144963884081189,-0.8196078503915382,0.127,0.019,0.58,-0.6952416081254786,0.11148505018853291,-0.5074166882091304,1.3479672717300262,1.3901779136397177,1.411064634530298,0.008356543606179928
-0.319,-0.986,-0.186,0.045,1.04,-0.986,-1.289,-0.99,-0.769,-0.986,-0.986,1.04,-0.99,-0.319,0.026,0.045,0.045,-1.289,-0.319,-0.769,-0.99,-0.319,-0.986,-1.289,-1.289,-0.99,-0.186,-0.986,-0.701,-1.289,-0.186,-1.289,-0.769,-0.319,-0.319,-0.701,1.04,-0.986,-0.319,0.026,-0.986,0.026,-0.769,-1.289,-0.186,-1.289,-0.99,-0.99,1.04,0.045,-1.289,-0.986,-1.0038082004391184,-0.701,-1.3087254934172656,0.032734120722447524,-0.99,-0.186,-0.964626866284579,0.026,-0.19612714887396476,-0.9287696864764342
-1.151,0.413,-1.151,-1.151,0.12,-1.151,-0.028,-0.028,-0.228,0.364,0.361,0.413,0.413,-0.517,0.895,-0.228,0.895,-0.517,0.895,-1.151,-0.517,0.895,0.12,0.361,0.12,-0.667,-0.517,0.364,-1.151,0.361,0.12,-0.228,0.12,-0.667,-0.517,-1.151,-0.028,0.364,-0.028,0.364,-0.667,-0.667,0.361,0.413,-0.517,-0.667,0.413,-0.678939629176124,-0.5292094696687674,-1.151,0.39807376925482707,-1.1611405917499522,0.361,-0.228,-0.028,-0.049938839102504115,-0.024488059647281762,0.364,0.12,-0.6422401928160905,0.345158243735852,0.018998231788015407
-1.077,-1.406,-0.769,-0.769,-1.077,-0.769,-0.769,-0.769,-0.856,0.147,-1.406,-1.406,-0.856,-1.406,-1.406,-1.406,-1.0,0.147,-1.406,-1.0,1.565,0.101,-1.406,-0.856,-1.077,-1.0,-1.406,-1.0,-0.769,-0.856,0.101,0.007,-1.0,0.147,1.565,1.565,0.147,-1.077,0.147,-1.0,-1.077,-1.406,1.565,-0.856,0.101,0.007,0.0,0.101,-0.856,-1.406,-0.016136442996971586,-0.769,-1.420338133831453,1.565,-0.869063325492735,-1.0,-0.7830016215012873,-1.3894298123399191,0.007,-1.0143725068233234,0.147
-1.347,-1.347,1.114,-0.606,-0.917,-0.917,-1.347,-1.347,-0.917,1.531,-0.683,0.403,1.531,-0.683,-0.606,-0.606,-1.347,-1.347,-0.683,-0.606,-1.347,-0.053,-0.296,-1.347,1.114,1.531,1.826,1.114,1.114,-0.683,-0.296,-1.347,-0.296,-0.606,-0.917,1.826,1.826,1.826,1.826,1.114,1.826,-1.347,-1.347,1.531,-0.917,-0.917,-0.683,1.114,-0.296,1.531,-1.347,1.5179895488210586,-0.6932356191120804,-1.3643049101560214,-0.6647568618853523,1.570226133521785,-0.606,-0.053,1.826,-0.6279154017309291,1.8139731746929537,-0.3074592676775971,-0.0685911983587876,-0.6173232140398958,1.8590463992974315,-0.9285485047603749,-0.5947202686391868,-0.56151377660389
0.02,0.123,1.199,-0.394,0.076,1.052,-0.674,1.052,0.123,1.052,0.304,1.199,-0.394,0.534,0.914,0.02,1.199,0.02,1.199,0.534,0.534,0.534,1.052,1.052,0.304,0.123,1.052,1.052,0.076,0.534,1.052,0.534,-0.394,-0.394,1.199,-0.674,1.199,1.199,0.914,1.052,0.914,0.534,-0.394,-0.42034060873903134,0.02,1.052,1.199,0.008336004823600519,0.03779089433012525,0.304,1.1842437956956369,0.076,-0.674,1.0364245681237496,0.2923992185815073,0.0643839180528481,-0.39670471348327074,0.3251290528722388,0.9021005941302846,1.0709127074975087
-0.167,-0.132,1.066,1.066,-0.132,-0.132,-0.221,-0.167,-0.558,-0.132,-0.987,-0.987,-0.703,-0.208,-0.227,-0.132,-0.221,-0.987,-0.167,-0.208,-0.817,-0.208,1.066,-0.227,-0.221,-0.817,-0.208,-0.208,-0.167,-0.208,-0.817,-0.132,-0.558,-0.227,-0.817,-0.987,-0.987,-0.817,-0.703,-0.132,-0.221,-0.987,-0.703,-0.558,-0.817,-0.167,-0.221,-0.23841983580441942,-0.19777405664171593,-0.703,-0.987,-0.208,-0.5677778935044465,1.066,-1.0001774730885293,-0.8303719262527082,-0.9645670713683959,-0.7889878612077308,-0.2209127501772411
0.125,-0.368,-1.078,-0.368,-0.738,-1.078,-1.078,0.974,-0.399,-1.078,-0.399,0.974,0.396,-0.738,0.125,-0.368,0.396,-0.008,-1.011,-0.008,0.227,-0.738,0.125,0.396,0.974,-0.008,0.396,0.396,0.974,0.227,0.227,0.227,-1.011,0.974,-0.368,-0.738,0.974,-1.011,0.125,-0.008,-0.368,-0.738,-1.011,-1.078,-0.368,-1.011,0.396,-1.078,0.974,0.396,0.125,-0.008,0.3885425013788814,0.11231277042317064,-1.0893475661822165,-1.0338886917347094,-1.011,-0.368,-1.0026065559884778,0.227,-0.3820001223834703,-1.022269654210873,0.42818256593678505
-0.793,-1.251,-1.213,-0.517,0.778,0.099,-0.379,-0.977,-0.977,0.099,-0.793,-0.517,0.099,-1.213,-0.891,-0.977,-0.977,-0.891,-1.213,0.099,-1.213,-0.891,-1.213,-0.977,-1.251,-0.793,-0.517,-1.251,-1.251,-1.251,0.099,-0.517,-0.891,0.461,-1.251,0.099,-0.793,-0.891,-0.517,0.099,-1.213,-0.977,0.778,0.778,-0.977,-0.891,-1.251,-1.251,-1.251,-0.793,-1.213,-0.517,-1.251,-1.213,-1.213,-0.977,0.099,-0.891,0.778,0.461,-0.977,-0.517,0.099,-1.251,-1.2593025527588146,0.7617101137321685,-1.213,-1.2232203146576182,-0.9902666267116171
-0.867,1.638,-0.582,0.678,-0.867,0.678,0.036,1.638,1.298,0.228,0.678,-0.582,1.298,0.876,1.298,-0.867,0.876,0.876,0.036,0.678,0.678,0.378,1.638,1.638,0.876,0.678,1.298,0.036,-0.867,0.678,-0.867,-0.867,0.378,1.298,1.298,1.298,1.298,1.298,0.378,0.876,0.228,0.549,0.678,0.036,0.036,1.638,1.298,-0.582,0.378,0.228,0.036,0.20879226189530448,0.549,0.23152816466945147,-0.5948699599143865,-0.867,1.2850005068885058,0.5337085828615805,-0.5591918470046668,0.678,0.28848730484692264,0.36953829139831945
-1.16,-0.015,-0.546,-0.015,-0.133,-0.873,-0.133,-0.015,-1.093,-0.648,-0.873,-1.093,-1.093,0.153,-1.093,-0.873,-1.093,-0.648,-0.492,1.956,-0.648,-0.015,-1.16,1.956,1.956,-0.015,1.956,-1.16,-0.873,-0.015,-1.16,1.956,-0.648,-0.133,-0.015,-1.16,-0.873,1.956,-0.492,-0.546,-1.093,-0.133,-0.133,-0.133,1.956,-0.873,-1.093,-1.093,0.153,-0.873,-0.648,-1.093,-0.015,-0.546,-0.029276787624142864,1.956,-0.003682437523318132,-0.5611725738517328,-0.873,0.019130786672709992,-1.16,-0.8848173108961429,-0.6601512830262808,0.06452165731688284
1.574,-0.983,-0.584,0.356,-0.983,0.356,0.043,-1.008,-0.584,-0.067,-0.983,1.574,-1.008,-0.067,-0.741,1.574,-0.954,-0.954,-0.428,0.356,-0.983,0.356,-0.428,1.574,-0.067,-0.954,-1.008,0.356,-0.741,0.356,0.043,1.574,1.574,-0.954,1.574,-0.741,-0.983,-1.008,-0.954,-0.983,-1.008,-0.067,-0.983,-0.067,0.356,-0.584,-0.954,-0.741,1.574,0.043,-0.954,-0.428,-0.741,0.043,-0.7527484398462218,-0.954,-1.008,-0.439224366008255,-0.7134606682227832,-1.021691135809516,0.356
-0.726,-0.068,-0.28,-1.235,-1.235,0.272,0.185,-0.726,-1.235,1.55,0.272,-0.28,-0.068,0.185,0.643,-1.235,0.84,-1.235,-0.726,-1.235,1.55,0.84,0.84,-0.726,0.84,-0.28,1.55,0.643,1.55,-0.726,-1.235,0.272,-1.235,-0.28,-0.726,0.84,0.643,0.185,-0.068,-1.235,-0.068,0.185,1.55,0.643,-0.726,0.272,-0.7409270624102294,0.84,0.8274866239591022,0.2566121763093708,0.8825331387629438
0.48,-0.273,-1.031,1.889,-1.031,-0.554,1.889,1.889,-0.554,1.301,-0.168,1.301,0.48,1.301,-0.273,0.142,-0.554,0.142,-0.168,0.136,1.889,0.142,1.889,1.889,0.142,-0.554,-0.168,-1.031,1.285,1.301,-0.554,1.285,-0.554,-0.168,1.285,0.142,0.136,1.889,1.301,-1.031,1.301,1.301,1.285,-1.031,1.285,-0.554,1.301,0.48,-0.554,1.301,-0.554,1.301,-0.168,1.285,-0.554,1.301,1.889,-0.5715379145935701,-0.18485098164148506,1.2735562655058508,1.8714312591060076,1.909988444688733,-1.031,-1.045288679758782,-1.021377616509174,-0.5451902946222745,1.972171649846477
1.557,1.548,-1.058,-1.058,1.557,1.557,-0.709,-1.058,-0.484,-1.058,-0.349,-0.484,-0.529,-0.663,-0.529,-0.349,-0.728,-0.56,-0.484,1.548,-0.728,1.548,-0.728,-0.529,-1.058,-1.058,1.557,-0.709,-0.728,1.548,-0.709,-0.349,-0.484,-0.663,-0.529,-0.56,-0.56,1.557,-0.728,1.557,1.548,1.557,-0.663,-0.484,-0.663,-0.349,-0.349,-1.058,-0.349,-0.663,1.548,-0.709,-0.6783232134416749,-1.0753004057544244,-1.0511798173326867,-0.728,1.557,-0.529,-0.6257290004933798,-0.56,-0.7365418499817957,-0.7284421485276174,-0.7206865029029238,-0.484
-0.141,0.274,-0.598,0.274,0.163,-0.265,0.163,0.274,-0.561,-1.006,1.742,-0.561,-0.598,0.274,-0.265,1.378,-1.006,-0.561,1.378,-1.006,-1.006,0.163,-0.598,-0.598,0.256,1.742,-0.561,0.163,0.163,1.742,0.274,-0.265,1.742,-0.561,-0.265,-1.006,0.256,1.378,0.274,1.378,1.378,0.163,-0.141,-0.598,-0.598,1.378,-1.006,-0.598,-0.141,1.3628601093402841,0.163,-1.0183570605337289,-0.561,-0.15009785151668767,-0.6130060085734532,-0.5800167591349163,-0.5729818690883552,0.274,-0.5302993741857711,-0.5490990958083748,-0.9710969533151097,0.256
-0.418,0.808,0.57,1.308,0.984,-0.879,0.57,-0.418,-1.069,0.322,-0.508,0.57,-1.069,0.57,-0.737,0.808,0.57,-0.418,0.57,-1.069,-0.418,0.808,-0.737,-0.508,1.308,-1.069,1.308,-1.069,-0.879,-0.737,0.984,0.57,1.308,-1.069,0.322,0.984,-0.418,-1.069,1.308,0.322,0.984,-0.879,-0.737,0.984,0.57,-0.879,0.322,-0.508,-0.508,0.984,0.984,-0.418,0.322,-0.508,-0.879,-0.522247361586923,0.984,0.9734920810706128,1.0022080978819217,-1.069,0.808,0.57,-1.0794051466960524,-0.4318703535277588,0.7968356604857025,-0.8921796056688073,-1.0495643625711166
-0.748,-0.504,-0.504,-0.536,-0.268,-0.758,-0.268,0.23,-0.268,-0.69,-0.748,-0.908,-0.268,-0.748,-0.504,-0.268,-0.908,0.23,-0.504,-0.268,-0.908,0.918,-0.504,-0.908,-0.69,-0.69,-0.536,-0.748,-0.504,-0.758,-0.69,-0.758,-0.758,-0.69,-0.758,-0.69,-0.758,-0.758,-0.69,0.918,-0.69,-0.536,-0.268,-0.748,-0.536,0.918,0.918,-0.69,-0.69,-0.536,-0.268,-0.908,-0.504,-0.536,0.918,-0.5237787526841997,-0.758,-0.268,-0.28748869456050985,0.23,0.21511920557232192,-0.748,0.24949209994194063,-0.5123104271054127,-0.7589945822642409,0.2935399241851734,-0.9169337261927492
-0.623,1.557,-0.782,0.063,-0.102,-0.623,-0.102,-0.782,0.063,-0.782,-0.808,1.289,-1.183,1.289,-1.183,-1.183,1.557,1.557,-1.183,-0.102,-0.808,-0.782,-1.183,-0.782,1.289,-0.623,-0.283,-1.183,0.272,-0.623,1.557,0.272,0.272,-1.183,0.272,-0.782,1.557,1.557,-0.808,0.272,-1.183,-0.782,1.289,-0.283,-0.102,-0.782,1.557,-0.623,1.5391400840839145,-0.808,-1.183,0.272,-1.1986499017378733,0.24923970324410766,-0.8225037938439043,0.063,-1.1638396559633728,-1.137480082444987,-0.6379390699348199,1.289,-0.11299242583518118,-0.283,1.2755326432981229
-0.506,1.341,-0.193,0.16,1.341,1.181,1.341,-0.193,1.181,-0.248,0.241,-0.193,-0.506,-0.327,0.241,0.16,0.626,1.341,0.626,-0.248,-0.193,1.68,0.16,0.626,1.181,1.181,0.241,0.626,1.68,1.181,-0.193,0.626,-0.248,0.241,-0.327,-0.506,1.68,1.341,1.68,1.181,0.241,0.626,-0.506,1.68,0.16,-0.327,1.181,1.341,-0.506,0.16,1.3311337939590582,-0.5201389825767293,0.241,-0.248,1.1690902628805449,-0.193,0.14698507892183751,1.68,1.6599939498502843,1.209295809665359,1.3568232734070045,1.7009788988415382
-0.948,-0.235,1.97,-0.235,-0.643,0.48,1.97,-0.175,-0.175,-0.235,1.97,-0.948,-0.948,-0.795,0.48,0.48,-0.795,-0.884,-0.235,1.97,-0.948,0.48,1.02,-0.948,1.02,1.97,-0.643,-0.884,-0.175,-0.795,1.02,0.48,-0.795,1.97,0.48,-0.643,1.97,-0.884,1.02,-0.175,1.97,-0.175,0.48,-0.884,-0.643,0.48,-0.948,-0.175,1.02,-0.9646452059067903,1.0032096036306897,-0.9539215121205981,0.48,-0.235,-0.18912642894604387,-0.9256128969358365,-0.2514875126004875,-0.643,0.4707152625445516,-0.16752909867322305
0.507,0.171,-1.325,-1.042,-1.325,-1.042,-1.042,1.312,-0.523,-0.875,-0.344,-1.042,-1.325,-0.875,-0.523,1.312,0.1,-0.875,-1.325,0.507,1.312,-1.325,-1.042,-0.344,0.507,-1.325,0.507,0.171,0.1,-0.538,-0.344,1.312,-1.042,-0.523,-0.344,-0.538,1.312,0.1,-0.538,-0.344,-1.042,1.312,-0.344,-0.875,0.507,0.1,-1.325,1.312,-0.523,-1.343743062929894,-1.2836213163468606,-1.2459519689204503,-1.2143363638361655,0.507,-0.5362278078098629,-0.538,1.2944882807254827,-0.5603963361409035,-0.502478295548706,-0.875,-1.042,-0.49150182174236107,0.48929845661821175,-1.1693393382984039,0.5483994896413945,-0.5240187418679266,0.6018202511340531,-1.150131744857369
1.453,-0.01,1.453,1.453,-0.454,0.612,-0.01,-0.01,1.453,1.073,1.073,1.916,1.916,-0.612,1.073,1.105,0.637,1.105,1.916,-0.612,0.612,1.105,1.453,1.073,-0.01,-0.052,1.105,1.105,1.073,-0.01,-0.052,0.612,0.637,1.105,1.453,1.916,1.916,-0.454,-0.052,0.637,0.637,-0.01,0.6213742981576207,1.916,-0.612,0.6569329942820488,0.612,-0.052,0.591153302534673,1.073,1.8992449669077027
0.575,0.961,-0.974,-0.974,-0.65,0.575,-0.65,0.961,-0.383,0.961,-0.383,-0.891,0.061,-0.974,-0.239,0.789,-0.974,0.575,-0.891,-0.974,-0.891,0.575,-0.974,-0.891,-0.239,-0.891,-0.383,0.789,0.415,0.789,-0.383,-0.65,-0.239,-0.383,0.961,0.575,0.575,0.575,0.575,-0.383,-0.239,0.575,-0.891,0.061,0.789,0.961,0.7725704485522561,0.8035848196863573,0.061,-0.974,-0.383,0.045256589824134,-0.239,0.9517373286212192,0.9717101857364967,0.415,-0.65,1.009395025257196,0.40355545786663244,0.575,-0.891,-0.6636920513260733,-0.25455146523576627
1.004,-0.338,-0.442,-0.022,-0.442,0.734,1.099,0.734,-0.499,-0.338,-0.848,-0.338,-0.401,-0.022,0.734,-0.338,-0.499,-0.442,1.099,0.444,-0.499,-0.499,0.444,0.444,0.444,-0.338,-0.022,-0.499,0.444,-0.848,-0.499,1.004,-0.401,1.004,1.099,1.004,-0.338,-0.848,0.444,-0.401,0.734,-0.442,-0.442,0.734,0.444,-0.848,1.099,-0.442,-0.442,0.444,1.004,1.099,-0.848,1.004,0.991951001533867,0.444,1.0859653613067857,-0.338,-0.859434203613242,-0.442,-0.022,-0.4565098857682158,-0.03978359549278819,1.1352378867388562,-0.401,-0.499,-0.5174792806204987
0.292,1.498,-0.646,0.793,0.292,0.353,1.472,1.498,1.115,-0.975,0.353,1.115,-0.975,1.498,0.899,0.292,1.472,-1.095,-0.975,0.793,-0.975,0.899,-1.095,1.472,1.472,-1.095,0.292,0.353,0.353,0.292,0.292,-0.975,-0.975,0.292,1.472,1.115,1.472,-0.975,-1.095,-0.646,1.498,0.353,-1.095,1.472,-1.095,-0.975,0.793,1.498,1.498,-1.095,0.793,1.498,0.292,1.4862003418570064,-0.646,0.2735017470351377,0.793,-0.975,1.115,1.5198687655311878,0.3026717720246556,1.472,0.353,1.458330394143794,0.3364955857078318,0.35439846566069966,0.899
0.615,-0.984,1.472,0.615,-0.836,1.007,1.007,-1.157,-1.157,-1.157,0.063,1.716,-0.679,-0.679,-1.157,-0.836,-0.984,-0.679,0.063,0.296,1.007,-0.836,1.716,0.296,-0.836,-0.984,0.615,-1.157,-1.157,1.716,1.007,-0.984,1.716,-0.679,0.296,1.716,0.615,0.296,1.007,-1.157,-0.984,1.472,-0.836,1.007,1.716,1.472,1.472,-0.679,-1.157,1.007,1.716,0.063,-0.679,0.04599352752125613,-0.6927632941904645,1.472,-0.6509351165976633,1.4637630229069432,1.4880446319283431,1.5141921921469266,1.559861058373709,0.615,0.296,0.28150365081973056,1.7007641672168596
-0.29,-0.29,-0.547,-0.547,-0.29,-0.29,0.021,0.021,-0.547,-0.29,-0.284,0.021,-0.686,1.305,0.021,0.021,-0.96,-0.669,-0.29,-0.96,-0.29,-0.284,-0.284,1.305,-0.669,-0.284,-0.29,0.021,-0.96,-0.686,0.021,-0.669,-0.547,0.588,0.588,-0.96,-0.96,-0.29,-0.547,0.021,1.305,-0.547,-0.669,0.588,1.305,1.305,0.588,1.305,0.0,-0.284,-0.018227125838556978,-0.96,-0.547,-0.004945911955774433,-0.2966143174194154,-0.669,0.5716663835888566,-0.9710744409900078,-0.5623294483484714,-0.688699785541111,0.027760598742123162,-0.9491681258812253,0.603964904063051,-0.519489941042994,1.295053781019532,-0.4843661190255661,-0.686
-0.619,-0.903,-1.105,-0.766,-1.094,-1.105,-1.105,0.991,-0.619,-0.657,0.991,-0.657,1.908,-0.903,1.17,-1.105,-0.657,-1.094,-1.094,-0.903,-1.094,-1.094,0.991,1.908,-0.903,-0.453,-0.657,0.991,1.17,-1.094,0.991,-0.903,-1.105,1.17,-0.657,1.908,-0.453,-1.094,1.908,-0.766,0.991,1.908,-0.903,1.908,0.991,-1.094,1.908,-0.903,-0.766,1.908,-0.766,-1.094,-0.657,-0.619,-0.6688556667078056,-1.110083108022815,0.991,-0.453,0.9736846425430977,1.0089774627129202,-1.105,1.908,-0.63120627244254,1.17,-0.6030372842251132,-0.5333555615308471,1.8945076997912915
0.588,-0.64,-0.931,-0.588,-0.417,-0.877,-0.931,-0.84,-0.877,-0.84,-0.245,0.588,-0.417,-0.64,0.588,0.588,-0.391,-0.877,-0.391,-0.64,-0.245,-0.877,-0.417,-0.245,-0.391,0.588,-0.931,-0.64,-0.64,-0.245,-0.931,-0.391,-0.877,0.588,0.461,-0.84,0.588,-0.588,-0.588,0.588,-0.391,-0.417,-0.84,0.461,-0.588,-0.417,-0.84,-0.5995400913511113,-0.391,-0.877,-0.245,-0.5538528828882278,-0.2644860099396892,0.588,-0.84792181649471,-0.896392045860298
-0.825,0.986,0.986,1.156,0.986,0.627,0.627,-1.195,-1.195,1.742,-0.849,0.652,-0.884,0.627,-1.208,-0.825,1.742,-1.208,-1.208,0.627,-1.195,0.652,-0.884,-0.825,0.627,0.652,-1.208,-1.208,1.156,0.627,0.627,-1.195,-0.849,1.742,0.652,-0.825,-1.195,-1.195,-1.195,-1.208,-0.884,0.652,-0.825,-0.884,0.652,0.627,-1.195,1.156,-1.195,-1.208,1.156,0.652,-0.849,0.986,1.742,-1.208,-0.884,0.652,-0.849,1.742,-0.884,0.627,1.7345989144175202,0.6103477778568791,0.986
0.152,0.46,1.354,0.483,1.855,-0.434,-0.986,0.152,-0.025,1.855,1.855,0.483,-0.434,-0.307,-0.986,-0.307,-0.986,1.354,-0.986,0.152,1.855,1.354,-0.986,-0.025,0.483,0.152,0.483,-0.307,-0.986,-0.434,-0.986,1.855,1.354,0.046,1.855,-0.986,0.046,0.483,-0.986,1.855,1.354,-0.025,0.483,0.483,-0.434,0.483,-0.434,-0.986,-0.434,0.46,-0.025,1.354,-0.9971492125421393,-0.9461873919953667,-0.03696088121568248,0.152,-0.307,1.3430184887046166,1.855,-0.32208819591013377,1.3909061825236297,0.483,-0.29585919633109653
0.605,1.583,0.605,1.583,-0.01,0.605,2.747,2.747,-0.827,-0.138,1.583,2.747,0.807,0.088,-0.827,2.747,2.747,2.747,0.605,0.088,0.807,0.088,0.088,0.605,0.605,0.605,2.747,-0.413,-0.827,0.807,1.583,-0.708,-0.01,0.605,2.747,-0.827,2.747,-0.01,1.583,-0.708,0.807,0.807,-0.708,-0.413,0.605,1.583,0.088,2.747,-0.827,1.583,-0.01,-0.0374740571328635,1.575961730242177,-0.413,0.605,0.088,0.807,0.5910421388675086,-0.708,-0.138,0.7936819291824544,0.8359434003611614
-0.606,-0.841,-0.112,-0.841,-0.457,-0.606,-0.841,-0.841,-0.027,0.574,-0.112,-0.457,-0.457,-1.273,-0.841,-0.978,-0.841,-0.457,-0.457,-0.978,-1.273,-0.978,-0.841,-1.273,-0.606,-1.273,-0.027,-0.841,0.218,-0.978,-0.245,-1.273,-1.273,-0.978,-0.978,-1.273,-0.245,-0.027,-0.978,-1.273,0.218,-0.841,-0.112,-0.978,-0.841,-1.273,-0.841,-0.457,-0.112,0.218,-0.457,-0.606,-0.027,-0.245,-0.264662192516683,-0.978,-0.9951943847502315,0.574,-0.04055538097618404,-0.9573141332789642,-0.22585693207669197,0.20238916882472877,-1.273,-0.18637821072469338
1.529,-0.554,0.449,-1.19,0.308,0.971,-1.19,-1.19,0.308,1.529,1.529,0.129,-0.554,-0.63,-0.554,-1.19,-0.834,0.308,0.308,0.251,-0.834,0.129,-0.554,-1.19,0.251,-1.19,0.129,0.449,-0.834,0.449,-0.834,0.129,0.971,1.529,0.129,-0.554,-0.554,-0.554,1.529,0.251,-0.63,0.308,0.308,-1.19,-1.19,0.971,0.308,0.971,-0.834,1.529,-0.8484007864957996,0.129,1.5142431034677963,0.308,-0.554,-0.5660975252810997,0.29785337987336113,-0.63,0.251,-0.6424651774413426,1.5440585681854302,0.1131683891149558,0.15977711265047656,1.5859597886721493,-0.5317343921801249,0.3620204355566637
-1.3,0.229,-0.029,-1.3,-0.761,-0.252,0.052,-1.032,-0.234,-0.685,-0.685,-1.032,-1.032,-0.029,-1.032,-1.3,-0.685,-1.3,-1.3,-0.029,0.052,-1.032,-0.685,-0.234,-0.252,0.802,-0.761,0.802,-1.3,0.229,-0.761,-1.3,0.052,-0.234,0.052,-1.3,-1.3,-0.234,-0.029,-0.029,-0.761,-1.032,0.052,-0.029,0.03546958514411652,-0.252,-1.0465322627684113,-0.685,-1.3,-1.3235531040615434,0.229,-1.0228580476524096,-0.266809682131973,-0.761,-0.23655933299461385,0.08141545219148046,-0.6980374080946286
-0.554,0.807,-0.974,0.373,0.095,-0.974,1.643,0.016,1.643,1.643,-0.974,-0.681,-0.681,0.016,0.095,-0.554,1.643,-0.974,0.807,-0.974,0.095,0.095,-0.662,-0.974,-0.554,0.373,-0.662,0.373,0.373,-0.399,-0.399,-0.662,0.373,0.373,0.095,0.095,-0.681,0.095,0.373,-0.681,0.016,1.643,1.643,0.807,-0.554,-0.554,0.095,-0.399,-0.414078484504862,1.643,-0.681,0.373,-0.662,-0.974,-0.69813013690454,-0.554,-0.6571921357385422,1.6304274976769912,-0.986591281177295,0.016,0.3626039325202342,0.4040938698116179,-0.9477625809030116,-0.6273625895557193,-0.6781756267584546,-0.5962506052425678
-0.86,0.891,-0.86,1.105,-0.914,-0.098,0.356,1.105,1.358,0.136,-0.595,-0.914,-0.86,-0.595,0.891,0.891,-0.86,0.891,-0.868,-0.595,0.136,1.358,-0.86,1.358,0.356,-0.868,-0.914,-0.595,-0.86,0.136,1.358,-0.868,1.105,0.891,-0.914,0.356,-0.914,0.136,-0.868,-0.86,0.891,0.8769852459483866,1.358,-0.914,0.9036842816879311,-0.86,0.356,1.105,1.345294358050176,0.136,0.3416341421944468,-0.595,1.3793069733706507,0.12565023382749566,-0.098,1.0972978071801374
-0.386,0.206,0.972,1.487,-0.96,-1.061,1.507,-0.96,0.972,1.487,-0.96,0.976,1.507,-0.386,-0.96,0.976,-1.016,0.206,-1.061,0.972,0.976,1.487,-0.54,1.507,-0.54,-1.016,1.507,-1.016,0.976,0.976,-1.061,0.206,0.206,1.507,-1.061,-1.016,0.972,-1.016,-1.016,1.487,-0.96,-0.386,-0.96,0.206,0.206,-1.061,0.976,1.487,0.976,0.976,1.507,-0.96,0.976,0.9597221917359922,1.0044790410000928,1.492414192903315,-0.54,-1.016,-0.9714964072207154,0.972,-1.061
-0.653,-0.846,-0.653,-0.846,-0.653,0.301,-0.82,0.06,0.643,0.684,-0.676,-0.653,0.607,0.06,-0.676,0.643,0.643,-0.558,0.607,0.607,-0.558,0.301,0.06,0.607,0.06,0.301,-0.82,0.607,0.607,0.684,0.643,-0.846,-0.676,-0.82,0.06,0.06,0.684,0.607,-0.846,0.684,0.684,-0.82,-0.558,0.06,-0.846,0.684,-0.676,0.643,-0.82,-0.8596628243958689,0.301,0.06,-0.6891921075292926,-0.8065537691116075,0.6304626454503477,-0.653,0.6721915764614236,-0.6653137720151365,0.7070982014985625
-1.033,-1.062,-1.062,-1.062,-1.033,-0.697,-0.697,-1.062,-1.062,0.755,-0.127,-1.033,-1.062,-0.127,-1.033,-0.4,-0.4,-0.794,-0.703,0.755,-0.794,-1.062,-0.4,-0.697,-0.127,2.169,2.169,-1.033,-0.703,-1.033,-0.4,-0.74,-0.74,2.169,-0.794,-0.127,-1.033,-0.697,-0.697,-1.033,2.169,2.169,-0.4,-0.697,-0.74,2.169,2.169,-0.4,-0.127,-0.4,2.169,-0.74,-0.794,2.1509953705052474,-0.703,-0.7575828029433621,2.195493879273224,-0.710921171664981,-0.6973571043448911,-0.7014125457802809,-0.13766431750287308,-1.033
-0.901,-1.208,-1.138,-0.537,1.027,1.174,-1.138,1.174,-0.537,1.027,-0.901,0.152,0.08,0.315,-1.208,1.027,-0.901,1.027,1.027,-1.208,-1.208,-1.208,-1.138,-0.537,-1.138,-1.208,-1.208,0.08,-1.138,1.174,-0.537,0.08,1.174,0.315,-0.892,-1.208,-0.892,0.152,0.152,0.08,-1.208,-0.892,-1.138,-1.208,-0.901,1.174,-0.892,-0.537,1.027,-0.901,-0.537,0.08,0.08,-0.537,-1.138,-0.901,-1.208,1.174,-0.537,1.16137482905373,-0.5576737107738461,-0.9099699213933672,-1.221330907229416,1.189719269250448,-0.5223153587221822,1.2140897841665597,-1.1518094229331657,-1.1104131184365522,-1.0713373387287668,-0.48317417816009445,-1.0560044710279333,0.315,-0.445550861347484,-1.1700558407169919,0.3048405104185018
1.034,0.448,1.034,-0.31,1.034,0.448,0.275,2.362,-0.898,-0.735,-0.31,-0.735,1.354,-0.31,0.539,2.362,0.848,0.275,-0.735,0.848,1.034,-0.31,0.539,0.448,0.275,2.362,0.275,-0.735,1.354,2.362,-0.31,1.354,-0.898,-0.31,0.275,0.539,2.362,-0.31,0.275,0.539,0.448,1.034,2.362,1.354,-0.898,0.848,2.362,1.034,2.362,0.448,-0.31,-0.898,0.43304054262816205,1.019641913535735,1.0613255741402106,1.0928206604891841,-0.32219330012052183,0.275,2.35016519315051,1.141530887378147,1.354,0.848,0.8294295948625896,2.378889963905444,2.4043290944208264,0.539
-0.479,1.185,1.185,1.185,0.796,0.664,1.174,1.185,1.535,0.072,-0.589,-0.596,1.535,-0.596,-0.589,-0.479,0.047,0.796,1.174,1.174,1.535,1.185,1.174,-0.479,0.664,1.174,0.664,1.174,0.796,-0.596,0.664,0.047,-0.589,1.174,1.174,0.796,0.664,0.664,0.047,0.664,0.072,1.174,1.185,1.535,0.072,0.796,0.796,0.047,0.072,1.535,-0.596,0.026434531051552964,1.185,0.664,0.05866860158983536,1.5136201178112043,0.6494621233834914,0.07150432979983556,0.796,0.6839689814216504,-0.479,1.565765350931963,0.7155786069095877,1.174,0.7493436162203418,-0.49190651833765475
-1.086,1.798,1.798,-1.086,-0.908,-0.905,-0.678,1.798,-1.086,-0.678,1.798,0.113,-1.086,-0.908,-0.208,-0.905,0.113,-0.297,-1.086,-1.086,1.798,-0.208,-0.297,-0.166,0.113,0.113,0.113,0.113,-0.208,-0.905,-1.086,-0.908,0.113,0.113,-0.678,-0.297,-0.908,-0.905,-0.208,-1.086,-0.905,-0.208,-0.297,1.798,-0.908,-0.905,0.0,-0.208,-0.908,-0.166,1.798,-0.018493522246732574,-0.003429590994119408,-0.678,-0.18221560194832948,1.7786851646445865,-0.905,0.02677100655121778,0.06446814548165021,-0.9190050940429708,-0.297,-0.2197101247484592,-0.1915968118013683,0.113
2.58,-0.756,-0.689,0.375,0.818,1.266,0.375,0.271,2.58,0.818,-0.674,2.58,1.266,-0.674,-0.674,0.271,2.58,-0.402,-0.402,-0.402,-0.402,-0.845,-0.402,-0.756,-0.689,2.58,-0.674,0.818,0.271,-0.845,-0.402,-0.674,-0.845,1.266,-0.402,-0.756,-0.756,-0.674,-0.402,-0.674,0.375,0.818,1.266,-0.845,1.266,1.266,-0.689,-0.689,-0.756,2.58,0.271,0.2588182656230207,-0.674,2.566416599921708,0.818,1.266,1.2558226427937405,1.3114285274549629,-0.845,0.8078193868345641,-0.8674782635597005
0.326,1.696,-0.52,-0.802,-0.52,-0.817,0.326,-0.772,-0.675,0.326,1.696,-0.772,0.252,0.85,-0.802,0.252,-0.675,0.326,0.326,-0.802,-0.675,0.252,0.252,0.252,-0.817,0.85,-0.675,-0.675,-0.675,-0.817,-0.772,1.696,0.85,-0.802,0.85,1.696,1.696,-0.675,0.252,0.326,1.696,-0.817,0.415,-0.675,0.252,0.23561303728538496,1.696,0.23951916282500146,0.415,-0.817,-0.8317182421233369,0.85,-0.7949730756516943,1.6817060106939996,-0.52,-0.772,1.7134883318078915,-0.6873351678341832,-0.530243026631292,0.8392202256098674
-0.882,-0.823,-0.182,-0.882,-0.485,-0.485,-0.485,-0.882,0.324,0.196,0.689,-0.485,-0.182,0.689,-0.182,-0.182,-0.485,-0.182,-0.182,0.196,-0.685,-0.882,-0.823,0.689,-0.485,0.689,1.379,0.196,-0.823,-0.882,0.324,0.689,1.061,-0.685,-0.182,1.379,-0.685,0.689,0.196,1.379,0.689,-0.823,-0.485,0.324,0.196,-0.485,0.324,1.061,0.196,1.379,0.689,-0.182,0.324,-0.685,1.061,0.6782165309257843,-0.1987465424509588,-0.823,1.0443091381615752,1.3667661117104222,-0.485,1.4088888857686894
1.928,-0.976,0.585,-0.298,0.677,0.677,2.189,-0.976,-0.468,-0.976,1.928,2.189,-0.589,0.677,-0.042,-0.589,-0.468,2.189,1.928,1.928,1.928,-0.298,-0.468,-0.589,-0.298,-0.298,-0.976,1.928,-0.042,-0.138,-0.298,2.189,0.677,-0.468,1.928,0.677,1.928,-0.976,-0.468,2.189,-0.298,-0.589,-0.589,0.677,1.928,-0.589,-0.976,-0.589,0.677,1.928,1.928,-0.042,1.928,0.677,-0.138,-0.15314340557527611,2.189,-0.042,2.1725847683884147,-0.298,0.6634277196042087,-0.976,-0.3131025123480275
-0.513,1.375,1.017,-1.137,-0.854,1.017,1.375,0.254,0.254,-0.801,1.622,-0.801,-1.137,1.017,1.017,1.375,-0.854,1.375,1.375,-1.137,-1.137,1.622,-0.79,1.622,1.375,1.017,-0.854,1.375,-0.79,1.622,1.375,-0.79,1.375,1.375,-0.513,-0.854,-0.801,-0.513,-0.513,1.017,0.616,-1.137,-1.137,1.375,1.375,1.375,-0.801,1.375,1.3612962880464146,1.407000069332277,0.254,-0.79,1.446037162480304,0.23879419123725845,-1.137,-1.1576610370410112,-0.8088121520690403,0.2956916952543339,1.017,-0.7652103199384119,1.4896237745574472,-0.854
0.47,-0.346,-1.073,-0.976,-0.545,-1.077,-1.105,-1.077,0.518,-1.105,-0.346,0.518,-1.073,-0.976,1.409,1.409,0.518,-1.105,-0.976,-0.976,-0.545,-0.545,-0.346,-1.077,-1.105,1.409,-1.073,1.409,-0.346,-1.073,-0.545,-1.073,-1.073,0.47,-0.976,0.518,1.409,-1.105,-1.073,-1.077,-0.346,0.47,-1.077,-0.545,1.409,0.47,-0.545,-0.976,1.409,1.3919370913744915,-0.346,-0.9858555386932681,1.416369022053272,1.436353138061876,-1.073,-0.3602184345923291,-1.090156256785523,-1.037572529199486,-0.934632744107619,-0.8874012621590025,-0.9949719529662608,-0.32864948505027297,-0.9762890736027693,-1.105,-1.077,1.4531481840134686,-0.9362862609445534
-0.004,-0.046,-0.489,0.454,0.454,-1.095,-0.969,-0.969,-0.489,-1.095,-0.977,-0.489,-0.941,-0.22,-0.046,2.016,-0.004,-1.095,-0.969,2.016,2.016,2.016,-0.941,2.016,0.454,-0.004,2.016,2.016,-1.095,2.016,2.016,0.454,-0.046,-1.095,-0.977,0.454,0.454,-1.095,-0.969,-0.977,-0.941,-0.941,-0.969,0.454,-1.095,-0.941,-0.969,-0.977,0.454,-0.941,-0.969,0.454,-0.004,-0.981826221119928,-0.9402174041681723,-0.046,-0.012142089569622443,-0.052995612861655335,0.018561049419863893,-0.22,-0.9496728139644591,-0.23664710148328955,0.44253611604154025,0.060292825577771936,-0.977,-0.9165396529210943,-0.489
0.815,-1.051,-0.74,-0.225,-1.051,0.815,0.694,0.694,1.534,-0.225,-0.225,-0.225,1.452,-0.74,-0.952,0.694,0.815,0.694,-0.225,-0.952,-0.225,1.452,0.694,0.694,-0.952,-1.051,0.815,1.534,-0.225,-0.952,-0.74,-0.74,1.534,-0.952,-1.051,0.694,-1.051,1.452,-0.74,-0.952,1.452,0.694,1.534,1.452,1.452,1.452,0.815,0.0,0.694,1.534,1.5190426399078965,-0.225,-1.051,-0.23651535063995885,0.0,0.815,0.6778918443442655,0.8058725151053678,-1.0636280260329996,0.7153348742784936,-0.74
-0.342,1.992,-0.704,-1.015,-0.819,-0.704,-1.048,-0.819,-1.048,-1.048,-0.819,-0.11,-0.819,-1.015,-0.704,-0.819,1.992,-1.015,-0.447,-0.447,1.992,0.079,-0.342,-1.048,-0.819,-0.783,-0.783,1.992,-0.783,-1.015,-1.048,0.079,-0.11,-1.048,-0.783,-0.704,-0.704,-1.015,-1.048,-0.447,-1.048,-0.11,-1.048,-0.447,-1.015,-1.015,1.992,-0.447,-0.783,-1.015,-0.11,-0.447,-0.11,-0.447,-0.1266130446187975,-1.015,-0.342,-1.048,-1.0695437761618865,-0.09252351417483484,0.079,-0.819,-0.05441879111837817,1.992,-0.3531311577032814
0.297,0.297,-1.13,0.692,0.297,-0.932,0.371,-0.932,0.297,0.297,-0.486,-1.13,-0.078,0.371,0.297,-0.078,0.297,0.371,0.371,-0.486,0.297,-0.932,0.371,0.297,0.297,-1.13,-0.146,0.297,-0.078,-0.932,-1.13,0.297,0.371,0.297,-0.486,0.371,0.692,-1.13,-0.932,0.371,-0.486,-0.486,-1.13,-0.414,-0.414,0.692,0.297,-0.078,0.2820425655301276,0.6795686933794989,-1.13,0.297,-0.146,-0.16475115196551035,-0.08975947614910366,0.371,0.32288775886822113,0.2884739385872625,-0.932,0.3689116463646988,0.34872768324196457,-1.1431285126858706,-0.9459514003115369,0.39436182828962874,0.42415451395952375,-1.1161227165415981,-0.486
-0.066,0.57,0.127,1.07,1.312,0.57,-0.774,1.312,-0.431,-0.066,-0.633,-0.431,0.127,-0.774,-0.431,-0.066,0.57,-0.066,0.776,-0.872,0.776,-0.872,0.57,-0.774,0.776,0.776,-0.872,0.776,1.07,-0.872,-0.633,-0.431,-0.066,0.127,-0.066,0.57,-0.066,1.312,0.127,-0.431,-0.431,1.312,-0.774,-0.431,-0.431,-0.633,1.07,0.127,0.776,-0.431,-0.431,1.312,0.57,-0.431,0.127,-0.44683651342877756,-0.633,-0.6497895073612793,0.776,-0.774,-0.7916296052170844,0.7602013427587739,1.07,-0.44033880154571486,-0.5951585088518437,1.0543598081595513,-0.066,-0.872,1.0805363994359858
-0.656,0.016,0.016,-0.827,-0.827,-0.827,-0.656,-0.827,-0.827,-0.275,-0.827,0.453,0.016,-0.972,-0.609,0.428,-0.972,-0.609,2.213,-0.827,-0.275,2.213,2.213,-0.609,-0.972,-0.656,-0.609,0.016,2.213,-0.609,2.213,-0.827,-0.275,2.213,2.213,0.016,2.213,-0.275,2.213,-0.609,-0.609,-0.609,-0.609,-0.275,2.213,-0.609,0.016,-0.301,-0.972,-0.301,-0.656,2.213,2.1940947820390995,-0.31648276797195385,-0.275,0.428,0.405346122886732,-0.972,-0.28327795171387943,2.2479492929069114,-0.9815429063414841,0.016,0.4487870474038988
-0.381,1.525,-1.279,0.289,-0.714,-0.64,-0.381,-0.677,1.45,-1.279,0.289,-0.389,-1.279,-0.714,-1.279,0.289,1.525,1.525,-0.714,-1.279,1.525,-1.279,-1.279,0.367,-0.389,1.45,0.289,-1.279,-0.381,0.367,1.45,0.289,-0.389,-0.677,0.367,-0.64,1.45,-0.381,-0.714,0.367,0.289,-0.64,-0.677,-0.389,-0.714,-0.677,-0.677,-0.389,1.45,0.367,-1.279,1.525,-1.286318328534058,0.289,-0.64,0.2755647774163571,-0.714,-0.7251051316736876,0.3242686232347633,1.5158614080868067,0.3589333110413325,0.41551574258365087,-0.389
-0.61,-0.739,0.933,1.869,-0.739,-0.592,0.253,-0.739,0.101,-0.61,1.869,1.869,-0.618,0.419,-0.592,-0.61,0.933,0.101,-0.618,-1.098,-0.61,-0.61,1.869,-0.592,-1.098,-1.098,0.101,-1.098,-1.098,0.933,-1.098,0.933,0.933,1.869,0.101,1.869,0.101,0.101,-0.61,0.933,0.933,1.869,1.869,-0.739,-0.61,0.253,0.933,0.101,-1.098,1.869,0.419,0.101,1.869,0.3980501442603922,-0.592,-0.6064236901416926,-1.098,-0.5895404167504397,-1.1126439515135296,0.09171654754097236,0.933,0.253,0.919804168336124,0.946212542408163,0.2406700602200212,1.8574910950493728,-1.0497668124238209,-1.0162473667934753,0.9842717889834947
1.062,-0.506,0.985,0.34,-0.577,1.062,-0.506,-0.577,-0.023,1.062,-0.506,-0.023,-0.632,-0.506,0.985,0.985,0.985,-0.632,-0.506,0.985,-0.023,1.062,-0.632,-0.632,0.34,1.526,0.34,1.062,-0.506,-0.632,1.526,1.062,0.985,-0.632,1.062,1.526,-0.449,-0.506,-0.506,-0.449,0.34,-0.577,0.34,0.0,-0.017049457437790887,1.526,-0.506,1.5151319783981576,0.02740325399900074,-0.632,-0.5179311327551729,1.062,1.5491366123622492,0.985,-0.023,-0.449
-1.024,1.366,-0.991,1.757,-0.991,-0.991,1.757,1.366,1.757,-0.278,1.757,-1.024,-0.08,2.021,0.984,-1.024,0.984,1.366,-0.641,-0.08,2.021,-1.024,2.021,-0.369,-0.641,-1.024,-0.08,-1.024,0.984,-0.641,1.366,1.366,-0.641,-1.024,-0.369,-0.641,-0.08,2.021,-0.369,-1.024,-0.991,1.757,-0.278,-0.641,-0.369,-1.024,0.984,-0.641,-0.08,-1.024,-1.049758263019829,1.366,-0.278,-1.034415229451698,-0.641,-1.0087727314792578,-0.28642699872783506,1.3504304574094999,2.021,-0.9798205985927335,0.984,2.0119161407162443
-0.927,-0.702,-1.085,-0.529,-0.543,-0.927,-0.765,-0.401,-0.71,1.144,-1.085,-0.543,-0.543,-0.927,-0.927,-0.927,-0.529,-1.085,-0.529,-0.543,1.144,-0.401,-1.085,-0.702,-0.529,-0.927,-0.529,-0.71,-1.085,-0.765,-1.085,-0.529,-0.543,-1.085,-0.765,-1.085,-0.702,-0.529,0.435,1.144,-0.543,-0.71,-0.71,-0.7321576619651788,-0.927,-0.543,-1.085,-1.0986845430494914,-0.9432251645389502,1.144,-0.921504175992053,-1.0463783500020292,-0.401,-0.8822949324243552,1.1313197591357516,1.1625185429955482,-0.529,-0.5547294122202772,-1.023477711873094,0.435,-0.6925497396447785,-0.765,-0.8543524498311489
0.882,2.04,-1.35,0.882,0.882,0.882,-0.024,-1.042,-1.042,-0.812,-0.749,-0.024,0.055,-1.35,-0.812,-1.35,-0.017,0.882,1.056,-1.35,-0.749,-0.812,-1.35,-1.042,2.04,-0.024,0.882,-1.35,2.04,-0.749,0.882,-1.35,2.04,0.882,2.04,-0.017,-1.35,2.04,-0.749,0.055,-0.749,-0.812,-1.042,-1.042,1.056,-1.35,0.882,2.04,-0.017,-1.35,0.882,2.04,-0.024,-1.35,0.055,-0.03273086006737783,0.882,-0.749,2.04,0.003424716506195932,-1.3619047856265567,1.056,2.0270829851513743,-0.017,2.067404493941238,0.04265050203455938
-0.543,-0.788,-0.788,-0.347,-0.35,-0.788,-1.0,-0.543,-0.788,-0.35,0.561,-1.0,-0.347,-0.788,-0.277,-0.788,-0.347,-0.788,0.144,-0.788,-0.277,-0.277,-0.788,-1.0,0.561,1.538,-0.543,-0.788,-0.788,1.538,-0.35,-0.788,-0.347,0.144,-1.0,-0.35,-0.788,1.538,0.144,-0.35,-0.35,1.538,1.538,-1.0,-0.788,-1.0,-0.543,1.538,-0.788,-0.277,-0.8021579519110973,0.144,1.5212601999141901,0.12568669099331514,1.5702832887859002,-0.28706609845983677,0.16362245850540813,-0.35,-0.2566481503171782,-0.7832235501182109,-1.0,-0.23070772433537529
0.587,-1.187,-0.371,-0.539,-0.653,0.649,0.14,-0.836,-0.739,0.14,-1.187,-0.739,0.587,0.649,-0.539,-0.539,0.649,-0.836,-0.371,-1.187,-0.539,0.14,-0.836,-0.539,-0.739,0.587,-0.539,0.14,-0.836,-1.187,-0.539,0.649,-0.653,-0.739,-0.836,-0.836,-1.187,-0.836,-1.187,-0.053,-0.739,-0.836,-0.539,-0.539,-0.836,-0.539,0.587,-0.053,0.587,-0.053,-1.187,0.587,-0.539,0.14,-0.653,-0.371,0.587,-0.739,-0.5565447420963213,-1.187,-0.750549128930892,-0.707093165400276,0.649,0.12557324355128713,0.1500347444128163,-0.836,-0.6702124691867807
1.499,-0.396,1.28,0.115,-0.396,-1.333,1.28,1.28,0.115,1.142,-0.396,-1.333,1.567,1.499,-1.333,1.567,-1.333,0.115,1.735,-0.228,-1.333,1.567,-0.396,1.567,-0.158,-0.158,1.567,1.567,-1.333,1.735,1.142,1.567,1.499,-0.228,1.735,1.567,0.115,1.567,1.28,1.499,1.735,0.115,-0.396,1.499,-1.333,1.499,1.567,-0.158,-1.333,1.28,-1.333,1.567,1.735,-0.228,-0.158,1.28,1.499,1.142,-1.333,-0.158,1.499,1.472145997077449,-0.1715367601512901,1.12643491132613,1.28,-0.16114871583680415,-0.396,-0.14019017116216692,1.567,1.5532212529300393,-1.3395440758802286,0.115
-0.595,0.491,0.334,0.123,0.123,-0.456,0.226,-1.077,1.303,0.491,-1.077,0.334,1.303,-0.456,-0.655,0.123,1.303,0.123,-1.077,-1.077,0.491,1.303,0.123,-1.077,0.334,-0.595,0.334,0.123,0.491,-0.456,-0.595,1.303,-0.655,0.123,0.226,0.491,-0.655,-0.595,0.123,0.334,-0.595,0.308,-1.077,0.491,-0.595,0.308,0.123,0.226,0.334,0.20964201800082755,-0.595,0.123,1.303,-0.655,0.491,0.1080051396563961,0.15096507881693808,-0.6642585452371864,0.17254572831816892
-1.071,-0.995,-1.106,1.147,0.558,1.52,0.558,-0.567,-0.995,-0.995,1.52,-0.928,-0.928,1.52,-0.928,-0.835,1.52,-1.071,1.52,-1.106,1.52,-1.071,-0.995,0.558,-1.071,1.147,1.147,1.52,-1.071,-0.995,-0.835,1.52,-0.928,-1.106,-0.835,0.771,1.52,-1.106,-0.928,-0.995,-1.071,-1.106,0.558,0.771,-0.835,-0.928,-1.071,1.52,0.558,-1.071,-0.995,-0.567,-1.106,1.147,-1.106,-1.1159474243035357,0.771,-1.0834989078538204,0.558
0.96,1.402,1.402,1.402,0.485,-0.586,0.485,0.231,1.267,-1.13,1.267,0.231,1.402,0.96,0.485,0.96,-0.586,0.231,0.485,-0.586,0.39,0.96,-1.13,0.39,1.402,0.485,0.39,-0.757,1.267,0.485,0.39,-0.769,0.231,1.267,1.402,0.96,-0.586,-0.586,-0.757,-0.769,-1.13,1.267,-0.769,-0.757,-0.757,0.39,0.96,-0.586,-1.13,-0.757,-0.757,0.231,0.39,-1.13,0.96,0.96,0.96,0.485,-0.769,-1.13,1.402,-1.1433035955100384,0.9493932387417997,-0.586,-0.6028301215042685,0.4703009104199562,1.267,0.5158977895779435,-1.1289878211218751,-1.0755575192307307,-0.757,0.231,0.5320748631326631,-0.7713216776721951,1.3876774719993348
-0.444,-0.367,-0.444,0.552,-0.367,2.053,-0.836,-0.257,-0.836,-0.367,-0.257,0.096,-0.34,-0.257,0.004,-0.71,0.004,-0.444,2.053,-0.367,-0.71,-0.71,-0.444,0.096,2.053,-0.257,-0.257,0.004,-0.71,2.053,2.053,2.053,-0.367,-0.836,2.053,-0.444,-0.367,-0.444,-0.257,-0.257,-0.367,-0.71,-0.257,-0.257,-0.34,-0.2713080474342296,-0.71,-0.7321048606302746,0.096,-0.367,0.07619404194426696,-0.2367811701130189,-0.20232295357727223,-0.444,-0.16089728110318194,0.004,0.552,-0.011815055070325101,-0.7030045660858909,-0.836,0.11218900315190442,0.14402320728146284,-0.35137668562205265,2.053
0.624,-0.499,0.968,-0.442,-0.111,-0.647,0.968,-0.647,-0.442,-0.484,-0.442,-0.994,-0.111,-0.499,1.646,-0.994,1.646,1.646,1.296,1.296,-0.994,-0.647,-0.484,1.296,-0.994,-0.499,-0.647,-0.484,-0.647,-0.442,-0.442,-0.647,-0.647,-0.994,1.646,-0.484,-0.442,-0.442,-0.647,-0.484,1.296,1.646,-0.994,-0.442,-0.111,-0.484,-0.499,-0.442,-0.4605208583840562,-0.647,-0.5135800249998226,-0.111,1.646,-0.45855266589299337,1.6340110937305192,-0.494024593614555,0.968,-0.994,-0.11908440171134593,-0.6521740283127834,1.296
-0.024,-0.961,1.855,1.855,-0.442,0.284,-0.961,-0.2,1.855,-0.024,-0.864,-0.961,1.855,1.855,-0.864,-0.442,1.855,1.734,0.093,-0.864,0.093,1.734,1.09,-0.024,-0.024,1.734,1.734,-0.864,-0.024,-0.442,1.734,-0.442,-0.961,-0.442,-0.024,1.734,1.855,-0.442,1.855,1.09,1.734,0.284,1.855,-0.961,-0.961,-0.9760115373164747,0.093,-0.442,-0.951131702350726,-0.864,-0.8771759776766411,1.855,-0.2,-0.456137868972457,0.07900602458831761,-0.8516710548479646,-0.8209015419930706,-0.7990518233265327,0.12795884599557647,-0.43449747720557064,0.284,1.8449848019952877
-1.182,0.436,-0.772,-0.798,-1.258,-0.53,-0.772,-1.258,-1.182,-0.798,-0.772,-1.182,-0.772,-1.182,-1.258,1.633,-1.182,0.436,-0.772,-1.162,-0.798,-1.162,1.633,-1.258,0.436,0.436,-1.182,-1.182,-0.798,-0.772,-0.78,-0.798,-1.258,-0.772,-0.78,1.633,-1.182,1.633,-0.53,-1.162,-0.78,-1.162,-0.273,-1.182,0.436,-1.258,-1.162,-1.182,0.436,-1.258,-0.798,-0.772,-0.772,-1.258,-1.258,-1.182,1.633,-0.53,-1.258,1.633,-0.5456684171707873,-0.273,-1.2773292525942481,-1.182,-1.1985098058453363,0.436,-0.2849580059276132,-0.2576692215254811,-1.2139428191105075,-1.1938457541215137
-0.054,0.096,-0.692,-0.182,2.035,-0.23,-0.868,0.096,2.035,0.096,-0.418,2.035,2.035,-0.182,-0.692,-0.23,0.096,-0.868,2.035,-0.589,-0.868,-0.23,-0.109,-0.692,-0.692,2.035,-0.109,-0.054,2.035,-0.182,-0.418,-0.692,-0.109,-0.23,-0.054,-0.418,-0.054,-0.418,2.035,-0.868,-0.589,-0.868,-0.692,-0.23,0.096,-0.868,-0.109,-0.054,-0.868,-0.589,-0.054,0.096,-0.692,-0.589,0.096,-0.418,0.0815860559675004,0.10680081092818972,-0.868,-0.109,-0.4299351443264505,0.15727814123500156,0.19504603640971244,0.21636710733914272,-0.6999771598668914,-0.6435035470668967,-0.12275942277403955,-0.054
-0.929,-0.718,-1.029,-1.057,0.783,1.111,1.425,1.28,1.28,1.425,1.28,0.783,0.183,0.183,-1.029,-0.929,1.28,-1.029,-1.005,-0.718,0.183,1.425,1.425,-1.005,-1.057,-1.057,-1.029,0.783,-1.005,1.425,-0.929,-1.057,-0.929,-1.029,0.783,-1.029,1.111,-1.057,1.425,0.783,-0.929,-0.929,1.111,-0.929,-1.057,0.783,0.783,0.783,-1.057,-0.718,-1.005,-1.057,-0.929,-1.005,1.111,0.783,-0.929,0.183,1.0962023706395005,-1.057,1.28,0.7708533652513271,0.16886203863699306,-1.005,-1.029,1.2628770855750149,-0.718,-0.9406997868687411,-1.0191517092170292,0.808120039819138,1.1184384020672993,0.82203283477337,1.1369746864646417,-1.0422384787023948
-0.07,-0.07,-1.033,-0.07,-1.291,-1.033,-1.033,-1.291,1.526,1.526,-0.965,1.526,-0.07,1.175,1.526,-0.07,1.526,-1.095,1.175,-1.291,-1.095,-1.033,-0.965,-1.291,-0.593,-1.033,-0.593,-0.07,-1.291,-0.07,-1.291,-1.033,-1.095,-0.07,-0.965,-0.593,-1.291,-1.291,-0.965,1.175,-1.291,0.684,-1.291,-1.095,-1.291,-0.965,-1.095,-1.095,1.526,-0.593,1.175,-0.07,-1.095,-0.07,-0.965,1.175,1.1673878545737177,1.1988670240894532,-0.08760876332157769,1.259284120765006,1.526,-1.033,-1.095,1.284082636224145,-0.9788370070305431,1.512963308269942,0.684,-0.03845693763644152,1.5432364983909759
-0.063,-0.063,-0.751,-0.911,-0.919,0.831,1.725,-0.911,-0.911,-0.751,0.831,-0.919,-0.063,-0.021,-0.751,1.725,1.725,-0.919,0.831,0.831,-0.751,-0.919,0.831,-0.021,-0.575,1.725,0.423,-0.751,-0.063,-0.911,-0.063,-0.442,-0.575,-0.751,-0.442,-0.575,-0.911,1.725,-0.021,1.725,-0.063,1.725,-0.575,-0.911,-0.5886279666831162,-0.919,-0.07671009631117735,1.7096318284042684,-0.045548076032721166,-0.010380568417010013,-0.442,-0.751,-0.021,-0.9308871121800859,-0.7703326407744483,0.831,1.7402440675412751,-0.5286885812084824
-1.074,0.007,-0.674,-0.804,-0.433,-0.674,-0.804,-0.804,-1.074,0.007,-0.739,0.007,-1.074,0.007,-0.804,-0.626,-0.804,1.508,-0.804,-0.626,-1.074,-0.804,-0.626,-0.804,0.007,0.007,1.158,1.158,-0.674,1.158,0.007,0.007,-0.433,-0.804,1.158,-0.739,-0.674,1.158,-0.739,-1.074,-0.433,0.695,1.508,-1.074,-0.804,0.695,-0.626,1.508,1.158,-0.433,0.695,-0.674,-0.804,1.508,1.158,-1.074,-0.818196353716297,0.007,-0.739,-0.626,-0.44663397494921186,-0.004368867203291,-0.7884729186420414
-0.413,-0.406,1.358,-0.413,0.356,0.939,-0.806,0.909,-0.041,-0.669,-0.041,-0.946,-0.946,-0.041,-0.406,-0.669,-0.806,-0.946,0.939,-0.406,-0.041,0.909,0.939,-0.413,-0.669,1.358,-0.413,-0.669,0.909,1.358,0.356,0.356,-0.041,0.909,-0.406,-0.669,-0.406,-0.946,-0.946,-0.806,-0.669,-0.806,0.356,1.358,0.939,-0.806,-0.946,-0.413,0.909,1.358,0.8967142856030305,-0.041,-0.669,-0.406,-0.806,0.9211922753538613,-0.6859616401584046,-0.05386815255089049,-0.028600596466201472,0.356,-0.6569179689004615,0.011598467732827605,0.3371972559559593,-0.8206224724220545,1.3473445046051307,-0.4173211244184198,0.939
1.261,0.074,-0.866,1.261,-0.166,-0.657,1.261,1.261,1.044,1.044,0.737,0.074,-0.166,0.074,0.738,0.737,0.074,-1.152,0.702,-0.866,-1.152,-1.152,-0.866,0.737,0.737,1.044,-0.866,0.737,-1.152,0.702,0.737,-1.152,1.044,0.702,-0.166,0.702,-0.866,-1.152,-0.866,0.702,0.074,1.044,-1.152,-0.166,0.702,-1.152,-1.152,0.702,-0.657,-0.166,1.044,0.074,-0.17911927476690404,-1.152,-1.167756952709097,0.702,0.06281277061528319,-0.657,-0.6748827869156317,-0.866,-0.6292920568826458,-1.141235952775185,0.689713927887589,-0.1263323486325319,0.09320012168908198,0.728461007973877,1.0279483235721414
0.153,-0.381,-0.707,-1.208,-0.381,-0.336,-0.707,2.297,2.297,1.153,-0.336,0.41,-1.208,-1.208,0.711,-1.208,-0.336,-1.208,0.41,-1.208,-0.381,0.711,0.153,0.153,0.153,1.153,-0.381,2.297,-0.381,1.153,-0.772,-0.772,0.711,-1.208,-0.707,0.711,2.297,-0.772,2.297,-0.336,-1.208,2.297,-1.208,-0.336,2.297,-0.772,2.297,1.153,-0.707,1.153,-0.381,-1.208,0.153,2.297,-0.707,-0.381,-0.707,-0.3957780419175693,-0.7204316944421808,-0.6946834121698717,-0.336,-0.3550259315008288,2.297,2.27796856842301,0.41,-1.208,-0.772,1.153,-0.7869212489373147,0.398265044700546,0.711,0.6981553028322588,-0.7511134314512344
-0.9,0.547,0.972,-1.209,-0.218,-0.154,1.146,-0.757,-0.466,1.146,-0.757,-0.757,-0.218,-1.209,-0.154,-0.757,-1.209,-0.9,0.972,-1.209,-1.209,1.099,-0.9,-0.154,1.099,-0.9,-0.9,0.972,-0.218,-0.466,1.099,-1.209,-1.209,1.146,1.099,-0.757,1.099,-0.9,1.099,1.146,0.547,1.146,0.547,-0.218,-0.757,1.146,-0.154,-1.209,-0.218,-0.757,0.972,-0.9,-0.154,-0.218,1.099,-0.22863903718711676,1.0833455435890875,-0.757,-0.912145689485551,0.9569997303147655,-0.16949049762464136,-0.8758689494433152,-0.19629128497837076
0.05,-1.266,0.097,0.05,-0.502,-0.26,-0.26,-0.271,-0.26,0.097,-0.737,-0.26,-1.266,1.19,-0.26,0.443,0.05,-0.271,1.19,-0.271,-1.266,-0.502,0.05,-0.502,1.19,1.19,-0.737,-0.271,1.19,-1.266,-1.266,-0.737,-0.26,-0.502,-1.266,-0.271,-0.502,-0.271,0.443,1.19,0.097,-0.26,0.718,0.443,-0.271,0.718,0.443,0.05,0.443,-0.502,0.4331620428167704,-0.513177274196255,-0.271,0.718,-1.266,-0.48950384813782116,-0.737,0.4574745624740465
0.587,0.774,0.917,-0.775,-0.775,-0.212,0.587,0.587,0.917,-0.644,0.045,-0.112,0.774,0.774,0.587,0.045,-0.856,-0.775,0.587,-0.856,0.917,-0.112,-0.644,-0.112,-0.775,0.045,0.045,0.587,-0.212,-0.212,0.917,-0.775,-0.775,0.774,0.045,0.774,-0.112,-0.856,-0.212,-0.212,-0.856,-0.192,-0.775,-0.644,0.917,-0.112,-0.12587630601365477,-0.192,-0.856,-0.08793729211514703,-0.775,0.917,0.8951542839397394,0.9384247471757571,-0.7903270647118452,-0.7728601869753317,-0.7538846856229946,0.045,-0.20262791884600984,0.033473334523409747,0.774
-1.056,0.549,0.841,0.841,-0.858,-1.056,0.841,0.841,-0.861,-0.858,-0.068,0.439,-0.773,-0.773,0.037,-0.773,-0.861,-0.858,0.439,-0.773,0.439,0.767,-0.773,-1.056,-1.056,0.439,-1.056,0.767,-0.861,0.841,0.841,-1.056,-0.858,-0.068,0.767,-0.861,0.767,-0.858,0.841,-0.861,-0.068,0.767,0.037,0.841,-0.858,-0.861,0.439,-1.056,0.841,0.841,-0.773,-0.858,0.767,-0.858,-0.068,0.767,0.841,-1.056,0.7505791632253395,0.8248185794401934,0.037,-0.773,-0.7873084307058132,0.439,-0.08049619826263993,-0.7559641343484145,-1.066918259125653
1.794,0.127,-0.159,1.199,-0.159,-1.166,1.794,-1.155,-0.776,1.794,-1.155,-0.596,1.199,1.794,-1.166,-1.166,1.029,-0.159,-0.596,-1.155,-1.155,-0.596,-1.166,0.297,0.297,-0.596,1.794,-1.166,1.794,-1.166,-1.155,-0.776,1.199,1.199,1.029,-1.155,1.794,-0.596,-0.159,-1.166,1.029,-0.596,-0.776,-0.596,-1.166,-0.596,1.029,-0.596,-1.166,0.127,1.199,1.029,-1.166,1.794,-1.155,-1.1785888627016399,-0.159,1.7754898989355234,-0.596,-0.17429198896899095,-0.15085306569622645,-1.166995871786325,1.8391073010367112,-0.12802523234121516,0.297
-0.327,-0.327,-0.798,-0.676,-0.584,-0.676,0.084,-0.43,-0.584,-0.327,-0.43,0.95,0.847,0.847,-0.43,-0.327,0.847,-0.676,0.084,-0.584,0.084,-0.676,-0.208,-0.584,-0.584,-0.584,-0.43,0.95,-0.676,-0.798,-0.327,0.95,-0.43,0.084,0.847,0.95,-0.798,-0.327,-0.676,-0.327,-0.43,-0.676,0.847,-0.327,-0.676,-0.584,0.95,-0.327,-0.327,-0.43,-0.208,0.95,-0.798,-0.8190926875176596,-0.584,-0.43,-0.6048742376759674,0.084,-0.584,-0.208,-0.327,-0.33727960930716105,0.847,0.06975708641001506,0.9346374995933334,-0.4451781318275632,-0.29447886347983465,-0.25998479556833326,0.10145637054437139,0.8374391224686776
0.228,-0.665,1.679,-0.665,-0.187,-0.665,0.804,0.1,-0.628,0.804,-0.628,-0.187,-0.187,-0.826,0.1,-0.665,-0.187,-0.726,-0.665,0.228,-0.726,0.1,-0.187,1.679,-0.665,-0.665,-0.187,-0.938,-0.628,-0.938,-0.826,-0.187,-0.826,-0.187,-0.665,-0.826,-0.187,0.1,1.679,0.1,-0.187,1.679,-0.826,-0.938,-0.938,0.228,-0.826,-0.665,-0.726,0.804,-0.187,-0.938,-0.6744641770108826,-0.19558644769693892,0.21317340727942188,-0.9483666212122853,-0.6502663479447627,0.23539738831187929,-0.628
0.348,-1.023,-1.023,-1.132,-0.775,-1.053,-0.775,0.348,-1.023,-1.023,-0.775,-1.023,-0.704,-0.775,0.054,0.054,-1.132,-0.704,1.312,-1.132,1.312,-0.805,-0.805,0.585,-1.053,-0.805,-0.805,0.054,-1.053,-1.132,-1.053,-1.053,0.348,-1.132,0.348,-0.805,-1.053,-1.023,-0.805,-0.775,0.348,-1.023,-0.704,-0.805,1.312,-0.704,-1.023,-0.775,-0.7841537543611301,-1.036948723190049,-1.053,0.054,-1.0633530676505958,-0.9956660766475275,-1.132,-0.805,-0.7517115149429703,-0.7287834303175778,-1.1445372712098192,-1.112463529373121,-0.8122968382282635
-1.118,-1.118,-0.991,-0.991,-0.892,-0.385,-0.717,-0.503,0.35,-0.503,-0.717,-0.991,-0.385,-0.892,0.349,-0.892,-0.385,-1.118,-0.717,-0.503,-0.892,0.763,0.349,-0.892,-1.118,0.35,0.35,0.207,-1.118,-0.385,-1.118,0.349,0.207,0.763,-0.385,0.35,-1.118,-0.385,0.349,-0.717,-1.118,0.35,-0.991,-0.385,-0.717,-1.118,0.349,-0.892,-1.118,-0.991,0.763,0.35,-0.9017283325699917,-1.13021736713644,-0.385,0.34332932922853054,0.207,-0.8840551792101405,-1.0068111452747732
-0.569,0.897,0.897,0.091,0.575,0.575,0.575,0.792,0.898,0.898,0.792,-0.569,0.792,1.13,0.898,0.898,-0.687,-0.101,0.575,1.13,-1.077,1.13,-0.687,0.091,0.898,-0.101,-1.077,0.897,-1.077,0.897,0.897,-0.101,1.13,-0.101,1.13,-1.077,-0.569,0.792,-0.687,-0.101,0.792,0.792,-1.077,-0.569,-1.077,-0.569,-0.569,-0.569,0.792,0.575,-0.687,0.898,-0.101,1.13,-1.077,1.13,-0.569,0.897,1.1124243525348183,0.898,0.091,0.792,0.8827405383970475,1.1317639838932365,0.575,0.5574862538807176,-0.101,-0.5825925762333939,-1.077,0.07672397722126154,-0.687
0.398,0.398,-0.586,-0.786,0.398,-1.201,1.247,0.398,-0.586,-1.201,1.247,-0.786,0.959,0.959,0.865,0.865,-1.201,1.522,0.959,-0.586,0.398,0.865,-1.001,1.255,1.522,-1.001,1.247,1.522,1.247,-1.201,-1.001,-1.201,1.247,0.865,1.247,1.255,-0.786,1.255,1.247,0.398,-1.001,0.865,-1.201,1.255,-1.201,1.522,-0.786,-1.001,1.247,1.522,-0.786,-0.586,-0.786,1.247,0.398,-1.201,-0.7944695189778,-1.212822912488541,0.865,1.2304268017429048,1.2585953401325956,-1.1744451013792305,-0.586,0.959,1.255,0.8517728721263255,-0.5992979694801741,0.8906160944341694,1.2362366166154657
1.372,-1.075,-1.332,-0.406,0.375,1.372,-1.332,0.375,1.372,-1.075,-0.033,-1.332,1.127,-1.332,1.127,0.375,-0.033,1.127,1.383,-1.075,-1.332,1.383,-1.332,-1.332,0.375,1.383,-1.075,-0.422,-1.332,0.375,0.375,-0.033,-0.033,-1.332,0.375,0.375,-1.075,1.383,-0.033,0.564,-1.075,-1.075,0.375,-1.075,0.375,1.127,-0.406,1.383,0.375,-0.033,1.372,-0.422,-0.406,1.127,0.36266226278800656,0.3935425400540606,0.42668599454557155,1.3552738908036894,1.3676201812071502,-0.04225239435905619,-1.332,0.564
0.005,-0.991,0.833,1.559,0.599,-0.827,-0.991,-0.636,0.599,1.559,0.005,0.833,0.942,1.559,0.833,0.599,0.833,0.942,-0.636,-0.991,0.833,0.833,1.559,0.833,0.599,1.559,1.821,0.942,-0.827,1.821,0.005,-0.991,0.942,0.833,0.942,1.821,1.559,-0.827,0.833,-0.991,0.942,-0.636,0.942,1.559,-0.827,1.821,0.942,1.559,0.833,-0.991,1.821,-0.636,1.559,0.599,1.559,-0.991,0.005,0.833,1.821,0.5823786966366242,0.942,0.6263888824481176,-0.827,-1.0031224042113323,0.6543124945339908,-0.636,-0.009175445054772226,0.9295343524531561
-1.049,-0.136,-0.761,-0.683,-0.683,-0.683,-0.439,-1.049,0.43,0.032,-1.049,-0.852,0.032,-1.049,-0.866,-0.439,-0.866,-0.683,-0.852,0.032,0.032,-1.049,0.032,0.032,1.237,-0.866,-0.761,-0.683,0.032,0.032,1.237,-0.683,-0.439,1.237,-0.852,-0.866,-1.049,-0.761,0.032,0.032,-0.852,-0.852,0.032,0.005724651146982437,-0.439,0.06105550365135284,-0.136,0.0988489704674097,0.12854035303660205,-0.45077135956780534,-1.049,-0.866,-0.8669915064818192,-0.8829105485779454,0.1480734389287086,0.43,-1.06582143523842,-0.8372284447807147,-0.761
-0.843,1.954,0.859,0.215,0.113,-0.843,-0.753,1.611,0.215,-0.753,-0.843,1.254,1.633,-0.843,0.113,-0.843,1.954,1.954,0.859,1.611,1.633,0.859,-0.518,1.633,1.954,1.954,0.113,1.254,0.215,-0.753,1.254,1.633,-0.518,1.633,1.254,-0.753,1.611,1.254,0.859,0.859,1.954,1.633,1.611,1.611,1.633,0.113,1.254,0.10084484603040621,1.235689580170336,1.2773718076539167,1.6238914609978512,1.6005732778673118,1.954,0.859,0.215,0.14182208405306687
0.761,0.517,0.517,-0.617,0.761,-1.004,0.517,-0.764,-0.617,0.181,0.322,-0.764,-1.004,-0.609,0.517,-0.214,-1.004,0.517,-0.609,0.517,0.517,0.181,0.181,-0.617,-0.764,-0.471,-0.609,0.181,-0.214,0.517,-1.004,0.517,-0.617,-0.471,0.181,-1.004,0.517,0.517,0.761,0.181,-0.609,0.181,0.517,-1.004,0.761,0.517,-0.617,-1.004,0.322,0.322,-0.617,-0.609,-1.004,-0.471,-0.764,0.761,-0.489112473931826,0.181,-0.7742292264405956,-0.6217310983721811,0.1654748311229711,-0.632631944909541,0.31335500918008585,-0.7340268008996538,-0.7109834848254502,-0.214,-1.0138833160753669
-0.29,-0.933,0.223,-0.29,1.191,-0.29,1.191,-0.933,0.114,-0.29,-0.93,-0.014,1.191,0.114,-0.29,-0.167,-0.93,-0.29,-0.711,0.114,0.114,1.264,-0.933,-0.29,1.264,-0.93,-0.014,1.191,1.264,-0.711,-0.167,-0.167,0.223,0.223,1.191,1.191,1.191,-0.711,-0.93,-0.167,-0.014,1.264,-0.167,-0.29,-0.29,0.223,1.264,0.223,-0.93,-0.933,0.223,0.2086545080002051,1.191,-0.014,-0.033631020059122295,-0.933,0.114,-0.711,-0.9507744031839478,-0.29,0.008444159488322459,1.1771858378330509,0.03888918831014668,1.264,-0.7187820739110365,0.25867115608438396,0.30821117700538664
-0.326,1.285,-0.877,1.137,1.478,-0.389,-0.326,1.0,-0.745,-1.076,-1.076,-1.076,1.0,-0.326,1.478,-1.076,-0.389,-0.326,1.285,-0.326,-0.326,1.478,0.728,-0.877,-1.076,-0.745,1.0,1.285,1.137,-1.076,1.0,-1.076,-0.745,1.285,-1.076,0.728,-0.877,1.285,1.137,1.0,1.478,1.0,0.728,1.478,-0.745,-0.389,-0.877,1.0,-0.877,-0.877,1.285,1.478,0.728,1.2732224406365062,0.7141155830383913,1.0,-0.745,-1.076,-0.326,-0.877,1.137,-0.8945600243045101,-0.3409672036594482
-0.08,1.555,1.483,-0.174,-0.988,1.483,1.421,-0.617,-0.988,-0.174,-0.617,1.483,1.3,-0.988,-0.174,-0.452,1.3,1.3,1.555,-0.452,-0.08,-0.08,1.421,1.3,-0.452,-0.174,-0.08,-0.08,1.3,-0.08,-0.556,-0.988,-0.174,-0.556,1.483,1.555,-0.174,-0.617,-0.556,1.421,1.483,-0.556,-0.556,-0.452,-0.617,-0.556,1.421,1.483,-0.174,-0.5712138125725982,-0.5152685891923626,1.555,-0.19211139342322003,-0.6321828817343812,1.4085298062311125,1.3,-0.08
-0.197,0.007,0.007,-0.462,-0.197,-1.132,1.608,-0.462,0.612,1.608,-1.132,0.612,-1.076,-1.132,-0.462,1.608,-0.604,1.608,1.608,0.122,-1.132,-1.076,-1.076,0.612,-1.132,-0.604,-0.462,0.122,0.007,0.122,1.608,0.122,-1.076,-0.462,1.608,1.608,-1.076,0.007,-1.076,-0.604,-0.197,0.007,0.612,0.122,0.007,-1.132,0.122,-0.604,0.612,-0.623412343377715,-1.076,-0.197,0.007,-1.132,-0.462,-1.1460846109741465,-0.21029075068340564,-1.0907868583147862,0.122,-0.008046939539012157,-1.1242122469498994
-0.85,1.362,0.051,0.372,-0.149,-1.254,-0.149,-0.706,-1.254,0.474,-0.149,-0.706,0.717,-0.706,-0.85,-0.149,1.362,-0.706,0.051,0.474,-0.85,0.717,-0.706,0.394,1.362,-0.149,0.372,1.362,0.394,-1.254,0.474,-1.254,0.474,1.362,-0.85,0.474,-1.254,0.394,-0.85,-0.149,1.362,-0.85,-0.149,-1.254,-1.254,1.362,0.474,-0.149,-0.15652983056856773,-1.254,-0.85,1.362,0.717,0.051,-0.706,0.372,1.3493767232793357,-0.1214326072456666,-1.2635770160129234,-1.237825608260457,-1.2141992805226547,-0.8641982416806294,-0.8440744759381629,1.398967556079301,0.7069984422210228,0.03276543079047989
-0.238,1.872,1.872,-0.676,-0.426,-0.676,1.2,2.203,-0.676,2.203,-0.676,1.872,0.414,-0.676,1.872,2.203,0.414,-0.676,-0.238,1.2,0.414,2.203,-0.676,-0.024,-0.426,0.414,0.572,2.203,1.2,-0.426,2.203,2.203,1.872,2.203,-0.238,-0.676,-0.426,-0.426,1.872,2.203,0.461,-0.676,-0.676,-0.426,-0.238,-0.238,-0.024,2.203,-0.676,-0.036274237006948096,1.872,-0.6853979534323926,0.012913272771136693,1.8597783898971934,-0.238,0.414,2.191046663289821,-0.650061575039204,0.572,1.2,1.9093004270503169
-0.972,-0.809,-0.817,1.247,0.306,-0.972,0.306,-1.016,-1.051,1.247,-1.051,-0.972,-0.302,-0.302,0.306,0.034,-1.051,-1.016,0.306,-0.302,-0.817,0.727,-1.051,0.306,-1.051,-0.809,-1.016,-0.817,-1.016,-1.016,-0.972,0.034,-1.051,-0.809,-1.051,0.034,0.306,-0.809,-0.809,-0.817,-1.051,0.727,1.247,-0.809,-0.972,1.247,-1.016,-0.817,-0.972,0.034,1.247,-0.302,-0.817,-0.809,-0.8204644231259265,0.727,1.247,0.7085665130235045,0.7440344795816181,0.306,1.23653731443778,-0.972,-0.817,-1.016,1.2804130497072401,-0.7879203099329977,0.034
-0.087,0.36,-1.219,-0.087,1.626,0.667,0.36,-1.219,0.667,-0.045,-0.82,-0.087,0.36,-0.219,-1.219,-0.82,-0.087,1.626,-0.82,-0.045,1.626,0.667,0.052,-1.219,0.36,-0.045,0.667,0.36,0.873,0.36,0.667,0.873,0.667,0.873,0.052,-0.82,0.667,0.873,-1.219,0.36,-1.219,-0.219,-0.219,-0.82,0.36,-0.045,-0.087,-0.219,0.667,-0.045,0.36,-0.045,-1.219,0.36,0.873,-0.045,0.667,0.6488910236886285,0.873,0.865828427889764,-0.219,0.9060907511487263,-0.055522348033542744,-0.82,-0.8413217983175642,1.626,1.6160250745652815,0.36,-1.219,0.9635057588961844
1.08,1.08,-0.911,-0.523,-0.828,-0.911,-0.828,0.962,0.962,0.43,-1.265,-0.037,-0.911,-0.068,-0.068,-0.911,-1.265,-1.265,1.08,1.08,-0.362,-0.037,-1.265,-0.828,-0.068,-0.828,-0.362,-1.265,1.08,-1.265,-0.911,-0.523,-1.265,-0.037,-1.265,-1.265,-0.523,0.962,0.962,-0.362,-0.828,-0.362,-0.068,-1.265,-0.828,-1.2792563656848115,0.962,-0.8406454913118172,-0.362,-0.911,-0.523,-0.037,-0.5340642130008985,0.9489762583798262,-0.8111665369116797,-0.7930160629118015,-0.7736109816115369,-0.068
-0.507,-1.137,-0.507,-1.137,-0.81,0.05,-0.81,-0.853,-0.03,0.05,-0.81,0.05,-0.507,-0.03,0.101,-0.81,-0.853,-0.853,-0.507,0.093,-0.507,0.093,-0.507,1.702,0.101,1.702,-0.03,-0.611,-0.853,-0.853,-1.137,1.702,-1.137,-0.507,-0.81,-0.611,-0.611,-1.137,0.05,-1.137,-0.81,1.702,1.702,-0.03,-0.81,0.093,0.05,-0.507,0.0328071243175478,0.07866336890155806,0.10207200098107425,-0.03,1.702,-0.611,-0.6263160572173617,-0.8295880135510143,0.14279024780101246,0.08241250310476952,0.101,-0.5197299669197072,-0.04051008954957912,0.19669805900760187,-0.853,-0.5900899752726836
-0.829,-0.681,-1.087,-0.829,-1.106,-0.024,-0.681,-0.046,-1.106,-0.681,-0.024,-1.087,-0.024,-1.087,-0.372,-0.372,-0.681,0.003,-0.894,-0.146,-1.087,-1.087,-0.829,-0.829,-1.106,-1.106,-0.372,-0.046,-0.894,-0.894,-0.829,-0.829,-0.046,-0.024,-0.046,-0.372,-1.087,-1.087,-0.894,0.003,-0.024,-0.372,-0.046,-1.106,-1.106,-0.024,-0.681,0.003,-0.372,-0.024,-1.087,-0.829,-0.681,-1.106,-1.0995632385704626,-0.6972383103118338,-1.1177578555024463,0.003,-0.146,-0.046,-1.0697054868194702,-0.036035206612496345,-0.8389277692546746,-0.01211677920378619,-0.1589166360880949,-1.087575014046897,-1.0308511300896028,-0.6663836344218277,0.023746073830353223,-0.054940794455381914
-0.2,-0.2,-0.915,0.594,-0.222,-0.222,0.724,0.594,1.01,0.826,0.594,0.819,-0.857,-0.222,0.594,0.724,1.01,-0.915,0.826,1.0,-0.915,0.826,-0.222,-0.915,0.724,-0.2,0.826,-0.857,0.724,0.594,1.0,1.01,-0.2,0.826,0.594,0.594,-0.222,-0.915,0.826,0.826,0.724,0.819,0.819,-0.2,1.0,0.724,-0.857,-0.915,1.0,0.826,0.9837772625285768,0.594,1.01,0.5800690639208967,0.8124796037121532,-0.222,-0.9229823302322324,-0.23995965747017822,0.8372498685651357,-0.195162201596018,-0.857,0.724,0.8739461023165926,0.8992880056158332,0.9402405119155611
2.073,2.073,-1.133,0.317,2.073,0.433,2.073,-0.489,-0.642,-1.133,-0.642,0.433,-0.368,-1.133,-0.489,0.317,0.622,0.317,2.073,-1.133,0.622,2.073,2.073,0.726,-0.353,-0.368,-0.489,0.622,0.726,0.433,2.073,0.433,0.317,0.622,0.433,0.433,2.073,-1.133,2.073,-0.353,0.622,0.726,-1.133,-0.368,-1.1441691005913306,-0.642,-0.489,0.622,2.073,0.6015150402727205,-1.100288281949286,0.433,2.0554969312536127,0.42219936619268733,-1.0798953673653504,0.317,-0.353
-0.932,0.658,1.135,0.658,1.042,0.742,1.135,0.742,-0.577,0.658,0.029,0.029,1.042,1.042,0.029,-1.004,0.029,0.742,-0.932,1.135,-0.577,0.658,-1.004,0.658,1.135,0.742,1.135,1.135,0.564,1.135,0.564,-1.004,0.974,-1.004,1.135,-0.932,1.135,-1.004,0.029,1.042,0.658,0.974,0.742,0.029,1.042,0.974,-1.004,-0.932,0.974,1.042,0.742,0.658,-0.932,0.564,-0.9569029573582104,0.5472198406943464,1.042,-0.577,0.029,-0.5888840624069608,-0.5621912928568081,1.0276408049589894,0.014971061970438593,0.5897983433890958,0.974,-0.9268165724785844,1.135,-0.5137807532128501
-0.654,-1.004,-1.3,1.328,0.466,1.645,-0.736,1.645,-1.004,-0.698,-0.333,-1.3,-1.004,-0.333,1.645,-1.3,1.328,1.328,-1.3,1.645,1.645,0.466,-1.004,1.328,-0.333,1.328,-0.698,-0.654,-1.3,-0.698,-1.3,-1.3,-0.698,1.645,-0.654,-1.004,-0.736,-0.395,-0.654,-0.736,-0.698,0.466,1.645,-0.698,-1.004,1.328,-0.736,-0.333,-1.004,-0.698,-0.395,-0.736,-0.654,1.328,1.645,1.311364310655346,1.3479948605571903,1.6312018721760888,0.466,-0.7503814380831503,1.385563401685602,-0.6664194248773583,1.656888630465571,-1.004,1.4206420780522666,-0.333,-1.0148363156674287,0.45608567779138814,-0.6278525535666792,-0.4068233847971534,-1.3,-0.698,-1.31033112956419,-0.3985344605419019,-0.9802060696329977
0.078,-0.969,-0.789,-1.163,0.708,0.118,-0.789,1.215,0.708,-0.789,1.337,-0.969,-0.969,0.708,1.337,-0.808,-1.163,-0.808,-1.163,1.337,1.215,1.215,1.337,-0.808,-0.789,-0.789,-0.789,-0.969,-1.163,-0.496,1.215,-1.163,0.118,-1.163,-0.789,-0.789,1.337,-0.789,0.078,-0.789,-0.789,0.708,0.708,-0.808,-0.789,-1.163,-0.969,0.118,0.708,-1.163,0.118,0.078,1.337,0.078,-0.496,-1.163,0.708,1.337,1.215,0.118,-0.789,1.3275196477613465,0.6946137837707776,-0.808,-0.8023730091892299,0.078,0.7232872834364251,-0.821775413291084,0.10505603292830311,-1.1691445140876762,1.2030768944872776,-0.969
0.173,0.399,0.893,-1.315,0.893,2.231,2.231,0.399,-0.134,-0.794,2.231,0.893,0.893,0.173,-0.436,0.893,2.231,-0.134,-0.134,-1.315,-0.134,-0.134,-1.315,-0.436,-0.436,0.173,-1.315,0.893,-0.794,-0.794,0.786,0.893,0.893,-1.315,2.231,2.231,-1.315,0.399,-1.315,-1.315,-0.436,0.37,-1.315,0.37,2.231,2.231,0.173,2.231,0.37,-0.436,0.893,-0.134,0.786,-1.315,-0.436,0.786,0.399,2.231,-0.134,-1.315,-1.315,0.37,0.399,-0.436,-0.4534457286250113,-1.315,-1.3353781616083464,0.36064606310181335,0.173,2.231,0.893,-1.298563398813795,2.2155274544482144,-0.134,-0.15425325502830964,-0.12943806649290523,-1.241067146958443,-1.2021395875315466
-0.634,-1.23,-0.647,-1.23,0.12,1.65,-0.668,1.65,-0.43,-0.784,1.65,-0.784,-0.647,-1.23,-1.23,-0.313,-0.668,-1.23,-0.634,0.12,1.65,0.12,1.65,-0.784,0.12,1.65,1.65,-0.313,-1.23,-0.634,-0.668,-0.647,-0.43,-1.23,-0.668,-0.43,-0.668,-0.668,-1.23,-0.784,-0.784,-0.43,-0.43,-0.548,-0.634,-0.548,-0.784,-0.43,-0.647,-0.634,-0.7964442734801878,-0.6525769807457016,-0.6649601196789481,-0.44388077275535875,1.65,-0.668,-0.313,-0.7739504845117914,-0.40920494435203136,-0.7302040802441193,-0.3666386823922194,-0.6362686165515788,-0.6843026894509275,0.12
1.491,0.942,0.229,1.491,-0.393,0.073,0.205,0.942,0.073,-0.495,0.073,0.205,0.073,-0.393,0.229,0.534,-0.555,0.229,-0.393,0.073,0.942,0.534,0.229,0.229,-0.495,-0.495,1.491,-0.393,0.073,-0.495,-0.495,0.229,0.205,0.205,1.491,-0.393,0.534,0.229,-0.555,-0.053,-0.495,0.073,0.534,0.205,-0.393,-0.393,0.073,0.942,-0.40834209677781824,0.205,0.1861542952334835,0.060184005730547954,-0.555,0.534,0.229
-0.381,0.246,-0.79,-1.037,-1.037,-0.381,-0.457,-0.386,-1.037,-1.037,-0.567,-0.567,-0.386,-0.567,-0.386,-0.457,-0.79,-0.386,-0.594,-0.594,0.107,0.246,0.246,-1.037,-1.037,-1.037,1.163,-0.79,-0.567,-0.381,0.246,-0.386,0.107,-1.037,-0.381,-0.381,-0.594,-1.037,0.246,-1.037,-0.567,0.246,1.163,1.163,1.163,-0.457,-0.567,0.246,0.23072914542691195,-0.594,1.146883110438823,-0.604449352769293,0.26945362640548803,-0.79,-0.5796459810188145,-0.5845652945019312,0.2750894034521903,-0.5406767459615098,-0.5005633230216497,-0.7985454934798147,-0.5497331384257804
-0.145,-0.093,-0.847,0.568,-1.304,0.562,-1.304,-0.947,-0.847,-0.093,-1.042,-1.042,-0.824,-0.947,-0.145,0.568,-0.405,-1.304,0.568,0.568,-0.405,-0.093,-0.093,-0.947,-0.093,-1.304,-1.042,-1.042,-0.093,-0.824,-1.304,-0.947,-1.042,-1.042,-1.304,-1.042,-0.947,-1.042,-0.947,0.568,-1.304,-0.824,-0.145,-0.847,-1.304,-1.042,-0.145,0.562,-1.042,-0.093,0.5451949595851787,-0.405,-0.847,-0.10470737097553581,-0.824,-0.06784215675293716,-0.947,-0.9617819467017027,-0.8426929009775296,-0.025849248419233792,0.017627664953713477
1.07,1.07,0.881,-0.566,1.07,-0.231,1.07,0.881,0.004,-0.231,1.07,-0.471,-0.395,0.881,0.004,-0.231,-0.226,0.004,-0.471,1.07,-0.566,0.039,-0.566,1.07,0.881,-0.566,0.881,-0.231,0.881,-0.714,0.881,-0.714,-0.471,-0.226,0.039,-0.231,0.004,-0.395,-0.471,-0.714,-0.226,0.881,0.039,-0.471,0.881,0.004,-0.566,-0.395,-0.471,-0.566,-0.5875345532395332,0.881,0.004,-0.48594358811614297,-0.226,-0.714,1.07,0.039,-0.011478048141245516,0.0002996730246165435,0.053129788135878,-0.726243190683375,-0.231,-0.45589771428371284,-0.4071249969676577,-0.5425769920862221,-0.4108600150861042
0.74,2.07,0.368,-1.095,1.521,2.07,-0.424,-0.353,-0.976,1.521,2.07,0.368,-0.416,2.07,-0.353,0.368,-1.095,1.521,-1.095,0.368,2.07,0.74,2.07,-0.353,-0.976,0.74,0.74,0.74,0.74,0.368,-0.353,2.07,0.368,0.74,-0.976,-1.095,0.564,-1.095,-1.095,0.74,-0.976,2.07,-0.353,-0.353,-0.976,-0.353,0.368,-0.976,2.07,2.07,0.368,0.368,0.368,-1.095,2.07,0.74,0.564,2.07,-0.353,0.7265438099836691,-1.095,-0.976,-1.1103709024803143,-0.9819778720187532,0.368,1.521
-0.627,1.292,-0.505,-1.287,-0.505,-1.146,1.292,1.114,-0.505,-1.287,-1.146,-0.505,-1.287,-1.287,-0.505,-0.712,-1.146,-0.712,-1.146,-0.627,1.292,1.114,-0.552,-1.146,-1.287,-0.712,-1.287,-1.287,0.511,-1.287,-0.552,-0.505,1.114,-0.505,-0.552,0.477,1.292,-0.627,-0.627,-0.552,-0.712,-0.505,1.114,1.114,-1.287,-1.146,-0.505,1.114,-1.287,-0.712,0.511,0.477,1.10369526282287,1.292,1.2818076533410228,-0.7201397802693114,-0.627,-0.552,-0.564520744759203,-0.5130089811979942,-1.296655242313328,-1.2790246745679312,0.4613163337776197
-1.077,-0.536,-1.036,-1.077,0.808,1.554,-0.536,0.808,-1.036,1.554,0.808,-0.536,1.33,1.554,-1.077,-0.828,1.554,-0.536,0.808,-0.828,-1.036,-0.828,1.554,1.554,0.808,0.808,1.447,1.33,1.145,1.145,-1.077,0.808,1.447,-1.036,1.554,1.554,-1.036,1.145,-1.036,1.447,-0.36,0.808,1.33,1.447,-1.077,1.33,1.554,-0.536,1.145,1.33,-1.077,-1.036,-0.536,-1.077,-1.0527118653551184,1.554,1.5305599023011405,1.145,1.5796091004894914,1.1288176322640187,1.1677048767192104,1.6146034729675374,0.808,-0.36,-0.5463133701317231,1.641326419350896,1.33,-0.828,-0.8415635811302528,-0.5087129643739873
1.941,-0.996,-0.694,-0.245,-0.694,0.272,-0.245,-0.245,-1.103,-0.245,-0.238,-0.245,-1.103,1.941,1.941,-0.529,1.941,0.272,-0.694,-1.103,-0.996,-1.013,-1.013,-0.996,-1.103,0.108,-0.238,1.941,0.108,-1.013,0.108,-0.529,-0.694,-0.996,-0.996,-0.996,-0.245,-0.245,-0.996,-0.238,-0.996,-1.103,-0.245,-1.013,0.108,-0.529,-0.996,0.108,-1.013,-0.238,-1.103,-0.694,1.941,-0.238,-1.103,0.108,-0.7105365165050274,-1.013,-0.6793062214091775,-0.245,0.272,-1.1176573648011812,-0.2650187538661218,-0.23539494435073055,-0.529,0.0993729336634298,-0.24958792123218768,-1.0806643846357782,-0.21568929933016598
-0.614,-0.647,0.707,0.77,1.218,0.948,0.142,0.948,-1.125,-1.125,1.218,-0.061,-0.061,-0.202,-0.061,1.218,-0.202,-0.647,1.218,0.707,-0.202,1.218,-0.202,-1.125,-0.647,-0.614,-0.647,0.77,0.77,0.948,0.707,0.707,-1.125,-0.202,1.218,-0.614,-1.125,-0.647,-0.202,0.948,0.948,-1.125,0.948,-0.647,0.142,-0.647,1.218,-0.647,-0.202,0.77,0.948,0.142,-0.6632228785315754,0.707,0.7562870980824224,-0.6323946853321,0.9367293147781188,-0.2123312478980343,0.7008860527681637,0.9721054219387351,-0.061,-0.5865968512694928,1.0039857805137584
2.087,2.087,-0.512,-0.512,-0.601,-0.672,-0.873,2.087,-1.032,-0.873,-1.032,-0.439,2.087,0.662,-0.572,0.662,-0.873,0.662,0.662,-0.873,2.087,0.662,-0.873,-0.873,2.087,0.662,-1.032,-0.601,-0.672,0.662,-0.572,-0.873,-1.032,2.087,-0.512,-0.601,-0.672,-0.873,-0.512,-1.032,-0.439,-0.572,0.662,-1.032,-0.512,-0.439,-0.512,-0.601,-0.873,-0.672,-0.873,-0.439,2.087,-0.672,0.662,-0.601,-0.512,-0.672,-0.873,-0.8926157869641972,0.662,-0.439,-0.601,-1.032,-0.8506346538726185,-0.512,-1.043984301171077,0.0,-1.0140010492476674,-0.572,-0.6102895356886103,-0.672,2.087
-0.164,2.101,1.581,-1.079,1.581,2.101,0.914,2.101,-1.045,1.672,0.428,-1.045,1.672,0.604,-0.164,-1.079,-0.164,1.581,-0.164,-1.045,1.672,-1.079,0.914,0.914,2.101,2.101,0.914,-1.079,1.581,-1.045,0.914,2.101,0.604,0.914,-1.079,1.581,-1.045,-1.079,2.101,0.962,0.914,0.962,2.101,0.604,2.101,-1.079,-1.045,0.914,0.428,-1.0556072182149738,-1.079,0.962,-0.164,1.672,-1.0280707150645794,0.9498594687239609,-0.1754614516464341,-0.1340426412237274,2.101,0.9037323018791753,-0.08554648795933045
1.479,-0.471,-0.471,-0.518,0.46,-0.723,1.479,-0.754,-0.723,1.479,-0.779,-0.518,0.46,1.479,2.152,-0.518,-0.779,-0.518,-0.648,1.479,-0.723,-0.779,-0.518,2.152,-0.723,0.46,-0.723,0.46,-0.779,-0.518,-0.754,-0.648,-0.648,-0.518,-0.648,-0.754,-0.779,-0.518,-0.09,-0.779,-0.518,-0.648,0.46,0.46,1.479,-0.471,2.152,2.152,2.152,-0.518,2.152,-0.09,2.1401610782916363,-0.471,0.46,0.45325496087261696,-0.4833678412174463,-0.754,-0.648,2.1732180079930083,-0.6581665437720234,-0.4412880393057989
-0.741,-1.008,0.082,0.63,-0.167,-1.008,1.088,0.725,-1.008,0.369,0.082,-0.741,-0.24,0.082,0.725,0.697,-1.008,0.082,0.697,-1.008,0.082,0.725,0.697,-1.008,-0.741,-0.24,1.088,-1.008,-0.741,-0.741,-1.008,0.082,0.369,0.63,-0.24,-0.741,0.697,0.082,-0.741,-0.167,0.697,0.369,0.63,1.088,-0.167,0.63,1.088,0.63,0.082,-1.008,0.082,-0.741,0.63,0.369,-0.167,-0.7559848232496169,0.082,1.088,-0.7121500813832151,0.6117700236510597,-0.6691384754365045,0.697,0.6457879690158569,-0.24,0.725,-1.008,0.714180172001393,0.7417125036715769
-1.052,-1.052,-0.935,-0.656,-0.935,-1.227,-0.766,-1.227,-1.052,-1.227,-0.656,-1.227,0.061,-0.766,0.061,-0.112,-0.307,-0.766,-1.227,-0.112,-1.052,0.049,-0.656,-1.227,0.061,-0.656,-0.656,0.061,-0.766,-0.307,-0.935,-1.052,-0.955,-1.052,-0.955,-0.935,-1.052,-0.955,-0.656,-1.227,0.049,0.049,-0.766,-0.935,0.061,-0.766,-0.307,-0.112,-0.656,-1.227,-1.227,-1.227,-0.955,-0.955,0.061,0.04559793833061268,0.049,-0.112,-0.766,-0.955,-0.307,-0.935,-0.1292393475382182,-0.10592215690632567,-0.07815680730943016,-0.9521771381754383,-1.052,-1.074558257306036,-0.9184556707493168,-1.0399558788389696
-0.999,-1.041,-0.937,-0.606,-0.284,-0.284,-0.937,-1.041,-0.999,-0.62,-1.041,-1.041,-0.74,-0.937,-0.999,-0.284,-0.284,-0.62,-0.937,-0.999,-0.284,-0.74,-0.403,-0.74,-0.606,-0.999,-0.62,-0.999,-1.041,-0.74,-1.041,-0.284,-0.937,-0.382,-0.62,-1.041,-0.284,-0.606,-0.74,-0.62,-0.74,0.0,-0.403,-0.284,-0.2937107943588254,-0.606,-0.41543882497675033,-0.634641178017929,-0.6141614023996701,-0.382,-1.041,-0.5978858594990623,-0.613972259650211,-0.937,-1.0565159232064778,-0.01012259620371611,-0.5604657150178509
-0.7,-0.5,-0.672,-0.7,0.679,-0.672,-0.672,0.679,-0.5,-0.799,-0.7,-0.701,-0.672,-0.672,-0.701,0.679,-0.386,-0.7,-0.701,-0.5,-0.5,-0.701,-0.695,-0.695,-0.695,0.679,-0.701,-0.672,-0.701,-0.695,0.679,-0.799,-0.386,-0.386,-0.695,-0.695,-0.701,-0.426,-0.426,-0.701,-0.5,-0.5,-0.5,-0.695,-0.799,-0.695,-0.799,0.679,-0.7,0.6600823645397841,-0.5,-0.7091449481030686,0.7117445101603918,-0.426,-0.672,-0.4371036149505159,-0.4067895704165484,-0.3693439792229778,-0.5126124358864422,-0.8086148518780092,-0.4704739231815663,-0.44678020405797425
0.493,0.493,0.083,-0.384,-0.9,0.407,-0.9,-0.759,1.971,-0.384,-0.384,0.407,-0.759,0.407,0.741,-0.9,-0.213,-0.759,0.493,-0.759,-0.759,-0.213,0.083,0.407,0.493,1.971,-0.759,0.493,0.083,1.971,0.083,-0.213,-0.384,0.741,1.971,-0.9,0.083,-0.06,-0.759,1.971,-0.759,-0.9,0.493,0.741,-0.384,0.083,0.407,0.407,-0.384,1.971,-0.759,-0.213,-0.9,0.083,-0.06,0.493,0.07328617284138887,0.407,0.39149578334599383,-0.22699859187866733,0.4221528363226005,-0.20038658276765645,-0.759,1.971,-0.7747032471044444,0.10654884729474699
0.817,0.817,-1.52,0.034,-0.703,-0.703,2.082,-0.703,-0.626,2.082,-1.52,-1.52,-0.884,-1.52,0.663,-0.884,-0.626,-0.703,1.03,-1.52,-1.52,0.034,2.082,2.082,-1.52,-0.884,0.165,-0.626,1.03,2.082,0.034,0.663,-1.52,-0.884,-0.626,-1.52,-1.52,0.034,0.817,-1.52,1.03,-0.626,-0.703,-1.52,-0.884,0.034,2.082,0.165,2.082,2.082,0.817,2.0668909275374787,-0.626,0.800554509929297,0.034,0.012573356156346704,0.8371745522504708,-0.6414318621186217,-0.703,1.03,0.8764012754150355,1.0168822740635415,-0.7170460321698261,0.9241778373570713,-0.884,-0.6142158734846359
-0.077,-0.955,-0.077,-1.174,-0.955,-1.174,-1.174,1.232,0.43,-0.581,-0.095,-1.174,-0.095,1.232,-0.955,-1.174,-0.955,-0.335,-0.955,-0.955,-1.174,-0.581,-0.581,-0.077,-1.116,-0.077,-1.174,-1.174,1.232,-0.001,-1.116,-0.955,-1.174,-0.077,1.232,-0.077,-0.955,-0.077,-0.077,-0.335,-1.116,-0.335,-1.116,1.232,-0.001,1.232,-0.955,-1.116,-1.174,-0.581,-0.955,-0.335,-0.955,1.232,-1.174,-0.955,1.232,-0.335,-1.174,-1.1823732856690066,-0.095,-0.9635783644378342,-1.116,-0.1094671380265271,-1.1277084565071307,-0.922603037756256,-1.127251074210815,-0.581,-0.8846436215607094,-0.077,-0.8189700348698599,0.43,-0.3456048613496461,-0.5976446570239288,-0.0853604444606668
-0.031,-0.878,-0.665,-0.878,-0.031,-1.156,0.607,0.607,-1.156,-0.644,-0.665,0.019,-1.156,-0.644,-0.536,-0.031,-0.536,-0.536,-0.233,-0.536,-0.972,-0.878,-0.536,0.607,-0.665,0.607,-1.156,-0.878,-0.972,-0.031,0.607,-0.972,-0.233,-1.156,0.607,-0.536,-1.156,-0.233,-0.972,-1.156,0.019,-0.665,-0.972,-1.156,-0.233,-0.878,-0.665,0.019,-1.156,-0.031,-0.972,-0.6814344794922319,0.607,-0.042886971046549996,-0.8882300628573379,-0.6399319665436367,-0.8516781852521095,-0.5908064345221201,-1.1696921915194953,-0.9851596730575606,-0.233,-1.1369700518978365,0.007527575920291933,-0.24430842719058093,-0.536,-0.5599912053349352,-0.20953775641433256,-0.5050097979461411
0.466,2.093,1.034,-0.163,-0.29,-0.325,2.093,-0.325,0.466,-0.325,1.034,-0.29,-0.729,-0.223,-0.163,2.093,-0.325,2.093,1.094,-0.729,-0.823,1.094,-0.163,1.094,-0.29,1.094,-0.223,1.034,-0.29,1.094,2.093,1.094,2.093,1.094,-0.163,1.034,-0.823,-0.325,-0.223,-0.823,2.093,0.466,2.093,1.094,-0.823,-0.325,-0.223,-0.223,1.094,1.034,1.0826163617366762,-0.163,2.093,2.078810853266158,-0.29,-0.823,0.466,-0.17580221599742646,-0.8354602362747806,2.1049424295829753,-0.13253380923905664,-0.8132723563941785,1.0201659382250956,-0.08560516140801917,-0.3043958485617675
-0.726,0.407,1.101,1.402,1.101,-0.794,1.402,1.101,-0.726,0.407,0.596,-0.794,-0.869,1.555,1.101,1.077,-0.794,0.407,1.402,1.555,1.402,1.101,0.596,1.077,1.033,1.402,1.555,1.101,-0.869,-0.794,1.033,1.402,-0.794,1.077,1.101,1.077,-0.726,1.033,1.402,1.101,-0.869,1.077,1.033,-0.869,-0.726,1.555,1.033,-0.726,0.407,1.077,1.555,0.407,0.407,-0.869,1.077,1.555,1.540267992211676,0.596,0.407,-0.8824481924667888,-0.8461660063367955,1.033,1.017444333830513,-0.794,1.5795626315752314,1.0428886904157948,0.3924718417882572,-0.7908973856447911,1.0652913339443286,-0.7705045677184883,1.049092083572607,1.101
0.396,-0.559,0.396,-0.977,-0.977,-0.492,-0.977,0.396,1.801,-0.911,0.396,-0.492,1.149,-0.492,1.801,-0.911,-0.09,0.396,1.149,-0.977,-0.559,-0.559,1.791,-0.911,-0.09,-0.09,1.791,-0.911,-0.559,0.396,-0.674,1.149,-0.09,-0.09,-0.674,-0.09,-0.911,-0.492,-0.977,1.801,-0.559,0.396,-0.559,1.791,-0.559,0.396,-0.492,1.791,1.801,1.791,0.396,1.149,1.149,-0.559,1.149,1.149,-0.674,-0.09,1.149,1.801,0.396,1.791,-0.492,1.149,-0.911,-0.559,1.7764872937384666,1.798055918112015,1.8136338133758132,-0.5737566778815546,-0.5037270021903729,0.396,1.1324559102396574,-0.674,-0.977,0.3812815123659541
0.03,0.873,-0.041,-1.023,-0.159,0.764,0.612,0.764,0.612,0.873,0.764,0.612,0.764,-0.041,-0.554,-0.041,0.764,-0.159,-0.041,0.764,-1.023,0.612,-0.554,0.612,-0.041,0.266,0.873,-0.554,-1.023,0.03,0.873,0.612,-0.041,0.612,-1.023,0.266,0.612,-1.023,0.266,-0.554,0.873,-0.159,0.873,0.266,-0.554,-0.041,0.873,0.764,0.8519880851521332,-0.554,-1.023,0.7514863519494225,-0.05411795342056615,-1.0356969692952023,0.03,0.8915200556273891,0.612,-0.043008919560996964,-0.0023256983802094414
-1.088,1.185,-0.355,1.185,1.185,-1.088,1.255,-0.715,-0.613,1.255,-0.102,1.185,-0.715,-1.088,-1.088,-1.088,-0.628,-1.088,-0.715,-0.422,-0.628,-0.715,0.175,0.175,1.255,1.255,1.185,-0.628,1.255,-0.355,1.185,1.255,1.255,-0.613,1.185,1.185,1.185,-1.088,0.175,-0.715,-0.422,0.175,-0.715,-1.088,-0.422,-0.4407801998066492,-0.102,-0.613,-0.40658204907653506,-0.11669278214505263,-1.100965877640972,-0.715,-0.7366141080840864,1.185,0.175,-0.0735698852637952,-0.03518104397734157,1.255,-1.0505554106231487,-1.015460101171595,-0.355
2.214,-0.509,-1.022,-0.708,-1.022,0.404,1.349,1.543,-0.6,1.543,1.349,-0.708,1.451,2.214,1.543,-0.6,1.451,1.349,1.451,-0.165,1.543,1.451,-0.6,-1.022,2.214,-0.165,-0.509,-0.6,-0.165,2.214,1.543,-1.022,1.451,-1.022,1.349,1.543,-1.022,-0.708,1.451,-0.6,1.349,-0.708,-0.708,-0.509,1.543,-0.509,-0.708,-1.022,-1.0365277262972243,-0.7264650006556134,1.535405013701962,1.349,-0.5229109451166378,1.569629562695267,1.451,-0.6,2.214,-0.9962088510328339,-0.49086073545113296,1.443484452867867,-0.6124696286494918
-0.345,0.195,1.822,-0.678,0.539,-0.782,-1.043,1.822,1.01,-0.865,1.822,0.539,-1.043,-0.782,-1.043,1.822,0.195,-0.345,0.539,1.01,-0.782,-0.865,0.105,0.195,-0.678,0.105,0.105,-0.865,1.01,0.539,1.822,-1.043,-0.678,-1.043,-0.782,0.105,-0.865,0.105,-0.345,-0.678,-1.043,0.195,-1.043,-0.782,-0.782,-0.678,-0.678,-0.678,0.539,-0.782,0.105,-0.678,-0.345,-0.6940379010076875,-0.782,-0.6536688697347189,-0.3550706233018209,-0.7953053138405204,-0.865,1.01,0.539,0.9959763807289627,-0.32216175231236627
-0.499,-0.689,0.822,-0.499,-0.977,-0.977,0.064,0.032,-0.48,0.822,-0.499,-0.689,-0.977,0.064,1.01,0.032,-0.977,0.822,-0.977,0.822,-0.499,-0.463,-0.977,-0.499,-0.689,-0.48,-0.499,0.064,-0.499,0.822,0.822,-0.48,1.01,1.01,-0.499,0.064,0.064,0.822,-0.977,1.01,-0.463,-0.499,-0.737,-0.48,-0.499,-0.737,-0.977,0.032,-0.499,-0.48,-0.977,-0.737,1.01,0.822,-0.689,0.8016813358247427,-0.737,-0.463,-0.977,0.064,-0.499,-0.7043179214640114,0.8592184185008181,-0.9890043294047755,-0.7504796152601388,0.032,0.04901823047306985,-0.5137817139844275,0.0736688048849696,0.9126226253000854,-0.9591336469659599,-0.6926621558166031,-0.48
-0.43,-0.893,-0.981,-0.75,-0.981,-0.022,-0.88,-0.022,-0.43,-0.75,-1.007,1.646,-0.893,0.608,1.646,-0.88,0.608,-1.007,-0.893,-1.007,-0.893,-1.007,1.646,-0.981,1.003,1.646,-0.981,-0.88,1.646,-0.75,-0.893,0.608,-0.893,-0.022,1.646,-0.981,-1.007,0.608,1.003,-0.981,-0.88,0.608,0.608,-0.75,-0.88,-1.007,1.003,0.608,1.646,-0.893,-0.75,-1.007,1.003,0.608,-1.0202541451613563,1.6392275941256966,-0.9870585939240032,-0.88,-0.9084191008394332,-0.981,-0.9695202433637906,0.5963975898615081
-0.899,0.113,-0.899,0.776,-0.899,-0.465,0.821,0.113,0.984,-0.583,-1.088,-0.465,0.776,-1.088,-0.583,-1.088,-0.899,1.156,-0.899,1.156,-0.465,0.113,-0.899,0.776,-0.583,-0.899,-1.088,0.776,-1.088,-0.583,0.776,-0.95,-0.583,-0.95,-0.95,0.984,-0.95,0.776,1.156,0.776,0.113,1.156,0.821,-0.95,-1.088,0.821,-1.088,-0.95,0.984,-0.465,-0.583,-0.95,0.113,-1.088,0.10115777777181353,-1.1024717122750352,0.9745268482367953,-0.899,-0.47750564379176835,-0.5925958527724026,-1.0581480875462523,-0.9635036824163956,0.821
-0.935,-0.607,-0.935,-0.441,1.989,-0.441,-1.21,1.989,0.261,0.146,-0.728,0.261,-0.935,-0.802,-0.935,1.989,-0.802,-0.441,-1.21,0.146,-1.21,-0.728,0.447,0.261,1.989,-0.441,-1.21,-0.728,1.989,-1.21,-0.441,-0.441,-1.21,-0.441,-1.21,-0.607,-1.21,-0.935,-0.802,1.989,-0.441,0.261,-1.21,-0.728,-0.802,1.989,0.447,-0.728,-0.802,-0.935,0.43168918087955366,-0.607,-0.947456747704034,0.261,0.146,-0.441,-1.21,-0.8188552418253444,0.13445204515965267
1.538,0.321,-0.156,-0.621,0.321,-0.944,-0.266,-0.156,-0.621,1.538,-0.882,-0.266,-0.621,-0.621,-0.41,-0.882,-0.621,0.321,0.321,0.321,0.321,0.321,1.538,-0.156,-0.621,-0.882,0.526,-0.621,1.538,-0.156,-0.266,-0.944,-0.156,-0.621,-0.266,0.944,0.321,0.944,-0.944,-0.944,-0.621,0.321,0.321,1.538,-0.621,-0.882,-0.621,-0.944,-0.882,1.538,-0.266,0.321,-0.156,-0.41,-0.16990929403673238,0.526,-0.14271701711116225,0.944,0.9230019422890543,-0.882,0.3101448768937267,1.5265709200666122,-0.8961023073866865
1.18,0.7,0.421,0.433,0.524,-0.708,1.18,-0.708,1.059,1.059,0.7,1.059,0.524,-0.708,0.7,-0.708,0.444,-0.401,0.444,0.7,0.7,-0.401,-0.401,0.444,-0.708,1.059,0.524,1.059,1.18,0.7,-0.401,-0.401,1.059,0.421,0.524,1.059,1.335,1.335,-0.401,1.335,0.7,1.18,1.18,1.059,0.421,0.433,1.335,0.433,-0.401,0.7,0.7,0.6885281212915202,-0.708,0.524,0.7327504059601095,1.18,0.5051816308676838,0.7886048376805025,0.433,0.8351046495416627,-0.401,1.059,-0.41136170040843095,0.859883768359565,0.5404010095492469,0.8945432615903626
-0.276,1.424,1.424,0.593,-0.799,-1.058,-0.477,1.596,-0.799,-1.058,1.424,-1.058,-0.799,1.596,-0.644,-0.917,-0.276,-0.276,1.596,0.929,-1.058,0.593,-0.917,-0.644,0.929,-0.644,-0.477,-1.058,-0.477,-0.644,1.424,0.929,-0.917,0.929,1.596,0.593,-0.477,-0.917,0.593,0.593,-1.058,-0.477,-0.799,1.596,-0.477,1.424,1.4095262325436784,0.929,-0.644,-0.276,1.596,-0.917,-0.933142154026847,0.593,-1.058,-0.485831270320862,-0.6578374869178822,-0.6228175980601854,1.5815041908308707,0.9158861732029603,0.5803368717200056
-0.677,0.907,1.138,-1.209,-0.699,-1.209,1.138,-1.209,0.907,-0.677,0.695,-0.699,0.133,-0.259,0.907,0.133,0.907,0.695,-0.677,-1.209,1.117,-1.209,1.117,-0.677,0.133,-1.209,1.138,0.907,0.907,-1.209,-1.209,0.386,-1.209,0.133,0.907,1.117,0.907,0.907,1.138,0.133,-0.259,0.907,0.133,0.695,0.133,-0.259,0.386,0.3683046184703458,1.138,0.42289343032926613,0.44354837482749754,0.695,0.47782034344837804,0.907,-0.677,-0.699,-1.209,0.133,-0.259,-0.6894610256481991,0.8926429626391883,-1.2225031156823238,-1.1848868960900736,1.117,0.6878596773344506
-0.398,-0.792,-0.398,-0.268,-0.792,-0.895,-0.895,-0.792,0.265,-1.248,-0.895,-0.792,-0.268,-0.792,0.265,-1.248,-0.398,0.265,-0.398,-0.398,0.403,-0.947,-0.792,-0.268,-0.398,-0.947,-0.947,-1.248,-0.268,0.265,-0.268,-1.248,-1.248,-0.895,-0.398,-0.947,-0.895,-0.268,-1.248,-0.485,-0.947,-1.248,0.265,-0.792,-0.268,-0.947,-0.792,-0.485,-1.248,-1.248,-0.398,-0.268,-0.410310040762558,-0.3788179686142894,-0.3365863179177625,-0.792,-0.808539606539858,-1.248,-0.2731921857496858,-1.2614745150619864,0.403,-1.2319570828549131,-0.30826700960536363,-0.485,-0.5016900334421294,0.265,0.24858467283813063
-0.33,-0.995,-0.908,-0.33,1.798,-0.989,-0.72,-0.791,-0.791,0.487,0.487,-0.989,0.487,-0.791,-0.995,-0.72,0.487,1.798,-0.908,0.487,0.755,-0.72,0.589,-0.989,1.798,-0.995,1.798,-0.72,-0.908,0.487,-0.908,-0.995,-0.72,0.589,-0.908,0.755,-0.989,-0.995,0.487,-0.791,-0.791,0.487,-0.989,-0.791,1.798,-0.989,-0.995,0.755,-0.989,0.7387119265238046,0.589,-0.33,1.798,0.5697266329858607,1.7794152299101795,-0.72,-1.0085933447612683,1.8070433271941635,-0.9985887452177766,0.7870269468141733
-1.271,-1.302,-1.302,0.485,-0.598,-1.423,-1.302,-1.271,-1.271,1.333,-1.423,-1.271,-1.423,-1.423,0.485,-1.423,0.059,-1.423,-1.302,-1.423,0.485,0.059,-0.244,-1.271,-0.721,1.333,-0.721,-1.271,-1.302,-1.302,1.333,-0.634,0.059,-1.302,-0.598,-0.721,-0.244,-1.423,-1.271,0.485,-0.598,-0.634,-1.271,-0.721,-1.302,-1.423,-1.423,-0.634,0.059,-1.423,-1.423,1.333,-0.244,-1.423,-0.634,-0.598,-1.302,-1.4332890059059744,-1.271,1.333,-0.6099108671130624,-1.3999984027013894,-0.6507576483801397,-1.3161277037586112,0.485,0.46826076899698493,0.059,-0.5573370646636717
2.487,-0.381,2.487,-0.402,2.085,-0.338,2.487,2.085,2.19,0.641,-0.55,2.085,2.19,0.641,2.19,-0.338,2.487,-0.752,-0.752,0.641,2.487,-0.338,-0.338,-0.402,0.641,0.641,0.641,2.19,-0.381,2.487,-0.338,-0.381,-0.402,-0.338,2.487,2.085,2.085,-0.55,-0.338,-0.338,-0.752,-0.381,2.19,-0.386,2.19,-0.752,-0.55,-0.338,0.641,2.19,-0.35251023077017307,2.085,2.1783388970655864,2.216908791439901,-0.402,-0.5682127331658129,2.0714869353440144,-0.4163810389126882,-0.381,-0.38485212530876295,2.1086194050853257,-0.39967877453391704,2.487,-0.36103537311622286
0.493,-0.727,-1.018,-0.895,0.933,-0.65,-0.682,0.933,-0.727,-0.682,0.493,-1.117,-0.65,-1.018,-0.895,-0.727,-1.117,-0.895,-0.682,0.933,-0.65,0.933,0.493,-0.895,0.9,0.933,0.9,-0.65,-1.117,-0.65,-1.117,-0.682,0.933,0.493,-0.682,-1.117,0.933,-0.895,0.9,0.493,-1.117,-0.727,-1.018,-0.65,-0.727,-1.018,0.9,-0.727,-1.018,-0.65,-0.682,-0.65,0.493,-1.018,-0.895,-0.682,0.9,-0.727,-0.6914863017305195,0.4810050781944112,0.933,-0.663442677840449,-0.9062849426682041,-1.0290497413793236,0.8837929082942232
-0.698,-0.375,-0.375,-0.802,0.188,0.0,-0.872,-0.698,-0.509,-0.802,-0.375,0.0,0.0,-0.375,-0.872,-0.375,0.0,-0.509,-0.9,-0.872,0.0,-0.375,-0.9,-0.698,0.74,-0.802,-0.9,-0.375,-0.872,-0.698,-0.872,-0.9,-0.698,0.188,0.188,0.53,0.74,-0.802,-0.375,-0.375,0.0,-0.375,-0.872,0.74,-0.509,0.0,-0.509,-0.698,0.53,0.188,-0.5195233156670904,-0.013202688089701917,-0.802,0.020918456174516067,0.1782189630720013,0.74,0.5166057404661836,-0.48521954237807347,-0.9,0.04028495863427177,-0.8154588582819557,-0.375,-0.39031785926811763,-0.872
-0.029,-0.307,0.086,0.948,-0.097,2.456,-0.813,-0.097,-0.029,0.086,0.948,0.948,-0.097,-0.813,-0.639,-0.029,-0.887,2.456,1.745,0.086,0.086,1.745,0.086,1.745,-0.097,-0.887,0.948,-0.029,1.745,-0.887,-0.029,-0.887,0.948,-0.097,0.086,0.948,2.456,-0.639,-0.029,2.456,-0.887,-0.813,0.948,1.745,0.948,-0.029,-0.813,-0.813,0.948,0.948,2.456,-0.097,-0.11680188776292477,2.441244010181769,0.948,1.745,2.481319392372024,0.086,1.7255015350311134,2.504774887241018,2.52568039141489,-0.887,0.9357325784475239,-0.05461283143942806,1.78195243949471,-0.813,-0.307
1.555,0.71,-0.958,0.794,0.994,0.713,0.478,-0.526,1.555,0.794,-0.526,1.555,1.555,0.478,-0.958,-0.453,0.478,-0.56,0.478,-0.56,1.555,-0.958,0.478,0.994,-0.56,0.71,0.994,-0.56,0.994,0.478,0.478,0.71,-0.56,0.478,0.994,0.994,-0.453,1.555,-0.453,0.994,0.478,0.478,-0.958,0.994,0.994,0.794,-0.958,-0.56,0.71,-0.56,0.478,0.713,0.994,0.4641290525889287,0.49538180748574545,1.555,-0.56,1.5423736326176654,0.71,-0.526,0.9849730776999919,0.532104371594132,-0.958,0.794
-0.526,0.213,-0.119,-0.119,1.78,0.213,-0.119,0.213,1.78,1.78,0.837,-0.75,1.78,-0.119,-0.526,0.213,0.837,0.213,-0.371,1.78,-0.681,-0.508,-0.526,0.213,-0.75,-0.526,-0.526,-0.521,-0.521,-0.526,-0.75,-0.508,-0.508,1.78,-0.75,0.213,-0.521,1.78,0.213,-0.681,-0.526,-0.119,-0.681,-0.521,0.213,-0.119,-0.12945391413540266,-0.6910327008729109,-0.6415131496412376,-0.5944920403713315,-0.5591234081544781,-0.371,-0.526,1.78
0.591,-0.809,-0.433,1.925,-0.816,-0.433,1.925,0.591,-0.809,1.925,1.925,0.622,-0.809,-0.816,-0.816,0.622,-1.089,-0.433,0.622,-0.816,-1.089,-1.089,0.622,1.539,1.925,1.925,0.771,-0.433,0.771,-0.816,1.539,0.622,0.771,0.622,1.539,0.771,0.591,-1.089,1.925,0.622,-0.809,1.539,1.925,1.539,-0.816,0.622,1.539,0.591,0.771,-0.433,-0.809,1.925,-0.8300938828149359,-0.8184416737425372,1.5279153670174568,-0.7910221083116467,0.5803187654374092,0.6273946419370049,-0.7665243752100064
1.949,0.052,-0.797,1.949,1.949,-1.049,-0.957,0.091,0.173,-1.049,-0.957,-0.957,1.949,0.173,0.173,-0.797,-0.807,1.949,-1.049,-0.797,0.052,-0.797,1.949,-1.049,0.173,-1.049,0.173,1.949,1.161,-1.049,-0.957,-0.807,1.161,0.173,-1.049,1.161,-0.957,-1.049,-0.807,0.173,1.949,-0.807,-0.797,0.173,0.173,-0.807,1.161,1.949,-0.797,0.173,0.091,-0.957,-1.049,0.091,1.161,-1.049,-0.807,-1.049,-1.0708001733710282,0.0,1.949,1.161,1.1415617975008594,-0.957,-1.0292987488289822,1.9335954021754742,1.1645284475237638,-0.9711028082964341,0.091,0.052,1.9726791012265221,-0.8171969520522777,0.08173043750942724,-0.9885426101562447,0.173
0.399,-0.152,1.05,1.05,1.05,-1.08,-0.598,-1.087,-1.08,-0.126,-1.08,-1.087,-0.598,-1.087,0.178,0.178,-1.08,1.05,-1.08,0.178,-0.126,-1.087,-1.087,-0.54,-0.598,1.05,-0.152,1.05,-1.08,-0.54,-0.126,0.399,-1.087,0.512,-1.08,-1.087,1.05,-0.598,-0.152,-0.598,0.178,-0.54,-0.54,1.05,-1.087,-0.598,-0.54,0.178,0.178,1.05,-1.087,-0.126,-0.152,0.512,-1.08,-0.1416882647467125,-1.1038357796669778,-0.598,-0.54,-1.0954652327170744,-1.0357072805199694,-0.9921955192875798,1.0387912113940936
-0.628,-0.749,-0.754,-0.749,-1.184,-0.749,-0.754,-0.754,-0.947,-0.947,-0.749,-1.184,-0.947,0.419,-0.749,-0.628,0.419,0.419,-1.184,-0.754,-0.877,-0.628,-1.184,-0.628,-0.947,-0.628,0.112,0.419,-1.184,-1.184,-0.749,-0.749,-0.628,-0.043,-0.749,-1.184,-0.274,-0.274,0.112,-0.628,-0.947,-0.274,-0.274,0.112,-0.947,-0.877,-0.877,-0.877,-0.754,0.419,-0.628,-0.754,-0.877,-0.892934655671072,-0.947,-0.7654783254527883,-0.274,-0.6390591427153064,-0.7312508611711094,-1.184,-0.8798651980229368,0.419,-0.5890712683384837,-0.8464206359164387,-0.8246207373531571,-0.749,-1.1999735074209836,-1.1758017717070588,0.112,-0.5452866608801428
-0.997,1.347,0.123,-0.913,0.943,-0.997,0.943,-0.913,1.347,-0.445,-1.024,0.431,1.347,-1.024,0.123,-0.488,0.064,0.943,-0.913,0.943,-0.913,0.943,-0.445,-0.997,1.347,-0.445,-0.997,-1.024,0.431,-1.024,0.943,-0.997,0.123,-0.913,-0.488,0.064,0.123,0.943,-1.024,0.123,0.943,-0.997,-0.488,-0.997,1.347,-0.488,0.431,-0.913,0.064,-0.997,-1.024,-0.488,0.943,-0.49894040962408154,0.9283408920634959,-0.445,-0.9235171801228089,-0.4714944211214407,0.42125982315480603,0.46598546946527275,0.4971731501461137,-0.45697987050935185,-1.0395958752854317
-0.913,-0.913,1.346,-0.913,-0.354,-0.765,-0.765,1.225,-0.913,0.637,-0.632,-0.632,1.346,1.346,1.562,0.637,0.637,0.546,-0.399,0.546,1.346,1.225,-0.913,1.562,-0.913,-0.913,0.546,0.637,1.562,-0.913,-0.765,-0.765,1.562,-0.632,1.562,-0.354,-0.632,1.562,-0.913,1.225,0.546,1.225,0.546,-0.913,-0.765,0.637,1.346,1.225,-0.354,-0.399,0.6248548407477991,0.6612151129107393,-0.3704162191063396,0.7033062775887583,-0.7751453981900664,0.7475235866031585,-0.632,-0.9231686787873958,1.337194215917858,1.3618103050665593
-0.425,1.956,1.182,1.182,1.956,1.182,1.956,-0.425,-0.216,-0.343,1.956,1.189,1.182,1.189,1.189,-0.425,2.078,-0.791,-0.295,-0.791,1.956,2.078,-0.216,1.956,1.189,0.526,2.078,-0.425,1.189,-0.216,1.189,-0.216,-0.216,-0.791,2.078,1.182,1.189,1.182,-0.343,1.182,1.956,-0.216,-0.343,-0.425,-0.3534506100865356,1.956,1.189,1.182,-0.295,1.9406385324578732,2.078,0.526,0.5062707320000646,-0.3033704412843405,-0.2283271557749436,-0.24689492222600715,0.5336732160627982,1.9840710563563966,2.068831916397276,2.0266399019257904
1.218,-1.166,-1.166,-1.166,-0.981,-0.981,-0.374,-1.189,-0.377,1.218,-1.189,-1.166,1.218,0.074,1.025,-0.374,-1.166,-0.981,1.025,-0.034,-0.981,-0.377,-1.189,-0.377,-0.377,-1.189,-0.751,-1.166,-1.189,-0.751,-0.034,0.074,-0.377,1.218,-0.981,-1.189,-0.751,-1.189,-0.751,-0.981,-0.034,-0.034,1.218,1.025,0.074,-0.374,-1.189,-1.189,-0.751,-0.772086034816309,0.074,-0.377,-0.374,-0.7276470919865865,-0.981,-0.034,1.025,-1.166
-0.415,-0.616,-0.57,-0.415,0.467,-0.415,-1.226,-0.57,-0.415,-0.532,-0.57,-1.226,0.467,-0.184,-0.532,-0.616,-0.415,-0.184,-1.226,0.467,-1.226,-0.943,0.467,0.467,-0.57,-0.57,-0.225,-0.616,-0.57,-0.532,-0.532,-0.943,-0.657,-0.657,0.467,-0.57,-0.943,-0.943,-0.57,-1.226,-1.226,-0.415,-1.226,-0.57,-0.943,0.467,-0.184,-0.532,-0.616,-0.57,0.467,-0.6297986675227418,0.4568323234086752,-0.5831392580354251,-0.5364579648729717,0.4886566107808848,-0.184,-0.657,-1.226,-0.19408562738955232,-0.6750440989550502,-0.49438449074045765,-0.4662822446802076,-0.415,-0.4272223650573527,-0.4133341014403043
-1.166,-0.703,-0.805,-0.741,-1.166,1.781,-1.166,1.781,-1.166,-0.212,1.417,-1.166,1.781,-0.703,-1.166,-0.741,-0.212,1.781,-1.166,-0.212,-0.703,-0.741,0.404,-0.741,1.417,-0.741,1.417,0.488,-0.805,0.409,-1.166,-0.805,1.781,-0.741,1.781,-0.703,-0.741,-0.703,-0.741,0.404,1.417,-0.703,-0.741,-0.212,-0.741,1.781,0.409,1.417,0.404,-0.212,1.4032041294416209,-0.805,-1.166,-1.1762846667363522,-1.138135170996336,0.40050464085748305
-0.802,1.055,1.367,-0.821,-0.532,-0.532,-0.516,-0.532,-0.802,-0.532,0.143,-1.068,1.055,-0.802,-1.068,-0.802,-0.323,-0.802,1.367,1.055,1.055,-0.821,-0.323,-1.068,1.367,-0.802,-0.821,0.143,-0.516,-1.068,1.367,1.367,-0.821,-0.821,-0.323,-0.516,-0.098,-0.532,-1.068,0.143,-1.068,1.367,-0.323,-1.068,-0.802,1.367,-0.821,-0.098,-1.068,-0.532,-0.802,-0.323,-0.516,1.055,-0.3430949244587343,1.3556934261147593,-0.5412171569359291,1.4156385695081095,-0.8341820601185335,-0.288177929181825,1.037354803673205
-0.711,-0.227,-0.456,-0.456,1.018,1.974,-0.837,1.018,-0.711,-0.091,-0.923,-0.711,1.018,1.974,-0.711,-0.923,1.974,1.018,1.018,1.018,-0.091,-0.923,1.974,1.974,-0.52,1.018,-0.091,-0.227,1.974,-0.248,-0.837,-0.248,-0.711,-0.923,1.018,-0.52,1.974,-0.248,1.974,-0.923,1.018,-0.923,-0.837,-0.711,-0.248,1.974,-0.091,1.974,1.9461106467306044,-0.52,-0.837,1.9875356158729651,-0.5312281175067454,-0.456,-0.46817400436308576,-0.4853988492985158,1.018,-0.248,-0.1017466220964893,2.022348954551368
-0.074,-0.522,-0.231,1.586,-1.02,-0.074,-0.402,1.042,-0.231,-1.244,-1.02,1.042,0.063,0.802,-1.244,0.063,-0.522,-0.402,-1.244,-1.02,-1.02,-1.244,-1.244,-1.02,-0.522,-1.244,-1.02,-0.074,0.063,-1.244,0.802,1.586,1.586,0.063,1.042,1.586,-1.244,1.586,1.586,1.586,-1.244,-0.074,-0.402,-0.09236477062023918,1.042,1.586,1.5742654923104122,0.802,0.063,-1.02,-0.04309115473928749,-0.020571067390591197,-0.522,0.05108084497524146,-0.536568051233886,-0.41513743549646875
0.878,-0.693,1.689,1.689,0.878,0.499,0.499,-0.404,-0.864,-1.648,-1.648,-0.864,-0.864,-0.747,0.499,-0.665,1.689,0.483,-1.648,-0.747,-1.648,0.878,1.689,-0.404,-0.747,-1.648,-1.648,1.689,-1.648,0.499,0.878,0.499,0.499,0.878,0.499,-0.665,1.689,-1.648,-1.648,-1.648,-0.864,-0.665,-0.693,-1.648,-1.648,-0.747,-0.693,-1.648,0.483,-0.864,0.499,-0.693,0.878,-0.665,0.48174090346597453,-1.6582033081311802,1.689,1.6746003777491825,-0.404,-0.7052047782861385,-0.747,-0.6768295286857133,-0.6379142351984269,-0.4132419639462817,-0.5986063190484033
1.05,0.598,-0.604,0.598,1.05,-0.246,-0.246,-0.246,-0.604,-0.329,-0.507,0.598,-0.246,-0.329,-0.604,-0.762,1.05,-0.329,-0.428,0.598,-0.428,0.598,-0.507,-0.497,-0.604,1.05,-0.507,0.598,-0.497,-0.507,-0.329,-0.762,0.774,0.598,1.05,-0.246,-0.428,-0.762,-0.329,0.598,0.774,1.05,0.598,-0.428,-0.246,1.05,-0.762,-0.428,-0.246,-0.507,0.774,0.7595080029771942,0.598,0.5811127136037234,-0.25854129697604084,1.05,1.0358032969318285,0.7972254108918493,-0.762,-0.497,-0.5175451062858598,0.6491474523463441
-0.569,-0.569,-0.726,0.258,-0.569,-0.616,-0.616,0.858,0.701,0.701,1.19,-0.616,-0.726,-0.726,-0.877,-0.616,0.858,-0.762,0.584,-0.762,0.701,-0.569,1.19,0.584,-0.762,-0.877,0.701,-0.569,-0.877,0.701,-0.569,0.858,0.858,0.701,1.19,-0.877,-0.762,0.258,-0.569,0.258,-0.726,-0.877,0.584,-0.762,-0.877,0.584,0.258,0.5760991019112056,-0.762,-0.569,-0.877,-0.5824177069968154,1.19,-0.726,1.1718538821839597,-0.5238579388274586,0.701,-0.7436868275416305,-0.7741010435255786,0.606858965256679,-0.7191647954627998,-0.616
0.37,1.264,-0.471,-0.987,-0.987,0.246,0.18,0.37,-0.386,-0.714,-1.095,1.264,0.246,-0.714,0.18,-0.808,-1.095,1.264,1.264,-0.714,-0.808,0.246,-0.808,0.246,-0.471,-1.095,-0.987,-0.808,-0.714,-1.095,-0.987,1.264,-1.095,-0.471,-1.095,0.37,0.37,0.18,-0.808,-0.808,-0.714,-0.987,0.246,0.37,-0.471,-0.987,-0.714,-0.386,-0.40041809707056664,-0.471,0.37,1.264,1.249717255018548,0.246,-1.0025641370968021,1.2930019880714145,-0.7237298055306248,-0.4833381326367024,-0.808,0.18,-0.43548648656622496,-0.6650501936643438,-0.39625738096585966,1.3396258141253101
0.729,1.239,1.607,1.021,-0.701,0.729,-0.507,-0.507,1.239,-1.119,-0.701,1.607,-0.779,1.14,-1.119,-0.701,-1.119,-0.779,0.729,-0.779,0.729,-0.507,1.021,1.239,-0.779,0.729,1.607,-1.119,1.14,1.021,-0.701,1.14,-1.119,-1.119,0.424,1.607,1.021,1.239,-1.119,1.607,1.239,1.2214292242834284,-0.701,0.729,-0.7148836674422802,1.25433265964238,0.7160808925104317,0.424,-1.119,1.29494010812987,-0.779,0.7655341918281323,-0.671617970713277,-0.6454243814597581
-0.06,1.995,1.995,0.367,1.734,0.367,-1.118,1.402,0.991,0.855,1.734,-1.118,-0.522,-0.06,1.995,0.367,0.855,0.367,1.734,-1.118,-0.461,-1.118,1.995,-1.118,-1.118,1.402,1.734,1.995,-1.118,0.991,1.995,-0.461,1.402,-0.06,1.995,-0.522,0.367,-0.06,-0.06,-0.522,0.855,1.402,0.991,-0.06,0.991,-1.118,-0.06,1.734,-0.07195952697585827,0.991,0.367,-1.118,-0.461,-0.02232714378530058,1.723528591779092,-1.1359523921411758,0.35431206578420343,-0.47897960529137196,0.37501497466541583,-0.43683721661123115,0.855,1.402
-1.288,-1.288,-1.288,-0.778,-1.288,-0.983,-0.983,-1.288,-0.762,0.105,-0.778,-0.762,-0.913,-0.778,-0.983,0.054,-0.983,-0.983,-0.778,-0.213,-0.983,-0.048,-0.778,-0.778,0.179,-0.762,0.179,-0.213,-0.213,-0.213,-0.213,-1.288,-0.213,-0.913,-0.048,-0.048,-1.288,-1.288,0.105,-0.913,-0.213,-0.913,-0.048,0.054,-0.762,-1.288,-0.762,-0.762,-0.983,-0.762,-1.288,-1.3036194176006994,-0.778,-0.777035687391123,-0.213,-0.913,0.179,-1.27078892637324,-1.228878730849918,-0.9266366777389675,-0.790257999230412,-1.2069542613115773,-1.1787184269043844
0.667,1.636,-0.576,1.636,-1.037,1.191,-1.029,-1.029,0.667,-0.54,1.636,-1.037,0.667,1.636,-0.696,-1.029,-0.696,1.636,-1.029,1.636,-0.947,-0.696,-1.029,1.191,-0.576,-0.947,-0.576,-1.029,1.636,1.191,-0.576,-0.696,1.636,-1.037,1.636,-0.696,-1.037,-0.696,-1.029,-0.696,-0.947,0.667,1.191,-0.576,-0.54,1.636,-0.947,-1.037,-0.696,-0.576,-0.947,-0.576,-0.696,-1.037,1.636,-0.54,-0.696,-0.576,0.667,0.6543231250194543,-0.7088664079643181,1.6235200323221977,-1.037,0.6745624351994324,-1.052257282157813,-1.0233245476173114,-0.9933661932103611
1.007,0.421,-0.011,0.712,0.712,1.007,1.007,0.926,0.005,-0.011,-0.727,0.024,1.399,-0.011,0.926,1.399,-0.727,0.024,0.421,1.007,1.007,-0.011,0.926,1.007,0.421,0.926,-0.727,1.399,1.399,0.005,0.926,-0.011,-0.727,1.007,-0.011,0.421,0.024,-0.011,-0.011,0.421,-0.403,0.024,0.421,0.005,0.712,-0.727,1.399,1.388813563625796,0.712,-0.011,0.024,-0.727,0.421,-0.7436816465279845,0.926,0.014835788596529323,0.4120053856732067,0.4354980639371697,0.0350063935615366,1.007,0.9837116864399339,-0.025711414036615008
-0.845,0.064,-0.845,-0.845,-0.77,2.22,2.22,-1.136,0.064,-1.136,-0.77,0.064,2.22,0.191,0.191,0.892,2.22,-0.845,-1.136,-0.645,-0.77,-0.77,0.892,0.493,2.22,-0.382,0.892,-0.645,0.493,-0.645,2.22,0.191,-0.382,-0.382,-0.645,0.493,0.892,2.22,-0.645,-0.845,-1.136,-0.845,-0.77,-1.136,-0.845,2.22,-0.77,0.892,-0.645,-1.136,-0.382,2.22,-0.657699485582658,-0.845,-0.3899976435057934,-0.77,0.191,-0.32414942694089205,2.2062820361235946,0.892,-0.7841990045078616,0.064,0.04491421132614211,-0.29155413393744295
0.855,0.855,-0.576,0.154,-1.364,-1.364,0.855,-0.548,-1.178,-1.002,-0.548,-1.178,-0.888,-1.178,-1.178,-0.888,-1.002,-1.178,-1.364,-0.548,-1.178,-1.364,-1.178,-0.888,0.134,0.4,-1.364,-1.364,-0.548,-1.364,-1.364,0.134,-1.364,0.4,-1.002,-1.364,-1.178,-0.888,-1.364,0.855,-0.576,-1.002,0.134,0.134,0.154,0.855,-1.002,-1.178,-0.548,-0.5735288784082887,-1.364,0.4,0.154,0.3875058597253796,-0.5467723894441477,-1.002,-0.5052216305968967,-0.576,-1.178,-1.016990769606196,0.1439044388336945,0.17270806847907064,-0.888,0.416285151290416,0.22121356052261665
-0.827,-0.844,-1.064,-1.064,-1.064,-0.844,-0.827,1.611,-0.701,-0.68,-0.844,-0.864,-1.064,-0.68,-0.844,-0.38,-0.549,-0.549,-0.549,-0.701,-0.549,1.611,-0.701,-0.827,-0.701,-0.68,-0.608,-1.064,-0.608,-0.608,-0.68,-0.827,1.611,-0.608,-1.064,-0.827,-0.844,-0.844,-0.864,1.611,-1.064,-1.064,-0.864,-1.064,-0.864,-0.827,-0.68,-0.864,-0.608,-0.844,1.611,-0.549,-0.38,-1.064,-0.549,-0.844,-0.68,-0.864,-0.38807423212079545,-0.8803641796250677,-0.3496907387686986,1.611,-1.075097266493552,-1.0327446872067663,1.5962836133136042,-0.701
0.189,-0.973,-0.431,-0.79,-0.359,-0.973,-0.431,-1.12,-1.058,-0.79,-0.79,-0.359,-1.058,-0.973,-1.058,1.462,0.189,-0.082,-0.973,-0.973,-0.79,-1.12,-0.359,-0.147,-1.12,-0.147,1.462,-1.12,-0.973,-0.431,-0.973,-0.431,-1.12,-0.082,-0.359,1.462,-0.147,-0.147,-0.431,-0.973,-0.082,-0.147,-0.79,-0.973,-0.147,-1.12,-1.058,-1.058,1.462,1.462,-0.431,-0.973,-1.12,1.462,-0.359,-0.79,-1.133873051654873,0.189,-0.082,0.1766684590907581,0.21284003032024248,-0.9850876748039796,1.4528338781982435,-0.8051746661772098,-0.7630731206312945,-1.0954401740720394,-0.431,-1.058,-0.09427088521844174
-0.999,0.811,-0.999,0.011,0.811,1.022,-0.917,1.022,-0.952,-0.917,-0.748,-0.748,1.022,-0.857,-0.952,-0.748,-0.999,1.022,-0.917,0.011,0.483,0.811,-0.857,-0.952,-0.917,-0.917,-0.917,-0.748,-0.917,-0.952,0.011,-0.999,0.811,-0.952,-0.999,-0.917,-0.857,-0.999,-0.999,-0.857,-0.999,1.022,-0.857,0.811,-0.917,-0.917,0.483,-0.748,-0.999,-1.0109269874573317,0.011,-0.9321537562650781,-0.952,0.8000101890537015,-0.7611906200149434,-0.9787624405895659,0.472065570030125
1.455,-0.338,-1.192,1.455,-0.663,-0.31,1.455,1.455,0.213,1.455,-0.678,-0.663,-0.663,-0.811,-0.338,1.455,-1.192,0.213,1.455,-0.811,-1.192,-0.811,-0.31,-0.811,0.586,-0.31,1.455,-1.192,-0.811,1.455,-0.31,-0.977,0.586,0.586,0.213,-0.977,0.586,0.213,-1.192,1.455,-1.192,-0.977,-1.192,-0.811,-0.811,-0.977,0.213,-1.192,-0.678,-1.192,-0.811,-0.663,-0.31,-0.811,0.586,0.572176198536454,0.213,-0.977,-0.678,-0.663,-0.9953311823383807,-1.192,-0.31,-0.6719699700580176,-1.2118686760548367,-0.9653207355429209,-0.6900668907639317,-0.338,-1.1660991839191994,-0.3214533982513589
1.226,-0.902,1.942,-0.081,-0.358,1.226,-0.755,-0.902,1.31,1.541,1.541,-0.902,-0.358,1.541,2.034,1.226,1.541,-0.755,-0.279,1.226,2.034,-0.358,-0.902,1.31,-0.755,-0.279,-0.081,1.226,1.942,1.942,1.226,1.541,-0.279,-0.902,-0.081,1.942,-0.755,-0.358,2.034,1.541,-0.755,2.034,-0.755,-0.279,1.942,-0.358,1.541,1.942,-0.755,1.31,-0.755,1.541,-0.279,-0.902,-0.9212144282415469,1.226,1.528480266748303,1.31,1.2118199220720554,1.942,1.56516462980002
-0.333,-0.834,-0.834,0.525,0.817,-0.75,-0.803,-0.275,-1.112,0.525,-0.803,-0.834,0.525,-0.015,-1.112,-1.112,-0.275,-0.333,-0.834,-1.112,-0.75,-0.333,-0.834,-0.015,-0.457,-0.803,-0.457,-1.112,-1.112,0.525,0.525,-0.803,0.817,-1.112,-0.015,0.525,-0.75,-1.112,0.525,-0.803,-0.834,0.525,-0.275,-0.75,0.5068626653165295,-0.8515104020931159,-0.8076702317414292,0.5464759588243979,-0.2904364688625581,-0.7580212774753896,-0.803,0.5784784817658665,-1.112,-1.1332644572869586,-0.2580939799439006,-0.333
1.243,-0.158,-0.545,1.243,0.992,-0.545,-0.269,1.243,-0.005,-0.895,-0.138,-0.88,0.992,-0.269,-0.005,-0.88,-0.895,-0.864,-0.005,-0.158,0.992,-0.545,-0.269,-0.88,-0.005,-0.545,-0.864,-0.269,-0.895,-0.158,-0.005,-0.269,-0.88,1.243,-0.269,-0.864,-0.005,1.243,-0.158,-0.005,-0.158,-0.158,-0.864,-0.864,-0.895,-0.88,-0.895,-0.269,0.992,-0.545,-0.5685423574467231,-0.005,1.243,1.23097366861753,-0.864,-0.5431697255906542,0.992,-0.158,-0.018488264475566618,-0.17676326814094612,-0.5119755094760448,1.2694937653811769,-0.1409753684217468,-0.138,-0.895,-0.15675942758784006,-0.8747737885470865,-0.269
-0.056,0.579,-0.506,-0.544,-0.18,-0.506,0.579,-0.224,-0.18,0.69,0.69,-0.224,1.0,1.227,0.129,0.69,-0.056,-0.056,0.579,0.129,0.129,1.227,-0.224,0.129,-0.544,1.227,0.579,1.0,1.227,-0.18,0.69,1.227,0.69,-0.544,0.69,-0.056,-0.18,-0.224,0.69,-0.544,-0.056,0.579,0.129,1.227,-0.056,-0.544,0.579,-0.224,0.579,0.129,-0.056,-0.544,0.11315958382857402,-0.506,0.69,0.17153055327570818,0.6784106164638194,1.0,-0.5542627484660316,-0.5461199153251282,0.5650953074453408,-0.18,0.6091443068293692,-0.06663040047080829
1.548,-0.894,1.86,-0.669,1.548,-1.014,-0.295,-0.669,-0.894,-1.014,-1.014,1.548,-0.71,1.86,-0.138,1.548,1.86,-1.014,0.807,-0.295,1.548,-0.669,1.548,0.807,1.86,-0.295,-0.295,1.86,1.86,0.259,-0.138,-0.71,1.86,-1.014,1.86,-0.138,1.86,-0.138,-0.894,-0.295,-0.669,-0.894,0.259,1.548,-0.669,-0.669,-0.669,-1.014,-1.014,-0.138,-1.030379942402576,-0.295,-0.669,1.548,0.259,1.86,0.2412137726379766,1.5348874536188812,-0.71,-0.15136720632343384,1.8496185695305558,-0.894,-1.0130235482919892,-0.6767827227424489
1.817,0.802,1.25,1.25,-0.463,-0.706,-1.315,-0.558,1.817,-0.706,-0.558,-0.558,-1.315,-0.706,-1.315,-1.315,0.773,0.744,0.773,1.817,-1.315,-1.315,-1.315,-0.558,0.353,-1.315,-1.315,-0.706,-0.558,-0.463,0.773,0.744,0.353,-0.463,-1.315,0.353,0.353,0.353,0.773,0.353,0.773,0.773,0.744,1.25,-1.315,-0.558,0.802,-1.315,0.773,0.802,1.817,0.7592204994180696,1.25,0.744,-0.706,-0.7362044265363079,-0.463,0.7316643901475154,0.7779965661472178
-0.847,1.589,-0.098,1.459,1.459,0.231,0.231,-0.251,-0.251,0.231,-0.847,-0.847,1.459,-0.098,-1.205,0.231,-1.205,1.459,1.589,0.231,0.9,1.137,1.589,0.9,-1.205,-0.847,-1.205,0.9,1.589,1.137,1.459,1.589,-0.335,-0.098,-1.205,-0.251,1.589,-1.205,-1.205,1.589,0.231,-0.335,-1.205,-1.205,1.459,-0.251,1.137,1.589,-0.26040665878047137,0.231,0.21196291442794077,-1.2183866816426443,1.449148142611196,-0.847,0.9,-0.2399394014432636,-0.335,-0.3490373984601169
-0.263,-0.263,-0.263,-1.167,-0.219,-1.167,-0.263,-0.97,1.591,1.591,-1.167,0.066,1.537,1.591,0.423,-0.97,-0.97,-0.219,1.591,-0.97,1.602,1.602,-1.167,1.602,-0.263,1.602,-0.97,1.602,1.602,1.602,1.602,-0.219,-1.167,1.602,-0.263,1.591,-0.263,0.419,0.066,1.537,1.591,1.591,1.537,-0.97,-0.219,1.602,-0.219,-0.263,1.591,0.419,-0.263,0.4064950489131047,-0.219,-0.27145734254252224,1.537,-0.97,0.4459155131723884,1.602,-0.23246110636289144,1.5194752530104216,-0.9793538056075672,-0.9604046480853189,1.5862417094086094,-0.22616114132995552
0.935,-0.724,1.06,-0.571,-0.941,0.935,0.119,1.553,1.553,-0.724,1.553,0.119,-0.243,-0.576,1.06,-0.243,1.553,0.119,1.553,-0.243,-0.724,-0.724,-0.941,0.935,-0.941,0.935,-0.576,-0.576,-0.724,-0.576,-0.724,1.553,-0.576,0.119,0.119,-0.941,-0.576,1.06,0.935,0.935,-0.571,1.06,0.119,0.119,-0.243,0.119,0.0,0.935,1.553,-0.012577606494334226,-0.941,-0.571,0.10259888381795128,1.543629988583373,-0.5827422762649734,0.9246497767184533
-0.419,-1.183,-1.117,-0.177,1.231,1.231,-1.183,1.231,-0.94,-0.851,-1.117,0.506,-1.117,0.022,-0.419,-0.851,-1.183,-0.851,-0.177,0.022,0.506,1.231,0.022,-1.183,-0.94,-0.94,-1.183,-0.851,-1.117,-1.117,-1.183,-1.183,1.231,-1.183,-1.183,-0.275,-1.117,-1.183,-0.851,-0.94,-0.94,0.022,-0.177,0.506,-1.117,-0.275,-0.851,-0.419,-0.177,-1.183,-1.1279113995156729,-0.19432498593096664,-1.0922248787777702,0.022,-0.94,0.506,0.4959873537160684,-1.1943625210332025,-0.9509904298341341
0.146,-1.229,0.741,-1.229,-0.8,-0.785,-0.785,0.824,-1.06,-1.229,1.164,0.146,-1.229,0.741,0.146,-1.229,-0.785,0.824,-1.007,-1.229,-1.06,1.164,-0.8,-1.06,-0.8,-1.007,0.146,-0.785,0.824,-0.505,-1.06,-0.785,1.164,-0.505,0.146,-1.06,0.824,1.164,-1.007,0.146,-0.8,-1.007,-0.8,-1.007,-1.007,-0.8,-0.505,0.741,-1.229,-0.505,-0.785,0.741,0.146,0.7277951362031749,-1.007,0.12848316730073883,-0.7969969468559915,-0.8,0.7752630971725237,0.8001511983308419,1.164,-0.8144396326720218
-0.675,-0.747,0.849,-0.924,-1.215,0.849,-0.874,0.849,-1.215,0.849,-0.571,-0.741,-0.874,-0.571,-0.741,-0.986,-1.215,-0.741,-0.986,-0.741,-0.874,-0.924,0.849,-0.675,0.849,-0.571,0.849,-0.747,-0.986,-0.986,-0.924,-0.741,-1.215,0.849,-1.215,-0.874,-0.747,-0.675,-1.215,-0.571,-0.741,-0.571,-1.215,-0.741,-0.986,-0.924,-0.741,-0.924,-0.675,-0.986,-0.747,-0.9350536838034333,-0.741,-0.571,0.0,-0.8810384493642835,-0.69111332305616,-0.9997287655134862,-1.215,-1.2328471463739916,0.849,-0.9705986655205131,-0.6793425482561801,-0.874,-0.016724648007363462,-0.8703050178405677
0.901,0.974,0.974,-0.777,0.974,-0.823,1.611,0.097,1.611,-1.057,-1.059,0.974,-0.831,1.611,0.901,-1.059,-0.831,-0.777,0.097,-0.172,-1.059,-0.823,-0.831,-0.777,0.097,0.974,0.097,-0.172,-1.059,-0.172,0.974,0.974,-1.057,-0.823,-0.777,-1.059,0.901,1.611,1.611,0.901,0.901,0.974,0.097,-0.831,-0.172,-0.831,-1.057,-1.057,-0.777,0.974,0.097,-0.831,-0.823,-1.059,0.974,0.097,-0.777,-0.831,-0.8508618916941529,0.9558461485293968,1.611,-0.823,-0.7990673063262171,0.901,0.9956095258753758,0.8855265713538875,1.5978123438556748
-1.284,0.679,-0.398,1.1,-0.828,0.679,0.788,0.788,-1.284,1.1,-0.828,0.788,0.679,0.679,-0.997,0.788,1.1,1.597,0.453,1.1,1.1,1.597,-0.997,1.1,1.597,1.597,0.679,-1.284,0.788,-0.997,0.453,0.453,-1.284,0.788,0.453,-1.284,0.453,-0.997,-1.284,1.597,0.679,1.1,1.1,1.597,-0.828,0.788,-0.997,-0.398,0.453,1.1,-1.284,-0.828,0.788,1.1,-1.284,1.597,0.483,-0.398,-1.284,1.1,-1.2938293252304032,0.679,1.0854965052244305,-0.828,0.788,-0.997
-0.496,0.434,0.434,0.552,-0.496,0.713,1.147,-0.496,-1.095,1.147,0.438,-0.146,0.43,1.147,-1.095,-1.095,1.147,0.434,1.147,1.147,-0.496,0.962,0.962,1.147,0.434,0.434,0.434,-0.496,0.962,-1.095,0.438,0.434,0.438,-0.496,0.438,-0.496,-1.095,0.438,-1.095,0.713,-0.146,1.147,0.434,-1.095,-0.496,-0.5070176161184572,1.1356239117138274,-0.1574393602938082,0.438,0.4246952614150086,1.1613126173800032,0.4247362867672219,0.552,-0.10617266360192637
1.677,-0.791,0.654,1.015,-0.791,-0.791,1.677,1.677,-0.438,-0.858,1.677,-0.858,-0.976,0.654,-0.976,-0.976,-0.463,0.654,1.677,1.677,-0.463,-0.858,-0.438,0.811,-0.791,0.585,-0.791,-0.438,1.015,1.677,0.811,-0.858,-0.858,-0.976,1.677,1.015,-0.438,0.811,-0.791,-0.858,-0.8029963555086674,-0.8722439493873004,-0.7693234314161821,0.654,-0.463,-0.4813752484831712,-0.976,-0.7204782241812179,-0.841044772570053,1.677,1.015,1.6625206859736592
0.458,-1.172,0.684,0.684,1.28,-1.172,-0.852,-0.452,-0.659,-0.275,-0.659,-0.659,1.28,-0.452,-0.659,-1.172,-0.659,-0.659,-1.172,-0.452,-1.172,-0.852,-0.275,-0.086,1.28,0.458,0.458,-0.659,0.458,-0.681,0.684,-0.086,1.28,0.458,0.458,-0.681,-0.852,-0.086,-0.852,1.28,-0.852,-0.659,0.684,-0.852,-0.275,1.28,-0.659,1.2621559616810423,-0.2870628322322536,0.684,0.6656098035407305,-0.452,-0.681,-0.6967277171781998,-0.6683736815082599,-0.852,1.2981798875548758,-0.4590738235409912,-0.8619635883570913,-0.2402149162312524,-0.6268673398001062
-0.625,-0.907,0.322,0.299,-0.746,-0.724,0.322,0.322,1.865,-0.625,-0.73,0.299,-0.746,0.299,0.299,-0.625,1.086,0.458,1.865,0.322,0.322,-0.907,-0.625,-0.746,1.865,0.458,-0.746,1.086,-0.724,-0.724,-0.625,1.865,-0.625,-0.724,-0.907,-0.73,1.865,-0.73,1.086,0.458,-0.625,-0.625,-0.907,-0.73,1.086,0.322,1.865,-0.73,-0.724,-0.724,1.086,-0.73,1.865,-0.625,0.299,-0.7371805287223208,0.2894818512555526,-0.907,0.458,-0.9294968754496382,-0.741679233825474,1.072738720883259,1.1048768649989789
-1.132,-1.132,-1.132,-0.541,0.235,-0.99,0.137,-1.132,-0.541,0.137,-0.42,-0.601,-0.42,1.45,-1.132,-0.541,-1.132,1.45,-0.99,-0.99,-0.42,-0.541,-1.132,-0.601,0.137,0.137,-1.132,-0.42,-0.99,-1.132,-0.42,-0.474,-0.42,1.45,0.137,-0.474,-0.99,-0.601,1.45,-0.99,0.235,-0.99,-0.293,0.137,-0.474,-0.293,-1.132,-0.42,-1.1431043775390497,1.45,1.4392742099522082,0.1215296075257724,0.235,0.16786833661100747,-0.541,-1.0914750465617018,-0.4922389329515232,-0.4574955251752062,-0.99,-0.601,-1.0002898955001234,0.2190468180807886,1.4794398732498097
-0.23,-1.236,-1.236,-0.756,-0.882,-0.882,-0.876,1.253,-0.756,-0.023,-0.756,1.253,-1.236,1.253,-1.236,0.55,-0.876,0.55,-1.236,1.253,1.253,-0.882,-0.23,-0.882,-0.23,0.55,-0.756,-0.023,-1.236,1.253,-0.023,-1.236,1.253,0.057,1.253,0.55,0.057,-0.882,-0.23,0.55,-0.876,0.55,-0.882,0.103,-0.023,-0.876,-0.23,0.057,1.253,-1.236,-1.236,-0.876,-0.23,0.103,-1.236,-0.23,1.253,0.55,1.253,0.057,0.103,-0.756,0.09178312803253715,-0.7698139007895217,-0.23,-0.2520415474705538,-0.21975983823635847,-0.023,0.5402616209196663,-0.876,1.2443435934463254,1.2877195863714574,-1.236,0.1485418754886703,1.3241172310561506,-0.1865768125988822
-0.152,-0.624,0.243,-0.624,-0.427,-0.427,-0.624,0.243,0.333,-0.999,0.333,-0.427,-0.867,-0.999,-0.507,-0.507,-0.507,-0.624,-0.152,-0.152,-0.867,-0.427,-0.624,-0.999,-0.867,-0.427,-0.427,-0.624,-0.147,-0.867,-0.507,-0.999,-0.152,-0.152,-0.427,-0.867,-0.152,0.243,-0.624,-0.427,-0.147,-0.427,0.333,-0.507,-0.427,-0.624,-0.152,0.243,-0.147,-0.867,-0.147,0.333,-0.624,-0.152,-0.867,0.3160863428960805,0.0,-0.8792968199342053,-0.8230459623835469,-0.014473158341914406,-0.6388532116008081,-0.7821435974578768,-0.7353879736722241,-0.7108970306336765
-0.846,1.561,0.43,-0.998,-1.121,1.884,-1.121,1.561,-0.998,-1.121,1.561,-1.121,-0.661,1.561,1.884,-1.121,-0.846,-1.121,-0.661,-0.998,-0.998,-1.121,-0.461,1.884,1.561,1.884,-1.121,-0.461,-0.454,-0.846,-0.454,-1.121,1.561,1.884,-0.706,-0.661,-0.661,-0.846,-0.706,-0.998,-1.121,1.884,-0.846,-0.998,-0.454,1.561,-0.8591582670379287,1.884,-1.0114481299725353,-0.8097493842463788,1.5495969009050343,1.5912633822793618,-0.7818745374541666,-0.7370987233127165,-1.121,-0.9914145740349417,-0.7035169272782374,-0.661,1.8673388114506817,-1.1386750649574484,-1.1066275480897207,-0.6717418500270617
0.077,-0.317,-0.317,-1.217,-0.352,-0.364,-1.217,-1.122,-0.317,0.784,0.171,-0.352,-0.21,-1.217,-0.352,-0.352,-1.217,0.713,0.077,-0.364,0.713,0.713,0.077,0.784,-0.364,0.784,0.171,-0.317,-0.21,-0.21,-1.122,-0.317,-0.21,-0.317,0.077,-1.122,-0.364,-1.217,-0.352,-0.352,-0.352,-0.352,-1.122,0.077,-0.364,-1.122,-0.21,-0.352,-1.217,-0.352,-0.3708007907543421,-1.122,-1.2322502520500538,-0.364,-0.3332575104650642,-1.1852632729542214,0.784,-0.29948673231416745,-0.2698790193028057,-1.1393377816074215
0.72,0.72,-0.868,-1.117,0.72,-0.754,-0.868,1.133,-0.57,-0.868,-0.754,-1.117,-1.117,0.881,-1.117,-0.868,-0.868,-1.117,0.72,0.881,-0.754,0.881,1.133,-1.117,0.006,1.133,0.72,-0.57,-0.57,-0.754,-0.868,-0.053,-0.563,-0.563,-0.754,-1.117,1.133,-0.754,0.72,0.72,-1.117,0.72,1.133,0.006,-1.117,-0.563,0.881,-0.053,-1.117,1.133,0.881,0.006,-1.1302475217390648,-0.57,-0.563,-0.5865085068516127,-0.006212424059818776,0.72,-0.754,0.7016537191761789,-0.868,0.0418410769476906,0.747484936283342
1.076,-0.163,0.791,1.678,1.076,1.076,-1.187,1.076,-1.187,-1.187,1.678,-1.042,1.553,0.791,0.791,-0.163,0.119,-1.187,0.791,-1.042,-0.24,0.908,1.553,0.908,-0.163,0.791,-1.187,-0.163,-0.163,1.076,-1.042,0.119,-0.163,1.553,1.553,1.678,1.553,-1.042,-0.163,1.678,0.791,0.791,0.908,1.553,1.553,0.791,-0.24,-1.187,0.908,-1.187,-1.042,0.908,0.908,-1.187,1.553,1.678,-1.2055895708825175,0.908,-0.24,0.8940749271299588,1.667138815778987,-0.2532241259518586,-0.24107562378177078,1.076,0.119,-0.21933542514921248,1.5392669380689805
-1.035,0.131,0.131,-1.132,-1.035,-0.76,-1.132,0.131,0.963,-0.037,0.131,0.025,-0.63,-0.037,0.963,1.48,-0.037,0.963,0.963,-1.132,1.48,-1.132,0.025,0.963,0.131,-0.76,0.131,0.963,0.963,-1.132,-1.035,-0.037,-1.016,-1.016,-1.035,-0.63,-1.016,-1.016,-0.63,-1.016,0.131,0.025,-1.132,-0.76,-1.035,1.48,-0.037,0.025,-1.132,-1.016,0.025,-0.63,-0.76,-1.035,-1.1472827599779925,-1.0493944127388724,-1.1062701419174845,-1.0609857236865372,-1.038034146206864,1.48,1.4627121574358035,0.131,-1.0041208170212872,-0.6435158225158851
0.796,-0.251,-0.188,1.223,-0.864,0.787,1.909,-0.188,0.787,0.999,-0.251,-0.864,0.999,0.787,-0.578,1.223,-0.864,1.909,-0.578,1.909,-0.251,1.909,1.909,1.909,0.787,1.909,-0.864,0.796,-0.578,0.999,-0.188,-0.251,0.707,0.787,-0.188,-0.188,-0.864,1.223,0.999,1.223,0.707,-0.188,0.999,-0.864,0.6968181331533586,-0.8746398001266557,1.909,0.796,0.7796757660794206,1.8960372668520977,1.223,-0.578,-0.596268416061896,1.2088768454547902,-0.8496084872387535,-0.251
-1.13,-0.018,-0.964,-1.206,0.527,-0.242,0.316,-0.207,-1.206,-0.018,1.816,-0.018,-0.207,-1.206,-1.13,-1.206,0.527,-1.206,-0.242,0.527,-1.206,1.816,-0.242,-0.964,-1.13,-0.964,-0.964,-0.964,-1.206,-0.242,-0.207,-0.018,-0.964,-0.732,-0.018,-1.13,1.816,0.316,-1.13,-0.964,-0.732,-0.207,-0.732,-0.207,1.816,-0.207,0.527,-0.018,-0.207,1.816,-0.964,-0.978775475159416,-0.018,-0.03500989198895135,-0.22044988287634085,0.316,0.527,-0.732,-0.21862641227854349,-0.0015380118166773357,0.5131472733730451,-0.1664153877529083,-1.13,-0.13665248767201285,-0.9335522485582978,1.8063201180878208,0.5478057929274465
-0.827,1.392,-0.959,-0.968,-0.968,-0.407,-0.968,-0.827,-0.827,-0.827,-0.968,-0.959,-0.968,0.883,-0.959,-0.827,1.445,-0.959,1.445,-0.827,0.883,-0.98,1.392,0.883,-0.827,-0.98,-0.959,1.392,-0.827,-0.827,-0.98,-0.98,-0.407,0.579,1.392,-0.98,0.579,1.392,1.392,0.579,-0.827,-0.407,-0.827,0.467,1.445,-0.407,-0.968,-0.968,0.467,0.883,0.4480624310895878,0.4671436202276558,-0.827,-0.98,1.392,-0.9777613375891263,0.8682216079122387,0.5029225979239685,-0.959,-0.9755880715905821,1.3800864825656993,0.5394802607452198,1.445,1.4229408934609453,-0.407,-0.4281833849486532,0.579,-0.8378969451148726,-0.9901756441012055
-0.84,-0.044,1.094,1.431,1.094,-0.044,-0.772,1.431,1.094,1.094,-0.12,1.431,-1.223,-0.12,1.094,-0.772,1.309,-0.12,-0.53,-0.84,1.431,1.094,1.431,1.431,1.431,-1.223,-0.772,-1.223,1.094,-0.044,-0.84,1.094,-0.12,-0.044,1.431,1.431,-1.223,-1.223,1.309,-0.84,1.309,1.094,-0.53,1.094,-1.223,1.309,-1.223,-0.772,1.094,-0.53,-0.84,-1.223,-0.8557450346525389,1.094,-1.238910520125103,-0.772,-0.53,1.094,-0.5433386945039416,1.431,-0.5026015489333027
-1.14,-1.008,1.511,-0.904,0.738,-0.359,0.738,1.511,-0.904,-1.14,-0.715,-0.701,-1.008,-0.214,-0.904,-1.008,-0.904,-1.008,1.511,-0.904,-0.904,-0.904,1.511,-0.214,-1.14,-1.14,1.511,-1.14,-0.214,1.511,-1.14,1.511,-0.701,-1.14,-0.214,-1.14,-0.214,0.738,-0.214,-1.14,-1.008,-0.701,-0.715,-0.701,0.0,-0.214,1.511,-1.008,-0.701,-0.904,-0.9201499676999156,-0.359,-0.22499969200794587,-0.8745824975899794,1.4998859271315854,-1.0234741351487138,-0.9702753529885318
-1.195,0.061,-1.195,-0.799,-0.628,-0.799,-1.121,-1.237,-0.667,-1.195,-1.195,-1.121,-1.121,-1.237,-0.799,-0.628,-0.628,0.061,-1.121,-0.667,-1.195,-0.667,-1.237,-1.237,-1.195,-1.121,-0.799,-0.322,-0.628,0.899,-0.628,-0.628,-0.628,-0.799,-0.628,-0.799,-1.195,-1.195,-1.237,-0.628,-0.628,-1.237,-1.121,-1.195,0.899,-0.667,-1.237,0.899,-1.121,0.0,-0.628,-0.799,-1.237,-0.667,-1.1359180343901891,0.8859657059020316,-0.014166590162366668,-1.195,-1.102168804272614,0.025427879458691672,0.9431558930905626,-1.0763040513464344,0.9593961425221486,-0.681161839633527
-0.789,-0.524,-0.546,-0.852,-0.752,-0.524,-1.18,-1.18,-1.18,-0.217,-0.546,-0.424,-0.852,-0.752,-1.058,-0.546,-0.524,-1.058,1.815,-0.852,-1.18,-0.789,-0.524,-1.058,-0.852,1.815,-0.546,-1.058,-1.18,-0.524,-1.18,1.815,1.815,-0.852,-0.752,-0.524,-1.058,-0.752,-0.217,1.815,-1.18,1.815,-0.852,-0.852,-0.789,-1.18,-0.852,-0.524,-1.18,1.815,-0.8646778875340287,-0.424,-0.5366067918932058,-1.058,-1.1928511486546243,-1.1521610516066845,-0.752,-0.8248438278884426,-0.7701497298701705,-1.071005646274621,-0.5160137753432525,-0.43443004303544375,-0.789,-1.0534354348293784
1.986,0.007,-1.075,-0.054,-0.054,0.007,-1.075,-0.563,-0.838,0.494,0.494,1.064,1.064,0.007,-1.075,-0.563,1.986,-0.054,0.007,0.007,-0.573,-0.175,-0.175,-0.054,-0.054,1.986,-1.075,-0.175,1.064,1.986,-1.075,-0.838,-0.175,-1.075,-0.175,-0.838,1.064,-0.573,0.007,-0.563,-0.175,1.986,-0.563,0.494,-0.563,1.064,-0.175,-0.054,-0.573,-0.838,-0.838,-0.175,-0.573,-0.8508946128495821,-0.18750628218149257,0.007,-0.563,-0.8183232495171259,-0.7677562362464785,1.986,-0.15138998839560477,-0.004449441806872306,1.064,0.03178229420717871
2.234,-0.236,-0.786,0.284,-0.786,0.767,2.234,-0.786,-0.41,0.284,1.105,-1.055,2.234,-1.055,-0.41,0.445,2.234,1.105,0.445,1.748,-0.41,0.284,-0.786,1.105,2.234,2.234,0.445,1.748,-0.41,-1.055,-0.786,-0.41,-0.786,2.234,-0.236,-1.055,-0.41,0.284,1.748,0.445,-0.41,-1.055,1.105,1.748,1.105,0.445,1.105,-0.236,1.748,0.767,-0.236,-1.055,-0.41,-0.786,-1.055,0.284,0.445,-1.0745152344688653,-0.236,-0.7999464896413488,-0.7713491442719119,2.234,-0.7176845856262751,0.27562537469529164,1.748,-0.24615594546739372,0.32403666542542464,0.36005658086239195,-0.2211627676515538
-0.698,0.359,-0.698,-0.64,0.359,-0.698,1.807,0.359,2.455,2.455,-0.64,-1.041,-1.041,0.359,-0.059,0.554,1.807,2.455,-0.698,-0.059,2.455,2.455,0.554,2.455,-0.059,0.705,0.705,-1.041,0.359,1.807,2.455,2.455,-0.698,-0.059,0.359,0.554,-1.041,0.554,2.455,-0.098,-1.041,-1.041,2.455,-0.64,2.455,2.440124542031499,-0.098,2.47055926290455,0.554,-0.64,-0.059,2.5022038162668307,0.705,-1.041,2.5295502893951722,0.359,-0.07187866251965412,-1.0544173750078727,0.3380170874892876,0.6926291919252368,0.5409007568164886
-0.546,-0.813,-0.608,0.19,1.929,-0.456,-0.546,-1.188,1.929,-1.188,-0.507,-0.546,-0.456,-0.813,-0.813,0.19,-0.507,1.929,-0.608,-0.253,-0.456,-0.507,-1.188,-0.456,-0.404,-0.813,-0.253,-0.813,-0.546,-0.253,-0.253,-1.188,-0.546,-0.546,-0.507,1.929,-0.507,-1.188,-0.456,-1.188,0.19,-0.608,1.929,1.929,0.19,-1.188,-0.813,-0.404,1.929,-0.8278812703377276,-0.253,0.19,1.9120090026953112,-1.2012363651765272,-0.608,-0.4112499771251424,-0.507,-0.5209991936249759,-0.26037519208043797,-0.37689158737616285,-0.482342261832942,-0.6230761858017063,0.18262588836754742,-0.3348413614347698,-0.456
0.049,0.049,0.109,0.049,-0.662,1.527,-0.994,-0.662,1.527,-0.771,1.527,-0.771,0.049,-0.236,-0.994,0.049,-0.662,-0.771,-0.236,-0.994,1.527,-0.994,-0.236,-0.771,-0.771,1.527,-0.662,-0.994,0.109,-0.798,1.527,-0.829,1.527,-0.829,-0.798,0.049,-0.771,1.527,-0.829,-0.662,-0.236,1.527,-0.798,-0.771,-0.798,0.109,-0.236,-0.829,-0.829,-0.236,-0.994,-0.829,-0.236,-0.994,1.527,-0.25151825312335235,1.5161714302400655,0.0,-0.016387488266385065,-0.798,-0.8401624673513914,-0.771,-0.21547718947757066
-0.857,2.055,-0.524,2.029,-0.857,2.029,-0.829,-0.829,0.336,-1.194,0.336,1.141,-0.524,2.029,2.055,-1.194,-1.194,2.055,1.141,2.029,2.029,-0.857,2.029,1.141,2.029,-0.524,-0.857,-0.466,-0.829,-0.524,0.403,-0.524,-0.857,-1.194,2.029,2.029,1.141,2.055,1.141,-1.194,-1.194,2.055,-0.524,2.055,1.141,-1.194,2.055,-0.466,2.055,-0.466,-0.857,-0.524,-1.194,-0.8671670593586037,-0.829,-0.8264092271902626,-0.5408999563723561,-0.8470198968754963,-0.47908271942065234,-0.44525828092146946,0.336,0.403,-1.207589151775129,0.3273745515102292,2.055,2.029
-0.977,-1.556,0.449,-0.842,-0.842,0.509,0.079,0.079,-1.556,0.131,-1.556,0.048,-0.128,0.131,-0.842,-0.977,0.079,-0.48,0.131,-0.977,0.449,-1.556,0.048,-0.48,-1.556,0.079,-1.556,-0.842,-1.556,-0.48,-0.128,-1.556,-1.556,0.131,0.048,-1.556,0.131,-0.128,-0.128,-0.128,0.131,0.048,-0.977,0.131,-1.556,-0.977,-0.48,0.079,0.509,0.0628473023666763,-1.556,-0.977,-0.128,-1.5714832829702439,0.131,0.449,0.048,0.11642225157088966,-0.1382423436643218,0.16691401113347887,0.2134844660402418
1.642,1.271,1.271,1.271,0.955,0.955,0.739,0.955,0.441,1.642,0.955,-0.593,1.271,0.441,-0.593,0.739,1.271,0.955,1.642,-1.262,-0.967,-1.262,-1.262,-1.262,-0.967,-1.262,-1.262,-1.262,-0.609,0.441,-1.262,-0.928,0.955,0.739,1.642,0.739,1.642,0.955,-1.262,0.739,1.271,1.271,0.739,-0.967,-0.609,0.739,0.441,-0.967,-0.928,0.955,1.271,-0.967,1.642,0.955,-0.928,-1.262,1.271,-0.928,0.739,-0.967,-1.262,-0.609,1.642,-0.593,-0.9847421159146462,-0.6252078574113924,-0.928,1.271,-0.6050606273041275,-0.9413644627395925,-0.6024214731125515,-0.5645463236220104,-0.8969000190817902,-0.5502792252378623
-0.165,-1.115,-0.879,1.234,0.455,-1.115,0.283,1.511,-1.115,-1.115,-0.165,-0.849,-0.165,0.283,0.283,1.511,0.283,1.234,0.283,0.455,-0.879,-1.115,-0.849,1.234,0.373,-1.115,-1.115,-0.849,0.373,0.373,2.014,0.455,1.511,-0.849,-0.165,2.014,-0.879,0.373,2.014,1.511,-1.115,2.014,0.455,0.283,1.511,1.511,-0.849,0.455,2.014,0.455,-0.165,0.373,-0.18881174467052264,-0.879,-0.14057854805290462,0.283,-0.10918779744810114,1.511,1.234,0.2691763183337784,0.4435245478012333,0.31111294328736017,0.359433822556027,0.39142865549415923,-0.8904970259202922
0.497,-1.262,-1.262,-1.11,0.497,-1.11,1.02,0.006,-1.262,-1.262,1.672,1.672,1.02,0.175,-0.1,1.02,-1.262,-1.262,0.497,0.175,1.02,1.02,1.02,0.461,0.006,-1.11,0.006,-1.11,1.672,0.941,1.672,-1.11,0.497,1.672,1.672,-1.11,0.497,0.941,0.461,-1.262,-1.262,0.941,1.672,0.941,0.941,-1.262,0.175,-1.11,-1.2711612228486355,1.672,-1.1191876170418222,0.006,0.461,-0.010308981402663083,-1.0754383047918565,0.497,0.014960469460166773,-1.0420225027095573,1.6553406764388792
1.402,-0.448,0.365,-0.158,0.297,-0.158,-0.448,1.402,-0.745,-0.594,-0.448,-0.745,-0.773,-0.158,-0.773,1.402,-0.158,-0.448,0.426,0.365,0.365,-0.773,0.297,-0.448,-0.773,1.402,0.297,-0.424,-0.448,-0.158,-0.158,1.402,1.402,-0.594,0.297,-0.158,-0.745,-0.773,-0.594,-0.773,-0.773,0.365,1.402,1.402,-0.773,-0.788848746048745,-0.448,-0.7605635443617712,0.297,-0.424,0.365,0.34821941557973063,-0.4393247519646916,-0.7143443436608796,0.38780042340378795,0.28759080733099646,0.33048052403549755,-0.158
1.183,1.183,1.578,-0.131,-0.798,0.896,-0.131,0.896,-0.698,-0.698,1.578,-0.131,1.578,-0.798,1.33,0.427,0.896,-0.873,-0.798,-0.798,1.183,1.33,1.33,0.859,0.896,0.859,1.33,0.896,-0.131,-0.698,-0.873,-0.873,-0.873,-0.698,-0.698,-0.798,0.427,-0.131,0.896,0.41285886797307886,-0.13960396105404843,-0.873,-0.698,1.578,1.565583447784926,-0.09334183375965278,1.5972974428944344,-0.798,0.44249794017157235,1.183,-0.8897268119661927,-0.8107614731389525
0.069,-0.833,0.104,0.104,-0.571,-0.727,0.283,-0.727,-0.987,-0.727,-0.727,1.245,-0.987,-0.179,-0.571,-0.833,-0.828,0.104,-0.828,0.104,-0.987,1.245,-0.828,-0.179,-0.727,-0.987,-0.571,0.283,-0.179,1.245,0.283,-0.833,-0.179,-0.987,-0.571,-0.571,0.069,0.283,-0.987,-0.987,0.283,0.283,-0.833,-0.179,1.245,-0.833,-0.727,0.104,0.0877748273817032,-0.7383875385879023,-0.571,-0.987,-0.7011888938144851,1.245,-1.0053653733170427,0.12834005811969426,-0.9706597470892083,-0.5824487019397832,-0.179,-0.828,0.15736810714235663,0.283
1.276,-0.786,-0.786,-0.981,-0.626,0.156,-0.638,-0.626,-0.626,-0.638,1.276,-0.626,-1.021,-1.077,-0.638,-1.021,-0.786,0.58,-1.021,-1.021,-0.981,-1.021,-1.077,-0.981,1.276,-0.981,-1.077,0.58,-0.638,0.156,-1.077,0.58,-1.021,-1.077,0.156,0.58,1.276,0.58,-0.981,-1.077,-0.018,-0.638,-1.077,1.276,0.58,-1.077,-1.077,1.276,-0.981,-0.981,-0.786,0.58,-1.021,-0.638,-1.021,1.276,-0.018,1.2660337808902056,1.2959480114130344,0.156,-0.786,-0.981,-0.793274877659795,-0.9968056158065458,-1.077,-1.0331284380711965,-0.026495382584652193
2.089,-1.293,-0.887,0.94,2.089,-1.293,-0.106,-1.293,0.28,0.94,-0.887,1.157,2.089,-0.106,1.864,2.089,-0.887,-0.106,1.157,-1.293,2.089,2.089,1.157,0.94,2.089,0.94,-0.135,-1.293,-0.135,2.089,0.28,2.089,-0.106,0.94,1.157,-1.293,-1.293,-1.293,-0.135,1.864,-0.887,1.864,-0.887,0.94,0.28,-0.887,0.28,0.94,0.2623205868733833,1.864,-0.135,0.3075685197843477,0.9243169392681344,-0.887,-0.149971905363019,2.089,2.0777485369306827,-0.106,-0.12689808683538517,-0.8980425791038901,-0.8811776154399078,1.8570622206642302,0.0,-0.11116301446545887,0.3354747822866661
-0.795,-0.094,-0.788,0.609,-0.795,0.609,-0.795,0.318,-1.011,-1.011,-0.039,-1.011,0.055,-0.788,-0.788,0.609,1.918,-0.795,0.609,1.918,0.609,-1.011,0.318,-1.011,-0.094,0.318,0.318,0.609,0.621,-1.011,0.318,1.918,-0.788,1.918,0.318,0.318,1.918,-0.094,0.318,1.918,0.318,0.055,-1.011,-0.094,-0.039,0.318,-1.011,0.055,-1.0192113036324593,0.609,-0.9874768363418988,-0.788,-0.10806905625090217,-0.07358538116058201,0.5918352696458855,0.621,-0.7977624645617014,-0.7739891569148495,0.6109251769192745,0.6441068076605438,-0.04512764223719629,0.6069512774910353,1.918,0.04406211369586395
0.39,-0.582,-1.031,-1.066,0.47,-0.582,-1.031,-0.719,-1.031,1.214,-0.719,0.47,0.39,1.214,1.901,1.901,-0.582,1.901,1.901,0.47,-1.066,0.428,-1.066,-0.582,1.214,1.471,-1.031,1.214,-1.031,-0.719,0.47,-1.066,0.47,-0.582,-0.719,-0.582,1.471,1.471,1.901,-1.066,1.471,0.47,-0.719,0.47,0.47,-0.582,-1.031,1.471,1.901,0.47,-0.582,1.901,1.214,1.1954900801286976,0.39,-0.582,1.471,-1.066,1.901,0.428,-0.5999966325535664,-0.719,1.4521157198876817,0.4111563190548443,-1.031,-1.0451215200773782,0.4402623837744687
-0.589,-0.29,-0.026,1.658,-0.81,-0.81,1.658,0.146,0.146,1.658,-0.026,1.658,-0.81,-0.81,-0.589,0.927,0.927,1.079,-0.29,-0.29,-0.29,0.146,0.146,-0.026,-0.81,1.025,1.025,0.927,0.146,1.498,-0.026,0.146,-0.589,1.498,1.498,1.079,1.498,-0.026,-0.589,-0.81,0.146,1.498,-0.026,1.658,0.927,0.146,-0.81,1.658,1.498,1.079,-0.8179951166190639,-0.026,0.13512339614466778,-0.7573383454104937,1.025,-0.04665486446370372,1.483906474675691,0.17562789703754952,-0.6991121934052206,1.0062677578396362,-0.015086182076300228,0.20703366249732208
-1.139,0.076,1.012,1.349,-0.251,0.486,0.076,-1.139,0.633,1.152,-0.44,-0.44,0.486,1.152,-0.44,-1.139,1.349,1.349,0.234,-0.44,1.349,-0.44,-0.44,-0.44,1.152,0.633,1.152,1.349,1.349,1.349,1.152,-0.251,0.633,-0.251,1.012,0.486,-0.251,0.234,1.349,-0.44,-1.139,-1.139,-0.44,-0.251,-0.251,-1.139,1.012,1.349,1.012,-0.44,0.486,1.152,1.349,0.633,-1.139,-0.447943905859113,0.9958842026901741,0.234,1.02166751207944,-0.251,-0.4243373589462106,1.13443487017439,1.0941601878821088,0.47009706713892774,-0.3831776732212948,-0.3434803891045202,0.22061695539781595
1.676,1.676,0.092,-0.607,-1.503,-0.966,0.616,-0.133,-0.924,-0.133,1.676,-1.503,-0.834,-0.607,-0.834,0.092,-1.503,-0.966,-0.966,-0.924,-0.133,1.676,-0.133,-1.503,-1.503,1.676,-0.133,-0.966,-0.607,-1.503,-0.607,0.395,-0.607,0.395,-0.834,-0.133,-0.966,-0.133,-0.607,-0.607,-0.924,-0.834,-0.924,-1.503,-0.607,-1.503,-1.503,0.395,-0.966,0.092,1.676,0.616,1.6602539908624796,-0.133,-0.15149758352448361,-0.966,0.6044716331285035,-0.1121661996346729,-1.503,1.6808530384245775,-1.5241926107822585,-0.062045331369760544,-0.02529996004150206,-0.9798908956881105,0.6301616891327751,-0.952297389653792
-0.081,0.032,-0.578,-0.727,-0.578,0.646,0.985,-0.081,0.985,-0.727,-0.81,-0.684,0.032,-0.759,-0.684,-0.759,0.646,-0.684,0.985,0.032,-0.578,0.843,-0.081,-0.578,-0.578,0.985,-0.081,0.646,0.646,-0.759,0.032,0.032,-0.81,-0.727,0.646,0.032,0.843,-0.578,-0.081,0.843,-0.081,0.646,0.032,-0.727,-0.81,-0.081,0.843,-0.727,-0.81,-0.081,0.646,-0.578,0.985,-0.759,-0.727,-0.81,0.6266819839408214,0.6865064450106748,-0.5916829220483272,0.7181920276706979,-0.7418065878597219,-0.5583576595096599,-0.7709459268987817,0.9692195324244772,-0.684,-0.7077406245311176,-0.081,-0.70369198081542,0.843,-0.6708856042781695,-0.6567919385195087
-1.059,-0.769,-0.588,-1.059,1.64,-0.877,1.64,-0.64,-0.646,0.201,-1.135,-1.059,-1.059,-0.646,0.201,-0.769,-0.769,-1.135,-0.34,0.201,1.64,-0.769,-0.877,-0.877,1.64,-0.64,-0.769,1.64,-0.769,-0.769,-0.646,-0.877,-0.769,-0.34,-0.588,-0.646,-1.059,0.201,-1.135,-0.769,-0.34,-0.877,-1.135,-1.135,-0.64,0.201,-1.059,-0.646,-1.059,-0.588,0.201,-1.135,-1.1498843943148678,-0.877,-0.64,-0.769,-0.6541393815783132,-0.7820605612560183,-0.7309108121835488,-0.6920361593152983,-0.8871793139858326,-0.8474791819621345,-0.657222962006707,-1.065390652681591,0.18728955911212938
-0.713,-1.076,-0.663,1.985,-1.188,-1.188,-0.181,-0.713,-0.663,-0.181,-1.188,-1.188,-0.713,-1.076,1.985,0.173,-1.188,0.173,-0.104,-0.104,-1.076,-0.898,-0.104,-1.076,-0.898,-0.663,-0.104,-1.188,-0.181,-0.898,-1.188,-0.104,1.985,-1.076,-1.076,-0.663,-0.898,-0.663,-0.898,-1.076,-0.663,-1.188,1.985,-0.104,-0.104,1.985,-0.898,-0.181,0.173,0.173,-1.076,-1.076,-1.076,-1.188,-0.663,1.985,-1.2009219407165506,-1.076,1.9722020998428924,2.0026549079069027,-0.104,-1.0909135967432029,-1.1573116657555151,-1.0715104642210818,-0.1160590523304485,-0.181,-1.0338904568579983
-0.519,-0.983,-0.738,-0.983,1.542,-0.926,0.09,-0.926,-1.055,-1.055,-1.055,-0.983,-0.436,-1.055,-1.055,1.542,-0.519,-0.436,0.09,0.09,0.294,0.294,-0.926,-0.983,-0.711,0.09,-0.711,-0.926,1.542,0.294,0.09,-0.983,-1.055,0.09,-0.983,-0.738,0.09,-0.738,-0.926,-0.926,-0.983,1.542,-0.519,-0.711,-0.983,-0.519,0.294,1.542,0.09,0.2770018363448126,-0.738,0.30530884463898567,-0.926,-0.5339279141336347,-0.711,-1.055,0.07769595237374337,-0.9398517672186367,1.5276150414781997,0.13316078021342923,0.1679716740024696,0.32484204796166744,-0.9942426697389962
-1.016,1.563,-1.016,-1.016,1.563,-0.379,1.563,2.091,0.904,2.091,0.618,2.091,0.068,0.618,2.091,1.563,-0.405,1.563,-1.016,1.563,2.091,1.563,0.068,2.091,0.068,-0.405,-0.405,0.867,2.091,2.091,-1.016,0.867,0.068,-0.405,1.563,2.091,2.091,0.904,0.618,-0.379,-1.016,-1.034992282696957,-1.005370782093689,-0.379,2.091,2.07321885802058,-0.9693641301702679,2.1086150442521903,-0.9264007027065486,1.563,2.1482390133685136,1.5461989491152595,-0.405,-0.3971839061946953,0.904,0.0
-1.049,-1.049,-1.074,-1.152,-1.049,-0.768,-1.074,-0.635,1.711,-0.831,1.711,-1.049,0.376,-0.635,-1.049,-1.074,-1.049,1.711,-0.635,0.376,0.376,-1.074,-0.768,0.376,1.711,1.711,0.376,-0.831,-1.152,-1.152,-1.049,-0.831,1.711,0.376,-1.152,-1.074,-0.768,-1.152,0.376,0.376,1.711,0.376,-0.66,-0.66,-0.831,-0.66,0.376,0.3582645823913969,-1.049,-0.66,0.0,-0.831,1.711,-0.016056878909407452,-1.074,-0.8429062390765724,-0.635,-1.093635113403776,-1.0579964806303779,-0.6443883843393924,-0.6290414750113219,0.3823283911418629,-0.675934828659228,0.4087289674122923,0.458053341362391,-0.8210364195901053
0.504,1.925,1.925,-0.78,-0.853,-0.212,1.925,0.492,0.29,0.492,1.925,0.504,-0.911,1.925,0.492,0.492,-0.78,-0.853,-0.161,-0.911,-0.853,0.504,-0.853,-0.926,-0.161,-0.911,-0.853,-0.161,-0.161,1.925,0.504,-0.78,0.492,0.504,-0.911,0.504,-0.78,-0.926,0.29,-0.853,0.29,0.492,1.925,-0.926,1.925,1.925,-0.911,-0.212,-0.853,0.504,1.925,1.9056063112083113,-0.911,0.49172541294035566,-0.91943707895123,0.492,0.5327459495223861,-0.8823916132124224,-0.78,-0.926,-0.853,0.5686854267959665,-0.161,-0.8341528736714077
0.98,-0.157,-1.324,-0.449,1.828,-0.449,1.828,0.426,-1.324,0.939,-1.324,0.939,0.98,0.426,-0.449,1.334,-0.157,0.939,0.426,-1.324,-1.324,-1.324,0.98,1.334,0.426,0.939,1.243,-0.157,-1.324,1.828,1.828,1.334,1.243,1.243,1.334,-1.324,-1.324,1.828,0.98,1.243,1.334,1.334,1.828,-0.157,1.828,0.426,-0.449,0.41364009081066394,1.334,0.939,0.0,-0.157,0.98,1.3209605969280962,0.9238860900132926,-0.46238915499961575,0.45846840383752224,0.9641213114990603,0.48281582486635494,1.828,-0.0073337975159099,0.995607206751719,1.0488912558681514
-0.164,-1.097,-0.478,-0.575,1.27,-1.053,-0.164,-0.369,-0.272,-0.272,-0.272,-0.478,-1.267,-1.267,-1.097,-1.097,1.27,-1.267,-0.925,-1.053,1.27,-1.053,-0.272,-0.575,-1.097,-1.267,-0.164,-0.272,-0.369,-0.272,-1.097,-1.267,-1.267,1.27,-1.097,-0.272,-0.925,1.27,-1.097,-0.925,-0.164,-0.272,-0.272,-1.097,-1.097,1.27,-0.925,1.27,-1.097,-0.575,-1.053,-1.053,-1.267,-1.097,-1.1097298904017148,1.27,-0.164,1.2548625264791362,-0.925,-0.369,-0.18077819642900791,-0.9390090889790802,-1.053,-0.9187342218320906,-1.0735410640975522,-0.478
-0.614,2.546,1.079,-0.12,-0.301,-0.217,1.786,-0.63,1.786,2.546,-0.957,-0.957,-0.63,2.546,1.786,-0.301,-0.217,-0.614,-0.614,-0.614,-0.301,-0.614,-0.12,2.546,1.928,2.546,1.928,1.928,1.079,1.786,1.079,-0.12,2.546,-0.217,2.546,1.786,1.928,-0.614,2.546,1.928,1.786,1.786,-0.217,-0.301,-0.957,-0.63,-0.957,-0.63,-0.957,1.079,1.0592714294790586,1.928,1.9139982059450569,-0.217,1.9562645709374016,-0.6420623428791976,2.546,1.786,1.7629651269356617,1.9894561560191246,1.1004319689189364,1.7962990255331142,1.8321192589036113
1.536,0.132,1.536,0.385,-0.821,-0.821,2.142,-0.202,2.142,2.142,0.912,-0.821,0.132,-0.821,-0.84,2.142,-0.202,-0.202,-0.202,1.536,-0.84,0.912,-0.202,0.132,1.536,-0.821,-0.625,0.912,-0.625,-0.84,0.132,-0.821,2.142,1.536,-0.202,-0.625,2.142,2.142,1.536,0.385,0.385,-0.821,2.142,-0.202,0.385,0.3618480213021721,2.142,-0.2174809216802376,1.536,0.912,-0.18475226271757592,-0.84,0.132,-0.8557272620966357,-0.8445393607899224,-0.821,0.0,-0.784097367682629
1.429,-0.465,0.009,1.099,-0.286,-0.131,1.429,-0.801,0.412,1.099,1.429,1.429,0.009,-0.084,0.009,1.099,-0.801,0.009,1.099,-0.656,1.429,0.412,1.099,-0.084,-0.465,-0.286,0.009,-0.084,0.009,0.412,0.412,1.429,-0.801,0.009,-0.656,-0.131,-0.656,1.099,0.412,0.009,0.009,0.009,0.009,-0.131,1.099,-0.656,-0.801,-0.286,0.412,-0.2968091529701425,0.403835982402394,0.42863350973425646,-0.8136846260145528,-0.7925978616908645,1.429,-0.084,1.099,-0.465,1.080713806726504,-0.131,-0.14732846784140635
-0.862,-0.199,0.078,-0.366,-0.366,1.241,-0.662,-0.862,-0.862,1.241,0.342,-0.199,0.342,1.241,1.241,-0.366,1.241,0.342,1.241,-0.662,1.241,-0.862,0.109,1.241,-0.131,0.078,0.078,-0.5,-0.199,-0.5,0.078,0.109,0.078,-0.662,1.241,0.078,1.241,-0.662,-0.199,0.109,0.078,0.342,-0.131,-0.662,-0.14661779558092122,-0.11300260098808965,-0.862,0.3294759298721652,0.06733870695703184,-0.8757597745719419,-0.08339223676432225,0.09713173492088,-0.6784145022434799,-0.199,-0.6401459580511755
-1.001,-1.117,1.638,-1.001,-1.117,-0.233,-0.233,-1.001,1.638,1.186,1.638,-0.46,-0.233,1.638,0.267,1.638,1.638,1.557,1.557,-0.46,-0.382,-0.233,-1.117,1.186,1.433,1.186,-1.117,-1.001,1.186,0.267,1.557,1.186,1.186,1.638,-1.117,1.433,1.557,1.186,0.267,-1.117,0.267,1.186,-0.233,1.557,1.433,-1.001,1.433,1.186,-1.117,1.557,-0.46,1.557,-1.117,-0.46,-0.233,0.267,1.5466057778603037,-0.24243770195243697,1.638,1.6245258082277418,-0.47276863971801963,-0.4422760732692552,0.25055124774512105,0.2851099513610726,1.6640292227541533,1.186,1.433
2.197,-0.176,0.846,-0.395,-0.99,2.174,-0.176,2.174,0.861,-0.99,-0.99,0.846,0.861,0.861,0.846,0.441,0.846,2.197,0.861,-0.769,0.861,-0.769,-0.99,-0.99,2.197,2.197,2.174,-0.176,2.197,-0.395,2.197,0.844,0.861,-0.769,2.174,-0.395,0.861,2.174,-0.176,2.197,2.174,0.861,2.174,0.861,0.844,-0.99,-0.176,0.844,0.441,2.174,0.42843286082435994,0.861,0.8305618334363609,2.1638758635484567,0.46605233838681237,-0.176,2.202331003177733,-0.19028294271028584,-0.15161575244018785,-0.11626165551069834,0.8491749330715572,0.873250612841479,0.501093082541486,0.5366137066964823,-0.395,-0.4166652190886451
-0.095,0.015,0.015,1.638,0.735,-0.095,1.535,0.015,0.367,-0.98,-0.98,-0.98,-0.98,-0.98,-0.554,1.638,1.638,-1.004,-0.095,-0.095,1.638,-0.095,0.735,0.015,-0.914,-0.98,-0.554,1.535,1.535,0.015,-0.914,-0.98,-1.004,-0.914,0.015,1.535,-0.095,0.367,0.015,-1.004,0.735,-1.004,0.367,-0.98,-0.095,-0.554,1.535,1.535,1.5188223100804397,-0.98,1.638,-0.914,1.6236760509532195,0.015,1.5572504865646144,-0.9292671011859369,-0.9906946130751088,-0.095,0.367,0.3436975605988758,1.5771730464030205,-0.0014583628359464765
0.674,-0.79,-0.314,-0.79,-0.732,-0.732,0.674,-1.254,-0.314,-1.254,0.674,1.403,-1.254,1.403,-1.254,0.008,-0.293,0.008,0.008,-1.254,1.403,-0.293,0.674,-0.79,-0.79,-0.732,-0.238,-0.238,-0.293,-1.254,0.008,-0.238,-0.238,-0.368,-0.314,0.008,-1.254,-1.254,-0.79,-0.79,-0.238,-0.238,0.008,1.403,0.674,-0.293,-1.254,0.674,-0.314,-0.79,-0.293,-0.732,-0.7556485262564347,-0.238,-0.30013420927797196,-0.314,1.403,-0.24883512768101104,1.3932935195003255,-0.32652555333653194,-0.368,1.4196039155610365,1.4783383693731291
0.391,0.009,-0.98,-0.165,-0.542,1.243,-0.165,0.404,-0.82,0.404,1.243,0.467,1.243,1.243,0.391,0.404,0.391,-0.82,1.243,-0.98,-0.82,0.404,0.481,-0.98,0.404,0.404,0.009,-0.82,0.391,-0.98,-0.98,-0.542,-0.98,-0.98,0.009,-0.165,-0.82,0.391,-0.165,1.243,0.391,0.467,-0.542,0.467,0.391,1.243,0.404,0.481,-0.165,0.3913687427740551,0.4149593159568236,-0.82,-0.98,0.46931209354965675,0.498671641018867,1.2269638524877913,-0.17586070637373322,-0.993413781061151,-0.8288982849097545,-0.14504313795352042,0.009
0.143,0.859,0.143,-1.01,-1.01,-0.568,1.09,1.393,-1.01,1.832,1.832,1.09,0.859,1.393,-1.01,0.436,1.832,1.832,1.832,0.859,1.09,1.09,0.859,1.832,1.09,1.393,0.137,0.859,0.436,1.832,1.393,0.859,1.09,0.859,0.436,-1.01,-0.568,-0.534,-0.534,0.859,-0.568,1.09,-0.568,0.137,0.143,0.859,0.137,-0.568,-1.01,-1.0271833810255147,1.09,1.832,0.143,1.0793565278614592,1.8198243298812498,0.859,1.8362844458883245,-0.568,1.1167651239985197,0.8358157097571326,-0.534,-0.5803684638743027
1.065,0.328,-0.646,2.202,-0.646,1.283,0.328,2.202,1.065,2.202,-0.646,0.775,-0.59,-0.314,1.283,-0.314,0.161,-0.314,-0.314,2.202,-0.59,0.328,-0.646,1.283,0.161,2.202,2.202,0.277,1.283,-0.314,-0.646,0.775,2.202,1.065,0.277,0.775,-0.59,0.775,2.202,-0.646,2.202,0.328,0.277,0.161,-0.314,-0.59,0.161,2.202,0.328,0.775,0.277,0.328,-0.59,-0.6081428081588285,-0.314,0.26622554898564904,-0.32605953515045716,-0.2919556096828737,-0.646,2.202,1.065,0.775,-0.6585440333161409,-0.6169241965946093,1.283
-1.034,-0.827,-1.191,-0.112,-1.191,-0.715,-1.191,-1.191,0.784,-0.616,-1.191,-0.827,0.653,0.653,0.784,-0.112,-0.715,-1.034,-0.616,-0.112,-0.715,-0.112,-0.804,0.41,-1.191,-1.191,-0.827,-0.616,-1.034,-0.616,-0.804,-1.034,-0.827,-0.616,-0.804,-0.616,-1.034,0.784,0.784,-0.827,-0.715,-0.804,0.653,0.784,-0.616,-0.112,0.41,0.7738271187415641,-0.804,-0.8223643696721862,-0.12193350556482006,0.4001095457897529,-0.6284974546180302,-0.715,0.4561589497652683,-1.191,-0.827,-1.2003323852275158,-0.7750047808301893,-0.08230336500271565
-0.885,0.719,-0.083,-1.009,0.719,0.317,0.469,0.317,0.469,0.317,-0.885,-0.386,-0.885,-0.24,-0.38,-0.083,-1.009,0.317,0.317,0.469,-0.386,-1.009,-0.24,-0.083,0.317,-0.885,-0.885,-0.386,-0.885,0.469,-0.38,-1.009,-0.386,-0.386,-0.65,0.317,0.719,-0.65,-0.38,-0.38,0.719,-1.009,0.719,-0.24,0.317,-0.38,-0.083,-0.65,-1.009,-1.009,-0.083,-0.24,-0.885,0.317,-0.386,0.29499627789271227,-1.0231824578040611,-0.9960276111618697,0.469,-0.09472744942381897,0.4566227116633385,-0.8949990424786293,-0.8747719183267644,-0.9716792639787607,-0.39482916670888474
1.094,1.094,-0.77,-0.861,0.782,0.322,0.582,0.696,1.59,0.854,1.094,-0.77,-0.861,0.696,0.322,-0.77,-0.85,0.582,1.094,-0.77,1.094,-0.861,1.094,-0.861,0.696,-0.77,-0.77,0.696,0.854,1.59,-0.861,0.854,0.322,-0.861,-0.861,0.582,1.094,0.782,-0.77,-0.77,0.696,-0.77,0.582,-0.85,-0.861,-0.77,1.094,-0.85,1.094,1.59,1.59,1.094,-0.77,-0.77,0.696,0.854,0.322,-0.7891971811894337,0.8416692524502758,1.094,0.782,-0.85,0.7645505636496478,-0.7522759986279812,0.6856613129410075,0.312853358640609,-0.861,0.3530932711602805,-0.8799873593302867,-0.8402488830741579
1.26,2.296,-0.982,2.296,1.26,-0.544,1.26,-1.027,2.296,-0.982,-0.544,2.296,2.296,-0.982,-0.514,-0.513,-0.513,-1.027,-1.027,2.296,0.448,-1.027,2.296,0.78,-1.027,0.441,1.26,-0.544,-0.513,-0.514,-1.027,0.78,-0.982,-0.514,2.296,-0.513,-0.514,0.78,2.296,-1.027,0.78,1.26,-0.514,0.78,1.26,-0.982,1.26,-0.544,1.26,0.78,-1.027,-0.5526547046563653,-0.513,0.448,-0.5336691887208894,1.2482799183186555,1.2672588194786154,-0.982,-1.038413868660579,0.43571514586091503,2.296,-0.514,-0.4891802362395812,0.4673781310748974,-0.522416990714919,-0.5256293893116314,-0.9998503700684706
-0.834,-0.075,-0.78,-0.764,-0.78,-0.816,0.832,-0.816,-0.764,-0.764,-0.553,0.832,-0.816,-0.78,1.219,0.023,1.219,0.367,-0.78,-0.834,0.023,1.219,1.219,-0.075,-0.764,0.023,-0.553,-0.553,-0.553,-0.764,-0.764,0.023,-0.764,-0.075,-0.834,-0.764,-0.553,1.219,-0.553,0.023,0.367,-0.834,-0.075,-0.764,-0.553,-0.764,0.367,-0.816,-0.075,-0.8269036831370127,-0.78,-0.09331962074727904,-0.764,0.832,-0.553,-0.7930547581978348,-0.7777859193857578,-0.056922286894986816,1.219,-0.5652758841347095
-0.947,-0.468,-0.428,-1.021,-0.212,-0.212,-0.775,0.606,0.169,-0.947,-0.212,-0.212,-0.212,-0.947,0.169,-0.947,-0.428,-0.212,-0.947,-0.428,-0.947,0.169,0.606,-0.775,-0.775,-1.021,-0.212,-0.428,-0.212,0.207,-0.428,-0.428,-0.428,-1.021,-0.947,-0.947,-1.021,0.207,-1.021,-0.428,0.441,0.606,-1.021,-0.468,-0.428,-0.947,-0.4468117741296121,0.207,0.606,-0.9568812695336181,-0.468,-0.48577492114171594,0.5957335512436787,-0.4459433492414611,0.6499966403681795,0.169,-0.395660646825736,0.441,0.19541721435549556,0.21671639761510675,-0.911316011072294
1.627,-0.959,-0.167,1.797,1.399,1.797,1.797,-0.959,1.399,0.984,-0.959,-0.092,1.627,0.503,-0.959,0.503,1.797,0.503,1.797,1.627,-0.959,1.797,-0.579,-0.579,1.399,-0.167,-0.959,-0.092,-0.959,0.446,0.446,1.627,1.399,1.399,-0.959,0.446,-0.167,0.984,-0.092,-0.092,1.399,1.797,1.797,-0.092,1.399,-0.092,0.503,0.503,-0.167,1.797,0.984,-0.092,-0.167,-0.959,0.503,1.627,1.6148241605934994,0.446,1.399,-0.9757789116279569,-0.579,0.43517455154995077,-0.1055422482747754,1.797,1.7781424032780335,1.6482105950092922,0.4831716588932245,0.48775271534982056
0.075,0.112,-0.446,0.187,-0.446,-0.59,0.187,-0.686,0.305,0.305,0.119,-0.506,-0.386,0.187,0.187,-0.686,-0.59,0.305,-0.506,0.119,0.187,-0.506,-0.386,-0.386,0.119,-0.446,0.187,0.112,-0.386,0.075,-0.386,0.075,-0.686,-0.446,-0.446,0.187,-0.386,0.305,-0.506,-0.59,0.187,0.187,0.119,-0.446,0.187,-0.446,-0.686,-0.506,-0.59,-0.7020413616467887,-0.6023684807678992,-0.386,-0.5708623766526012,-0.446,-0.5318193447806022,0.305,0.187,0.075,-0.48720265837476734,-0.4580204212205424,0.2935816919603647,-0.42844697845119484,0.112,-0.6405285408285076
1.564,-0.66,-0.62,-0.437,-0.792,-0.66,-0.608,1.564,-0.608,-0.803,-0.62,-0.66,-0.092,-0.62,-0.092,-0.792,0.297,-0.792,1.564,0.297,-0.437,-0.437,-0.608,-0.092,-0.437,-0.66,-0.66,-0.803,0.297,1.564,-0.437,-0.803,1.564,-0.608,-0.092,-0.62,1.564,2.09,1.564,-0.092,-0.803,2.09,2.09,-0.792,2.09,0.297,-0.62,1.564,-0.66,0.297,-0.62,-0.62,2.09,-0.092,-0.66,2.09,-0.803,-0.62,-0.608,-0.092,-0.10829602397913865,0.297,-0.803,2.09,-0.6212157016439291,0.2843875326170909,2.0761204199731913,1.564,1.5509569611513883,0.311050537582796,-0.5865428293707072,-0.66
-0.767,0.089,-0.917,0.089,-0.353,-0.653,-0.628,-0.353,-0.767,-0.653,0.552,0.089,0.089,-0.353,-0.628,-0.353,1.098,-0.19,-0.653,-0.653,-0.767,-0.917,-0.653,0.482,1.098,0.089,-0.19,0.089,-0.19,0.482,-0.917,0.482,-0.628,0.089,1.098,-0.767,0.482,-0.917,0.089,0.482,-0.653,0.089,-0.653,-0.767,-0.19,-0.917,1.098,0.552,0.482,0.5353134188471851,-0.9263262216122534,0.47052235662111136,-0.20317404354085578,1.079486514091657
-0.471,-1.438,-0.496,0.033,-0.471,-1.174,-0.516,-1.174,-0.471,-1.438,-1.438,-0.424,-1.174,-1.174,-0.227,-0.496,-0.535,-0.227,-0.227,-1.174,-0.471,-1.438,-0.516,-0.327,-0.227,-1.438,-0.496,-1.174,-0.496,-0.496,-1.174,-1.438,-1.438,-0.496,0.033,-1.174,-1.438,-0.227,-0.535,-0.471,-1.438,-0.496,-0.471,-1.174,-0.516,-0.4797242970713233,-1.438,-1.454018795297567,0.033,-0.535,-0.5246470556188289,-0.5519087051918652,-0.5170067070157672,-0.48138155080559913,-0.227
-0.835,-0.835,-0.835,1.795,-0.159,-0.118,-0.537,-0.835,-0.118,-0.774,-1.144,1.795,-1.144,1.795,1.795,-0.159,1.795,-0.218,-0.774,-1.144,1.179,1.179,-0.835,-0.218,-0.537,-0.118,-0.118,-0.537,1.795,-0.159,-0.159,-0.118,-1.144,0.298,1.795,-0.159,-0.218,-1.144,-0.159,1.795,-1.144,-0.159,-0.218,-0.835,-0.774,0.298,-0.159,1.179,-0.218,-0.537,-1.144,-0.218,-0.118,-0.835,-0.159,1.795,-1.144,1.7799100835204544,-0.13284923767631054,1.8154238438596229,-0.09139954389121156,-0.8437236452836634,-0.537,-0.2326691365471808,-0.047140567289751634,0.298,1.179
-0.372,-0.781,-0.781,-0.781,-1.308,-1.308,-0.146,-1.308,-0.454,-0.454,-0.528,-1.076,0.615,-1.076,1.533,0.615,1.533,0.777,-0.372,-1.076,-1.308,-0.372,1.533,-0.146,-0.372,-0.528,0.615,-1.076,-0.528,-1.308,-0.781,0.615,-1.308,-1.076,0.777,-0.372,-1.308,1.533,-1.076,-0.781,-0.454,-1.308,-1.076,-0.454,-0.46475997578846395,-0.528,-0.372,-0.5455102905026192,-0.43697695805601483,-0.781,-0.5146156852144376,0.777,-1.076,-0.38249202851321573,1.533,1.5128193681044504,1.5244285064851109,-0.35588006334304517,-0.3896123282246524
-0.27,-0.27,-0.698,-0.813,-0.447,-1.108,-0.698,-0.065,-0.447,0.792,-1.078,-0.875,-0.698,-0.27,-0.698,0.792,-1.108,0.792,-0.447,-0.065,-0.813,-0.065,-0.698,0.792,-0.875,0.792,-0.065,-1.108,-1.108,-0.698,-0.447,-1.078,-0.813,-1.078,-1.078,-0.27,-1.108,-0.43,-0.43,-0.875,-0.447,-0.698,-1.078,0.792,-1.078,-0.447,-0.875,-0.813,-0.875,-0.27,-0.698,-1.078,-1.108,-0.286584798141816,-0.7085585223318496,-0.065,-0.25344778537918344,-0.43,-0.6799728422397163,-1.0915353354808741,-0.6548867040889959,-0.6059997457726093,-1.0754170870521709,-0.2364054663678997
-0.167,-0.645,-0.993,-0.053,-0.676,-0.167,-1.285,-0.053,-0.167,-1.285,-0.053,-0.786,-0.053,-1.285,-0.786,1.409,-1.285,0.003,0.003,-0.645,1.409,0.003,-0.659,-0.786,-1.285,0.003,-0.993,-0.993,-0.053,-0.786,-1.285,-0.053,-1.285,-1.285,-0.167,-0.053,1.409,-0.993,-0.676,-0.786,-0.993,-0.659,1.409,-0.659,-0.659,-0.993,-1.0087228697037103,-1.285,-0.167,0.003,-0.6658097253205003,-0.6306588926404127,-0.01316865757486747,-1.2961143577002465,-0.9729899992106578,-0.786,-1.2788358088051466,-0.8020149302649222,-0.17695116374748188,-1.2454557473464742
-0.198,-0.829,-0.559,-0.198,-0.345,-0.829,-0.829,-0.829,0.974,0.974,-0.735,0.974,-1.09,-0.829,1.641,-1.138,1.641,-1.138,-0.826,-0.829,-1.138,-0.559,-1.138,-1.138,-0.198,-0.198,-1.09,-1.09,-0.559,-0.345,-0.559,1.641,-0.826,-0.826,1.641,-1.09,-1.09,-0.345,-1.09,-0.826,-0.198,-0.198,-0.735,0.974,-0.735,-1.138,-1.09,-0.735,-0.345,1.641,-1.09,1.641,-1.09,-0.826,-0.829,-1.138,-0.345,-0.559,-0.198,-1.1023994332344464,-0.8399134374424898,-0.5683909336327533,-1.1554928952785277,1.6305060802587683,-0.5348105728687805,-1.095894608819184,-0.21206449535070376,-0.48596683852561023,-1.073531902202895,-0.8125254178856548,-0.17146343367375727,-1.0531686887319291,-0.8416866819826763
-0.562,-0.545,-0.276,-1.012,-0.479,-0.639,-0.639,0.973,-0.141,-1.012,-0.562,-0.479,-0.895,-0.562,-0.562,-1.012,-0.141,-1.012,-1.012,1.997,-0.895,0.973,1.997,-1.012,-0.276,-0.276,0.973,-0.276,1.997,-1.012,-0.895,-0.276,-0.895,1.997,-0.562,-0.895,-0.141,-0.545,-0.895,-1.012,1.997,-0.639,1.997,-0.545,0.973,-0.141,0.9582416616129307,-0.479,-1.012,-0.639,-0.276,-0.6539584305661043,-1.0271033000396144,1.013502919350217,-0.895,-0.2812031453278421,-0.26629590337495324
1.562,0.51,1.562,-0.985,-0.322,0.679,-0.985,1.562,-1.219,0.928,1.166,0.679,0.928,-1.219,-1.219,1.562,0.928,-1.219,0.928,1.166,-0.985,-0.322,-0.985,0.679,-1.219,0.928,1.166,-0.985,-0.322,1.562,1.562,0.139,0.928,0.51,1.166,-0.322,-0.985,0.139,0.51,0.249,0.249,1.166,1.166,0.928,-0.322,0.249,-1.219,1.166,-0.322,1.1536662836782872,-1.219,-0.3346662375470919,-1.2344497837533555,1.562,0.51,-1.1843938940635468,0.679,-0.29117246958757265,-0.25351484008702446,0.4973358243018758
0.039,1.826,1.826,1.826,-0.716,-0.934,1.826,-0.933,0.786,0.786,1.121,2.132,1.826,-0.512,1.739,1.121,2.132,1.739,1.121,2.132,1.739,-0.512,-0.934,-0.934,0.786,1.739,2.132,-0.933,-0.934,1.739,2.132,-0.716,1.826,-0.512,2.132,0.786,1.739,-0.716,-0.512,-0.934,0.039,2.132,2.132,-0.933,-0.934,-0.933,1.826,1.121,1.1038318533322298,0.786,-0.934,2.132,1.1292485647364177,0.039,1.164952614039223,-0.9449539117369345,0.02532692634959787,0.7735692673645234,1.826,0.06504404509949034,1.2075848257649857,0.1074067739522875,1.739
0.964,-1.168,-1.168,-1.135,0.964,-1.135,1.551,0.354,-1.135,0.278,-0.406,0.964,0.964,1.551,1.385,-0.406,0.598,1.551,1.551,-1.135,0.354,1.385,0.354,-1.135,1.551,0.278,-1.168,1.385,-0.455,0.964,-0.455,1.551,-0.455,1.385,1.551,-1.168,-1.135,-1.135,-1.135,0.964,-1.168,1.551,-1.168,-0.455,1.385,0.598,0.964,0.9451078403606962,-1.168,-0.455,0.9721202239726341,1.385,0.278,0.587701570549056,0.6237877196660373,1.3750632858619627,1.551,-1.179256463956642,0.26318085630850846,-0.4659854087097441,-0.4317417788908117
-0.751,2.473,-0.751,2.473,0.41,-0.33,2.473,-0.386,-0.24,-0.741,1.912,0.41,-0.741,1.912,2.473,0.231,2.473,-0.741,1.912,-0.741,-0.741,0.231,1.912,0.41,0.41,-0.741,2.473,-0.053,-0.741,-0.751,1.912,1.912,0.41,0.41,0.231,0.231,1.912,-0.741,2.473,0.231,-0.24,1.912,1.912,2.473,1.912,2.473,0.231,1.898468106520696,-0.751,0.21880766432308088,-0.386,2.4595736106015793,-0.053,1.949594239204141,-0.24,-0.06856476434011041,-0.741,0.27884035601004237,0.3235655802891373,0.41,2.50481671574084
-0.976,-1.084,-1.084,-1.005,0.448,-0.976,-0.945,-0.976,-1.005,0.402,1.029,-0.284,-0.284,-0.945,0.402,0.448,-0.284,0.424,-1.005,-1.005,-0.945,-0.945,-0.284,-0.976,-0.976,-1.084,0.402,0.402,-1.005,0.402,-0.945,0.402,-0.945,-1.084,-0.976,-1.005,-0.976,-0.281,-0.284,-0.281,-0.284,-1.084,-1.084,-0.976,1.029,-0.976,-0.284,-0.945,-1.005,-1.084,0.448,-1.0996898635198182
-0.479,1.216,-0.176,0.223,1.216,-0.547,0.499,-1.034,-0.479,-0.835,-1.195,-1.195,1.216,-0.547,1.216,-0.479,-1.034,-1.034,0.223,-0.835,-0.479,-0.547,1.216,-1.195,1.216,-0.176,-1.034,-0.176,-0.835,-1.034,0.499,1.216,-1.195,0.223,1.216,-1.034,-1.195,-1.195,-0.343,-0.343,-0.835,-0.343,-1.195,0.499,-1.034,-0.176,-1.212585128702384,-1.0420175391224724,-0.835,0.4822601353125171,-0.8505767538723383,0.50801751859643,0.223,-0.189344866625013,-0.8266856362777025,1.216,-1.1812696184737799,-1.0230297530797081
-0.143,-0.765,-0.765,0.676,-1.002,1.309,0.95,0.95,-0.203,0.654,0.654,1.288,-0.143,1.309,-0.203,-0.143,-0.143,1.309,0.654,0.95,-1.002,-1.002,-0.765,0.95,-1.002,-0.203,-1.002,0.654,1.309,1.288,0.654,-1.002,0.676,0.676,0.654,-0.203,1.288,0.654,-0.203,-0.143,1.288,0.654,1.309,-0.601,1.288,-0.601,-0.203,0.654,0.676,0.676,0.6638453679109515,1.309,-0.203,0.95,1.294559947760227,0.700004879311592,1.339387548717545,-0.765,-0.21823700554236428,1.3910385691521472
-0.768,-0.77,-0.768,-0.768,-0.77,1.44,-0.951,-0.63,-0.81,-0.77,-0.768,-0.768,-0.768,-0.77,-0.951,0.336,0.336,-0.768,-0.77,-0.81,-0.951,0.24,-0.81,-0.768,1.44,0.24,1.44,0.341,-0.951,-0.63,-0.951,1.44,-0.63,-0.63,0.341,-0.951,0.341,1.44,-0.77,-0.768,-0.63,0.341,-0.81,-0.6452099099715874,1.44,0.0,1.4274228573646652,-0.6155482930971448,-0.77,-0.7787062233527955,-0.951,-0.5795613450073197,-0.7514668552014574,-0.7829881852045676,-0.7458905374634579,-0.7109279443099307,0.336,-0.7143705698597037,0.24
0.56,-0.619,-0.878,0.288,-0.619,0.56,-0.539,-0.878,0.56,-0.802,-0.878,0.17,0.56,-0.802,-0.231,-0.878,-0.619,0.288,-0.231,0.17,0.17,0.56,0.288,-0.397,0.896,-0.802,-0.802,-0.539,-0.397,-0.878,-0.878,0.288,-0.619,-0.878,0.17,-0.231,0.896,0.896,0.288,0.288,-0.231,0.56,0.17,0.56,0.17,0.1459330138737045,-0.619,-0.802,-0.397,-0.4168826383282558,-0.8216857542599698,-0.6365057633431017,0.19376366989695837,-0.7882372543175322,0.896,0.8804167788841224,-0.7531883965768716,0.288,0.2746425892396937,0.23091514159301266,-0.878,0.2835585073348504
0.504,1.1,0.504,-0.021,0.504,0.923,0.923,-0.947,-0.947,1.1,0.923,-0.725,1.1,-0.336,-0.725,-0.336,1.1,0.523,0.504,-0.947,-0.947,0.061,-0.725,-0.947,-0.863,-0.947,-0.947,-0.336,0.523,0.504,-0.947,-0.947,-0.863,0.523,0.523,0.923,-0.863,0.061,-0.947,0.923,-0.947,-0.021,-0.03679324318919865,1.1,0.504,-0.725,-0.336,-0.863,-0.9587031959601094,-0.7422895414014216,-0.8738769708484054,-0.8514064241120912,0.523,-0.8049874793607346,-0.8885434109013077,0.4948691840271313,-0.7052144648439301,-0.011731082080849237
0.875,-0.898,-0.898,-1.013,-0.715,0.088,0.766,-1.013,-0.505,-0.311,-0.311,-0.311,-0.898,-1.013,-0.753,-0.505,-0.715,-1.058,0.088,-0.311,0.766,-0.898,-0.753,-0.715,0.766,0.875,0.875,-0.715,-0.715,-0.505,-0.505,-0.753,-1.013,-0.753,0.766,-1.058,-0.505,-0.898,-1.058,-0.311,-1.058,-1.013,-1.058,-1.058,-0.898,-1.013,0.875,-1.058,-0.753,-0.311,0.766,-0.505,-0.5186017387705714,0.8603867834123972,0.8696570975940897,-0.47790968485589713,-0.715,-0.7292332845509583,-0.4188322800227983,-0.7065967082113387,0.088,-0.32175058243617843,-0.7642241673646502
-0.608,0.447,-0.608,-0.894,-1.184,-0.894,0.715,-1.184,-1.174,-0.715,-1.174,0.501,-0.608,-1.184,0.963,-1.174,-1.184,0.447,-0.608,-0.715,-0.715,-0.334,-1.174,0.715,-0.334,0.715,-0.894,-0.894,0.715,-1.184,0.447,-0.715,0.447,-0.894,0.963,0.447,-1.184,-0.608,-1.174,0.715,-1.174,-1.174,-0.894,-0.715,-0.715,0.715,-1.184,-1.184,-0.715,-0.608,0.963,0.715,0.501,-0.715,-1.174,-1.1871024499268512,-1.184,-0.894,-0.7278497026643336,-0.608,0.963,0.9543218370953697,-1.1467851444778252,0.9951485112577889,0.4892674427839157,-1.1944238132117526,-1.1488380613759885,-0.6201757347333264
-0.871,-0.602,-0.883,-0.925,0.209,-0.883,-0.925,-0.883,-0.883,-0.602,-0.925,-0.925,-0.602,-1.004,-0.064,-0.661,-1.004,-1.004,-0.602,-0.883,0.209,-0.602,-0.925,0.209,-0.661,-0.883,-0.741,-1.004,-0.602,-0.602,-0.741,0.209,0.209,-0.871,-1.004,-0.883,-0.925,0.436,-1.004,-0.741,0.209,-0.661,-0.883,-0.883,0.209,-0.883,-0.871,-0.602,0.209,-0.064,-0.07749318075778915,-0.03366597618069167,-0.0006343804906261789,-0.661,-0.925,-0.6755069905440237,-0.653385069518812,-0.6470669301738861,0.436,-0.883
-0.922,0.491,-0.917,0.016,-0.917,-0.922,-0.309,0.016,-0.309,0.016,0.491,-0.309,-0.922,-0.922,-0.843,-0.965,-0.965,-0.922,-0.917,-0.309,-0.922,-0.722,-0.974,0.491,-0.965,0.016,-0.922,-0.974,0.016,-0.965,-0.843,-0.587,-0.587,-0.917,-0.843,-0.922,-0.917,-0.587,-0.974,-0.922,-0.843,-0.843,-0.309,0.016,0.491,-0.917,-0.965,-0.974,-0.974,-0.722,0.491,-0.722,-0.974,-0.309,-0.922,0.491,-0.922,-0.922,-0.722,-0.965,-0.974,-0.9361335433764986,-0.9000339140650342,-0.9856954344265567,0.491,-0.309,-0.9798656810285644,-0.843,0.4761068214158853,0.49647355430258644,-0.9245511801529943,-0.9068159429878306,-0.7336516034597782,-0.31918024701647485
-0.026,-0.465,-0.644,-0.795,-0.168,-0.465,-0.644,-0.795,-0.704,-0.758,-0.758,0.007,-0.026,-0.465,-0.168,-0.168,-0.065,-0.704,-0.026,-0.168,-0.704,0.007,-0.465,-0.758,-0.644,-0.465,1.2,-0.065,-0.168,1.2,-0.795,-0.644,-0.704,1.2,-0.758,-0.795,-0.795,-0.644,-0.168,0.007,-0.758,1.2,-0.168,-0.168,-0.065,1.2,-0.795,-0.465,-0.758,1.2,-0.065,-0.465,-0.48415994490215214,1.2,1.1800358714767127,-0.704,-0.065,0.007,-0.07711851291064227,-0.05666067135362076,-0.168,-0.021248685527632448,-0.002620536656201467,-0.18584476229613048,0.030986743328604592,0.01273884682205542,0.07967968064894325,-0.14044680387070824,-0.09155712540006994
0.678,1.706,1.153,0.408,-0.697,0.678,-1.042,-0.11,-0.11,-1.042,1.153,-0.699,0.678,0.678,-0.697,0.678,-0.697,-1.042,1.153,-0.699,1.706,-1.042,1.153,1.153,-1.042,1.415,0.678,0.678,0.408,-0.697,1.706,-0.11,0.408,-0.699,0.678,1.415,0.469,-0.11,1.706,-0.697,1.706,0.408,1.415,-1.042,-0.11,0.408,-0.11,-0.697,1.153,1.415,-1.042,1.153,1.706,1.415,1.153,1.4013934055914188,1.4465493705501609,-0.697,0.469,-1.042,1.1410835580070455,1.6923830234374864,0.45628185522992776,0.408,1.1866716762257192,-0.7053509482079817
-0.363,-0.084,-0.777,0.952,-0.777,0.796,-0.084,0.796,0.952,-0.777,-0.958,0.319,-0.084,0.796,-0.363,-0.755,0.952,0.973,0.973,0.973,-0.755,-0.958,-0.958,-0.363,-0.363,-0.777,0.319,0.796,-0.363,-0.958,-0.363,0.331,0.331,-0.755,-0.084,0.952,-0.755,-0.755,-0.755,0.796,-0.958,-0.958,-0.084,0.319,-0.777,-0.363,0.331,0.796,0.952,-0.777,0.973,0.796,-0.363,-0.777,-0.084,-0.10627036368094486,0.973,-0.37419634514303907,0.952,0.9537539196832009,-0.03911524660208198,0.319,-0.7883710171820131,0.9766033236939626,-0.7572846150352197,-0.011820017914079776,-0.3072103905663353
-0.42,-0.965,-1.112,-1.112,0.165,-0.965,-0.42,-0.546,-0.544,0.179,0.179,0.179,-1.112,0.179,-1.112,-0.42,0.165,-0.42,-1.112,0.165,1.544,1.544,-0.845,-0.546,-0.42,-0.965,0.012,-0.42,-0.546,0.012,0.165,-0.845,0.165,-0.546,1.544,-0.544,0.012,1.544,0.165,-0.42,-1.112,-0.546,-0.965,-0.544,-0.42,-0.965,-0.845,-0.544,0.012,0.165,-0.845,0.012,-0.003586773827530315,-0.544,1.544,-0.42,0.1503195626518753,-0.5579286767137696,0.036684999267522736,0.06176448883712432,-0.8515771239515791,-0.8435992769526184,-0.43151313326722873,-0.965
-1.136,1.999,-1.111,-0.213,-0.233,1.999,-0.875,-0.06,-0.233,-1.136,-1.136,1.401,-0.233,1.06,-0.233,1.999,-1.136,-0.213,-0.06,-1.111,-0.875,0.422,1.401,1.06,-0.213,1.999,1.06,-0.233,-1.111,1.401,-1.111,-1.136,-1.111,-0.875,-1.136,-1.136,-1.111,-1.136,-1.111,1.999,-0.213,-1.111,-1.136,-0.875,1.999,-0.875,1.999,-0.233,-1.111,1.401,-1.111,1.389128289780774,1.999,1.4087020378984842,0.422,-1.136,-0.233,-0.213,1.4375359748530503,-1.1242368833454421,-0.875,-1.085312674184632,-0.24562671299983907,-1.039072455514587
-0.817,1.244,-0.702,1.561,-0.817,1.656,-0.126,0.201,1.244,-0.126,1.656,-0.126,1.656,1.656,1.244,0.201,1.561,1.561,1.561,2.053,1.561,1.561,0.98,1.561,2.053,-0.702,1.656,1.656,0.201,2.053,-0.702,0.201,2.053,0.201,2.053,-0.192,2.053,0.98,-0.817,1.656,-0.817,0.98,-0.126,-0.126,0.98,-0.702,2.053,0.201,-0.192,0.98,0.9698914099218716,1.244,0.18919328150352424,-0.817,1.0113562307860327,1.232324815904115,-0.7146125843086486,-0.6702436694269157,-0.6446446424938959
2.187,-0.209,2.187,0.238,-0.141,0.146,-0.209,-0.141,-0.681,1.411,-0.141,1.411,0.422,0.146,-0.058,0.238,-0.681,-0.141,0.422,-0.058,-0.058,0.146,2.187,2.187,1.437,2.187,2.187,2.187,1.437,-0.681,0.238,0.422,1.437,-0.141,-0.141,1.411,1.411,2.187,-0.141,0.422,2.187,-0.141,2.187,1.411,2.187,0.422,1.411,0.238,-0.058,1.437,-0.141,-0.681,0.238,0.422,1.437,-0.141,0.238,1.411,-0.209,1.3963690531489392,-0.681,0.4088728518971311,0.2232012540658589,1.4225169357224803
0.179,-0.19,0.67,-0.724,-0.892,-0.819,-0.819,-0.724,0.67,-0.19,-0.819,-0.724,0.179,0.179,-0.19,-0.19,1.515,0.179,-0.724,-0.19,-0.19,0.67,1.515,-0.724,1.515,-0.724,-0.724,0.67,-0.892,-0.724,-0.892,-0.724,-0.19,-0.724,0.179,-0.819,1.515,-0.19,-0.724,0.465,0.465,-0.892,-0.892,-0.19,-0.19,-0.724,0.67,-0.819,-0.724,0.179,0.0,0.465,0.0,-0.724,-0.19,-0.022491019358987202,0.00975054812351588,-0.20281916249575282,0.45345563213629353,0.67,1.515,-0.819,-0.892,-0.16225935433587485,0.4962017394177314
-0.072,-0.675,-0.072,1.671,-0.072,-0.072,1.103,1.671,-0.489,0.592,-0.138,1.103,-0.579,-0.579,-0.072,-0.489,-0.072,0.592,-0.675,1.671,1.592,-0.198,-0.198,-0.072,1.671,1.592,1.671,-0.198,1.103,1.103,-0.198,-0.489,1.671,-0.675,-0.072,-0.138,0.592,1.592,0.592,-0.138,-0.579,-0.198,0.592,-0.138,1.592,-0.138,-0.675,-0.198,-0.072,1.5795261170631751,1.671,1.65542531765524,1.6775115203232553,-0.14916814463410352,1.7201156181374844,-0.10699805469977579
-0.507,0.565,0.253,-0.742,-0.931,-0.138,0.177,-0.474,-0.742,-0.748,0.253,-0.742,-0.474,0.253,0.253,-0.742,-0.507,0.959,-0.748,-0.742,0.565,-0.748,-0.742,-0.742,0.253,-0.742,0.177,-0.931,-0.931,0.565,0.959,0.565,-0.742,-0.742,0.177,0.565,0.959,-0.931,0.565,-0.507,-0.742,0.565,0.565,-0.748,0.253,-0.742,-0.474,0.565,0.253,0.565,0.177,-0.138,0.5519077097287883,-0.507,-0.748,-0.931,0.1642746212955007,-0.7600580261116716,-0.7278321000268996,0.253,-0.1517081628374672
0.202,1.272,1.003,0.202,1.003,-0.931,-1.264,0.202,0.202,-1.264,0.644,1.272,-1.264,-1.264,0.644,1.272,-1.099,0.202,-1.099,-0.472,-0.472,-1.099,1.272,-0.931,-0.472,-0.567,-0.567,-0.567,-0.931,-1.099,-1.264,-1.264,-0.567,-1.264,-0.931,-0.931,0.644,-0.931,0.644,1.272,0.202,0.644,-0.472,-0.567,-0.931,0.644,1.272,-1.264,0.202,-0.567,0.6310807260284707,-0.5795164257035663,-0.5593239985249452,-1.2702030356071436,-1.099,-0.5203137303360706,-1.1181739006873868,0.18899127548910824,1.003
0.857,-0.379,-0.379,1.842,-1.123,0.857,1.842,-0.338,1.842,1.842,1.842,-0.576,-0.576,-1.123,-0.338,-0.379,2.227,0.522,-0.576,2.227,-0.338,2.227,-0.379,1.842,-1.123,-0.562,1.842,0.857,-0.576,-0.338,-0.562,-0.562,2.227,-0.379,-0.338,-0.923,2.227,-1.123,2.227,-1.123,-0.923,1.842,0.857,-1.123,-0.923,1.842,0.857,-1.123,2.227,1.842,0.8423484963286632,-0.338,0.8883699947131348,1.8317761513839654,-0.562,0.933289619524492,-0.379,-0.576,1.884279713879512,1.9318295211137921,1.967335467003763,-0.3922756815154267,0.9701343264803435
-1.042,-0.686,1.453,-0.2,-0.015,-0.678,-0.904,1.453,1.453,-0.678,-0.904,-0.686,-1.042,-0.015,0.292,-1.042,-1.042,-0.678,-0.904,1.453,0.24,1.453,-0.678,-0.904,-0.904,-0.686,-0.015,-0.904,-0.678,-1.042,0.843,0.843,-0.678,-1.042,0.292,-0.686,0.292,0.24,-0.2,0.24,-0.678,0.843,-1.042,-0.678,0.843,0.8260434151934891,0.8484498881759661,0.24,0.2200769591260503,-0.686,-0.6886277758611586,0.8838760374638225,-0.7028842227332356,-0.2,0.9228356939792813,0.2702010015289055,-0.64981304647676,-1.042,-0.21854351385816465,-0.6088391118525726
0.314,-0.143,-0.842,-0.491,0.757,-0.423,-0.842,0.757,-1.06,-0.842,-0.842,0.352,0.757,-1.06,0.314,0.314,0.158,-0.842,0.158,0.314,0.352,-0.663,0.757,-1.06,0.314,0.352,0.352,-0.491,-0.491,-0.663,-0.423,0.158,-1.06,0.757,0.314,0.757,-1.06,-1.06,0.352,-0.663,0.352,0.757,-0.491,0.158,0.757,-0.491,-0.506221745825215,0.14877159485228178,0.314,0.352,-0.842,-0.143,-0.15439631149815503,0.18146685548446034,-1.06,0.18607611592458917,-0.8488016077106117,0.2259316090681424,-0.4816164607633022,-0.423,0.27577066292788666
-0.721,-1.005,-0.151,-0.722,-0.935,-0.862,-0.151,1.002,-0.151,-0.862,-0.935,-0.862,-0.862,-0.151,-0.151,1.002,-0.722,1.091,1.091,1.497,1.002,-0.722,-0.721,1.002,1.002,1.497,-1.005,-0.721,1.002,-0.935,1.497,1.002,0.217,-0.151,1.002,-1.005,1.497,1.497,-0.721,1.002,-0.935,-0.935,-0.862,0.217,1.091,0.217,-1.005,0.217,-0.862,-0.935,-0.151,-0.9470092372329515,-0.722,-0.8733548956152227,0.20247081964134064,1.497,-0.15943378343548076,1.002,-0.7314639875330909
-0.192,0.831,-0.358,1.351,-0.192,0.237,1.1,1.088,0.981,-0.358,-0.358,1.088,0.237,1.1,-0.358,0.301,-0.857,0.831,1.088,-0.192,0.237,1.088,-0.857,-0.192,1.088,-0.192,-0.358,1.351,1.1,0.301,-0.192,-0.192,-0.192,-0.857,1.088,0.981,1.088,0.981,0.831,0.237,1.088,-0.857,1.088,0.831,1.088,1.351,-0.192,1.1,0.816357639212256,0.981,0.8579780162888627,-0.358,-0.857,0.9656480299669529,1.0810598707547572,-0.37218858666887467,0.237,1.1111010131040586,-0.20437857297830814,1.091275186327503,-0.8673242206825932,1.1268293109234413,-0.8055740111617701,1.0145928379327507,-0.18767655611034542,1.33720281134833
-0.541,-0.47,-0.47,-0.253,1.345,1.112,-0.034,-0.253,0.168,-0.47,-0.422,1.345,0.931,-0.422,-0.163,1.345,1.112,1.345,-0.034,1.112,1.112,-0.163,1.112,-0.253,1.112,-0.541,-0.47,-0.541,0.168,-0.163,0.931,-0.163,-0.253,1.112,-0.422,1.345,0.931,-0.47,1.345,-0.47,0.168,-0.422,-0.034,1.112,-0.541,1.112,1.112,-0.422,-0.47,-0.541,-0.253,-0.2773619408778816,-0.034,-0.48268035380686414,1.345,1.112,-0.04918387259073365,0.168,1.335362175629717,-0.5544592542012584,-0.163,-0.422,0.15431931311265545,-0.012143541276084191,-0.5356962224631673,-0.4405326561840821,-0.17534061843170096,1.1007898427607377,0.931
-0.591,-0.11,-0.11,0.52,-0.745,-0.442,-0.442,0.52,1.158,0.724,0.52,-0.591,0.52,-0.442,0.724,-0.11,0.902,1.158,-0.846,-0.881,0.52,0.902,-0.846,-0.745,-0.881,-0.442,0.724,-0.846,1.158,-0.846,0.52,0.52,-0.442,-0.591,-0.881,-0.846,-0.442,0.902,0.724,-0.745,0.724,-0.881,-0.881,-0.442,-0.846,0.724,-0.591,-0.11,-0.442,0.52,-0.745,-0.4614097702870311,0.902,-0.603397684719587,-0.881,0.8900056301112133,0.7104193895357381,0.9235598417951935,-0.11822693158172513,-0.41821197084406375,-0.8924484102142677,-0.8548288847154895,-0.09196424841046538,-0.5706436301110847
0.538,1.197,-0.319,-0.669,-0.373,-0.373,1.197,1.197,-0.669,1.448,-1.265,1.44,0.538,-0.669,0.538,1.448,1.197,-0.1,0.538,0.538,1.197,-0.1,-1.265,-1.265,-0.319,0.538,-0.319,1.448,-0.373,0.538,-0.669,-0.715,1.197,-1.265,1.197,0.538,-0.373,-0.319,-0.373,-1.265,-1.265,-0.715,-1.265,-0.1,-1.265,-0.373,-0.373,1.197,1.448,1.44,1.448,1.44,1.197,-0.373,-1.265,1.4265588974417314,-0.3863491166159514,-0.1,0.538,0.5167268887182224,-0.11344208799186992,-0.715
-1.112,0.958,-0.544,-0.142,-0.871,-0.544,-0.544,0.515,-1.112,-0.871,-1.112,-0.705,-0.544,-0.871,-1.112,-0.918,0.515,0.958,-0.918,-0.544,-0.142,-0.871,1.075,-0.142,1.075,0.958,1.075,-0.544,1.075,-0.918,-0.705,0.958,-1.112,-0.871,0.515,-0.392,-0.544,0.515,1.075,-0.392,-0.544,-0.142,-0.705,-0.871,-1.112,-0.142,-0.871,-0.8816180570086367,0.958,-0.544,-0.5560575739752496,0.515,-0.392,0.9446941128912644,0.9836012383683499,0.504579420080922,-0.8218641337254109,-0.918,-0.934796576757287,0.5323909596995147,-0.142
-0.598,2.227,-0.916,-1.099,-0.916,-0.773,-1.099,-0.916,0.602,0.602,2.227,-0.672,2.227,-0.773,1.354,-0.672,-0.645,-0.598,2.227,-0.598,1.354,1.354,-0.672,0.602,2.227,-0.773,-0.645,-0.645,-0.645,2.227,-0.092,-1.099,-1.099,0.602,-1.099,-0.092,0.602,-0.092,-0.645,-0.598,2.227,-0.916,-0.916,-1.099,-0.092,0.602,1.354,-0.773,-1.099,-0.092,-0.598,0.602,-0.916,2.227,-0.773,-0.092,-0.10369484096542794,-0.645,2.227,-0.05950908390024749,-0.658796262975545,-1.099,-1.1134914265774059,-0.016015173220968897,-0.773,-0.672,-0.916
0.819,0.237,-0.036,-0.77,-0.625,1.33,0.237,0.237,0.409,0.819,-0.036,0.137,-0.272,0.137,0.288,0.237,1.33,0.288,-0.036,1.33,0.819,1.33,-0.625,-0.625,-0.77,-0.036,-0.77,0.288,-0.625,0.237,0.819,-0.625,0.237,1.33,1.33,1.33,0.288,-0.77,0.237,0.237,0.137,0.819,0.409,0.39086602850455876,0.8070972465722716,0.1184880051033958,-0.036,-0.625,1.33,0.288,1.3231433195315552,0.2753645111650741,-0.050571056601410536,0.8509675640260126,0.8926509870743418,0.2264746253892625,-0.002649362719423339,-0.77
-1.099,1.595,-0.803,-1.099,1.595,-0.803,1.807,0.284,0.701,1.183,0.284,1.807,1.595,-1.099,1.183,1.807,0.284,-0.345,0.284,1.807,0.284,0.284,0.284,1.807,0.701,1.264,1.595,1.264,0.701,0.284,1.264,1.807,-0.345,0.284,-0.32,1.183,1.183,0.284,1.183,1.183,-0.345,1.807,-0.803,1.595,-1.099,-0.345,1.595,-1.099,-0.803,0.701,-1.099,-0.32,-0.803,1.595,1.807,1.5821206247311237,1.264,1.7900978582609246,1.829672434499237,0.284,0.701,1.2477270801970446,1.2821250001001434,1.304603507763487,1.6224996497603343,-1.099,-0.811937947427222,1.6580786691925258,0.27227370565155773,1.3332986970793945
0.17,-0.883,0.17,1.534,-0.798,0.991,-1.027,0.17,-1.027,0.873,0.876,-0.883,-0.883,0.609,0.873,-0.883,0.17,-0.798,0.991,0.876,-0.798,0.609,1.123,-1.027,0.991,0.991,1.123,-0.798,1.123,-0.883,1.123,1.534,0.17,-1.027,-1.027,1.534,0.991,-0.883,-0.798,1.534,-1.027,0.991,0.609,0.873,-0.798,0.17,-0.883,0.609,0.8656811023623556,1.123,1.1029740030663557,0.991,0.1570076458971392,0.18542153517516105,0.9760369997752693,0.876,1.0045503463541594,-0.8091934236009234,0.21803141383256383,0.25949960119384574
-0.056,1.668,-0.323,-0.953,-0.323,2.723,-0.056,0.538,2.723,2.723,-0.953,-0.953,1.147,-0.953,2.723,1.668,1.147,-0.09,-0.953,1.486,2.723,-0.056,-0.056,2.723,-0.056,1.668,2.723,1.486,2.723,-0.953,-0.056,-0.953,0.431,2.723,2.723,1.147,1.668,2.723,-0.056,0.538,-0.953,-0.056,1.668,1.668,1.486,1.668,0.431,-0.09,-0.056,-0.953,-0.9690199681502614,-0.10411086455041818,0.41859803388419364,1.486,0.538,1.147,-0.06837366158501254,0.4526438857725731,-0.323,-0.06494070794173816,1.132117405369533
-1.091,-0.107,-1.091,-0.053,0.51,-0.098,0.134,-0.424,-0.06,-0.06,-0.424,0.503,0.134,0.503,0.503,-0.098,-0.424,-0.424,-0.107,0.134,-1.091,-0.107,0.134,-0.107,0.51,-0.098,-0.648,-1.091,0.503,0.51,-0.098,-0.648,0.134,0.134,-0.107,-1.091,-0.648,-0.424,-0.107,0.134,0.51,-0.098,-0.098,-0.06,0.134,-0.06,0.12177216464559273,0.51,-0.648,0.503,0.48787478289650876,0.17724823065542425,-0.107,-0.424,-1.091
-1.187,1.487,0.876,1.487,-0.739,-0.739,-0.418,-0.418,-0.695,-0.514,-0.418,0.885,-0.695,-0.739,-1.187,-0.418,1.487,0.876,-0.739,-0.695,-0.514,-0.514,-0.739,1.487,-0.418,-1.187,-0.739,-1.187,-1.187,1.487,1.487,-1.187,0.876,0.885,0.876,-0.388,-0.418,-0.695,0.77,0.885,-0.739,-0.739,-1.187,0.77,1.487,-0.514,1.487,-0.739,-0.695,0.885,-0.514,-0.418,-0.4385209102605565,0.8752727410939594,0.876,1.487,-0.388,-0.7447853660777024,0.8691285729998204,-0.39922440751214044,0.9126619774320444,-0.7169139295498727,-1.187,-0.6883183627805296,-0.39737881900133076
-0.692,0.54,0.54,1.068,-0.692,1.342,-0.936,1.068,0.843,-0.692,1.068,-0.936,-0.692,-0.936,-0.067,0.063,0.504,-0.692,1.068,1.104,-0.692,1.068,-0.067,1.068,-0.067,0.54,1.104,1.342,1.342,0.54,1.104,1.068,0.54,0.063,-0.936,-0.692,-0.692,0.843,0.843,1.104,0.54,-0.067,-0.067,-0.936,-0.9588529188311107,0.54,0.063,1.068,0.5324192038710674,-0.692,-0.9313434111615704,0.843,-0.9009587185633984,1.342,-0.7082400093567272,0.5613380224920669
-0.431,-1.035,-0.844,0.717,-0.67,1.329,1.329,-0.844,-0.844,-0.67,-0.75,-0.67,-1.035,-0.772,-0.75,-0.772,-1.035,-0.431,-1.035,1.329,0.96,1.329,0.96,0.96,1.329,1.329,-1.035,-0.67,0.62,-0.75,-0.431,-0.844,1.329,-0.431,-1.035,0.96,0.717,-0.431,0.96,-0.75,1.329,-0.844,-0.75,-1.035,-0.772,-0.772,1.329,-0.75,0.62,1.3138047162333657,-0.7634406412013074,-1.035,0.717,-0.431,-0.844,-0.7064099361728294,-0.8513212932965116,-0.67,0.96,0.6994771929679113,0.935719868763455,-0.6888935976531118
-0.813,-0.813,1.626,-1.056,0.034,-0.018,0.813,0.813,-0.388,-0.388,-0.018,-0.674,0.807,-0.018,1.626,-0.388,-0.813,-0.018,-1.056,0.034,0.034,0.807,-1.056,-0.388,-0.388,-0.674,-0.388,1.626,-0.813,-0.085,-0.388,-1.056,0.813,-0.674,-0.388,0.807,1.626,0.034,0.813,0.807,-0.388,1.626,-1.056,0.034,1.626,1.626,-1.056,0.807,-0.388,-0.813,-0.813,-0.085,-1.056,-0.829875516113318,1.626,0.807,-0.7794619136407043,-0.674,-1.0742494506072184,1.612488758598429,-1.039745933301158,-0.018,0.7943445009963995,-1.0024825368330512,-0.9647524676413023,0.034
0.999,-0.606,-0.606,0.999,-0.834,-0.606,-0.862,-0.399,0.552,-0.399,-0.399,-0.138,-0.77,-0.399,1.119,-0.399,1.39,1.39,1.119,0.999,-0.399,-0.77,-0.77,-0.862,-0.862,1.119,1.119,1.39,-0.77,-0.77,-0.834,-0.862,0.999,-0.138,-0.834,-0.399,-0.834,-0.77,-0.399,-0.834,-0.138,-0.862,0.999,-0.399,-0.77,1.39,-0.862,-0.138,-0.399,1.119,-0.1573767081852846,0.552,-0.606,1.1060160018671703,-0.834,-0.4162733200802816,0.999,-0.77,1.39
1.417,0.606,-0.913,0.606,-1.083,-1.083,-0.712,-1.083,1.345,1.08,0.606,-0.712,-1.083,1.345,-0.71,-0.913,-0.71,-1.083,-1.083,-0.913,1.345,1.08,-0.913,-0.809,-0.913,1.417,-0.809,0.606,-0.913,1.417,-0.809,1.08,-0.809,-0.712,-1.083,-0.71,-0.913,-0.809,-0.913,1.08,0.404,1.08,0.606,-0.913,0.606,-0.71,1.08,-0.712,-1.083,1.417,1.401686512274894,0.404,1.0656849039944232,-0.913,-0.809,-0.7223751136496764,-0.9305005886199404,0.3919467783156478,0.44425119798558,-0.8228429033340848
-1.012,2.064,2.064,1.029,1.244,2.064,2.064,-1.008,1.244,2.064,1.733,-1.008,1.733,-1.012,1.029,-1.225,1.159,1.244,-0.912,0.246,-1.225,-1.225,1.159,-0.912,2.064,1.029,-1.012,-0.912,2.064,-1.008,1.733,-1.225,1.733,-1.012,-1.225,-1.008,-1.225,-0.912,1.029,1.733,-0.912,-1.008,0.246,-1.008,2.064,-1.008,-1.012,2.064,1.029,-1.225,2.064,1.733,2.0548372760099616,1.7182425011490639,1.760775621356643,-0.912,-0.9207531873063878,1.0203245928069633,-1.008,-1.0185385474049542
-1.417,-1.102,-1.102,-1.417,-0.034,-1.165,-1.102,1.553,1.553,-0.928,-0.928,-1.102,-1.417,-0.123,0.14,1.553,-0.928,1.356,-0.123,1.356,-0.581,-0.581,-1.417,0.14,1.356,-0.928,-1.165,-0.928,-1.165,0.14,-1.417,-0.034,-1.417,-0.034,-1.165,-0.928,-1.102,-1.417,-1.417,-0.123,1.553,-1.165,-0.581,-1.417,1.553,-0.034,-1.165,-1.417,-0.928,-1.417,-1.102,-0.928,-1.165,-1.165,0.14,-1.102,0.12635369862538173,-0.034,1.356,1.553,-0.123,1.5360917191130352,1.3428269933100154,-0.04638129057683919,-0.928,0.1579620520768128,-0.581,-0.5965279818866278,0.19555333359996105,-0.13191518469221342
-0.84,0.611,-0.84,-0.962,-1.193,-0.856,-0.84,-0.856,-0.962,-0.962,-0.856,1.487,-0.49,0.791,-0.84,-1.193,-1.193,0.611,1.122,0.791,1.487,-0.962,-1.193,-0.856,-0.84,0.611,0.791,-0.84,-0.856,-0.856,0.791,1.122,1.122,0.724,-0.856,1.122,-1.193,1.487,-0.962,0.611,-1.193,0.611,0.791,1.487,0.724,1.122,-1.193,-0.49,1.122,-0.84,0.611,-0.8549878525917404,0.5979012133954427,0.6449308288556733,-0.49,0.724,-0.856,-1.193,0.791,-0.5056419308848232,-0.48174673706856685,0.7125472496645491,-0.83025139942963,0.733123604963387,-0.4665449865728888
-0.461,-0.751,-0.71,-0.751,0.586,-1.006,1.744,-1.006,-0.71,-1.006,-1.006,0.586,-1.006,-0.751,1.349,-0.751,1.349,1.349,-1.006,-1.006,-0.71,-0.751,-0.399,1.744,-0.461,0.586,-0.751,1.349,1.419,0.586,-0.71,1.744,1.744,1.744,-0.751,1.419,0.708,-1.006,0.586,-0.399,1.744,-0.399,1.419,-0.71,1.419,0.708,1.744,1.419,1.419,1.349,1.744,-0.71,-0.71,1.744,1.744,0.586,-0.71,-0.399,-0.719127303678186,0.708,-0.40892778485001274,1.7362632204539217,-0.751,1.7833754774495363,1.419,-0.461,1.4017754059114393,1.4178793762425004,-0.3838346369713277,1.439775919169075
1.273,1.273,-0.574,-0.147,0.332,-0.574,-0.183,1.273,0.332,-0.574,0.332,-0.183,-0.757,0.332,0.332,0.332,-0.574,-0.757,-0.757,0.411,-0.574,-0.574,1.628,-0.147,0.332,0.332,0.411,-0.183,1.628,0.403,-0.147,1.273,1.628,-0.757,1.273,-0.574,0.332,-0.147,-0.412,-0.147,1.273,1.273,0.332,-0.757,-0.412,1.628,1.628,1.628,0.411,-0.183,0.403,0.38947958125013804,0.332,-0.574,-0.147,1.628,0.411,0.3161051238486142,0.39197152254204676,-0.757,-0.772176486466914,-0.7369462701658628,-0.7130487812939567,1.6130933039511532,-0.5814785293444908
2.587,0.345,0.345,-0.223,0.03,0.384,2.587,0.03,0.345,-0.88,-0.737,-1.007,-1.007,2.587,0.384,-0.223,0.345,0.345,1.043,0.345,0.345,0.97,1.043,0.345,1.043,2.587,1.043,-0.88,-0.223,-0.737,-1.007,-0.223,0.97,-0.223,-0.88,-0.223,0.345,2.587,-1.007,0.384,-0.88,2.587,0.345,-0.223,0.97,2.587,2.587,-0.223,2.587,-0.88,-0.88,-0.223,-0.88,-0.737,-0.223,1.043,0.97,2.587,2.565861667604705,0.384,-1.007,-0.88,-0.898253713533189,0.03,2.5864457325566006,1.0276553878200319,0.9584675349132333,-0.23539576233763818,-1.0237038056546506,2.634321919087778,2.688243632815206,-0.8627788700858915,-0.8362723173570945,-0.9916449500488315
1.213,-0.316,1.213,0.628,1.213,-0.175,0.628,-0.728,0.191,-0.728,-0.746,0.652,0.191,0.652,0.628,-0.746,-0.148,0.652,-0.148,-0.952,-0.148,-0.316,-0.728,0.191,-0.952,-0.746,-0.148,0.628,0.652,-0.952,-0.728,-0.746,-0.175,-0.746,0.652,-0.728,-0.952,0.628,-0.148,-0.148,-0.175,-0.175,0.191,-0.952,-0.175,-0.728,-0.316,-0.952,-0.148,-0.16551714163450085,-0.18519645165154716,-0.9611928450806939,0.628,-0.944644102029024,0.191,-0.746,0.17700656455482305,-0.11444492953576693
0.072,0.039,0.327,0.072,0.327,2.549,0.327,0.072,0.327,2.549,0.039,0.072,0.039,1.46,2.549,0.072,1.328,0.327,1.46,1.46,0.327,2.549,2.549,2.549,-0.594,0.328,2.549,-0.201,0.328,1.174,1.46,0.072,0.072,2.549,0.072,0.072,0.039,1.174,-0.594,1.174,2.549,0.039,-0.594,0.072,1.46,2.549,0.039,0.328,1.328,0.327,0.328,0.072,1.328,0.072,0.039,-0.594,1.328,2.549,1.3124113003303703,0.026476004026463735,1.174,-0.201,0.07257422546989342,0.072,1.3564456387751442,0.061975144768968884,2.5390594161500504,-0.2163125697698631
-0.691,-0.76,-0.652,1.884,1.884,-0.691,1.548,1.884,1.548,-0.455,-0.76,-0.76,-0.341,-0.691,-0.277,-0.798,-0.341,-0.341,1.548,-0.798,-0.277,1.548,-0.383,-0.652,-0.341,1.884,-0.277,1.548,-0.76,1.884,-0.652,-0.341,-0.798,1.884,-0.277,-0.652,-0.341,-0.455,-0.691,-0.76,1.884,1.548,-0.383,-0.341,-0.76,-0.652,-0.7747823874973421,-0.6679121876126505,-0.798,-0.8152488823094942,-0.277,-0.39303785031989164,1.884,-0.7434392668583912,-0.6198315354577895,-0.7935142145224706,-0.35506006414812047,-0.5912154406606064,1.8694737289911505,-0.7593792805167427,-0.28458126255705285,1.5398686947186297
0.322,0.178,0.178,1.738,-1.304,1.421,0.272,0.322,0.178,-0.645,0.322,-0.841,0.322,0.635,-1.304,0.178,1.738,1.738,-1.304,0.178,-0.645,-1.304,1.738,1.421,-1.304,1.421,0.322,-0.041,0.635,0.635,0.635,0.635,-1.304,0.322,1.421,1.738,-0.041,-0.841,1.738,-1.304,0.322,-0.645,0.272,0.322,-0.041,1.421,0.322,-0.041,1.421,-1.304,0.635,0.322,1.421,0.635,0.322,0.322,-0.041,-0.841,1.738,0.635,-0.841,1.738,-0.645,1.7259509927460568,1.421,-1.304,0.322,0.178,-0.841,0.30663644638116316,0.272,-0.041,0.3319224556898544,0.635,-0.05081233975273914
-0.97,-0.97,0.704,-0.468,0.704,-0.468,-1.082,-0.97,-1.082,-0.896,1.321,-1.082,-0.109,1.321,0.704,1.321,-0.896,-0.896,1.321,-0.896,-0.468,-1.082,1.321,-0.109,-0.468,-0.896,-0.97,0.954,1.321,-0.896,0.954,-1.082,-0.97,0.394,0.954,-0.896,-0.468,-0.97,-0.97,-1.082,-0.468,-0.468,0.394,-0.97,0.704,-1.082,-0.109,0.394,0.3814140701858455,-0.109,0.704,-0.896,-0.97,-0.9812984425946693,-0.906774153728793,-1.082,-0.468,0.41234309439775035,-1.0994556957833057,-0.4878979144110774,-0.11781344006364472,-0.8713246971070844
1.741,1.516,0.998,0.998,1.741,0.998,-1.157,0.16,-1.157,0.056,0.056,1.516,0.998,-1.157,0.16,0.602,-0.618,0.998,-1.157,0.998,-0.901,-0.618,-0.901,0.056,-1.157,-0.618,1.741,-0.901,-0.618,0.056,-1.157,1.741,1.741,-0.901,1.741,-1.157,-1.157,0.998,1.516,0.998,0.441,1.741,0.998,0.16,-0.618,-0.901,1.516,0.441,0.42197612309348337,-0.901,0.998,0.44970600759485274,0.602,-1.157,0.9898096620353392,-0.9139917519270718,-0.866301983909789,-0.618,1.741,0.16,-1.1690251341201843,-0.6307919324462534,1.7276693168566328,0.14930836640593978
-0.654,0.903,-0.384,1.915,-0.049,1.915,0.092,-0.893,-1.215,-1.215,-0.654,-0.489,-0.049,-0.893,-0.893,1.915,1.915,-0.489,1.915,-1.215,1.915,-0.384,-1.215,-0.905,-0.654,1.915,-1.215,0.903,-0.654,1.915,0.092,-1.215,-0.654,-0.893,1.915,-1.215,-0.384,0.092,-1.215,-0.049,-0.489,1.915,-0.654,-0.384,-0.905,-0.384,-0.905,-0.049,-0.654,0.092,-0.6721754874015194,0.903,-0.489,-0.6485002352171703,1.915,-0.0584374850288544,-1.215,-0.893,-0.9154864890759801,-0.384,1.9000100775914255,1.902846127770676,-0.006294797752139923,-0.4977852191768141
-0.526,-0.957,-0.526,-1.005,0.518,0.518,-0.614,0.926,0.518,-0.727,0.926,-0.957,0.645,-0.957,-1.005,-0.881,-0.727,0.645,-0.727,0.421,0.421,-0.614,0.421,-0.727,-0.526,-1.005,0.926,-0.881,0.645,0.518,-0.957,0.421,0.421,-0.526,0.518,-0.727,-0.614,-0.957,0.518,0.645,-0.957,-0.727,-0.526,0.645,-1.005,-0.881,0.926,0.926,0.518,0.518,-0.614,0.518,-0.526,0.926,-0.957,-0.9762445465530836,0.9089792206893407,-0.614,-0.881,-0.727,-0.9324838263408189,-0.9000088163298873,0.518,-0.7422749033576455,-0.8954131538417132,-0.8725441350460483,-0.8671762351940565,0.9488438670124716,-0.526
-1.226,-1.512,0.745,-1.512,0.593,2.288,1.484,1.714,2.288,2.288,-1.512,-1.512,1.484,1.714,1.714,1.714,0.745,2.288,1.293,-1.226,0.593,-1.512,-1.226,-1.512,0.745,0.699,1.484,1.484,1.342,2.288,0.699,1.714,2.288,0.699,2.288,1.293,1.293,0.593,0.699,0.699,-1.226,-1.512,1.293,2.288,1.484,1.293,1.342,1.484,-1.226,1.342,-1.226,-1.512,1.293,-1.512,-1.226,1.293,1.484,1.484,0.593,0.699,1.293,1.342,1.4741427591569374,1.3319781859322908,1.714,1.3661538048690285,1.3915268530787395
0.618,-0.769,0.985,0.985,0.898,0.777,0.985,0.618,2.078,0.985,-0.999,0.777,-0.763,-0.763,-0.769,2.078,-0.668,-0.999,-0.763,2.078,-0.668,0.777,-0.685,2.078,0.777,-0.999,-0.685,0.898,0.985,-0.769,2.078,0.777,0.777,0.898,0.777,-0.668,0.777,0.898,0.777,-0.769,0.618,2.078,-0.999,-0.769,0.618,-0.763,-0.999,-0.668,0.618,-0.769,0.985,-0.999,-1.0166257510616987,0.777,0.7608681602357283,0.7922848813955434,0.6067291991151944,0.8173123512355345,-0.763,2.078,-0.9918723014614543,-0.7786559529340126
-1.071,-1.071,-0.401,-0.895,2.293,0.701,-0.462,0.701,0.726,-0.325,2.293,-0.401,-0.378,-0.462,0.726,0.701,0.726,0.726,-0.895,-1.071,-0.378,-0.378,0.701,-0.401,-0.325,2.293,0.701,0.191,-0.378,-0.462,-0.401,-0.462,0.701,-0.378,-1.071,2.293,2.293,0.726,0.701,-1.071,2.293,2.293,-0.462,-0.378,-1.071,0.726,-1.071,0.701,-0.325,0.191,-0.895,-0.462,-0.325,-0.378,-0.895,-0.47722237131206674,-1.071,-0.3955376541817892,0.191,-0.3639738976647646,0.1787438141171119,0.701,0.2056879810618835,0.6798862960370893,-0.9066762987284125,0.2423278022182482,-1.0817490759879373,-0.33240231690426375,0.726
1.117,1.117,0.541,1.133,1.575,0.541,1.575,0.751,0.541,1.575,1.133,0.149,1.095,-0.659,1.451,1.575,1.117,-0.659,1.451,1.117,0.541,-0.113,0.541,0.751,-0.659,1.451,0.751,0.541,1.133,0.541,1.451,0.149,1.575,1.133,0.541,1.095,0.541,1.095,-0.659,0.541,1.575,0.541,0.541,1.133,1.575,0.149,1.575,1.5564481749404537,-0.113,0.541,0.751,1.095,0.13895091281757194,1.117,-0.659,1.576970609317343,1.0815847581139735,1.6178983216150602,0.5285165655703179,1.1197421328205972,0.18893167653829354,0.5492682129890953,0.22283225297456333,1.6732139903884593,1.1054159261172463
-0.773,-0.898,-0.773,0.859,-1.009,-1.123,1.409,-0.314,1.409,-1.197,-1.197,-1.197,0.859,-1.009,-1.197,-1.123,0.859,-0.509,-0.773,-0.13,-1.009,-0.773,-1.197,-1.197,-0.773,-0.13,-0.898,-0.898,-1.123,-0.773,-0.509,-0.773,-0.509,-1.123,-0.13,-0.509,-0.773,1.409,-0.773,-0.773,-0.314,-1.123,-0.898,-1.197,-1.197,1.409,-1.123,-1.123,-1.009,-0.13,-0.509,-1.009,-0.314,0.859,-0.3322153903780613,-1.0228456672361654,1.409,1.3950351112456256,-1.123,1.4325048239731648,1.462010968159945,-1.1381828214927896,-0.898,-0.9128587882322788,-1.197,-0.5223336051610133
-0.587,0.147,-0.797,1.479,-0.026,-0.903,-0.587,-0.903,-0.404,1.479,-0.404,-0.932,-0.026,0.796,-0.797,-0.932,-0.377,1.479,-0.587,0.796,-0.932,-0.797,0.147,-0.377,-0.377,-0.903,0.147,0.147,1.479,0.147,0.147,-0.932,-0.587,-0.404,0.147,0.147,0.147,-0.026,-0.932,-0.587,1.479,-0.587,-0.903,-0.587,0.147,-0.903,-0.404,-0.026,-0.4153499115215389,-0.587,0.796,0.7851611497421488,1.479,-0.932,1.4708134704369167,-0.5995218398110448,-0.3724382459021844,0.8143107150123898
-0.208,-0.426,0.897,-0.208,-0.208,1.427,-0.896,1.484,-0.834,1.427,0.216,0.021,-0.896,1.484,0.216,-1.072,1.427,-0.896,-0.896,-0.896,-1.072,1.427,0.897,-0.834,-0.208,0.897,0.897,-0.896,0.216,-0.834,0.897,1.427,0.216,-1.072,0.897,-0.208,-0.896,1.484,-1.072,-0.896,1.484,-0.896,0.021,-0.896,-0.426,-0.834,-0.208,-0.426,-1.072,-0.22707659964258892,0.021,0.897,-1.088590987937786,-0.20362509689725392,0.007068894947230396,1.427,0.216,0.19734480467045606,1.416949885016336,-1.051676805923244
-0.26,0.808,1.029,1.029,1.467,-0.207,-1.177,1.646,1.467,1.646,-0.91,0.808,-0.26,-1.177,1.467,-0.26,-0.26,0.808,1.675,-0.91,1.675,1.646,-0.91,-0.91,1.029,-1.177,1.675,1.675,0.808,-0.207,1.675,0.808,-1.177,-0.207,-0.91,1.646,1.467,0.808,0.808,-0.26,1.646,-0.207,-0.494,-0.26,-0.26,-1.177,-1.177,-0.494,-0.91,0.808,1.675,-0.207,-0.26,-1.177,1.029,0.808,1.646,-0.207,0.7884206252583045,-0.91,-0.22303698461989402,-0.9278758083815687,-0.26,1.467,-0.885846928584433,1.675,1.6350862791720986,-1.177,1.6576333272017891,0.8475265475114244,1.6608370388053124,-0.8366702559794661,-1.1908716905595818,-0.494,-0.2752605291316948,0.8823225611946205
2.112,-0.663,0.165,-0.16,2.112,-0.537,-0.663,-0.663,2.112,-0.609,1.086,-0.609,-1.016,1.086,-1.016,2.112,-0.663,2.112,-0.16,-1.016,-1.016,2.112,-0.16,-0.537,-0.616,-1.016,0.165,-0.663,-0.609,1.086,-0.663,-1.016,-0.463,-0.616,-0.537,-0.537,1.086,1.086,-0.616,-1.016,2.112,-0.16,-0.463,-0.537,-0.609,-0.6207373192173505,-0.16,0.165,-0.463,-0.17452855028796654,0.15252416335813265,-0.5892364802364605,-0.5574943257839249,-0.537,-0.5368134077471672,2.112,-0.663,2.0947689923726007,1.086,-0.5559067019955335,-0.6758836339391779,2.1160182636444893,-1.016
0.709,-0.908,-0.909,0.709,1.634,1.634,-0.908,0.709,0.709,-0.909,-0.66,-0.577,-0.908,-0.39,-0.909,-0.66,-0.908,-0.66,-0.577,0.656,0.04,1.634,-0.908,-0.577,-0.66,0.399,-0.577,-0.39,-0.39,0.04,-0.909,-0.39,0.04,-0.577,-0.908,0.04,-0.577,-0.577,-0.908,1.634,-0.577,-0.39,-0.39,1.634,1.634,1.634,-0.66,-0.39,-0.908,-0.577,-0.39,-0.66,0.04,-0.6753809679403258,-0.577,-0.590530947129879,-0.909,-0.9228044132261066,-0.8900276340008754,0.709,-0.908,-0.6758142811639533,0.028592172766620856,-0.39,0.6987931645477612,-0.5526361200404705,0.399
-0.967,1.168,-0.967,-0.878,-0.793,-0.745,-0.967,-0.153,-0.967,-0.36,-0.967,1.168,-0.153,-0.72,0.475,-0.793,-0.36,-0.878,-0.878,0.004,-0.745,0.004,-0.72,0.004,0.004,-0.745,-0.793,-0.878,-0.878,0.004,-0.793,0.004,-0.745,-0.72,-0.745,-0.793,0.004,1.168,1.168,1.168,-0.967,0.475,-0.72,0.475,-0.745,-0.7568637815212789,0.45742859788646606,0.4803585578216434,-0.73060012074992,-0.36,-0.36989251658470823,0.5026712579630138,-0.878,-0.7087063633018291,-0.8939519721240182,-0.680463202665842,0.004,-0.153
-0.347,0.839,0.599,-0.347,-1.03,0.599,0.455,0.455,0.708,0.455,0.839,-0.393,0.298,0.599,0.708,0.298,1.357,-1.03,0.839,-1.03,0.839,1.357,0.455,0.298,-1.03,1.357,-1.03,1.357,0.455,0.455,0.839,0.512,0.599,0.839,1.357,0.455,-1.03,-0.393,-1.03,0.599,1.357,0.839,-0.393,1.357,-0.4072786800614158,0.298,-1.03,0.839,0.512,0.8236795026375087,0.8375640416643473,-0.3792319224636603,-1.045516957483534,1.338932224381459,0.8795788069386462,0.599,0.28298128576176707,0.5849865843684181,0.5932086554143161,0.708,-0.31873808256321307,-0.3085621904260997,0.4959822200878372,0.3210980186967245,0.9328369194280779
1.834,-0.644,1.318,-0.913,-1.045,0.939,-0.913,0.572,-1.045,0.939,0.086,1.834,-1.045,-0.954,0.002,1.834,-0.954,0.086,0.939,-1.045,-0.644,-0.644,0.939,1.834,0.572,-0.954,0.002,1.318,0.572,-0.913,0.939,0.002,1.318,-0.913,0.939,-1.045,1.834,1.834,1.318,0.572,-1.045,0.572,-0.954,1.318,0.086,-1.045,-1.0630109899836373,0.572,-0.954,1.318,0.07609304689221068,-0.644,-1.013682632261694,1.304216960233777,1.834,-0.6542010229693604,1.8207003468167613,-0.913,-0.9669787793036037,-0.9287311848045878
-0.524,-0.972,0.009,0.009,1.823,-1.043,0.692,1.823,-0.524,-0.972,-0.524,1.665,1.823,1.823,1.564,1.564,0.009,0.692,0.932,-1.043,1.564,1.0,-1.043,1.665,1.823,0.932,0.932,1.564,1.665,1.665,1.0,-1.043,-0.524,1.665,-0.972,-0.972,1.665,1.564,0.009,1.564,0.692,0.009,-0.972,0.692,-0.524,0.692,-0.524,0.009,-0.010276038466346801,0.05075800005012588,0.692,1.0,-1.043,0.932,1.823,1.8040620736754878,0.9877199195797067,-1.0536316273657234,-0.972,-0.524,1.023736432373369,1.665,-0.5390162308657707,1.0705359464897661,-0.9842012345256583,0.9213930434854583,0.07059375118624053,1.0686135152489487,0.9658488208793428,-0.9946532954617551
-1.118,-0.94,-0.732,0.318,-0.94,-0.157,-0.182,-1.118,-1.118,-0.244,-0.031,-0.732,-0.94,-0.244,-0.157,0.318,-0.94,0.318,-0.182,-0.157,-0.732,-0.157,-1.118,-0.157,-0.157,-0.157,-0.157,-0.733,-0.244,-0.94,-0.182,-0.94,-0.732,-0.733,-0.244,-1.118,-0.733,-1.118,-0.203,-1.118,-0.94,-0.732,-0.244,-1.118,-0.94,-0.244,-0.733,-0.031,-0.732,-0.157,0.318,-1.118,0.3016880524962255,-0.182,-0.2530212559828375,-0.7461155102790261,-0.749216698160492,-0.04444210543435121,-0.203
0.999,0.999,0.809,0.809,-1.302,-0.792,0.809,0.809,0.809,1.167,-1.207,0.885,-1.207,-0.408,0.999,-0.792,-1.207,-0.81,-0.792,-1.302,-1.302,-1.207,1.167,-1.207,-1.302,-0.654,0.809,0.999,-1.302,-0.81,0.885,0.885,-1.302,0.809,1.167,1.167,-0.654,-0.408,-0.81,1.167,-0.81,0.885,-1.207,-1.302,-0.792,-1.207,-1.207,-1.207,0.999,-0.81,0.809,-0.792,0.8017377118030047,-0.408,0.8480854233755484,-1.302,-0.654,1.167,0.885,-0.6700722318830138,0.8686019178661978,-0.651696846360797,-0.6152628574115373,-0.81,-0.5740367486267736,0.999
0.361,0.361,0.361,0.41,-0.145,0.597,-0.145,-0.245,-0.325,0.597,0.361,-0.245,-1.049,0.41,-0.768,0.978,-0.768,0.729,-0.145,-0.325,-0.768,0.729,-0.325,-1.049,0.597,0.729,0.978,0.597,0.41,-1.049,0.361,-1.049,0.597,0.978,-0.325,-0.768,-0.145,-0.325,0.597,-0.245,-0.245,-0.325,0.729,-1.049,-0.145,-0.145,-0.325,-0.145,-0.245,-0.768,0.361,-0.7853935658616321,0.729,-0.33893643075471075,-0.15507478261033883,0.978,0.41,0.597,-0.737841364506932
-0.646,-0.932,-0.908,0.438,0.089,0.438,1.045,-0.124,1.045,-0.908,0.438,-0.805,-0.025,-0.646,0.438,1.045,-0.932,-0.025,0.335,0.335,-0.805,0.089,-0.932,1.045,-0.124,-0.025,-0.932,-0.025,1.045,-0.908,-0.805,0.438,-0.124,-0.932,-0.646,-0.805,0.089,0.335,-0.025,-0.908,-0.124,0.335,0.438,1.045,-0.805,-0.932,-0.908,-0.025,-0.646,-0.805,0.438,-0.124,-0.03691475185074476,0.4288454719082398,-0.1355873142819868,-0.9161535072968371,0.089,-0.11082997697239741
-0.503,0.22,0.22,0.026,-0.91,-0.006,1.021,-0.91,0.611,0.611,1.021,1.021,-0.503,-0.483,-1.419,-0.91,-1.419,-1.419,-0.91,-0.503,-0.006,0.611,-0.91,0.611,-0.006,1.021,-1.419,-0.503,-0.503,-0.483,0.453,-0.006,0.611,1.021,1.021,-1.419,-1.419,-1.419,1.021,-1.419,0.611,1.021,1.021,0.453,-0.006,0.611,-1.419,0.026,0.026,-0.91,-0.483,-1.419,0.010756620041626658,0.611,1.021,-1.4353992640181255,-0.4941445230490507,0.453,-1.4025335807747719,-0.006,0.034896700136725446,-0.503,0.43874223918604216
-0.243,-0.493,0.873,-0.243,-0.542,-0.243,-0.542,-0.535,-0.542,1.387,-0.243,0.873,-0.535,1.387,1.387,-0.243,-0.943,-0.943,-0.461,-0.542,-0.493,-0.943,-0.542,-0.243,-0.943,0.873,-0.461,-0.542,0.873,-0.422,1.387,0.873,-0.943,-0.943,-0.943,-0.243,1.387,-0.493,-0.535,-0.5511955698177086,-0.542,0.0,1.371641639200808,-0.943,1.4140851085600077,-0.5099947724500521,-0.422,-0.010068028725355156,-0.959065048685749,-0.243,-0.4333828419818432
0.068,-1.072,-0.86,0.455,-0.131,-1.053,-0.697,0.068,-0.131,1.499,-1.053,1.499,-0.131,-0.86,-1.072,-0.697,-0.911,-0.697,-1.072,-1.072,1.499,-0.131,0.455,1.499,-0.911,-1.072,-0.697,-0.131,-1.072,-0.419,-0.697,-0.911,-0.911,-0.131,-0.419,-1.072,-1.053,-0.86,-1.072,-1.053,-1.053,-1.053,1.499,-0.697,-0.697,1.499,-0.911,0.455,-1.072,-0.131,-0.419,1.499,-1.053,1.486599154938061,0.446191322830461,0.48987513472733724,-1.0679474523062273,1.5209351921617371,-1.084596416447013
1.242,0.347,1.458,-0.305,-0.884,-0.762,-0.762,-0.711,-0.887,-0.797,1.242,1.242,-0.762,1.458,-0.884,0.347,0.885,1.458,-0.797,-0.884,-0.887,0.347,-0.762,-0.884,-0.797,-0.887,0.347,-0.887,0.347,-0.762,-0.711,-0.884,0.885,-0.887,-0.711,1.458,0.347,-0.711,-0.305,1.242,-0.305,-0.887,-0.887,1.242,-0.305,-0.884,0.347,-0.9020460359765644,-0.711,-0.31961555533111013,-0.895399054096835,0.885,0.3339353534277109,-0.723386415367465,0.3494880921868053,-0.797,1.2300091528377401,1.458
-1.21,-1.057,1.723,-1.319,-1.319,-1.042,-1.057,0.487,-1.319,-1.21,-0.604,-0.604,1.723,1.028,-1.042,-1.21,1.723,1.028,0.487,1.028,-1.319,0.487,-0.441,-1.21,-1.057,-1.057,0.487,1.028,-1.057,-1.21,0.487,-0.565,1.723,0.487,-0.441,0.487,-0.565,-1.319,-1.319,-1.319,-1.042,1.028,-0.441,-1.057,1.723,-1.21,-0.441,0.487,1.028,0.487,-0.441,0.487,-1.042,-1.21,1.723,-1.319,-0.565,-1.042,-0.604,-1.057,1.028,1.028,-0.441,-1.042,-1.057,-1.319,-1.21,1.723,-0.565,-0.441,0.487,-0.604,-0.45543957700311855,1.028,-1.042,1.015203718070198,-1.057,-0.6165095226321626,-0.5742923859473218,-0.5752672633378221
-0.742,-0.742,-0.26,-0.413,-1.002,-0.939,0.815,-0.26,0.886,-0.742,-0.742,-0.939,0.886,0.85,0.815,0.85,0.85,0.886,0.85,0.886,-0.49,-0.742,0.815,1.336,-1.002,-0.413,1.336,0.815,-1.002,-0.939,-1.002,-1.002,-1.002,0.886,-0.742,-0.939,-0.939,1.336,-0.49,0.815,-1.002,-0.49,0.815,0.886,-1.002,-1.0194308907529905,-0.9668000261118532,1.336,-0.26,0.8746134977215813,0.8014066233976556,0.9108881093693154,-0.413,0.9523098281092616,0.8403572560497132
-1.437,-0.5,0.143,-1.437,-1.437,-1.437,-1.008,-0.977,1.05,-1.008,1.018,0.143,-1.008,-1.437,0.276,-1.008,-0.5,-1.437,1.05,-1.437,-0.289,-1.008,-0.977,-1.008,-1.437,-0.289,-0.5,-1.437,-0.5,-1.437,-0.289,-0.977,-0.977,-0.977,-1.437,-0.977,-0.977,-1.437,-1.008,-0.084,-1.008,1.018,1.05,0.276,-1.008,-0.289,-1.437,-0.5,-1.4515555371827507,1.05,-0.5130964585118772,0.276,-0.084,-1.022228122241824,-1.4060280518182544,0.2605859364794452,-1.3788866890642661,-0.0989649528468863,-0.998022769917651,-0.47061104304634194,0.143,-0.06165964933766345,-0.03876505085252142
-0.891,1.681,-0.963,-0.963,0.159,1.681,-0.04,-0.674,-0.963,-0.199,1.681,-0.891,-0.199,1.011,-0.199,1.681,1.681,-0.199,0.159,-0.04,-0.891,0.159,-0.199,-0.891,-0.04,-0.888,-0.674,-0.891,1.681,-0.888,-0.963,1.681,1.011,1.011,0.817,-0.963,-0.888,0.817,-0.891,-0.888,0.159,-0.888,-0.04,-0.888,0.159,-0.963,-0.891,0.817,-0.9061444149044956,1.011,-0.674,1.681,0.9990745039042943,-0.199,-0.8658456430055981,-0.9768333982672183,-0.04,0.159,1.6672208821870258,-0.888,-0.21297909633017836,0.8043372034885585,0.8345486858849656,-0.9389102576649098
-0.547,0.659,1.194,-0.688,-0.547,-0.688,-1.326,0.575,-0.547,-0.493,-1.326,-0.547,0.575,1.194,-0.688,1.194,-1.326,-0.493,-0.547,-0.887,-0.688,-0.493,-0.493,-0.887,-0.688,-1.326,1.194,-0.688,-0.688,-0.887,1.194,-0.688,-0.547,-0.493,-0.887,-0.547,-1.326,-1.326,1.194,0.659,-0.547,0.575,-1.326,0.659,0.659,-1.326,-1.326,-1.326,-0.493,-1.326,0.575,-1.3354563769443812,-1.2896444486815204,-0.688,-0.887,0.659,-0.7019499435052604,-0.688,1.194,1.1774086625803284,0.0,-0.023150770855945853,-0.493,0.009530007757707896,0.5626832218175954,0.048085972292002246,0.645294910490911
-0.383,-0.123,1.088,-0.962,-0.123,-0.559,-0.962,-0.623,-0.181,-0.559,1.088,-0.559,1.088,1.088,-0.962,-0.623,0.043,-0.774,1.088,-0.623,-0.962,0.043,-0.774,-0.181,-0.962,1.088,-0.962,-0.962,-0.774,-0.383,0.774,-0.623,0.774,-0.774,-0.181,-0.774,-0.123,-0.559,-0.123,0.043,-0.559,-0.123,-0.962,-0.1352236385709398,-0.978166675611347,-0.774,-0.09604398135022171,1.088,-0.623,-0.08444281247479875,0.774,1.073620397985396,-0.7841635838344012,-0.04169988984707053,-0.6350391405237138,-0.011583273740524369,-0.9440890672909772,-0.559,0.043,-0.383,-0.181,-0.5720472453156666,-0.39620493437112897,-0.5437339114528206
-1.004,0.622,0.267,1.199,0.267,2.099,1.199,-0.977,0.08,1.199,-0.977,2.099,-0.977,-1.004,-0.603,-0.977,0.08,-0.177,-0.977,-0.977,-0.977,-1.004,0.267,0.622,-0.177,1.199,2.099,1.17,-1.004,-0.603,-0.603,1.17,-0.977,1.17,0.622,1.17,1.199,-0.177,2.099,0.267,2.099,2.099,-0.977,-0.177,-0.9955074845777615,0.08,-0.9539442913570516,0.06114468652939197,0.622,2.099,-0.19277120370763837,2.078470080697961,-1.004,0.6150618076201896,1.199,1.17,-0.16114497948850043,0.11761751831580866,0.267,0.6451327224953591,-1.0148308400381107
1.003,0.235,-0.44,0.918,0.918,2.015,-0.924,1.003,0.918,-0.924,-0.44,-0.44,2.015,-0.889,1.324,-0.889,0.918,1.003,1.003,1.003,2.015,-0.676,-0.44,0.051,2.015,-0.924,1.003,1.324,-0.924,-0.889,-0.889,1.003,-0.924,-0.889,0.918,-0.676,2.015,0.051,-0.924,-0.676,0.235,1.324,1.324,-0.924,-0.44,-0.676,0.918,-0.924,0.051,-0.889,2.015,-0.9361098636856142,1.9990295341349196,1.003,0.9031260463147569,0.9905961553904343,1.0152843638598499,0.04075674855088261,-0.8843899884595904,-0.9021227881363628,1.0530939028253687,1.324
0.035,0.267,0.035,-0.318,1.813,-0.578,1.813,0.267,-0.388,1.813,-0.337,-0.318,-0.259,-0.337,-0.318,-0.337,-0.388,-0.388,-0.337,0.805,-0.388,-0.337,0.267,0.267,-0.259,1.813,-0.578,-0.318,-0.259,0.035,-0.318,-0.578,-0.318,0.035,0.267,-0.259,-0.388,1.813,1.813,0.035,-0.259,-0.318,0.0,-0.259,1.813,0.805,0.035,1.8003769116736401,1.8376800985280615,-0.337,-0.32527647974872403,-0.27536518484032174,-0.24842065830715251,-0.21982887332105527,0.267,0.24912770110925633,-0.013047716946796295,0.282987983558033
0.251,1.873,1.21,-0.262,1.873,1.075,1.873,1.278,0.403,1.278,-0.881,1.873,-0.881,-0.545,-0.262,1.075,0.251,-1.34,1.873,1.21,-1.34,-0.262,1.21,1.278,1.873,1.873,1.21,-0.545,-0.545,-1.34,-0.881,1.873,-1.34,-0.881,0.403,-1.34,1.075,-0.262,1.075,1.21,-0.881,-0.262,-1.34,1.075,1.21,-1.34,-1.34,1.278,0.251,1.21,1.21,-1.34,0.251,1.873,1.1948827011130778,1.278,-0.545,1.2573979562317585,-0.5560807713225904,1.075,1.8624432858640478,1.0671637218509173,0.23630341715484915
1.309,-1.076,-0.693,-1.076,-0.761,-1.076,-0.905,-0.113,-0.977,-0.837,1.309,-0.977,-0.837,-0.901,-0.54,-0.693,-1.076,-0.837,-0.837,-0.977,-0.761,-0.905,-1.076,-0.693,-0.977,-0.977,-0.901,-1.076,1.309,-0.905,-0.901,-0.837,-0.54,-0.905,-0.901,-0.977,-0.54,1.309,-1.076,1.309,-0.761,-0.761,-0.54,-0.837,-0.905,-0.693,-1.076,-0.54,-0.905,-0.761,1.309,-0.9176905007204497,-1.076,-1.0915913458616509,-0.54,-0.901,-0.5557329596005245,-0.977,-1.0583088767514446,-0.837,-0.9868358949900004,-0.7743074261312661,-0.8539913552021771,-0.7458693797253728,-0.693
0.34,0.83,-0.667,0.34,0.83,1.251,1.251,1.024,-1.119,1.024,-1.009,-1.009,-1.009,0.711,0.34,-0.667,-0.763,0.34,0.711,-1.119,-0.667,-1.119,-1.243,-1.119,0.83,1.024,-0.667,-1.009,0.711,-1.243,1.251,-1.009,-1.243,-0.763,-0.667,-1.119,1.024,0.83,-1.009,-1.119,-1.243,-1.119,-1.009,-0.763,1.024,-1.243,0.711,-0.763,-1.243,0.83,1.024,-0.763,-1.119,-0.667,0.711,1.251,-1.1382487348354462,-1.243,0.8146495324538781,1.013728511612072,-1.009,0.8438021701982933,-0.6833174766417649,-1.0933306787545551,-1.2526565113110304,-0.7726920301494435,1.0329352699169205,-0.7383326186187523,1.2362815216189382,1.274220435844474
2.184,-0.203,-0.884,-0.871,-0.871,1.186,-1.015,1.186,-0.203,-0.884,2.184,-1.015,-0.717,-0.871,-0.871,-0.699,1.634,-0.871,-1.015,2.184,-1.015,-0.884,-0.717,1.186,1.634,2.184,-0.871,-0.871,2.184,-0.884,1.634,1.634,1.634,1.186,-0.795,2.184,-0.871,-0.717,-0.795,-0.884,1.634,1.186,1.186,2.184,-0.795,-0.699,-0.717,-0.871,-0.717,-0.884,2.184,-0.203,-1.015,-0.699,1.186,-0.2168112334474122,1.1710584438210954,-0.19043875976772714,-0.717,-0.16982700334800618,1.634,-0.871
1.07,1.07,0.313,1.07,0.597,1.568,0.597,-0.411,0.597,1.364,1.364,-0.536,1.467,1.07,-0.536,-0.785,-0.536,0.493,1.364,1.467,1.07,-0.785,0.493,0.313,1.07,0.597,-0.536,1.07,1.364,1.364,-0.411,1.467,1.467,0.597,0.597,-0.785,1.467,1.568,1.364,-0.536,-0.785,1.364,1.568,-0.536,-0.536,1.568,-0.536,-0.536,0.313,0.2974601103081359,0.493,1.467,-0.547422111944418,1.07,-0.411,0.32196889454828503,-0.42498286695364096,1.568,1.364,-0.5100417193333627
-0.862,-1.113,0.056,-1.017,-1.072,0.056,-1.113,-1.072,-1.072,-0.862,-1.113,-1.113,-1.072,-0.748,-0.862,-0.862,-0.919,0.056,-1.017,-0.748,-1.072,-0.748,0.056,0.563,-1.137,-1.113,-1.072,-0.919,-1.072,0.056,-1.137,-0.919,-1.017,-0.919,0.056,-1.017,-0.533,-1.137,-0.919,-1.072,-1.017,-1.137,-1.137,-1.072,-1.113,-0.748,0.056,-1.017,-0.533,-0.533,-1.137,-0.862,-0.919,-1.113,-0.928898972175606,-1.126765412529615,-0.533,-0.5477708213863998,-1.137,-1.1549737523463122,-1.0730027177555903,-0.862,-0.748,-1.0340473838987951,-1.072,-0.5076865760566116,-0.7632534889043294,-1.0004464875244117
-0.99,-0.99,-0.99,-0.559,-0.722,-0.856,-0.99,1.232,-0.284,-0.856,-0.018,-0.722,1.232,-0.559,-0.856,-0.284,-0.856,-0.856,-0.99,1.798,-0.856,1.232,-0.99,1.798,-0.856,-0.722,-0.722,-0.225,0.372,-0.99,-0.856,-0.856,1.232,-0.99,-0.284,1.798,-0.722,-0.722,1.232,0.372,-0.99,0.372,1.798,-0.284,0.372,1.798,-0.559,1.232,1.798,-0.5753148714024825,-0.5224815671829541,-0.48911608842042176,1.7854383062895638,-0.45477058659607816,-0.722,-0.43482179972125756,-0.225,-0.4083319376671621,-0.99,-1.0106688601196803,-0.856,0.372,-0.018,1.2180510478278996,-0.958408305514106,-0.8669402296160801,0.35912499042293056,0.3987179460101331
0.324,0.324,-1.027,1.581,1.581,-0.402,1.313,1.313,-1.027,0.477,1.03,-0.941,1.581,1.03,-0.933,1.03,1.313,0.176,1.03,-0.402,1.313,-0.933,-0.402,1.03,-0.941,-0.941,-1.027,1.581,1.03,0.324,0.176,1.03,1.581,1.581,-0.402,-0.933,1.581,-1.027,1.313,-1.027,-1.027,-0.402,-1.027,0.324,1.581,1.03,-0.933,-0.941,0.324,-1.027,-0.402,-1.027,1.581,0.176,-0.41647515366448373,1.5627586214773503,-0.933,0.324,0.16121391098211565,-1.0423752358845042,0.3123554982465106,1.6204269976853602,1.6633848961384252,-0.37645438470403897
2.449,1.607,1.329,1.584,1.607,0.131,2.449,1.607,0.131,1.329,1.584,1.577,-0.502,0.413,0.162,2.449,2.449,1.577,1.584,-0.502,0.413,1.329,1.329,0.131,1.607,2.449,0.413,-0.502,1.329,0.015,2.449,0.131,0.162,1.584,1.607,0.413,0.015,1.577,1.577,-0.502,2.449,1.577,1.329,1.607,0.413,0.413,1.329,1.329,1.329,2.449,1.607,0.162,1.597681723169686,0.413,1.651521661534873,0.015,-0.502,1.329,2.442446238817006,1.577,2.488768319078943,1.6855773858365748,-0.51187623294202
-0.625,-0.424,-1.251,-0.332,-0.625,-0.332,-1.264,0.939,0.939,-0.269,-0.332,-1.251,-1.251,-0.332,-1.251,-1.264,-1.264,-0.269,-0.424,-1.264,-0.614,0.621,-0.625,-0.424,-0.269,-0.332,-0.332,-1.264,-0.269,-1.264,-0.424,-0.611,-1.264,-1.251,-1.251,-1.264,0.939,-1.251,-0.614,-1.264,-1.251,-0.332,-0.424,-0.332,-1.251,0.939,0.621,-1.264,-0.611,-1.264,0.621,0.608195510530938,-1.251,-1.2739633444633247,-1.264,-0.269,-1.2801591618686068,-0.332,-1.2327113683137523,-0.28094177140267396,-0.2579265892434837,-0.424,-0.4355690063604372,-1.179818749286492,-0.611,-1.1332851472566716
-1.159,-0.149,-0.641,0.103,1.528,-0.785,1.019,0.051,-0.641,1.019,0.103,1.528,-0.529,0.103,0.051,-0.724,-0.785,-0.724,-1.159,-0.785,1.528,1.528,-0.785,1.019,-0.724,-0.529,-0.149,-1.159,-1.159,-1.159,-0.724,-0.724,1.528,-0.149,1.528,-0.724,0.051,-0.529,0.051,-0.724,-0.785,-1.159,-1.159,0.103,-0.785,-0.724,-0.785,1.019,-0.529,-0.5423763008378467,1.528,0.051,-0.5239064924471903,-0.7924048547811956,1.0071546850055153,-0.4896397694381182,1.0371472835058448,-0.724,-1.159,-0.149
0.524,0.863,1.663,0.723,0.804,1.798,0.723,0.024,0.804,0.524,0.889,0.863,1.1,0.889,0.024,0.889,0.723,1.798,0.524,0.889,0.863,1.663,0.889,0.889,1.663,0.804,0.889,0.804,1.663,-0.309,0.863,-0.309,0.863,1.798,0.889,0.804,0.889,0.889,1.798,1.663,0.024,0.863,-0.309,1.1,0.863,0.723,0.723,1.1,-0.309,1.798,0.863,1.1,1.663,1.798,0.889,0.804,1.7841282724947338,-0.309,0.863,1.812388815038,0.723,0.7943613476113563,-0.33016758947731434,-0.302005482469575,0.8198865961901035,0.7107997474992376,1.663,0.8597753267715829
-0.275,-0.275,-0.809,-0.226,0.357,-0.072,2.015,-0.275,-0.599,-0.275,-0.072,0.357,-0.275,-0.809,-0.275,0.357,0.039,2.015,-0.226,-0.226,-0.599,-0.809,-0.226,-0.599,0.039,2.015,-0.072,-0.226,-0.072,0.293,-0.072,0.039,-0.275,2.015,-0.072,-0.072,-0.599,-0.226,0.039,0.293,-0.275,0.039,0.039,-0.072,0.039,2.015,0.039,0.039,-0.072,2.015,-0.226,-0.275,0.293,0.357,0.039,-0.599,0.026775698051940015,-0.2411547164230026,-0.809,-0.08616994588642661,0.28449676342367897,-0.6135024587368274
-0.768,0.448,0.769,1.744,-1.016,1.497,1.744,-0.768,0.448,-1.016,1.497,0.448,0.769,0.769,1.744,0.065,0.448,0.065,0.448,1.744,0.052,-1.016,0.448,-0.768,-0.768,0.448,1.744,1.744,0.877,0.769,-1.016,0.065,0.065,-0.768,0.065,0.448,-0.768,0.052,0.769,1.744,0.065,0.052,1.497,0.448,1.744,0.052,1.744,0.877,-1.016,0.877,-0.768,0.0,1.744,0.448,0.052,0.065,1.497,1.7305755192162695,1.7674022860572214,-0.7837967496937811,1.4789857177928858
-1.032,-0.963,-0.963,-0.963,-0.875,-0.875,1.437,-0.875,-1.032,-0.985,-0.179,-1.032,-0.737,-0.179,-0.483,1.437,-0.179,-0.875,-0.875,-0.701,-0.179,-0.179,-0.618,-0.985,-0.985,-0.985,1.437,1.437,-0.179,1.437,1.437,-0.875,-0.985,-0.737,-0.737,-1.032,-1.032,1.437,-1.032,-0.179,-0.875,-0.875,-0.618,-0.701,-0.875,-0.963,-0.618,-0.701,-0.483,-1.032,-0.875,-0.618,-0.985,-0.6283204867209556,-0.5794609827387858,-0.701,-0.963,-0.5502986581163037,-0.483,-1.0438191004905992,-0.9960538921831591,-0.737,1.437,-1.0032044306429446,-0.9640548382336063
-0.053,-0.212,-0.053,0.897,-0.053,0.897,1.165,1.165,-0.148,0.179,0.52,-0.053,1.569,1.569,1.165,-0.053,-0.053,-0.053,0.897,-0.255,-0.053,0.179,-0.053,-0.416,-0.416,0.52,-0.053,0.897,1.165,-0.255,1.569,-0.053,0.897,1.569,0.52,-0.416,1.569,0.52,0.897,-0.053,-0.416,-0.212,-0.053,0.897,-0.255,0.8854818741635863,-0.27268370710226025,0.910424489774008,-0.053,0.9403529512214289,0.179,0.9699372396533289,-0.416,-0.212,1.569,1.027018337487065,1.165,1.5567990972354837
1.656,-0.507,-0.507,0.277,0.277,0.174,0.277,1.199,0.174,1.199,0.277,-0.789,0.349,0.277,-0.789,-0.789,1.656,1.656,0.277,-1.052,1.199,-1.052,-1.052,0.174,1.656,1.656,0.174,1.199,1.595,-1.052,-1.052,1.199,-0.789,1.595,-0.789,-1.052,0.277,0.277,-1.052,1.595,1.199,-1.052,1.656,0.174,-0.789,0.349,1.595,-0.581,-0.581,1.199,1.595,-0.581,-0.507,0.277,0.174,1.656,-0.5197600570859742,-0.5908728652090496,-1.052,0.15864715770978202,0.349,1.595,0.33686730139413895,-0.561628103710247,-0.789,-0.5203420480124155,-0.8095231892427653
1.122,1.122,1.122,0.147,0.54,0.147,1.122,0.54,-1.086,0.374,-0.218,0.54,0.54,-0.994,0.54,-0.218,0.54,0.374,0.147,-0.994,-0.994,-1.086,-1.086,-0.218,-0.418,0.147,-1.086,0.147,0.374,0.54,-0.994,0.54,0.54,-1.086,0.374,-0.994,-0.418,0.374,1.122,-0.218,-1.086,-1.086,0.374,-0.22,0.374,-1.086,0.374,-0.22,0.54,-0.418,0.5259934804154751,0.35830675804215817,0.3974269144369789,-0.994,-1.0065667591524305,0.46265846509513175,-0.4323413341629215,0.147,0.0,-0.9721977223056428,1.122
-0.741,-0.741,-0.896,-0.998,-0.933,-0.998,-0.933,-0.475,0.382,-0.896,-1.02,-0.933,-0.896,0.382,-1.02,-0.933,-0.933,0.382,-0.988,-0.988,-0.27,-0.27,-0.998,-1.02,-0.933,-0.475,-0.896,-0.896,-0.741,-0.896,-0.896,-0.998,-0.896,-1.02,-0.896,-0.896,-0.741,-0.988,-0.988,-1.02,-0.475,0.116,-0.27,-1.02,0.116,0.382,-0.27,-0.475,-0.933,-0.988,-0.998,-0.988,-0.896,-0.9086521989481982,-0.741,0.116,-0.75581822087451,-0.475,0.382,-0.8671980683323794,-0.8324017119999032,-0.27,-0.4854194447818549,-0.933,-0.998,-1.0058574910258335,-1.0020144528425192,-0.7295283596640364,-0.9574628940899617
-0.153,1.021,-0.153,-1.01,-0.574,-0.462,1.441,1.021,-1.01,-1.01,-0.153,-1.01,-0.947,-0.567,1.441,-0.462,-0.947,1.441,-1.01,-0.947,0.258,-1.01,-0.574,-0.153,-0.462,-0.153,-1.01,-0.947,-0.567,-0.153,-0.153,0.258,1.441,-0.641,-0.947,-0.462,-0.574,0.258,-1.01,-0.153,0.258,0.258,1.441,-0.153,-0.641,-0.153,1.021,0.258,-0.153,-0.567,1.441,-1.01,-0.462,0.258,-0.641,-0.653933333652481,1.021,-0.47513877140203714,1.0053371161682427,-0.45451254661174245
0.0,0.0,0.0,-0.946,-0.439,-0.946,0.46,-0.505,-0.824,-0.946,-0.824,0.0,-0.967,0.0,-0.439,0.943,0.0,0.46,0.943,-0.505,0.943,1.402,-0.946,-0.824,-0.505,-0.439,0.0,-0.707,-0.439,-0.967,-0.824,-0.707,1.402,-0.505,-0.967,1.402,-0.946,-0.439,-0.505,-0.505,-0.824,-0.967,-0.439,-0.946,-0.439,-0.967,-0.824,1.402,-0.707,1.3893478728034852,-0.946,0.0,-0.439,-0.45464158365605883,-0.824,0.46,-0.013302486862159624,1.439827060329713,0.02405608341661122,1.4729014948429013
0.135,-0.769,0.436,0.002,-0.83,-0.83,-1.078,-0.568,-0.83,0.376,-1.078,-0.849,-0.83,-0.849,0.135,-0.769,-1.078,0.376,0.002,-1.078,-0.769,-0.83,-1.078,-0.849,-0.83,0.436,-0.568,-0.83,0.002,-0.769,-1.078,-1.078,0.436,0.002,0.376,-0.482,0.376,-1.078,0.376,-0.482,-0.568,0.376,0.376,-0.849,-0.849,0.135,-0.8692177336196558,-0.8470527790980558,0.002,-0.769,-0.482,0.436,0.4149441340807609,-0.011005476319143963,0.4401538289273659,-0.83,-0.4972072103180908,-0.4716801470374276,-0.4318885568523077,-0.782152531997773,-1.078,-0.7602199148331167
1.012,-0.803,1.231,1.014,1.012,-1.078,-1.078,-0.67,-0.803,-0.53,-0.803,-0.53,1.014,1.012,-0.67,-0.53,-0.803,-1.148,1.231,-1.148,-0.803,-0.803,1.012,-1.078,-0.803,1.231,-0.803,0.798,1.014,-1.148,-0.803,0.798,-0.636,1.012,-1.078,-0.636,-1.078,-1.148,-0.67,1.014,-0.53,-0.53,-1.148,1.231,-0.636,-0.803,-0.67,-1.148,-0.803,-1.078,1.012,-0.67,-1.148,0.798,-1.078,0.7805362154948244,1.012,-0.67,-0.6938207677595685,-1.0915935880849206,1.231,-1.060758095627039,-1.0242584675110122,1.014,-0.803,1.2227204605779334,-0.53
1.907,1.334,1.011,1.434,1.907,1.011,0.894,1.744,1.434,1.907,1.011,1.744,1.907,-0.659,1.334,1.744,-0.075,1.434,1.907,-0.075,-0.075,-0.659,-0.659,1.907,0.585,1.907,1.011,-0.836,-0.075,1.744,1.744,1.744,-0.075,-0.659,1.434,1.744,-0.659,1.434,0.894,-0.659,1.334,1.907,1.744,-0.836,-0.836,1.434,1.744,-0.075,1.907,1.907,1.8843678106518889,-0.075,1.744,1.011,-0.659,-0.6796270607896825,1.334,-0.6531182574565237,0.894,1.3181930668555897,1.434,1.4241121047600642,1.3635245284264113,-0.6167246640805741,-0.5892319400457472,-0.090517871308257,0.9989289022091273,0.8802698703877062,0.585
-1.08,-1.112,1.661,1.077,1.661,-0.435,-0.663,-0.663,-1.08,-1.178,-1.112,-1.178,-0.663,-0.663,-0.435,-1.08,-0.098,1.368,-1.178,1.077,-1.178,1.077,0.02,1.661,-1.08,-0.663,-1.08,-1.178,-1.112,-1.178,-0.663,1.661,-1.112,-1.178,-1.08,1.368,-0.435,-1.112,-0.663,-0.663,1.077,-0.663,-1.112,-1.08,0.02,-1.08,1.661,0.02,1.077,-1.112,-1.139499292591703,-1.178,1.368,1.661,-0.098,-1.1909539131387146,1.0692672317516887,-1.1758367499167148,-1.08,-0.663,1.6468357979543038,-0.6853319637835044,-0.435
-0.746,-1.33,-0.756,-0.957,-0.388,-1.027,-1.33,-0.705,-1.33,-0.746,1.171,-0.756,-1.33,0.085,-1.027,-1.33,-1.33,-0.756,-0.746,1.171,-0.746,0.085,0.085,-1.027,-0.624,-0.705,-0.705,1.171,0.085,-0.756,-0.746,-1.33,-0.957,-0.624,-0.957,-0.957,-1.33,-1.33,0.085,-1.027,-0.957,-1.027,-1.33,-0.756,-0.957,-0.957,-0.388,-1.33,-0.756,-1.3448309814863146,-0.4029998663731246,-0.624,-0.7692027764500852,-0.746,-0.3612314448155496,1.171,-0.3280070645704319,-1.309564089722344,-1.291877127732661,-0.6377653774153044,-1.027
-1.015,-0.894,-0.894,-1.148,-0.894,-0.894,-1.178,-0.869,-1.066,-1.178,-0.675,-1.162,-0.894,-1.162,-1.148,-0.894,0.893,-1.162,-0.704,-1.066,-0.869,0.893,0.893,0.893,-0.704,-1.066,-1.066,-1.148,-1.066,-0.869,-1.066,-1.162,0.893,-1.178,-1.178,-1.066,-1.178,-1.148,0.893,-0.704,-1.148,-1.015,-1.162,-1.162,-1.178,-0.894,-0.704,0.893,-1.015,-0.704,-1.162,-0.894,-1.178,-0.869,-1.015,-0.675,-0.894,-1.148,-1.178,-0.704,-0.894,-1.015,-1.066,-0.869,-0.9065350164721957,0.893,0.8790934789032565,-0.675,-0.8492852066968082
-1.229,-1.229,-1.229,0.464,-0.246,-1.229,2.061,2.061,-0.246,0.464,-1.229,-0.234,-0.25,2.061,-0.363,-0.363,2.061,0.91,-0.234,-0.246,0.464,-1.229,2.061,2.061,0.464,-0.363,-0.246,-0.363,-0.234,-0.363,-1.229,-0.25,-0.363,-0.246,-1.229,-0.246,0.91,0.483,-0.25,-0.246,-0.363,-0.363,0.483,0.4665854254838342,-1.229,0.91,0.8978108478870778,-0.3772115374794603,-0.234,0.0,0.9309375659065442,-1.2403750135260885,2.061,0.955069542385357,-1.2106745747334577,-0.25,-0.24505692064046877,-0.2635894561402575
1.849,0.589,-0.007,-0.007,-0.007,-1.041,1.849,-0.007,-1.136,0.589,-0.999,-0.999,-1.136,-0.651,-1.041,-0.706,1.849,-1.041,-1.136,0.589,0.589,-1.041,-1.136,-1.136,-0.706,-0.007,-1.136,-1.041,-0.999,1.849,-0.007,-0.173,1.849,-0.684,-0.007,-1.136,1.849,-0.651,-0.706,-0.173,-0.999,-1.136,-1.041,-0.999,-1.136,0.589,1.849,-0.999,-1.136,-0.684,-0.684,-0.173,0.589,1.849,-0.651,-0.706,-0.007,-0.6644611130546785,-1.136,0.5714813421183196,-0.18509698943659827,-0.684,-0.6982508667552718
-0.814,-1.051,0.135,-0.814,-0.794,-0.814,1.094,-0.814,-1.051,-0.814,-0.794,-0.314,-0.915,1.094,-1.051,1.094,0.135,-0.794,-1.221,-0.314,1.094,-0.794,-1.221,-0.915,0.165,-1.221,-1.221,-0.314,-1.051,0.165,-0.814,-0.314,-0.314,-0.915,-1.051,1.094,-1.051,-1.221,0.165,-0.814,0.135,-0.915,1.094,1.094,0.165,-0.915,0.165,0.135,-0.314,0.0,-0.915,1.094,-1.051,-0.014246389540429415,0.165,1.0813239484722859,1.117774009683256,-1.061976811543414,-0.9294287406715501,1.1481226703171412,1.1820176244876068
-1.084,-0.613,0.016,0.016,-1.084,-0.98,-0.613,-1.084,1.707,-0.732,-0.732,-0.732,1.654,0.361,0.361,1.213,-1.092,1.654,1.707,-0.613,1.213,-0.613,-1.092,1.213,-1.092,-0.98,-0.613,1.213,0.016,-0.732,-0.613,0.016,1.707,-0.732,-0.732,-1.084,-0.98,1.707,-1.092,-1.084,-0.98,-1.084,-1.092,-0.732,-1.084,-1.092,1.707,-0.732,0.016,-0.98,-0.98,0.361,1.654,-1.092,-0.98,0.016,-1.092,1.707,1.213,-1.1053846598038186,-1.084,1.1974305879759515,1.2094962750825582,1.2567067601645834,0.006173028323800921,-0.613,-0.9904368986250244,-0.732,1.6948263674933948,-0.9595740838256978,1.654,1.723087175036208,0.04222460614492787,-0.9277135174547748,-1.0942448753704275
-1.314,-0.799,-0.424,-0.329,-0.752,0.553,0.553,-1.314,0.924,-1.314,-1.314,-1.127,0.763,-0.799,-0.752,-1.127,-0.799,0.924,-1.127,-0.752,-0.65,-0.799,-1.314,-0.752,-0.65,-0.799,0.553,0.924,-1.127,-1.314,0.763,-0.329,-1.314,-0.65,-1.127,-0.752,-1.314,-0.799,0.763,-1.314,-1.314,-1.314,0.924,-0.752,-1.314,0.553,0.924,-0.65,0.9079336525485299,-0.799,-1.3299047806754245,-0.329,0.5383491016799897,-0.424,-0.6646802917084488,-0.43564305848532947,-0.752,-0.7682437758398202,0.9424925447080537
-0.66,0.895,1.318,-0.555,-0.914,-0.555,1.464,1.087,-0.66,-0.66,1.087,1.087,-0.852,-0.914,-0.914,-0.66,-0.648,1.464,1.464,1.318,1.318,-0.664,1.318,-0.852,-0.66,-0.852,-0.664,-0.914,1.318,-0.914,-0.648,1.318,-0.66,-0.555,-0.664,1.464,-0.852,-0.66,1.464,0.895,-0.914,-0.66,-0.914,1.464,1.318,-0.664,-0.6740038765189047,1.464,1.087,1.4518354908995157,-0.555,-0.914,-0.648,-0.5736079951252869,-0.66,1.0763519032921638,1.4853874589856029,1.5164340635755946,-0.6427011415689531,-0.6699766054554297,1.318,0.895,-0.9292084217511388,-0.5307685090042206
1.559,-0.927,1.559,1.559,1.589,2.643,-0.817,-0.927,0.988,-0.927,2.643,0.907,-0.927,0.816,1.559,-0.672,0.816,1.589,0.816,1.274,2.643,1.589,2.643,2.643,1.274,0.907,1.589,-0.817,2.643,1.274,-0.817,0.988,2.643,-0.817,0.988,1.589,0.907,0.816,-0.927,1.274,2.643,2.643,-0.927,1.559,-0.672,-0.927,1.589,0.907,0.816,2.643,2.643,1.274,2.643,2.6293119944893504,-0.927,2.6452049454253332,1.274,0.816,2.6858794057175346,-0.9418379693160138,1.589,1.559,-0.9010942957743501,0.7986484663845761,-0.817,0.8415733778304657,1.545618446296342,0.988
-0.773,0.16,0.247,0.97,-0.678,-0.678,-0.083,-0.736,0.16,-0.678,0.16,0.16,-0.736,0.445,-0.276,-0.773,0.445,0.445,0.16,0.247,0.16,-0.678,0.445,0.97,1.113,-0.276,-0.773,-0.773,0.445,1.113,0.16,0.97,0.97,1.113,0.16,-0.736,0.247,1.113,0.97,0.445,1.0977567052832096,-0.736,1.1324901130560272,0.9626324874894061,0.16,1.1703879118457903,0.247,0.14261443334281437,1.2127617207366732,-0.7512518958662825,0.9939437405765081,-0.083,-0.773,-0.276,-0.7290135050373148
0.906,1.473,1.473,0.519,0.3,0.592,0.3,1.473,1.14,0.519,0.906,0.592,0.519,1.14,-0.068,0.592,1.473,1.473,0.592,1.473,0.313,0.906,0.519,0.906,1.14,1.14,1.14,1.14,0.519,0.906,1.473,1.473,0.313,0.592,0.592,0.592,0.738,0.906,0.738,0.519,1.473,0.313,1.473,0.519,0.906,0.49943553721037415,0.8854886401430403,0.592,0.29513913904460154,1.463864383818832,0.0,0.9390077339179466,0.5807065502009037
-0.978,-0.388,-0.803,-0.107,-0.786,-0.803,-1.069,-0.978,-1.069,-0.614,-0.978,-1.069,1.251,-1.046,-1.069,-1.046,-0.614,-1.046,-1.069,-0.803,-1.046,-1.069,-1.119,-0.614,-1.119,-1.046,-0.614,-0.614,-1.119,-0.786,-0.786,-1.119,-0.978,-1.046,-0.614,-0.786,-1.046,-0.978,-1.119,-0.107,-0.978,1.251,1.251,-1.119,-0.978,1.251,-0.614,-1.119,-1.119,-1.069,-0.107,-1.046,-1.046,-0.978,-0.978,-0.786,-0.107,-0.9900588182348083,-0.9582712626750576,-1.046,-0.803,1.251,-0.388,-0.8223375253050805,-0.614,-0.6286103006871273,-0.11912337337579906,-1.0596143955455295,-0.7977347893939385
-0.287,1.26,-0.601,-0.704,-0.067,-0.287,-0.601,-0.699,1.867,-0.601,1.867,-0.656,-1.016,-0.656,-0.601,-0.067,1.26,-0.656,-0.067,1.01,1.867,1.867,-1.016,-0.287,1.01,-0.656,-0.699,-0.287,-0.704,-0.601,-0.656,-0.699,1.01,-0.067,1.01,-0.601,1.867,-1.016,-0.601,1.26,1.867,1.26,-0.704,-1.016,1.867,-0.699,-0.287,-0.287,-0.656,-0.067,-0.08753012738907125,-0.699,1.867,-0.704,1.26,1.2379131315557825,1.2669961111020938,-0.04129005119195597,1.853135793177207,-0.287,1.01,1.2921608831374125,-0.009871489108366879,0.013382047152661686,-0.7172149441200314
-0.779,1.131,1.131,0.364,-0.979,1.696,-1.373,0.364,1.131,-0.979,1.696,1.696,1.696,-1.373,-0.679,-0.064,-0.679,-0.506,-0.506,-1.373,0.815,-0.979,1.696,1.131,-0.979,0.815,-0.779,-0.779,-1.373,-1.373,0.815,-1.373,0.364,-0.506,-0.779,-0.679,-0.506,-0.064,-1.373,1.696,0.364,-1.373,-0.064,-0.979,0.364,-0.979,-0.064,0.364,-0.779,1.696,-0.7921970211152354,1.131,-0.7808935920015578,0.815,1.6846566578095503,0.799769861622019,-0.506,-0.979,-0.5282631277987507,-0.679,-0.7567124090454659,1.1210334665319277
-0.993,-1.09,1.044,1.436,-0.901,1.519,1.519,-0.901,-0.071,1.436,1.519,1.436,1.519,1.044,-1.09,0.084,-0.901,-0.993,0.084,1.044,-0.901,-1.09,1.436,1.436,0.574,-1.09,-0.071,-0.071,1.044,-0.901,1.044,-0.901,-0.993,-0.071,1.519,-0.993,-1.09,0.574,0.574,-0.901,0.084,-0.993,-1.09,-0.993,0.574,0.084,1.519,-0.901,0.06678217663257735,1.4994393341199577,1.436,-1.09,1.044,0.0,-0.071,-0.993,-0.015502867181331101,0.574
1.178,0.483,1.765,1.765,-1.311,-1.311,0.555,0.364,0.364,1.178,-1.311,1.765,1.482,-0.861,-0.861,1.482,1.178,1.178,0.483,0.491,0.555,1.765,-1.029,0.555,0.555,0.364,1.178,-1.029,0.491,-0.861,-1.311,0.491,-1.311,-0.861,0.364,0.483,-1.029,0.364,0.364,1.482,-1.311,0.491,0.491,-1.311,1.482,1.765,-1.029,0.483,0.491,-1.311,-0.861,-1.029,0.555,1.765,1.482,-0.861,0.364,-1.029,0.491,1.178,1.749889318485828,0.544923526556536,1.4676185162366409,0.5671420380641432,0.35287356183706076,0.39205918187423006,1.4973300251459556
-1.095,1.517,-0.596,-0.884,-0.853,1.685,1.685,-1.038,1.685,-0.747,-1.038,1.685,-1.095,-1.038,1.517,-0.747,-1.095,1.517,-0.695,-0.747,1.685,-1.095,-0.853,1.685,-0.596,1.517,0.608,-1.095,-0.695,1.517,-0.884,-0.747,-0.853,-0.747,-0.596,-0.747,-0.695,-0.884,-0.884,-0.853,-1.095,-0.853,-1.038,-0.695,-1.038,-0.747,-0.695,1.685,-0.853,-0.866771384506108,1.517,-0.596,-0.7047980377327754,-1.095,1.6718359827158902,-0.8394165334578769,-0.7955647408858038,-0.884,-0.9000841775856074
-0.711,-0.677,1.997,-0.778,0.358,0.209,0.358,1.997,0.209,-1.187,-0.677,0.782,1.997,-1.01,-1.187,-0.677,1.997,0.782,-0.711,-1.01,-0.711,1.306,-1.187,0.209,0.782,0.782,1.997,1.997,0.782,0.209,0.209,-1.187,1.306,-0.677,1.306,-0.778,1.997,-0.711,0.209,1.306,-0.778,0.209,-1.187,-1.01,-0.778,-1.187,-1.01,-1.01,0.209,0.782,-0.778,1.997,1.977944587000189,0.19700404173522965,-1.187,1.306,1.2847807163387666,-1.01,2.0235963638835246,-1.1984223702672145,1.3221820035344045,-0.677,-0.7882348939757734
-0.833,-0.104,-0.5,-0.687,-0.687,0.675,-0.104,-0.379,-1.108,-0.778,0.129,-0.778,-0.778,-0.687,-1.108,-0.778,-0.104,0.675,-1.108,-0.104,-0.104,-0.379,-0.104,-1.108,0.675,0.44,-0.833,-0.104,-0.5,-0.778,-0.687,-0.687,-0.379,0.675,-0.104,-1.108,-1.108,-0.379,-0.104,-0.833,-0.5,0.44,0.129,0.129,-0.379,-1.108,0.129,-1.108,0.129,-0.833,0.129,-1.108,0.11193666934663152,0.44,-0.778,-0.104,-0.687,-0.12327909005864425,-0.09553491751693671,-0.7888330790131053,-1.1211521625130738,-0.7016919683782739,-0.6732854525626052,-1.0814216623682407,-0.6208869329726826
-0.801,-0.53,-0.801,0.308,1.711,-0.53,-0.203,-0.801,0.398,1.711,2.016,1.711,0.366,0.308,1.711,0.308,2.016,0.366,-0.801,-0.203,0.048,0.398,1.711,0.398,1.711,-0.801,2.016,0.398,-0.801,2.016,1.711,2.016,0.366,0.398,2.016,0.048,0.419,0.366,0.398,-0.203,1.711,-0.203,2.016,0.308,1.711,0.366,0.308,-0.203,-0.53,-0.203,0.048,2.016,2.004731280736853,0.366,-0.203,2.035854215451697,1.711,0.033237178534774675,2.074130005895569,0.08851068317105952,1.6951635378881718,0.1154900458119873,-0.53,-0.801,-0.21384839031650366,0.398,-0.18648883597279922,0.308,-0.8147303940729145,0.35294305359956846,1.7353743764483074,1.7753238987102964
1.09,-0.411,-0.411,2.202,1.978,1.214,-0.926,1.09,-0.433,1.214,2.202,2.202,2.202,0.2,-0.818,-0.433,1.214,1.978,-0.926,0.2,1.214,-0.384,-0.433,1.978,-0.411,2.202,0.2,0.2,-0.433,1.978,-0.411,1.214,0.2,1.978,-0.433,2.202,-0.433,0.2,1.978,-0.926,-0.818,0.2,1.09,-0.384,-0.818,-0.926,1.214,-0.411,-0.433,2.202,-0.926,-0.818,-0.9389825978450512,-0.9101359024475849,1.09,-0.44516216250002705,-0.8275217443319665,-0.40332854271903984,-0.3443705475644305,1.978,-0.41824071038014404,-0.2834297539506286,2.1866162092709343
0.318,-0.609,0.391,0.915,-0.685,0.391,0.391,-1.144,0.938,0.915,0.233,0.318,0.915,-1.144,-0.609,-1.144,0.938,0.233,0.233,-1.144,0.938,0.233,0.938,0.402,0.402,0.233,0.623,0.623,0.623,-0.609,-0.685,-1.144,-1.144,0.318,-1.144,0.391,0.391,0.402,0.623,0.402,-0.685,0.915,-0.685,0.391,0.233,0.402,0.623,0.318,0.402,0.3895504557124702,-0.609,0.391,-1.144,0.38106836266365396,-0.685,0.938,0.4390749024847732,-0.7023542430538442,0.46308480790614553,0.318,-1.156829685850745,-0.6721190232233166,0.623,0.30228235008354803,-0.6265078351572727,-1.104361631757974
1.217,0.706,0.904,-0.838,1.217,0.212,1.308,-1.103,0.706,0.706,-0.838,1.308,-0.838,-1.103,0.706,0.992,0.706,-0.428,0.212,0.212,0.212,0.404,-1.103,0.706,1.217,0.212,0.992,0.706,0.706,1.308,0.706,-0.838,-0.428,1.308,0.706,1.308,0.706,-0.428,-1.103,-1.103,0.992,-1.103,0.212,1.308,0.904,0.992,0.706,0.992,1.308,-0.838,0.212,0.992,1.308,0.9829098627962136,0.904,1.2982371005841251,1.217,-1.103,1.2048001068282732,1.3492509547889306,0.8924136636756185,1.0191243495173077,-1.1198279719339437,0.20475694909247086,1.3816943844166771,-0.838
0.01,-1.048,-1.048,0.72,-1.096,-1.323,-1.096,0.418,0.258,0.697,-1.323,0.72,-1.323,-1.323,0.72,-1.096,-0.193,0.01,0.258,-0.692,-1.048,0.258,0.697,0.258,-1.323,0.418,0.418,0.418,0.01,-1.048,-1.323,0.01,0.697,-1.323,-1.096,0.72,0.697,-0.193,0.258,-1.323,0.01,-1.323,0.01,-1.096,-1.048,-1.096,-0.193,-0.692,-0.692,-0.692,0.01,-0.193,-1.096,-0.2045178620318872,0.418,-0.692,-0.17004174674541073,-1.109545446528974,0.72,-0.7048320448959687,-1.0701454145604006,0.706079176862051,-0.663886102879255
-1.175,1.368,0.828,-0.428,0.27,0.828,-0.275,-1.175,-0.275,0.828,1.368,-1.175,-1.053,-0.276,-1.053,2.668,2.668,-0.428,-0.275,2.668,2.668,-1.175,1.368,1.368,-1.053,-1.053,0.27,-1.175,0.27,-0.428,0.27,-0.276,-0.428,1.368,2.668,0.828,2.668,-0.276,2.668,-0.276,2.668,-1.175,2.668,2.668,2.668,-1.175,0.828,2.668,-0.428,-1.175,-0.428,-1.053,1.368,-0.276,-1.053,-0.428,0.828,0.0,-0.275,1.3578357996176644,-0.01618322395447262,1.3849042491960823,-1.175,-1.0660157704618338,-0.28422426090321273,0.03227344407007608,2.668,-0.4365425601105248,0.06403261352143468,0.11232959290668312,0.8154039467161736,0.1494585144924938,-1.1899412831553677
1.062,-0.948,1.062,-1.272,-0.71,1.161,-0.948,-1.272,1.161,-1.272,1.062,1.062,1.062,1.161,1.062,-1.272,0.501,-0.71,-1.272,1.325,-0.948,1.48,-0.948,0.056,-0.948,-0.948,-1.272,1.062,-0.286,1.325,0.056,-1.272,-0.286,1.48,-0.71,0.056,1.325,1.161,-1.272,1.062,1.062,1.325,1.48,-0.71,-0.948,-0.71,-0.71,-1.272,1.062,1.325,-1.272,-0.71,-1.289021468928117,1.161,1.062,-1.2383149957829889,0.056,1.1466922268001851,-0.948,-0.7266980415725619,0.044623480072105065,-1.2070474591337605,-0.286,0.501
1.613,1.613,0.964,-0.972,1.613,1.003,1.003,1.613,1.613,-0.427,-0.886,-0.886,0.964,0.964,1.613,1.003,-0.886,-0.499,-0.034,-0.427,1.613,1.613,-0.499,0.109,-0.972,-0.427,0.109,1.613,0.964,-0.034,0.964,0.109,-0.886,-0.972,-0.034,-0.886,0.109,1.003,-0.034,0.964,1.613,-0.886,-0.427,-0.972,-0.886,-0.8985645427856452,1.003,-0.972,-0.499,-0.427,-0.8418746178808001,-0.034,-0.5111597800227268,0.0,0.964,-0.013419132616939498,0.026917902203035193,-0.044134023304945105
0.455,-1.086,-0.187,1.38,1.38,1.38,-1.086,0.849,1.38,-0.481,0.455,1.38,1.38,0.455,-0.187,-0.187,-0.187,1.024,0.455,-1.015,-1.015,1.024,0.455,1.38,-0.643,0.455,-1.015,-0.643,0.434,1.38,-1.086,1.024,0.434,-1.015,-1.086,-1.015,1.38,-0.481,1.024,1.024,0.455,0.455,-1.086,-0.643,0.434,-1.086,1.024,-1.015,-1.015,1.024,-0.187,1.024,1.38,-1.015,0.849,0.434,1.38,-0.643,-0.187,1.38,-0.187,0.434,-0.481,-0.5020601894459563,-0.643,-1.086,0.41906192440734796,-0.6531519481400135,1.024,-0.45418164915627873,0.4559038157755375
1.409,-0.601,-0.601,-1.015,2.067,-1.015,1.611,-1.015,2.067,-1.015,-1.072,-0.191,-1.072,-1.072,-1.015,1.409,1.611,0.821,1.409,-0.555,2.067,-0.601,-0.191,1.377,2.067,1.611,-1.015,-0.191,-0.601,0.821,1.377,1.611,2.067,2.067,-1.015,-0.555,-0.191,-0.601,-0.601,1.409,-1.015,-1.072,-0.191,-1.072,2.067,1.611,-0.601,2.067,-1.072,-0.555,-1.015,1.377,-0.191,0.821,-1.072,2.067,-0.601,-0.6197877141524264,-0.2069527412238047,-1.0862181731643519,0.806193845828399,-0.5904633817012988,-1.0677593641928198,2.0536246576218646,0.8276249418395103,1.611,1.377
-0.897,0.155,-0.734,-0.897,-0.734,-0.493,2.18,0.702,-0.897,-0.948,-0.493,-0.948,2.18,-0.128,-0.948,-0.897,-0.128,0.155,2.18,-0.734,0.155,0.525,0.67,-0.948,-0.948,0.702,-0.948,0.67,-0.493,-0.897,0.525,0.155,-0.493,0.67,-0.948,-0.493,2.18,-0.493,-0.128,2.18,-0.128,0.702,0.702,0.525,2.18,-0.734,-0.948,-0.128,0.155,0.525,0.525,-0.128,-0.128,2.18,-0.948,0.155,2.18,0.67,0.702,-0.897,0.6574736864068124,0.525,0.6875838080847438,0.7033153520852681,-0.9581470914998806,-0.9180476770491066,0.7492733585725213,-0.9089323890835879,0.6749023404925417,-0.734,0.7085980638939433
-1.043,-0.514,-0.742,-0.742,-1.043,-0.674,-0.742,-0.997,0.702,1.042,0.861,0.861,1.042,0.571,-0.742,0.702,-0.446,-0.742,-0.742,1.042,0.571,-0.514,0.571,-0.674,-0.514,-0.997,-0.997,0.861,0.702,0.702,-1.043,-0.446,-0.997,-0.514,-0.446,0.702,-0.997,-0.674,-0.446,-0.997,-0.446,0.571,-0.742,-0.997,-1.043,0.702,-1.043,0.702,-0.742,-1.043,0.861,-0.742,-0.7586965610957118,-0.514,0.8441343954570033,-0.997,0.702,0.571,-0.446,-0.5308572202154462,-1.0096323347748288
-1.065,-0.981,1.832,-1.263,-1.065,0.03,-1.263,0.768,-1.263,0.768,-1.065,-0.927,-0.981,-0.927,-1.065,0.03,-1.263,0.03,-0.927,0.768,-0.981,0.768,-0.927,0.399,-1.263,0.399,1.832,1.832,-0.927,-0.596,-1.263,-1.065,1.832,1.832,1.832,0.768,-1.065,-0.927,-1.065,-0.268,1.832,-0.981,-1.065,1.832,-0.596,-0.981,-1.263,-0.268,-0.927,-1.065,-1.07321114728941,-1.035334536906396,-0.981,-0.596,-1.263,0.03,-0.268,-0.6097032162400928,-0.28526359619690095,0.014034558954955898,-0.927,-0.22573105776318172,0.768
-0.868,0.931,-0.715,-0.868,1.044,-0.715,-0.113,1.535,0.578,0.931,-0.868,0.931,-0.816,-0.113,0.215,-0.816,-0.715,1.506,1.506,1.535,-0.113,-0.715,0.931,1.506,0.215,-0.868,-0.816,-0.715,-0.113,-0.816,1.506,1.506,0.578,1.535,1.506,0.215,0.931,0.578,1.044,0.578,-0.715,-0.113,0.578,-0.816,1.044,1.506,-0.113,-0.13179262522347873,-0.715,1.0330278999642768,0.931,0.9140228181770428,1.493774799987459,1.535,-0.11066634622850106,1.0804145879963698,-0.868,-0.8842787663600167,1.5464119060739028,-0.07231807347382221,1.1088441620752367,0.578,1.5823186771242812,-0.04267104944553975,0.9348654921149623,0.9932820283057097
-0.342,-1.22,-0.953,-1.064,-0.431,-0.674,-0.236,-1.064,-1.064,-0.431,-0.674,-1.22,-0.953,0.479,-1.22,0.562,-0.674,-1.22,-0.342,-0.953,-0.236,0.562,-0.431,-0.236,-1.22,0.479,-0.431,-0.342,-0.953,-0.953,-0.431,-0.236,0.479,-0.376,-1.064,-0.342,0.479,-1.064,-0.674,-0.431,-0.236,-0.236,0.562,-0.674,-1.22,-1.064,0.479,-0.674,-0.674,-0.342,-0.431,0.479,-0.376,-0.953,-0.6827303735170482,-0.44147161521001516,-1.064,-0.35982842812556604,-0.32540873498550077,0.4687864340718127,-1.22,-0.6481009188682807,-0.5981238252399285,-1.0779214290442014,-0.3888222535463478
-0.082,-0.743,-0.165,-0.997,-0.997,-0.419,-0.082,-0.082,0.3,-0.758,-0.419,-0.474,-0.474,0.3,-0.997,-0.419,-0.474,-0.997,-0.082,-0.997,-0.165,-0.082,-0.082,-0.082,-0.743,-0.419,-0.082,-0.165,-0.807,-0.997,-0.997,-0.419,-0.474,-0.082,-0.419,-0.758,-0.997,-0.419,-0.082,-0.419,-0.807,-0.807,-0.165,-0.082,-0.419,-0.474,-0.082,-0.474,-0.758,-0.165,-0.758,-0.082,-0.743,-0.474,-0.082,-0.474,-0.997
0.988,0.988,2.221,2.221,0.193,-0.711,2.221,-0.641,0.988,0.193,-0.734,-0.734,1.108,-0.091,-0.711,2.221,2.221,-0.091,-0.091,1.503,-0.641,-0.734,1.108,0.193,1.503,-0.091,2.221,-0.628,1.108,2.221,-0.641,0.193,2.221,-0.734,0.193,-0.711,-0.711,2.221,-0.628,1.503,1.503,-0.091,-0.641,2.221,-0.734,-0.641,-0.628,1.108,-0.711,-0.7422836981286608,-0.639249082640775,1.503,-0.7088229143113869,-0.7224327981619458,2.2108641187489715,-0.6011154697153813,-0.56455602459473,-0.685055454717532,-0.6845827113383575,1.0927277930082335
1.082,-0.842,-0.737,-0.48,1.082,0.468,-0.87,1.338,1.373,-0.775,1.338,-0.842,0.468,1.338,-0.161,-0.775,-0.87,-0.842,1.338,-0.87,1.373,-0.48,1.338,-0.48,-0.842,1.338,1.082,-0.775,-0.737,-0.48,-0.48,-0.87,-0.87,0.468,-0.161,-0.842,1.082,-0.737,0.468,0.468,0.468,1.373,1.373,-0.48,-0.842,1.082,-0.161,-0.48,-0.842,-0.737,1.082,-0.842,-0.842,1.373,1.338,-0.8572373983259057,0.468,-0.87,-0.8848894162635115,1.357642996243603,1.082,-0.8038604712861672,-0.48,-0.161,-0.7470181756667962
0.736,-1.185,-0.995,-0.959,0.736,-0.995,-0.873,0.128,-0.995,0.128,-0.873,-0.581,-1.185,-0.995,-0.581,-0.995,1.241,1.241,1.089,-0.959,-0.695,1.241,-1.185,1.089,-0.873,0.736,-1.185,-0.695,-1.185,0.736,-1.185,0.128,0.736,-0.959,-0.995,-0.581,1.089,-0.959,-0.695,-0.959,-1.185,0.128,1.089,-0.959,0.128,-0.971557543766838,1.089,-1.185,-0.695,0.736,1.241,-1.196243759547168,-0.7107849141564285,-1.1712494880463358,-0.6695221434195624,-0.9326257300038931,0.7260847414612246
-0.913,0.207,-0.913,-0.486,0.592,-0.486,-0.162,0.952,0.592,0.621,0.592,-0.507,-0.162,0.621,0.952,0.592,-0.913,-0.507,-0.08,0.592,-0.162,-0.486,-0.486,-0.913,0.207,-0.162,-0.08,-0.913,-0.486,0.621,-0.913,-0.08,-0.162,-0.162,0.621,-0.162,0.952,0.592,0.477,0.592,-0.507,-0.08,0.592,0.621,-0.162,-0.162,-0.08,-0.913,0.207,-0.17808563142776068,-0.09174665981789161,0.18818507855948172,-0.507,0.952,0.592,0.9377398504545141,0.5869920463521903,-0.9264774777981116,0.24179849341084006,0.6266865805714101,0.2676413043905889,0.6409576955187858,-0.5213582374981189,0.6801522275070417
-0.823,0.302,-1.271,0.449,-0.823,-1.271,-0.866,0.449,-0.823,-0.488,-0.488,0.49,-0.051,-0.051,-0.051,-0.491,-0.491,0.449,-1.271,0.302,-0.823,0.449,-1.271,-1.271,-0.488,-0.866,-1.271,-0.866,-1.271,-0.051,-0.866,0.449,-0.051,0.49,0.449,-0.488,-0.823,-0.051,-1.271,-0.051,-1.271,-1.271,0.49,-1.271,-0.491,0.449,-0.051,0.302,0.2771799828750602,-0.823,0.49,0.3039344059065258,0.477192583999174,-0.8347591999976465,-0.7932690289042519,-0.866,-1.271,-0.491,-0.7404293549900205,-1.285907173564495
1.677,0.395,-1.041,-0.411,-1.041,1.701,1.677,-0.557,1.701,-0.197,1.957,-0.197,1.274,-1.041,-0.197,1.274,1.957,-1.041,1.957,1.701,1.274,-0.557,1.677,1.677,0.395,1.957,0.395,-0.557,1.677,1.677,0.395,1.677,-0.197,1.677,1.957,-1.041,0.395,1.701,1.274,1.677,-0.197,0.395,-0.197,-0.131,1.957,-0.557,1.701,1.677,-0.557,1.701,1.701,-0.197,-0.557,-0.131,1.701,-0.411,1.274,-1.041,0.395,-0.42507221898299324,1.2561642324598639,-0.197,-0.5699278013354414,-1.0577993884363728,-0.2091693510015668,1.957,1.2848925768828885
-1.314,-0.909,-0.892,-1.314,-1.314,-0.062,-1.314,-1.14,0.104,-0.823,-1.14,-1.14,-1.314,-0.823,-0.296,-0.689,-0.296,-0.689,-0.909,-0.459,-1.14,-0.823,-1.314,-0.909,-0.909,-0.062,-1.314,-0.909,-0.459,-1.314,-0.823,-0.909,-1.14,-0.296,-0.296,-0.296,-1.314,-0.892,-1.14,-0.689,-1.314,-1.14,0.104,-1.314,0.104,-0.892,-0.296,-1.14,-0.823,-0.823,-0.062,-0.892,-0.823,-0.062,-0.905673106311105,-0.689,-0.296,-0.909,-0.459,-1.314,-0.8616984406002457,-0.7044559576260639,0.104,-1.3301077231702318,-0.9212815577827161,-0.8754350478205768
-0.898,-1.12,-0.831,0.336,-0.839,1.257,-0.898,1.033,1.033,1.257,1.033,-0.839,1.117,-0.898,0.336,-1.12,-0.831,1.117,0.881,1.117,1.117,0.336,-0.898,1.117,-1.12,-0.831,2.15,2.15,-0.831,2.15,1.257,1.117,2.15,1.257,-1.12,-1.12,-0.898,-0.839,-0.898,0.881,-1.12,-1.12,0.881,0.336,1.033,1.117,0.881,1.257,1.257,-0.898,0.336,-1.12,1.117,-0.831,0.32600103975494543,-1.1335429904010998,0.881,-0.8412245639720466,-0.9125852677192556,-0.7876904999981551,1.033,1.1031763313023222,0.873371088383368,0.9133378653638349,-0.839
-0.957,-1.086,-0.957,-0.959,-0.959,-0.697,-0.012,0.707,-1.086,-0.733,-0.957,-1.262,0.707,-1.086,-0.697,-0.697,-1.086,-0.959,-1.262,-0.957,-0.012,-0.959,-0.733,-1.262,0.707,-1.086,-1.262,-1.086,0.195,-0.012,0.707,-1.262,-1.086,-0.012,0.707,-0.959,-0.733,-0.957,0.195,-0.697,-1.262,-0.959,-1.262,-0.733,-0.957,-0.697,-0.697,-1.262,-0.012,0.195,-1.086,0.17978911614666387,-0.012,-0.957,-0.959,-0.733,-0.697,-0.7135087797248566,-0.7492890202587543,-1.262,-0.9706677113749206,-0.9698171587734749,-0.7203200622337564
0.126,-0.33,0.073,-0.753,1.143,1.068,1.052,-0.33,-0.33,0.126,0.126,1.072,1.068,-0.354,-0.33,-0.33,0.126,1.068,1.143,0.073,-0.33,-0.753,-0.753,-0.354,1.052,1.052,1.143,-0.354,1.072,-0.753,0.126,1.143,-0.354,1.143,0.126,1.143,1.072,1.068,-0.354,1.068,1.072,1.052,1.052,1.143,1.143,-0.33,-0.33,-0.33,1.068,-0.3378563262805041,-0.753,1.0504844705354182,1.052,0.0,0.073,1.143,1.0403485630471967,1.1313045559422994,0.126,0.06225351416863324,1.073678591346669
0.702,-1.07,0.702,-0.943,-0.956,-0.566,-0.943,-1.07,-0.956,-1.07,-1.026,-0.566,1.343,-1.026,0.702,-0.956,-0.399,-1.026,0.534,0.534,-0.956,-1.07,-1.026,-1.026,-0.956,-0.943,1.343,1.343,0.534,0.702,-0.956,-1.07,0.702,0.319,-0.566,1.343,-0.943,1.343,-0.956,-0.943,-0.566,1.343,0.702,0.319,1.343,-1.07,0.534,-0.566,-1.026,-0.943,-1.07,-1.1002730880651783,-1.0395932781306363,0.702,-0.956,0.6816698939026724,-1.008014543238956,-0.9565296546854094,0.7278919672348335,-0.574599506867462,-0.9232596450217234,0.534,0.319
0.17,0.17,-0.564,-0.565,0.938,-0.846,-0.564,1.196,-0.846,1.196,-1.211,-0.917,-0.564,0.312,-0.917,-0.564,0.17,-1.211,-0.565,-0.846,0.938,-0.917,-0.846,0.938,-0.63,-1.211,-0.564,-0.846,1.196,0.312,-0.564,-1.211,1.196,-1.211,0.312,-0.564,0.312,-0.917,-0.846,-0.917,0.17,-1.211,-0.63,0.312,-1.211,-0.565,-1.211,-0.63,-0.846,0.312,-0.565,-0.5876576654226773,-0.917,-0.648025045955921,-0.564,-0.5759101105834353,-0.6182192328016073,1.196,-0.5821939539425327,-0.5441021844625438,0.30038320227239934,-0.5024447649389798,0.33944820305812806,0.17,0.1506143652980502,-0.48192658690315743
0.803,-0.851,-0.353,-0.174,0.671,0.671,-0.851,-0.674,-0.868,-0.174,-0.868,-0.174,0.803,-0.174,-1.243,-0.851,0.671,-1.243,-0.174,-0.868,-1.243,-0.353,1.152,-0.174,1.152,-0.174,1.152,0.671,0.017,0.803,1.152,-1.243,-0.868,-0.851,1.152,-1.243,-0.353,0.017,-0.174,-1.243,1.152,0.017,-0.674,0.017,1.152,-1.243,0.017,-0.353,1.152,-0.353,-0.868,1.152,0.803,-0.851,-0.174,-0.19262027779087196,1.1366523953571013,-0.868,0.7904261715706412,0.8358283039695794,-1.243,0.8721390817626556,0.671,1.1819155159558479,0.017,-0.13348399389813745,0.6589826508844675
-0.501,-0.131,-0.737,-0.54,0.553,-0.737,-0.737,1.07,-0.131,0.425,0.425,0.553,0.261,-0.131,1.07,1.07,-0.131,0.553,-0.501,-0.54,-0.267,-0.131,0.553,0.553,-0.941,0.261,-0.941,1.07,-0.54,-0.54,-0.737,-0.941,0.261,0.261,0.425,-0.737,1.07,-0.737,-0.941,1.07,-0.737,1.07,-0.941,-0.737,0.553,1.07,0.553,-0.131,-0.501,0.261,-0.54,-0.941,-0.737,-0.131,-0.501,1.07,0.261,-0.737,0.553,-0.267,1.060801387221427,-0.28664975030097667,-0.941,-0.14846598205229403,-0.25635515061674236,-0.12630547489848662,-0.2316732539486377,0.24612854138877466,-0.7456253738100949,0.2851287162416821
1.716,1.716,-0.806,1.716,1.018,-0.697,-1.343,0.668,-0.391,1.018,-0.697,-1.343,-0.391,1.018,-0.806,-0.461,1.716,-0.806,0.668,-0.613,-0.461,0.668,1.716,-0.365,0.668,-0.697,-0.613,0.668,-0.391,-1.343,-0.697,1.716,-1.343,-0.806,-1.343,-0.806,-0.697,1.716,-0.391,-1.343,1.716,-1.343,-0.391,-0.697,-1.343,1.716,-0.391,0.668,1.018,-1.343,-0.40509953488926015,1.005487911030879,1.716,-0.697,1.038395394547706,-0.806,1.7074380506293048,-0.8224025413130087,-0.7075373479438716,1.062776711131419
-0.943,-1.058,-1.103,1.107,1.87,2.434,1.492,1.87,1.87,1.87,2.434,-0.72,2.434,1.87,-1.058,2.434,-1.103,1.107,1.492,-1.058,-0.364,1.107,1.492,-0.06,1.492,-0.943,1.492,-0.364,2.434,2.434,-1.103,1.492,1.492,2.434,-0.943,-1.058,2.434,-0.943,1.87,-0.943,1.87,-0.72,1.107,-1.103,-1.103,1.492,1.87,-1.103,1.107,-1.1148010948957834,2.434,1.0944414155569784,-1.058,2.421635038469882,1.138890323891764,-0.72,1.8561729383036982,-1.0570532630630367,-0.7341856913277774
1.189,-0.741,-0.824,-1.248,-0.824,-0.604,1.189,-0.93,-0.685,-0.604,0.239,-0.824,-0.824,-0.685,-0.93,-0.598,-1.248,0.239,-0.598,-0.604,-0.741,-0.824,-1.248,-1.248,-0.824,-1.248,-0.685,1.189,1.189,0.08,-0.598,-0.741,0.08,-0.741,-0.93,-0.685,-0.598,-0.93,-0.93,-0.824,1.189,1.189,-0.824,-1.248,-0.598,1.189,-0.824,1.189,-0.93,1.189,-0.93,-0.604,-1.248,1.189,-1.248,-0.598,-0.93,-0.685,-0.9460620662190062,0.239,-0.612859929861382,1.1815019650504501,-0.90465112777989,-0.604,-0.8653948426399509,-0.5856841196020177,-0.824,0.08
0.942,-0.96,-1.268,1.025,2.01,0.541,-1.268,-0.96,-1.268,-0.96,0.942,0.942,-1.268,-0.96,1.513,2.01,0.409,-1.268,-1.18,-0.921,-0.921,1.513,-1.18,-1.268,2.01,2.01,-0.96,-1.18,1.025,1.025,0.409,2.01,-1.18,-0.921,1.025,1.025,2.01,1.513,0.942,-1.18,-1.18,-0.96,2.01,-0.921,-0.921,-1.18,1.025,0.541,2.01,2.01,0.942,-0.96,1.025,-0.921,1.025,0.541,0.942,-1.268,1.513,-0.921,-1.18,0.409,1.025,-1.1943647708886416,1.513,1.5046451720655687,1.5327030955620429,-0.9312611945621719,-0.96,1.552188297988545,-0.8745284767522301,0.541,-0.9747207744386247
-0.709,-0.889,-0.686,-1.011,-0.807,-0.234,-0.954,-0.94,-1.011,-0.889,-0.234,-0.807,-0.686,-0.686,-0.94,-0.889,-0.686,-0.709,-0.807,0.473,-0.954,-1.011,-0.807,-0.94,-0.94,-0.94,-0.889,-0.954,-0.889,-0.954,-0.234,-0.954,-1.011,-0.234,-0.686,-0.954,-0.686,-0.531,-0.709,-0.954,-1.011,-0.807,-0.94,-0.807,-0.94,-0.531,0.473,-0.94,-0.889,-0.954,-0.969193252631739,-0.807,-0.686,-0.8244377478655788,-1.011,-1.0232905709208768,-0.6953633715873238,-0.7719382986032868,-0.9561623745630529,-0.9924039640239607,-0.709,-0.9702252273735775
0.454,-0.199,0.265,1.836,-1.144,0.454,0.265,-1.144,1.836,-1.144,0.265,-0.199,0.454,0.771,-0.65,0.454,0.771,0.454,0.771,-0.65,-0.199,0.265,-0.65,-1.144,-1.144,-0.199,0.265,-0.116,-0.116,0.265,-0.021,-0.116,0.454,-1.144,0.454,1.307,1.307,1.836,-0.65,-0.65,1.836,0.265,-0.65,-0.116,-1.144,0.454,1.307,1.307,-0.65,-0.65,0.454,-0.65,-1.144,0.771,-0.116,0.265,1.307,0.454,-0.021,1.836,-0.65,0.265,1.307,1.8164121148853525,0.2532521105896685,-0.116,-0.66496011720091,-0.12860480486865533,1.296573689971744,1.8447796035920931
-0.578,0.652,-0.97,-0.578,0.652,-0.625,-0.793,-0.919,2.563,-0.919,-0.625,-0.793,-0.919,-0.24,-0.669,-0.97,-0.97,-0.669,0.652,2.563,2.563,-0.97,-0.97,-0.578,2.563,-0.97,-0.97,-0.625,2.563,-0.793,0.652,-0.578,-0.696,-0.578,-0.669,2.563,-0.696,0.652,2.563,0.652,-0.919,-0.793,-0.97,-0.578,-0.97,-0.97,2.563,-0.919,-0.696,-0.578,-0.625,-0.669,2.563,-0.669,-0.625,-0.919,-0.97,2.563,0.652,-0.578,-0.5917962727286357,-0.696,0.6383455694819942,-0.9832848093173614,-0.625,-0.669,-0.7115521703313679,-0.793,-0.9534155178096896
1.189,-0.658,1.189,0.464,0.464,-0.658,0.464,0.464,-0.973,-0.546,-0.658,0.967,-0.546,0.464,-0.658,-0.973,-0.658,-0.006,1.189,-0.006,0.967,-0.973,0.469,1.189,1.189,1.189,0.464,1.189,0.041,-0.658,0.967,-0.973,0.464,-0.973,1.189,-0.006,-0.392,-0.973,-0.546,0.967,0.041,-0.546,1.189,0.041,0.967,0.041,-0.658,0.464,-0.6722532940049024,-0.006,0.967,-0.546,1.189,-0.026140688372867184,-0.392,1.1707282452255878,0.45268452097772893,0.5025683017256594,-0.5603935231799599,0.5340070166343825,-0.4015194668167488,-0.973,0.9592837817537399
-1.055,-1.072,-0.206,-1.008,-1.072,-0.866,-0.866,0.463,-1.055,-0.206,1.257,-0.437,-0.206,-1.055,-1.008,1.257,-0.206,-0.862,-1.072,-0.866,-1.055,-0.206,-0.866,-1.008,-1.008,-0.862,-0.866,-0.862,-1.008,-0.437,0.463,0.431,-1.072,-1.055,0.463,-1.008,-0.206,-1.008,-0.437,-1.072,1.257,-1.055,0.463,-0.437,-0.862,1.257,0.463,-0.437,1.257,-0.437,-1.008,-0.4515571964193966,0.431,-0.866,-0.206,0.463,0.415493662700048,-1.055,-1.0170364795859408,1.257,-0.9763999607904152
0.773,1.954,1.954,1.028,0.17,-0.602,0.085,-0.249,1.028,0.404,0.085,0.17,-0.896,0.17,0.773,-0.602,-0.896,0.773,0.17,-0.249,0.404,0.17,0.085,0.17,1.954,1.954,0.404,0.085,0.773,0.404,0.085,-0.896,-0.896,0.404,0.085,-0.314,0.404,0.085,0.085,0.085,-0.602,-0.896,1.954,-0.249,1.028,-0.314,0.17,0.404,1.028,0.404,0.773,1.028,0.404,0.085,1.028,0.404,0.383189522540393,0.773,0.42985601916388944,0.4615515757586537,0.06665533952462528,-0.602,0.17,-0.249,-0.264917290013201,0.11410059632464375,0.14134003502056808,0.7630799140370794,0.15894333165568342
-0.001,0.817,-0.57,0.369,-0.837,0.817,-0.57,0.357,-0.647,-0.143,0.369,-0.143,-0.837,-0.874,-0.647,-0.874,-0.837,0.369,0.817,-0.874,-0.57,0.357,0.369,-0.001,0.369,-0.874,-0.57,-0.57,0.357,-0.143,-0.143,0.369,-0.647,0.357,-0.837,0.357,0.817,-0.001,-0.001,-0.001,-0.837,0.369,-0.143,-0.57,-0.837,-0.15333354572525312,0.357,-0.874,-0.1181604539275779,-0.5835702346567138,-0.8509935568885982,0.0,-0.885880204783254,0.369,-0.8204546268177774,-0.013530837215164149,-0.8554089970330141,0.3540213841106759
-0.096,2.125,0.083,2.125,0.423,1.476,0.083,2.125,0.089,-0.122,0.089,2.125,2.125,2.125,0.083,0.317,-0.102,-0.122,-0.122,-0.102,2.125,2.125,-0.096,1.476,1.476,-0.096,1.476,0.317,0.317,0.083,0.083,-1.035,-1.035,0.317,0.317,1.476,0.317,0.089,2.125,-1.035,-0.096,0.083,1.476,0.083,0.317,0.317,2.125,0.423,-0.102,-0.102,-1.035,-1.035,-0.096,0.423,1.476,-0.102,2.125,1.476,-0.122,-0.102,-0.11740506981659642,-0.096,0.083,0.0628858450863684,0.423,-1.035,0.41039353129816086,2.125,1.465748897623705,0.317,2.113901896568551,-0.10668104048675639
-0.766,-0.813,-0.692,-0.766,-0.691,-0.691,-0.745,-0.589,-0.692,-1.003,-0.589,0.662,-1.003,-0.766,-0.692,-0.691,-1.003,-0.589,-0.589,-0.691,-0.692,-0.813,0.662,-1.003,0.653,-0.692,-0.691,0.343,-0.745,0.653,0.653,-0.692,-0.589,-0.589,-0.766,0.343,-0.813,-0.745,-0.692,0.343,-0.745,-0.589,-0.589,-0.766,-0.691,-0.589,-1.003,0.662,0.653,-1.003,-1.0222429914750835,-0.745,0.653,0.343,-0.691,-0.9537987819714457,0.662,0.6376571913596631,0.6460949968266696,-0.692,-0.589,-0.813,-0.9312601866184749,0.33017231795037183,-0.7552108122338584,-0.766
-0.941,-1.013,0.193,-1.265,-1.265,-0.758,-1.265,0.193,-0.941,-1.0,-1.265,0.193,0.193,-1.0,-1.0,0.737,-0.941,0.052,-0.758,-0.758,0.193,0.193,-1.013,0.193,-0.758,-1.0,0.052,-1.265,-1.013,-0.758,0.22,0.193,0.737,-0.941,-1.013,-0.941,0.22,-0.399,-1.013,-1.265,-1.265,0.193,-0.941,-1.265,0.193,-1.265,0.193,0.737,-1.0,0.193,-1.265,-1.0,-1.0169301506843147,0.18109812358371866,0.737,-1.2777448886136586,-0.983099958889516,-1.013,-0.941,-1.03140224044566,0.22,-0.9506689254510627
1.26,-0.265,0.522,-0.845,-0.265,1.281,-0.251,-0.709,-0.251,1.281,0.522,-1.13,-0.709,-0.709,-0.943,-1.13,-0.943,-1.13,-0.33,-0.265,-0.265,-0.251,1.26,-0.265,1.281,-0.845,1.26,-0.845,1.26,-0.33,-0.709,-0.33,-0.943,1.281,-0.251,-0.943,-1.13,1.281,-0.33,-1.13,-0.943,-0.943,-0.845,-0.251,-0.845,0.522,-0.845,-0.709,-0.265,-0.7247011145816042,0.522,-0.2825588355978669,-0.845,-1.13,-0.251,-0.855504053684937,0.5130933884955622,-0.24060423155854838,-0.8153585542883796,-0.33,-0.7683897234972266,-0.20804068298987852,-1.1411386366297396,-0.6985304641363044,-0.3417577532962949
-0.98,-0.827,-0.544,-1.456,-1.204,-0.544,-0.827,0.542,-0.544,-1.204,-0.544,0.111,0.119,-0.827,0.119,-0.591,-1.204,-0.98,-0.591,-1.456,-0.302,-0.544,-0.544,-0.302,-0.591,-0.591,-1.456,-1.456,-0.544,0.542,-0.98,-1.456,-1.456,-1.204,-1.456,0.111,-0.544,-0.827,-0.591,-1.456,-0.302,-1.456,-0.98,0.119,-0.827,-1.456,-0.98,0.542,0.542,-0.98,-1.204,-0.544,-0.591,-1.204,0.119,0.10609955239474679,-0.302,-0.98,0.111,-0.544,-0.827,0.14258659972585438,0.09753080032468235,-0.9978196271410835,0.542,0.5272397045480666,-0.3146199609889144,0.14206590569390765,-1.456,-0.9554239860357899
1.557,1.557,0.572,1.705,-1.121,1.705,1.584,-1.121,1.705,0.105,0.105,0.105,0.105,1.584,-0.098,1.705,1.705,-0.098,-0.956,-0.956,-0.956,-1.121,-1.121,1.705,1.042,1.042,0.105,1.705,0.105,0.105,0.105,0.572,1.042,0.572,-0.956,-0.098,0.105,-0.956,1.042,-0.956,-0.956,-0.098,-1.121,-0.956,0.572,1.584,1.584,1.557,1.584,1.557,0.572,-0.956,0.403,-0.956,1.705,-0.098,-1.121,0.403,0.3842976655948098,0.572,0.105,-1.131713479207406,1.042,0.08445743115254406,-0.956,1.557,-0.11282300344607232,-0.06452844268643093,-0.9708582028340094
1.26,-0.352,-0.589,-0.352,0.359,-0.352,-0.589,0.911,-0.988,1.04,-0.988,1.26,1.04,-0.589,-0.988,0.359,0.592,1.04,-0.385,-0.385,-0.988,-0.988,-0.988,-0.589,1.26,-0.589,-0.589,1.26,-0.589,-0.352,0.911,0.359,1.26,1.04,0.911,1.04,1.26,1.04,-0.589,-0.589,0.592,-0.589,0.911,1.26,0.911,-0.589,-0.589,0.911,-0.589,1.04,-0.589,0.592,0.592,0.415,0.359,1.26,-0.589,0.911,0.592,1.04,-0.352,-0.589,0.359,-0.352,-0.988,-1.0097812352278845,1.04,0.911,-0.9622114699805845,0.415,0.8978869503619921,0.592,-0.5975072636944663,0.3499918449749253,0.5772572464098137,-0.385
1.933,0.997,1.334,1.933,1.334,1.81,0.492,0.311,-0.636,-0.636,1.81,1.933,0.311,1.933,-0.146,0.492,1.334,0.311,1.079,0.492,1.933,0.311,1.81,0.997,1.933,1.81,1.933,0.959,-0.146,0.492,1.079,0.959,1.334,0.959,1.81,1.334,1.81,1.334,0.492,0.492,0.492,1.81,1.079,1.334,-0.636,-0.146,0.997,0.311,0.2920050388976171,0.9853506657608387,-0.146,1.81,1.034392230405276,1.334,1.3167310391718992,1.933,-0.15783138281658227,-0.636,0.959,1.060873338744006,1.3623719588516032,0.32412072286129096
-1.197,-0.511,0.913,0.694,-0.264,-0.511,-0.204,-0.299,0.913,-0.84,-0.204,-1.197,-1.197,-0.985,-1.197,-0.985,-0.264,-0.511,-0.264,-0.264,-0.84,-0.264,0.913,0.915,-0.511,-0.204,-0.84,-0.84,-0.511,-0.264,-0.299,-0.985,-0.299,-1.197,-0.985,0.913,-0.511,0.694,-0.84,0.915,-1.197,-0.985,-1.197,-0.299,-0.985,-0.985,0.913,-0.985,0.694,0.8980321272621097,-0.204,0.915,-0.2187698089250153,-0.9966976409533911,-0.264,-0.2765529149361974,-0.1866738260365401,-1.197,-0.84,-0.23920547271930692,0.9032014268145313,-0.19272408283371245,-0.9664547194537211,0.680653275325963,-0.15958557979842558,0.9248267768309474,-0.8547555681366545
-0.945,-0.66,0.386,0.386,-0.66,-0.733,0.386,-0.66,0.386,-0.185,-0.945,0.386,-0.66,-0.912,-0.912,-0.945,-0.912,-0.936,-0.912,-0.936,-0.329,-0.329,-0.149,-0.329,0.386,-0.733,-0.912,-0.936,-0.66,-0.185,-0.945,-0.945,-0.149,-0.149,0.386,-0.329,0.386,-0.733,-0.936,-0.185,-0.185,0.386,-0.146,0.386,-0.912,-0.185,-0.66,-0.945,-0.733,-0.146,-0.185,-0.912,0.386,-0.149,0.3717342593154156,0.416238259005558,-0.329,-0.6705585935175808,-0.936,-0.956346694710916,-0.7393569275335745,-0.33995009387990416
0.443,2.134,0.141,2.134,0.443,-0.752,1.07,1.07,-0.115,0.141,0.266,-0.145,-0.115,-0.752,1.07,1.07,0.141,0.141,0.266,1.07,-0.719,2.134,0.266,2.134,0.584,-0.115,0.141,1.07,0.266,2.134,2.134,1.07,0.141,0.141,-0.752,0.584,-0.145,-0.719,-0.719,0.584,1.07,0.266,-0.145,-0.115,2.134,2.134,0.443,-0.752,0.141,1.07,-0.145,1.0564295216827437,0.584,-0.156872190339178,-0.719,0.443,-0.7379226262782997,-0.752,2.134,0.266,1.0855651204325087,1.1041335513005652,-0.115,-0.7605974067897452,0.25316289335879094,0.4302788653803292,-0.11959823296259907,-0.7046457261220775
-0.952,0.101,0.101,-0.407,-0.647,-0.952,1.798,-0.748,1.798,-0.952,-0.952,-0.748,0.101,0.061,0.061,-0.879,-0.952,1.798,1.798,1.798,-0.621,-0.647,-0.647,0.061,1.798,1.798,0.101,0.061,0.061,-0.748,-0.952,-0.879,0.061,-0.952,0.101,0.186,0.101,1.798,-0.879,0.186,-0.748,1.798,-0.748,0.061,1.798,0.101,-0.621,1.798,0.101,0.186,-0.621,0.17104843390193272,0.20985626151226333,-0.748,-0.6352019183530508,0.101,0.08371191147507422,1.798,0.26156775520416126,0.061,0.041925923615727924,-0.7569376987950721,0.07733008906892377
1.528,-0.834,-0.066,-1.048,1.299,-0.834,-0.834,-0.834,-1.02,1.299,1.299,-1.02,-0.834,-1.048,-0.029,-0.029,-1.048,1.299,-0.145,1.528,-0.083,-0.834,1.299,1.299,-0.834,-0.145,-0.834,-1.02,1.299,-0.066,-1.048,-1.048,1.299,1.299,-1.02,-0.066,-0.834,-1.02,-1.02,-0.066,1.528,-0.561,-1.048,-1.02,-1.048,1.528,1.528,-0.066,1.528,-0.561,-0.066,-0.066,1.299,-1.048,-0.066,-0.066,-0.029,-0.066,-0.029,-1.02,-0.834,-0.07617405166639335,-0.561,-0.145,-0.839659274848743,-0.062111958610434906,-1.048,-0.083,-0.16166233766717908,-0.7951298398751966,-0.011589231100392911,1.299,-0.5753743955290883,-0.5470839456319312,-0.09824027260857043,-0.7574161612797179,-1.0615534792435442,-0.7114663842723719
0.644,0.049,-0.919,0.778,-0.165,-0.919,0.049,-0.919,0.049,-0.919,0.644,0.644,0.768,0.768,-0.165,0.768,-0.795,-0.631,0.043,0.049,0.778,-0.165,-0.919,-0.171,-0.171,0.644,-0.919,-0.165,0.768,-0.171,-0.165,-0.165,0.049,0.043,-0.795,-0.919,-0.795,0.644,0.768,-0.795,-0.795,-0.631,-0.795,-0.171,-0.171,-0.171,0.768,0.644,0.049,-0.795,-0.171,0.644,-0.165,0.778,0.043,0.644,-0.1787938384878089,0.768,-0.171,0.02914443649767874,0.7551827368877382,-0.919,-0.9415294760624735,-0.14611640691127772,0.049
0.495,-1.244,-1.244,-0.258,0.495,-0.616,0.048,-0.992,0.523,0.495,0.495,0.523,-0.616,0.048,0.523,-0.992,0.523,-1.244,-0.128,0.523,0.523,-0.992,-0.258,0.048,-1.244,-0.352,-0.992,-0.258,-1.244,0.495,0.495,-1.244,0.441,0.523,0.523,0.495,-0.616,0.048,-1.244,-0.352,-0.258,-0.258,-0.616,-0.352,-0.6306388160889164,0.048,0.523,-0.992,0.495,0.037047705061525826,-0.128,0.08342212350187116,-1.244,0.503858147915153,-0.1406507284442295,0.4845857068170538,-0.09914207140187936,0.5421799860173434
-0.417,0.838,-0.487,-0.417,0.838,-0.487,-0.732,-1.004,-0.874,-0.732,-0.874,-1.004,-0.874,-0.753,-0.874,-0.487,-0.417,-0.753,-0.487,-1.004,-0.754,-0.874,-0.417,-1.004,-1.004,-0.753,-0.754,-0.417,-0.64,-0.754,-0.64,-1.004,-0.732,-0.754,-0.732,-0.64,-0.754,-0.64,-0.64,-0.64,-0.874,-1.004,-0.64,-0.417,-0.64,-0.417,-0.487,-0.5098642978446126,-0.732,-0.7584204092451705,-0.64,-0.7087622350656149,-0.6865686341377801,-0.754,0.0,-0.4323169655800926,-1.004,-0.764121191509392,-0.874,-0.017548153817288744,0.838
1.464,1.464,0.047,-0.986,1.158,-0.212,0.84,0.91,1.158,0.047,0.047,1.464,-0.986,-0.925,-0.212,-0.925,0.441,0.84,1.275,-0.212,-0.986,-0.925,1.275,0.84,0.91,0.84,1.275,1.158,0.84,0.84,1.464,-0.212,0.91,0.047,-0.986,0.047,-0.925,0.91,-0.212,0.047,-0.986,1.464,1.158,1.158,1.275,-0.925,1.275,0.84,1.158,0.047,1.158,0.91,1.1496580217058638,0.84,1.275,-0.925,1.464,-0.986,-0.212,-0.23001845265476276,-0.9372691067409683,0.8329501667172367,0.8739974133141871,0.8922175864659789,0.9351998320102087,0.047
-0.701,0.884,-0.906,0.884,-0.431,-1.035,-1.042,0.884,-0.518,-0.701,-0.701,0.884,-1.035,-0.906,0.884,-1.035,-0.435,-0.701,-0.431,-0.435,-1.042,-0.701,-0.435,-1.042,-1.035,0.884,-0.906,-0.906,-1.042,-1.042,-1.042,0.884,0.33,-0.906,-0.518,0.577,0.884,-1.042,-1.035,-1.035,-0.906,0.33,-0.701,-0.906,-0.701,0.884,-0.906,-0.518,-0.518,-0.701,-1.035,-0.435,-0.906,0.884,-1.042,-0.518,-0.9185726603419042,0.577,-1.035,-0.701,-1.0435844821394695,-0.8791828757178031,-1.055719554785922
-0.528,-0.95,1.728,-1.093,-1.093,-0.95,0.141,-0.95,-0.95,-1.287,1.728,-0.413,-1.093,1.728,-0.481,-1.287,-0.43,-0.95,-1.287,-1.287,-0.481,1.728,-0.43,-1.093,-0.349,-0.95,1.728,-0.481,-1.093,-0.528,-1.093,-1.287,-0.349,1.728,-0.349,-1.287,-0.95,-0.43,-1.093,1.728,-1.287,0.141,1.728,-0.43,-1.287,-1.093,1.728,1.728,-1.093,1.728,-1.287,-0.528,-1.287,-0.43,-1.093,1.728,-0.95,-0.413,-0.42163334335197666,-0.481,-1.093,-1.1151875404547127,-0.4969302866435867,-1.0959167198258235,-0.349,-1.287,1.728,-0.3632563489519346,-0.528,1.7149041178165587,1.743003970955846,-0.5412952518957516
0.295,-0.915,-0.785,-0.558,1.64,0.758,-0.537,1.64,-0.856,-0.856,-0.245,-0.26,-0.558,-0.26,1.64,-0.245,-0.245,-0.537,-0.915,0.758,0.295,0.295,-0.537,-0.785,-0.537,0.758,-0.915,-0.26,-0.915,0.758,-0.915,-0.537,1.64,-0.537,-0.856,-0.245,-0.856,-0.245,-0.26,1.64,-0.856,0.295,0.758,-0.785,-0.915,-0.915,1.64,-0.915,1.64,-0.915,-0.785,0.758,-0.537,1.64,-0.245,1.64,0.295,-0.785,-0.26,-0.27899596750417266,0.28166985900313235,-0.245,-0.915,-0.26035076372773963,0.758,0.744575846417667
1.818,-1.011,-0.662,1.136,1.605,-0.662,-1.011,-1.011,1.605,-0.504,1.605,0.546,-0.192,-0.192,-0.192,-0.192,0.831,0.831,-0.811,-0.662,-0.504,1.818,1.818,0.831,1.605,0.831,-0.192,1.818,1.605,-0.504,1.818,1.136,0.831,1.818,1.605,-0.811,-0.504,-0.504,-0.662,0.546,-0.504,-1.011,-0.192,-1.011,0.831,-0.192,-1.011,-0.811,1.818,1.605,0.546,-0.811,0.546,-0.192,0.5266643410277672,-0.662,-0.8275379662310925,-0.6806725166069317,1.818,0.5804315934986245,1.605,0.831,1.5865389526891158,-0.20379747585063274,-0.504,0.8170629338189079,-1.011,1.624110541872152
-0.704,-0.906,0.867,-0.061,0.627,-0.313,0.035,0.867,0.035,0.867,0.627,-0.906,0.974,1.739,-0.313,0.867,-0.906,-0.061,-0.704,-0.704,-0.011,-0.313,0.035,0.035,-0.704,-0.011,0.035,0.867,1.739,-0.011,-0.313,-0.061,-0.011,1.739,0.974,0.974,-0.906,0.867,1.739,-0.061,-0.906,-0.704,1.739,0.035,0.627,-0.313,-0.704,0.627,0.867,-0.313,1.739,0.8496277350296235,0.035,0.6121259602031621,0.974,1.7281598167823902,0.014062174799275354,0.8769986299136773,-0.011,-0.7139435341541932,-0.906,0.03540024321942399
-1.137,1.198,-1.137,-0.517,-1.137,1.003,-1.405,-1.405,-0.367,-0.93,-0.517,-0.93,0.158,0.158,-0.83,1.198,-1.137,0.909,1.003,-0.367,-1.405,-1.137,-1.405,1.198,-1.137,-0.93,0.909,-0.367,1.003,-0.83,-1.405,-1.137,-1.137,-0.517,-1.137,-1.405,-0.517,-0.93,-0.83,1.198,-0.367,-1.405,0.158,-0.517,-0.367,0.909,-0.38745277022809876,-0.83,-0.5269399358339647,0.8924506094614786,-1.137,-0.3470293432256231,0.158,-0.48729784446706065,-1.1499249626866508,1.003,-0.4588349445620163,-1.405,0.9910588444687104,-0.8414289663803666,-0.93
0.215,-1.405,0.215,0.589,-1.405,0.589,-1.405,-0.975,0.589,0.215,0.45,0.281,-1.405,0.247,0.247,-1.405,0.215,-0.616,-0.616,0.247,-0.541,-0.256,-0.256,-0.541,0.247,0.247,0.589,-1.405,-0.541,-0.975,-1.405,0.215,-1.405,0.281,-0.616,-0.256,-0.256,0.589,0.247,-0.975,-1.405,0.589,0.589,-0.256,0.247,0.247,-0.975,-0.256,0.247,0.215,0.215,-0.616,-0.6462841490765361,0.247,0.281,-0.256,-1.405,-0.975,-0.541,-1.422907669592313,-0.270349401210586,-0.6095303961443703,0.45,-0.5503701477032444,-0.995025472827476,-0.24286342079757395,-0.9509356765279328
2.265,-0.628,0.997,-0.013,2.265,-0.141,1.077,-0.873,-0.232,1.077,-0.873,-0.628,2.265,-0.232,2.265,-0.804,2.265,-0.141,2.265,2.265,2.265,2.265,1.077,-0.232,2.265,-0.804,2.265,-0.873,2.265,-0.873,0.16,0.16,-0.804,-0.873,-0.141,2.265,-0.628,1.077,2.265,0.997,2.265,0.16,0.997,-0.013,-0.232,-0.232,-0.013,2.265,0.16,-0.804,-0.141,-0.8220011963185455,0.997,0.148815032930998,1.077,-0.232,-0.013,-0.028834585402263135,0.17118464885197013,0.2031671140891466,0.22928843975545865,-0.7899902533650616,2.2519742930928484,1.0623391569803204,-0.873
-1.118,0.502,-1.036,-0.334,-0.557,-1.036,-0.334,-0.809,0.967,-1.118,-0.809,-0.334,0.502,-0.87,0.316,0.502,0.502,-1.036,0.967,-0.557,-0.809,-0.809,-0.809,0.967,0.316,-1.036,0.316,0.316,-1.118,1.737,-0.87,-0.87,-0.87,-1.036,-1.036,-0.809,-1.118,-0.334,-0.334,0.502,-0.557,1.737,0.502,-0.557,-1.118,0.502,-0.334,-0.557,-0.34695063644815255,1.737,-0.2928104511577615,0.967,-0.87,0.316,-0.2708684892322615,0.9527015999385653,0.981155451469203,-1.118,1.013217248616001,-1.1372818672356357,1.7223594716987392,0.300506073648755,0.33274010754708894,0.3782498469692015,-0.2233743991088163,0.41300695863944187,1.7708819619428884,0.502,-1.036,1.802043027303587
-0.681,-0.661,1.696,-0.681,1.696,-0.679,1.696,1.696,0.186,-0.661,1.696,0.379,-0.661,-0.681,0.379,-0.724,-0.72,-0.72,-0.679,-0.681,0.674,-0.661,0.186,1.305,-0.724,-0.679,0.674,-0.661,-0.681,0.674,1.305,0.379,-0.72,-0.72,0.379,1.696,0.379,0.379,1.696,-0.681,1.305,1.305,0.186,1.305,0.186,-0.681,-0.72,-0.724,-0.679,-0.724,0.674,-0.661,1.305,-0.6935403310410624,-0.7403146784467184,-0.6970143607955457,1.696,-0.681,-0.72,0.379,-0.6583438644930184
1.449,0.029,0.256,0.029,-0.546,-0.166,-0.728,0.797,-0.728,-0.546,0.029,0.029,0.256,-0.728,-0.166,1.449,0.797,1.449,1.594,-0.166,-0.728,0.029,0.797,1.594,0.797,1.449,0.256,1.594,0.694,0.256,-0.546,0.694,0.797,-0.22,0.256,0.256,-0.546,-0.166,-0.546,0.029,0.797,-0.728,-0.728,-0.728,0.029,0.797,0.256,-0.22,-0.166,0.23953568664720615,-0.546,0.7836316364872703,-0.23191754876641904,0.8341290145645224,1.449,1.4294747927010616,0.017731026934847106
1.309,1.609,1.309,-0.531,-0.761,1.33,1.33,-0.531,0.247,-0.087,-0.531,0.986,1.609,0.986,0.986,1.609,-0.087,1.309,0.247,-0.087,0.247,-1.012,0.247,-0.531,0.986,-0.531,-1.115,-0.087,-0.087,-0.761,-1.012,-0.087,0.986,-1.012,-0.087,-0.761,-1.012,0.986,-1.115,-0.531,0.986,-1.012,-1.115,1.33,1.309,0.247,-1.115,-1.115,-1.115,-0.761,-1.012,-0.531,-0.761,0.986,-1.0268484298961897,0.9693785040270767,1.0033820730446537,-0.087,-1.115,-1.0109368672852603,-0.77755646993809,-1.1278310784877086,0.247
1.232,-0.519,0.927,0.927,0.615,0.927,0.953,0.395,0.615,0.37,1.232,1.232,0.395,0.395,1.296,0.615,-0.767,1.232,0.615,-0.519,-0.767,0.927,1.232,-0.519,1.232,0.615,0.37,0.395,1.296,1.232,1.296,1.296,0.927,0.395,1.296,0.953,-0.767,0.927,0.927,0.953,0.615,1.296,0.927,0.37,0.0,-0.767,0.395,1.232,0.927,1.296,0.3616368136570309,0.615,1.283504917801329,0.9159829778452112,1.3322106096426416,-0.519
-0.942,-0.173,-0.173,-0.173,-0.942,1.16,1.16,-0.173,-0.728,0.659,1.1,-1.158,-1.158,1.16,-1.158,-0.173,-0.173,1.1,-0.929,-0.371,-0.929,-0.173,-1.158,-0.942,0.659,-0.371,-0.929,-0.728,-1.158,-0.371,-0.371,-0.173,-1.158,-0.728,-0.173,-0.371,-0.765,-0.728,1.16,-0.173,-0.173,-0.173,-0.765,-0.942,-0.728,-0.765,-0.942,0.659,-0.942,-1.158,0.659,-0.929,-0.173,-0.765,-0.728,-0.173,-0.765,-0.728,-0.1852112616058289,1.16,0.659,-0.371,-0.3812826804086339,-1.158,-0.7388737674357192,0.6465365134273534,-0.7787965764841027,-0.7024427775866768,1.1481530528955595,-1.1769024513931847,-0.3573538831985451,-0.13298916531497118,-0.7522142486125268
1.236,-0.297,0.345,-0.117,-0.398,-0.117,0.345,-0.398,-0.297,1.236,-0.398,-0.554,-0.398,-0.398,0.035,1.953,-0.903,-0.903,1.953,1.953,1.236,-0.297,1.953,0.035,1.953,-0.903,0.035,-0.903,-0.554,1.953,0.035,-0.117,-0.398,-0.117,1.236,0.345,1.236,-0.117,1.953,-0.903,0.345,-0.117,-0.398,-0.117,-0.903,0.035,-0.554,0.0,-0.013069380000979337,-0.117,0.035,-0.903,1.953,1.9399542816436892,1.236,1.9486436532987712,0.027569945117055884,-0.398,-0.5625169860376777,0.345,-0.4125689002950616,1.2259671209873748,0.06342871504522427
-0.495,-0.809,-1.112,-0.42,-1.15,0.376,-1.112,-1.112,-1.15,-0.809,1.224,-1.15,-0.712,-0.495,-0.809,-0.495,-0.713,-0.713,-1.112,0.376,-0.713,1.224,-0.713,-0.495,0.348,1.224,0.376,-0.713,-1.112,-0.713,1.224,-1.15,-1.15,-0.42,0.376,-0.712,-0.712,-0.495,-1.112,-1.112,-1.15,-0.713,-1.112,-1.15,-0.42,0.376,-0.495,-0.713,0.348,0.376,-0.495,-0.712,1.224,-1.112,-0.713,-1.127360148239849,1.211625601369207,-0.7235679769495136,-0.7287157393984965,-0.809,-1.15,-0.42,0.36697540216157715,0.425987684844334,-1.1056511077853857,-1.1640380731300788
-0.355,-1.221,-0.742,-0.742,-0.609,-1.221,-1.221,0.513,0.262,-0.731,0.262,0.262,-1.006,-1.006,0.513,-1.221,-0.499,-1.221,-0.731,-0.609,-1.067,-0.609,0.513,0.262,-1.067,-0.499,-1.067,0.262,-0.742,-1.067,-1.221,-0.742,-1.006,-1.067,-1.221,-1.006,0.262,-0.355,-0.742,-0.742,-1.067,-0.742,-0.609,-1.067,-1.006,-0.731,-0.731,-0.609,-1.006,-1.221,-0.499,-1.2364039394130073,0.513,-0.6254475314138018,0.262,-0.742,-1.067,-0.7595628494624804,-0.731,-0.7542750418409752,-0.355,-1.2108747537212787,-1.0205818533530306,-0.7239824557993025
-0.592,-1.142,1.811,1.811,-0.592,-0.533,-0.809,1.247,-0.564,-0.898,-1.142,-0.772,1.811,1.811,-0.592,-1.142,-0.564,-0.969,-0.809,-0.809,1.811,-0.969,1.247,1.247,-0.772,-0.592,1.247,-0.772,-0.969,1.247,-1.142,-0.898,-0.809,1.811,-0.969,1.811,-0.969,-1.142,-0.533,1.811,-1.142,-0.898,-1.142,-0.592,-0.564,-0.969,-0.592,-0.592,-0.772,-0.898,-0.564,-0.592,-0.898,-0.809,-0.8259066016175268,-0.772,-0.9133596342268233,1.811,1.796470549588301,-0.969,-0.533,-0.7798259856424185,-0.5795082586486242,-0.5479309191984754,-0.8613923015510923,-0.545222921995074,1.247,-0.8135197912638104,1.2335646737232044,-0.7373668672838185
-0.58,0.864,-0.58,-0.58,1.073,0.139,-1.228,-0.549,1.073,-0.002,-0.002,0.139,-0.682,-0.002,-0.263,-1.228,-0.58,1.073,-0.549,-0.263,1.073,-1.228,-0.002,-0.549,0.921,0.921,0.139,-1.228,-0.263,-0.549,0.139,-1.228,-0.263,-0.549,0.864,-0.58,-0.002,-0.263,-0.263,-1.228,-0.58,-0.002,-0.002,-0.682,0.921,1.073,-0.58,-0.263,-0.549,-0.263,-0.263,-0.263,0.139,0.864,0.852648374446255,1.073,-1.228,-0.58,-0.002,-0.5934312550305169,0.12961950705870254,0.921,-0.682,-0.549,-0.2773387575392317
1.399,1.399,1.15,-0.869,-0.656,1.162,0.095,1.399,-0.72,-0.8,1.246,0.095,1.246,-0.212,-0.869,-0.72,-0.8,-0.8,1.15,-0.8,1.162,-0.72,-0.212,-0.656,1.15,1.246,-0.72,-0.212,1.162,1.15,1.162,-0.656,-0.8,1.162,-0.869,0.095,0.095,-0.656,1.15,1.15,-0.8,-0.8,-0.212,1.162,-0.212,-0.869,0.095,0.095,-0.72,0.095,1.15,1.246,0.095,1.246,-0.656,1.399,-0.8,1.3862276628307453,-0.8194592746898879,-0.869,1.4353698947975793,-0.72,-0.7371967389249805,1.4824884418917121,1.2325548696853648,1.5361311565376896,-0.6686802105675989,-0.212
0.199,1.625,-0.912,0.199,-0.409,1.625,1.625,-1.03,-1.03,-0.621,1.582,-0.912,-1.03,0.199,1.625,0.199,0.199,0.25,-0.621,0.199,1.582,-0.912,-0.621,0.25,-0.139,-1.03,1.582,0.199,1.582,1.625,-0.409,-0.621,-0.409,0.25,1.625,-1.03,1.582,-1.03,-0.912,0.173,-1.03,0.199,0.173,0.199,-0.409,-0.912,-0.409,0.25,1.625,-0.912,-1.03,-1.03,-0.139,-0.621,-0.6385163755316634,1.625,-0.15004020803876028,-0.409,1.618237267721045,0.199,1.582,-0.5864351302162365,-0.5560135032919195,-0.912,0.19166751851317854,-1.042278500825416,-0.9272415909909438,-0.8914675118843068
-0.756,-0.892,-0.892,-0.23,-0.944,-0.756,0.606,0.606,-0.756,0.414,0.131,-0.892,-0.756,0.131,0.723,-0.892,-0.944,-0.23,-0.414,0.505,-0.756,-0.756,-0.23,0.723,0.606,-0.944,-0.892,0.414,-0.23,-0.944,-0.892,-0.414,-0.23,-0.23,-0.944,-0.892,0.723,-0.892,0.131,0.606,-0.944,0.131,-0.944,0.414,-0.944,0.131,0.3990171124126452,-0.414,0.606,0.44366610278331,0.505,0.48715734908984043,0.5927713888068505,-0.9548299128508211,-0.756,0.11378760156470699,0.723,0.1528460652098934,-0.9085992156820705,-0.8792448896313289,0.615600529919876,0.4885803434771466
-0.885,-0.783,-0.985,-0.809,-0.885,2.067,0.033,-0.788,0.033,-0.885,-0.063,-0.788,-0.902,-0.788,-0.803,2.067,-0.788,0.033,-0.985,0.033,-0.803,-0.809,-0.063,-0.783,-0.902,-0.783,2.067,-0.902,-0.783,-0.985,-0.788,-0.902,-0.809,2.067,-0.063,-0.985,-0.788,-0.783,-0.788,2.067,-0.803,-0.783,2.067,-0.985,-0.788,-0.788,-0.788,-0.063,-0.902,-0.788,-0.788,2.067,-0.783,-0.885,0.033,-0.063,-0.809,-0.902,2.067,-0.788,-0.8070157748428548,-0.063,-0.08541995168375087,-0.885,-0.783,0.033,0.02045572379139194,-0.021492495749945276,-0.985,0.0438346925003401,0.08263389988001947,-0.8191493422230943,2.056976956131021,0.022442930799456983
1.439,-1.175,1.38,-1.256,0.906,1.38,0.495,1.035,1.035,-0.084,1.439,0.906,0.495,1.035,1.439,-1.175,-1.256,-0.351,-1.256,0.906,1.035,-0.351,-0.351,1.035,0.906,-1.175,1.035,-1.256,1.035,1.439,1.035,0.906,0.906,1.439,-1.256,1.439,-0.084,1.439,1.38,-0.351,0.495,1.38,-0.351,-1.256,0.906,-1.175,1.439,1.439,-0.351,-1.256,0.906,-1.175,-0.084,1.439,1.439,1.4189520626416237,0.906,-1.256,1.472868696371312,1.38,-1.2704431759292063,1.491334276495797,0.889761195811076,1.035,1.3629722772370765,1.383562513196721,-1.175,0.0,-1.1862961377229368,-0.011905047916856877,0.495,-1.1485637901503667,-0.084
1.176,-0.021,-0.902,1.176,-0.698,1.176,0.116,-0.698,1.176,0.123,-0.811,0.123,0.123,0.123,0.967,-0.902,0.236,0.236,-0.811,-0.811,-0.021,-0.021,-0.902,0.123,1.082,-0.698,0.123,1.082,-0.902,0.236,1.176,1.176,0.123,0.967,-0.021,-0.811,-0.021,1.082,-0.902,0.967,1.082,-0.021,-0.902,0.967,-0.811,0.116,1.082,0.236,0.967,-0.811,-0.698,0.123,0.116,0.10665973668407912,-0.7110998257044241,1.176,0.22050789719767544,1.0677046405509025,-0.021,-0.6661042611668802
-0.707,-0.538,-1.102,-0.415,-0.538,0.875,-0.833,-0.404,-1.102,1.182,-0.975,-1.102,0.875,1.182,1.182,-0.975,0.343,-0.707,-1.102,1.182,-0.975,-0.975,-0.833,-1.102,-0.538,1.182,-0.833,-0.415,-0.538,-1.102,-0.975,-0.975,-0.975,-0.833,-0.538,-0.975,0.343,0.343,-0.975,-0.538,-0.538,1.182,-0.707,-1.102,-0.707,0.343,1.182,-0.975,0.343,-1.102,0.343,0.343,-0.538,-0.975,-0.538,1.182,-0.415,-0.538,-0.707,-0.833,0.875,1.182,-0.975,-1.102,-0.415,-0.9832904710809105,-0.9500136112433596,-0.404,-0.538,0.8619312646645917,-1.1135090850920661,-0.4163251124363011,0.343
-0.225,0.01,0.899,-1.094,0.363,-1.094,-1.094,-0.225,1.874,0.01,0.899,0.01,1.401,1.874,1.401,-0.441,1.874,1.874,-0.441,1.401,-0.668,0.899,1.401,-1.094,-0.668,-0.225,1.874,1.401,-1.094,-0.225,-1.094,1.874,0.363,1.566,0.363,1.566,-0.441,-0.668,0.363,-0.441,1.874,0.899,0.899,-0.441,-0.441,1.566,-0.441,-0.441,-0.225,0.01,1.566,1.401,0.0007758471794353222,0.363,1.3836633169831987,0.899,0.03887499467612397,0.8867772058470808,1.5588455267470727,0.9388527654857651,-0.23968758547951827,-0.668,-1.094,-1.109008278338132
-0.135,-0.795,-0.948,0.978,-0.736,0.045,0.65,-0.795,-0.135,0.65,-0.855,-0.948,-0.736,-0.948,-0.135,-0.736,0.045,0.045,-0.736,0.65,-0.948,-0.855,0.978,-0.855,-0.736,0.435,-0.135,0.65,-0.907,0.978,-0.907,-0.135,-0.948,-0.907,0.045,-0.948,0.65,-0.736,-0.135,-0.135,-0.736,-0.736,-0.795,0.978,-0.135,0.65,-0.907,0.045,0.65,-0.948,0.978,0.636863262857411,-0.795,0.9626999822102896,-0.736,-0.135,-0.7490827563207607,-0.14911167987123838,0.6632407923793013,-0.855,1.0155102471066175
-0.744,-0.51,-1.173,-0.859,-0.744,0.037,0.368,-1.173,-1.173,-0.51,-0.859,0.319,0.037,-0.939,-1.173,-0.939,-0.939,-1.173,0.319,-0.859,-0.744,0.319,-0.744,0.368,-0.647,0.319,0.368,-0.51,-0.859,-0.939,0.368,-0.518,-0.518,-1.173,-0.939,0.319,-0.859,0.319,-1.173,-0.51,0.319,-0.744,-0.51,0.319,-0.859,-0.939,-0.518,-0.859,-0.647,-0.939,-0.51,-0.5308931592357741,-0.518,-0.744,0.319,0.3043977987552173,-0.939,-0.859,-0.8764592142173679,-0.4864143774221626,-1.173,0.3449665089967102,-0.8368890337798305,-0.8002089024979472,-0.647,-0.5343752245293832
0.981,-0.815,-1.037,-0.875,-0.815,-0.175,1.203,0.981,-0.815,0.915,1.203,-0.005,0.833,-0.875,-0.175,0.915,-1.037,0.833,0.915,1.203,0.915,0.981,-0.815,-0.875,1.203,-0.815,0.915,-0.414,1.203,-0.005,-0.815,-0.815,-0.875,-1.037,-1.037,0.833,0.833,-0.175,1.203,-1.037,0.915,-0.815,-0.005,0.833,-0.175,-0.815,0.915,-0.175,1.203,-0.175,-0.414,0.981,1.1877871284047496,-0.005,-1.037,-0.815,1.221900319249299,0.833,-0.875,-0.42170401171919886,-0.8239634543653012,0.915,-0.7756104850245187,0.9696533227992874,-1.0471165374352889,-0.390594475096274,-0.18840378996555834,-0.020427547504763673,-0.9944854487856181,0.8992120828105508,-0.0006799942351186725
-0.478,-0.633,-0.633,0.81,1.706,-0.258,-0.478,1.131,0.143,0.143,0.81,-0.258,0.143,1.131,-0.478,-0.478,1.131,0.81,-0.258,-0.478,-0.633,-0.478,0.143,-0.96,-0.96,0.143,-0.633,1.131,0.143,-0.258,0.143,-0.633,-0.478,-0.478,0.143,1.706,-0.179,-0.633,1.706,1.131,0.81,-0.478,-0.478,-0.633,0.143,-0.96,-0.96,1.706,-0.478,-0.478,0.81,0.7939115998233721,1.706,-0.4970932731549966,0.143,-0.633,1.131,-0.258,0.12847244526554155,0.14799947422552356,0.15279342657617404,0.19013290552425866,-0.46730151440234036
-0.227,1.469,-0.698,-0.227,-0.763,-0.131,-0.288,-0.763,-0.131,-0.641,-0.288,-0.698,1.469,0.996,-0.131,-0.131,0.404,0.996,-0.547,-0.227,-0.547,-0.698,0.996,-0.131,1.469,-0.227,0.996,-0.288,-0.641,-0.227,-0.763,1.469,-0.227,-0.131,-0.763,1.469,-0.641,0.996,-0.131,-0.698,0.996,-0.288,0.996,-0.641,-0.547,-0.131,-0.288,-0.1442014537715721,1.469,-0.227,-0.12147384183835414,0.996,-0.5604606181506153,1.4527560704493196,-0.5259427133293876,-0.29808327761098674,-0.26220061069771133,0.9841517993857072
-0.512,1.217,-0.719,-0.394,-0.246,1.217,1.217,-0.512,1.778,1.778,-0.676,0.354,-0.246,-0.246,-0.719,1.217,0.354,-0.236,1.217,0.303,-0.394,-0.394,-0.512,-0.512,-0.394,-0.236,1.778,1.778,-0.676,-0.394,-0.719,-0.394,0.303,0.354,-0.512,0.354,-0.394,1.778,-0.394,-0.676,-0.512,1.217,1.778,1.778,-0.719,-0.394,-0.4044605559412944,-0.676,0.303,-0.236,-0.735086069916515,0.354,0.3374825553881223,0.2901113529998638,0.3913945041024804,-0.512,-0.2511884786764013
-0.5,0.184,-0.585,-0.584,-0.857,-0.857,-0.662,-1.071,-0.662,-1.071,-0.5,1.663,-0.5,-0.5,-0.662,0.493,1.663,0.184,-0.5,1.288,1.663,1.288,-0.585,1.288,-0.857,-0.584,1.663,1.663,-0.662,-0.5,-0.857,-1.071,1.288,1.663,-0.585,-1.071,-0.857,-1.071,-0.662,-0.662,-0.6833599263316483,-0.585,0.184,-0.5,-0.857,1.663,-1.071,-0.6549004372398253,-0.5145505857376991,-0.4737283549411712,1.6488728897115994,-0.8684203142803453,0.17198097436148826,0.20949015085915623,-0.44617611768863485,0.23512231424139102,1.288,-0.6159828370411167
-0.736,-0.736,1.273,0.063,1.36,-0.86,1.273,1.36,-0.86,1.36,-0.556,1.36,1.273,0.673,-0.396,0.063,-0.227,-0.86,0.063,1.273,0.673,0.063,0.673,-0.736,-0.86,-0.556,0.063,-0.86,1.273,-0.227,-0.556,-0.227,1.061,1.061,-0.396,1.273,-0.227,0.063,0.063,-0.227,-0.227,1.273,1.273,0.063,1.36,0.673,-0.227,1.273,-0.396,1.2592652069491606,1.3469314151275147,0.6596763773447853,0.6971050026263885,1.2951800490828538,1.324668679862857,1.3530908561908253,1.3851621488139954
0.517,-1.087,1.11,0.108,-1.163,-0.969,0.108,-1.163,-1.087,-1.087,-1.087,0.108,0.94,1.766,-1.087,0.131,0.108,0.94,0.517,-1.163,1.11,1.766,0.517,1.766,0.517,0.266,0.94,-1.163,1.11,1.11,1.766,-1.163,0.266,0.131,0.94,-0.969,-1.087,0.131,-1.087,1.11,1.766,0.266,-1.087,1.766,0.108,0.517,0.94,-1.163,0.94,0.266,1.766,-0.969,-0.969,0.108,0.131,0.266,-1.163,1.11,-1.1746651432113906,0.11506547789847635,1.766,-1.087,0.251389046090874,0.94,0.517,0.09345430897344593,-0.969,0.2954633044991067,1.753138927695885,0.1681496137806681
-0.308,-1.02,-0.999,-0.756,-0.308,0.481,0.481,-0.558,-0.999,-0.444,-0.756,-0.565,-0.398,-0.308,-0.999,-1.02,-0.999,0.481,-0.444,-1.02,-0.444,-0.308,-0.565,-0.756,-0.558,-0.999,-0.863,-1.02,-0.565,-0.863,-0.863,-1.02,-1.02,-0.756,0.481,-0.308,-0.444,0.481,-0.999,-0.999,-0.863,-0.756,-0.565,-0.565,-1.02,-0.565,-0.565,-1.02,-0.863,0.481,-0.565,-1.0317585845603103,-0.558,-0.5863058976215323,-0.5463735342041712,-0.8784789998568929,-0.5335849255052085,-0.756,-0.5238973423768627,-0.7691961265994972,-0.308,0.46793883548927506,-0.5680428209726711,-0.4854944391254138,-0.3215784396984393,-0.2879141112029148,-0.8443662930828626
1.401,-0.832,1.401,-0.898,-0.2,0.345,-0.898,-0.898,-0.264,0.345,0.345,2.147,1.401,-0.246,0.076,-0.264,-0.264,-0.264,0.319,0.076,-0.2,-0.264,0.345,-0.2,2.147,-0.2,-0.832,0.345,0.076,-0.898,0.076,0.319,-0.246,2.147,-0.832,-0.2,-0.264,-0.264,2.147,-0.246,1.401,1.401,0.345,1.401,-0.898,-0.264,-0.246,2.147,1.3966232471916773,-0.832,-0.8436714445760848,0.076,0.060776428708325135,0.08032701691406723,2.1371501405741404
-0.194,0.343,0.185,-0.432,1.91,-0.432,-0.345,-0.432,-0.432,1.64,1.753,1.91,-0.223,0.343,-0.345,0.185,1.753,-0.194,-0.345,1.753,0.185,-0.345,1.64,1.91,-0.432,1.64,0.343,1.91,0.448,-0.432,0.185,-0.345,1.64,0.448,0.343,-0.194,1.753,1.91,0.343,-0.223,1.64,0.185,0.343,0.448,0.343,1.753,-0.432,-0.223,-0.345,1.64,0.448,0.448,0.4335724651976505,1.64,1.753,-0.194,0.343,1.91,1.7405049780534145,0.3328804093929247,0.185,0.3748630426651842
-0.003,-0.427,0.925,-0.412,-1.117,0.925,1.01,-0.412,-0.003,-0.427,-0.427,1.01,-0.427,-0.003,-0.704,-0.981,-1.117,-0.412,-0.704,1.01,-0.704,-0.427,-0.981,-1.117,1.822,-0.981,1.822,-0.427,0.053,-0.412,-0.003,-0.412,-0.427,1.01,-0.704,-0.427,-0.981,-1.117,0.925,1.822,-0.003,-1.117,1.822,1.01,-0.981,-0.412,0.053,0.053,-0.981,1.822,0.925,1.822,0.053,0.04051743646803928,-0.427,-0.412,0.08163721313106609,-0.44205942873834214,0.10286703680943686,-0.981,-0.4247542313770394,-0.3928212669252338,-0.704,1.01
0.396,-1.231,-0.616,-0.371,-1.43,-1.231,0.396,-0.008,-1.43,0.396,-1.231,1.0,-1.43,-1.231,-1.43,0.883,-0.008,-1.43,1.469,1.0,1.0,-1.43,-0.626,1.0,1.469,-0.616,-1.43,-1.231,-1.231,-0.626,-0.616,-1.43,-1.231,0.396,-0.371,0.396,-0.371,1.469,1.0,0.883,1.0,0.396,0.883,-0.616,-0.626,-1.231,-1.43,-1.231,-0.008,-0.371,-0.616,-1.43,0.396,-0.008,-1.231,-1.43,-0.021637658225696188,-0.616,0.020107917066935335,0.883,-0.626,1.469,0.8733614070156154,-1.240457348577536,-0.371,0.06323656874200255,0.8926386567994682,0.10132235639512364,-1.4469628872639053,-1.4102993283204879,-1.1969994926843717
-1.081,0.843,-0.915,-1.081,-0.915,1.68,-0.915,-1.081,1.258,1.258,-1.081,1.258,-1.081,1.258,-1.081,1.258,-0.915,-1.081,-1.293,-0.915,1.68,-0.915,-1.293,-1.293,1.258,1.68,-0.588,0.843,-0.499,-1.081,-0.256,-0.915,1.68,-0.499,1.258,1.68,-1.081,1.258,-1.293,-1.293,-1.293,-0.588,-1.293,-1.293,-0.499,1.68,-0.915,0.843,-0.915,-0.256,-0.915,-1.081,0.843,1.258,0.0,1.68,-1.091683194560858,-0.9300492699008609,-0.011345273535293073,-0.499,1.2454552221237885,-0.588,-0.5127108574100674
-0.748,1.217,1.217,-0.061,-0.732,-0.748,-0.732,0.538,-0.732,0.287,-1.214,-1.214,-0.322,-0.265,-0.395,-0.395,0.538,1.217,0.538,-0.395,-0.322,-0.265,-0.265,1.217,0.287,-1.214,-1.214,-0.732,-0.265,1.217,-0.732,-0.061,-0.061,-0.395,-0.265,-0.265,-0.395,-0.265,0.287,-1.214,-1.214,-0.748,-0.395,0.287,-0.322,-1.214,1.217,-1.2264313773929088,-0.265,-0.33747045182136043,-0.2749629773848754,-0.32543173377601353,-0.732,-0.061,0.538,-0.24110108984441517,0.525284397134165,0.544341105589562
1.006,1.006,-0.469,-1.009,0.78,0.78,-0.33,-1.009,0.015,-0.469,0.48,-0.469,0.122,0.122,-1.009,0.78,-0.469,0.48,-1.009,-1.009,-0.33,0.122,0.015,1.006,1.006,-0.517,0.78,-1.009,1.006,1.006,0.48,-0.422,-0.33,0.78,-0.469,0.48,0.48,-0.33,0.015,-1.009,0.015,1.006,-0.517,0.122,-0.33,0.122,-1.009,-0.422,0.48,0.4607147491734682,0.47544178465274695,0.1031117445420199,0.015,0.5124646906806177,-0.344028816306944,-0.517,-0.3035524211366183,-0.26972584708558667,1.006,0.78,0.7650676221714396,-1.0232553568157603,0.14008062558610224,0.169587122841803,-0.531833516924106
-0.882,-0.882,-0.882,0.383,-0.126,-0.299,2.151,-0.164,2.151,0.383,-0.164,-0.948,-0.882,-0.718,-0.126,-0.946,2.151,-0.948,-0.126,-0.946,0.289,2.151,0.289,-0.946,0.383,-0.718,-0.164,-0.946,0.383,-0.946,0.383,0.383,-0.299,0.383,-0.948,-0.299,2.151,2.151,-0.948,-0.126,-0.126,2.151,2.151,-0.946,-0.948,2.151,-0.164,-0.164,2.151,2.151,-0.126,-0.299,-0.164,-0.948,-0.946,-0.9631535755719346,-0.9079408526499433,-0.882,0.289,-0.17437674416112783,0.383,-0.1369469100871075,-0.31243246877667535
0.072,0.072,-0.69,0.159,0.159,0.252,0.382,0.072,0.159,0.382,1.18,0.072,0.382,1.18,0.072,-0.69,-0.076,0.382,1.18,0.055,1.18,0.252,1.18,-0.802,0.382,0.072,0.055,1.18,-0.69,0.072,0.159,0.072,0.159,0.055,1.18,0.055,-0.69,0.072,0.159,-0.802,0.382,1.18,-0.802,-0.69,0.252,0.159,0.072,0.0,-0.802,0.14862507832505248,0.23619037306761503,0.2881438857606933,0.06262585384826064,0.20569187067131972,1.18,1.163027793444058
-0.021,0.056,-0.623,-1.068,-1.068,0.62,-0.623,-0.021,-0.728,-0.623,0.62,0.62,1.181,-0.623,-0.163,0.233,0.62,1.181,0.233,0.233,0.056,-0.623,-1.068,-1.068,-0.163,0.056,1.181,-1.068,-0.728,0.056,0.233,0.233,0.233,0.929,-1.068,-0.623,-0.021,-0.163,0.233,0.233,0.929,-0.163,-0.021,-0.623,0.056,-0.728,0.233,1.181,0.056,-0.728,0.929,0.03773031715407865,0.10019263483600752,-1.068,1.181,1.1642846120441894,-0.623,-1.0755135827718798,0.14089918507472118,-0.7406264745419908,0.233,0.18234410578641855,0.1987464217772784,0.62
-0.953,-0.969,-0.976,-0.75,0.079,-0.62,-0.75,-0.62,-0.62,-0.62,-0.969,-0.953,1.673,0.119,-0.62,-0.953,-0.976,-0.62,1.673,-0.976,-0.75,-0.75,-1.071,0.119,0.119,-0.969,-1.071,-1.071,-0.976,-0.75,-0.75,-1.071,-0.969,1.673,-0.976,0.119,1.673,-0.75,-1.071,1.673,-0.969,0.079,-0.969,1.673,0.733,-1.071,0.733,0.733,-0.953,-0.62,-0.953,0.733,0.119,0.733,1.673,-0.62,-0.75,-0.7672935778093144,-0.6294950873666364,1.6631684858949947,-0.976,-0.9949270442921296,-1.071,-0.969,0.718868343616168,-0.9871167837311233,-0.9462533951727233,-0.953,-0.603079185197532,1.6935166463884972,-0.9686770258194483,-0.7117691534431188
-0.417,0.79,-0.181,-0.459,1.7,-0.181,0.669,0.669,-0.417,-0.181,-0.417,0.669,-0.516,-0.516,1.7,0.53,-0.459,0.53,-0.459,1.7,-0.516,1.7,0.79,0.53,-0.651,1.7,-0.651,1.7,-0.181,0.53,-0.459,0.53,0.53,0.53,1.7,-0.651,0.53,-0.253,-0.459,0.53,0.53,0.53,-0.181,0.53,0.53,1.7,-0.516,-0.5351148221401928,0.669,0.79,1.6856645970899926,-0.48512563136724807,0.652660560072156,-0.253,-0.181,0.7791499487048739,-0.417,-0.2685230597194586,-0.19674251418484417,-0.4256585238812085
0.766,0.766,1.389,-0.892,-0.722,1.389,-0.892,-0.34,0.5,0.5,0.409,0.5,-0.34,0.766,0.766,-1.089,1.389,1.389,0.5,0.5,1.049,-0.892,1.389,1.049,-1.089,0.766,-0.722,-0.34,0.501,-0.722,0.766,0.766,0.501,-0.722,1.389,-0.34,-0.722,1.389,-1.089,-0.722,-1.089,-0.892,1.049,-0.722,0.501,-1.089,0.5,-1.089,0.766,0.5,0.501,0.5,-0.722,0.766,-0.7356739334696225,0.5,0.4789090447775503,0.409,0.3920910668933236,-1.089,-0.34,0.501,0.4846409035626621,-0.3587657081402568,1.389,0.5002312869779364,-1.103577833114768,-0.7248124289453726,-0.3234344988325904,1.049
-0.33,-1.383,0.202,0.623,0.623,1.767,0.623,0.623,-1.383,0.623,-1.383,0.202,0.633,-0.601,-1.383,0.473,-1.383,1.767,-1.383,-1.383,-0.509,0.633,0.473,1.767,0.633,0.633,1.767,-1.383,-0.601,0.633,-1.383,0.982,-1.383,0.202,0.982,1.767,0.633,0.623,0.623,0.633,-0.33,-0.601,-0.601,-0.509,1.767,-0.601,0.982,0.202,-0.616054328031053,0.633,0.623,-1.383,0.6182940056917927,1.749989936940657,-1.3968073157221603,-0.33,0.18868072186046447,1.7891750386168832,0.473,0.4577275832953191,-1.3724963992331478,-0.5833035418760422
-0.548,0.99,-0.963,0.576,-0.963,-0.963,1.384,1.384,-0.963,-0.963,-0.844,0.027,0.027,0.027,0.99,1.384,-0.963,1.384,-0.548,0.961,0.027,0.475,0.475,-0.658,0.475,0.99,-0.844,0.99,-0.658,-0.844,1.384,-0.963,-0.658,-0.548,-0.963,0.027,-0.963,0.961,-0.658,-0.548,0.475,-0.548,1.384,0.576,0.027,-0.844,0.475,-0.548,-0.548,0.576,-0.963,0.961,-0.844,0.961,-0.8622615903281544,-0.8337420974215181,-0.658,-0.963,0.475,-0.6678212582320451,-0.6342203340522042,0.576,-0.7901690995666852,-0.5874176906447719,-0.548,0.5580139842347849,1.384,0.99,-0.5599557866029019,-0.5327330110324993
-1.315,-0.346,-0.346,-0.545,1.616,-0.911,-0.346,-0.545,-0.545,0.351,1.616,-0.881,1.616,-0.881,-1.315,1.616,1.616,-0.346,-1.315,-0.911,-0.881,-0.101,1.122,1.122,-0.911,-0.346,-1.315,-1.315,-1.315,-1.315,-0.881,1.122,-0.101,0.351,-1.315,-0.911,-1.315,-0.572,-0.101,-0.346,-0.545,-0.545,-0.545,0.351,-0.346,-0.101,-0.346,-0.572,1.616,-0.881,-0.572,-1.315,1.616,-0.101,-0.545,-0.8919382246946422,-0.5836657724646463,0.351,-0.11409597859444184,-0.346,1.602433329031325,-0.5343344988113273,-0.5588124676524066,-1.3233268666134141,-0.5066325431633544
0.177,-0.675,-0.146,0.161,0.053,0.204,0.204,0.255,0.255,0.161,0.053,-0.675,0.204,-0.106,-0.675,0.204,-0.146,1.086,1.086,1.473,0.177,-0.106,0.161,0.255,0.053,1.473,0.255,-0.675,-0.106,0.053,-0.106,0.053,-0.146,1.473,1.473,0.204,1.086,0.255,-0.146,0.161,1.473,0.161,1.473,1.086,0.255,0.255,1.473,-0.146,-0.106,1.458261204008263,0.161,-0.12143296410078011,-0.09365871395547808,0.24262297242835243,1.5182320288643114,1.086,0.204,-0.054257114289581757,0.053,0.04018169232226812,0.06911462736176838,1.0674887867451495,1.0909546312707565,1.1274259831417026,1.545294101962535
-0.424,0.255,0.25,-0.424,-1.074,-0.186,-1.022,-0.216,-0.673,-0.673,-0.673,-1.074,-0.271,-0.186,-1.022,-0.186,-1.074,-0.271,-1.022,-1.074,0.25,0.25,1.759,-1.074,-0.271,-0.186,-1.022,-1.074,0.25,-0.424,-0.186,-0.271,-1.074,-0.216,1.759,0.255,0.255,-1.022,-0.673,0.255,1.759,-1.022,-1.074,1.759,0.255,1.759,0.2412864534426884,-1.074,1.744334504904906,-0.271,-0.186,1.7576948695742305,-1.022,-0.673,-0.6897827140643288,-1.0804953503679615
-1.116,-1.024,2.356,2.356,-1.116,-0.746,-1.018,2.356,0.12,0.12,2.386,2.356,0.12,2.386,0.12,2.356,-0.891,-1.018,2.356,-1.024,-1.116,-1.116,-1.116,0.928,0.928,0.19,2.386,-1.024,-0.891,0.928,0.12,0.12,2.386,-0.746,-1.116,2.386,2.356,2.386,2.386,0.12,0.19,-1.116,-1.018,-1.018,-1.024,-0.746,0.12,-0.746,2.386,-1.018,0.12,-0.891,0.928,0.19,0.928,2.356,-1.116,-1.018,-0.891,-1.024,0.12,0.19,-0.746,-1.018,2.356,2.386,2.3735141087159146,2.39960964877716,2.3464078852612804,-0.7592678310648217,-0.891
1.391,-0.116,1.391,0.889,-0.393,-0.116,-0.116,1.396,-0.645,-0.393,-0.393,1.391,1.155,0.889,0.889,-0.645,1.155,1.155,1.155,-0.393,2.343,2.343,-0.645,0.889,-0.094,-0.094,0.889,-0.094,1.396,0.889,-0.393,0.889,-0.116,-0.264,1.391,-0.116,-0.116,0.889,1.396,1.396,2.343,1.155,2.343,1.396,0.889,-0.645,-0.094,2.343,2.343,1.396,-0.393,1.155,1.396,2.343,-0.393,-0.116,-0.645,-0.6633592726684415,-0.264,-0.27784820611672223,0.889,-0.6270595740443812,1.396,-0.5941284498484131,1.391,0.881231307859434,-0.22282781431343104,-0.1262493920321838,-0.5487861626990884,1.3850794162354236,1.4002065829099222,-0.094
1.157,0.033,0.399,-0.201,1.453,-0.955,1.453,1.157,-0.201,-0.663,1.453,-0.955,0.399,0.66,-0.955,1.157,-0.201,-0.785,0.66,-0.201,0.66,-0.663,0.033,1.157,-0.693,-0.693,0.033,1.453,0.399,-0.955,-0.693,-0.785,-0.663,-0.955,-0.663,-0.663,-0.693,-0.663,0.66,-0.785,0.033,0.033,-0.693,-0.663,0.033,0.01847487609893119,0.66,-0.785,0.399,1.157,-0.955,-0.7937605287330579,-0.201,-0.7617469178464149,-0.9666269835881746,0.387631198367906,1.453,1.1437136838119923,0.06204266512986642,-0.21719566782365732,-0.663,-0.6893824409765548,1.440758941557293
-0.503,-0.153,1.987,-0.153,-1.214,-0.674,-0.443,1.987,-0.674,-1.214,-0.559,1.987,0.067,1.987,0.067,1.987,-0.153,0.185,0.067,1.987,-0.674,-0.503,-0.559,-1.214,0.185,1.987,0.185,-0.443,-0.503,-0.406,-0.674,-1.214,-0.674,-0.559,-0.559,-0.443,-0.406,-0.443,-1.214,-1.214,-0.674,-1.214,-0.559,-1.214,-0.153,-0.16994628510465193,-0.5703317836705545,-0.5353849241845755,1.987,-0.406,-0.443,-0.674,-1.227887752721206,-0.13687409619863286,-0.503,-1.1812197281198489,-0.4571028377513707,-0.47896605069921244,0.185,-0.6841561660878913,-0.4343254268101686
-0.583,-0.574,1.828,1.266,1.828,-0.574,1.828,-1.052,1.045,-0.574,1.266,-0.959,1.828,-0.959,-1.052,1.828,-0.959,1.828,-0.703,-0.583,-0.583,1.045,1.828,-0.959,-1.052,-1.052,-0.583,1.045,-1.093,-1.093,-1.093,1.266,1.266,0.708,-0.703,1.828,-0.574,-0.703,-0.574,-1.093,1.045,-0.574,-0.959,0.708,1.828,1.045,-1.093,-0.574,-1.052,-1.052,1.045,-1.052,1.828,1.266,-0.583,-0.959,-1.0637200815295504,1.8164938376035364,1.840322264666744,1.8864511606121563,1.2531233160842083,-0.574,-1.0246465013913115,-0.9903988733012692,1.9227705386563059,-0.9707728751168887,-0.9459089161659374,-0.9111194864030977
1.69,-1.072,-1.072,-0.68,-0.84,1.69,-0.68,-1.002,1.69,-0.364,-1.002,-0.68,-0.364,-1.072,-0.364,-0.364,-0.68,-0.708,-0.84,1.69,-1.002,-1.072,-0.938,1.69,-0.84,-0.708,-1.002,1.69,-0.68,-0.84,-1.002,-1.072,-0.938,-0.708,-0.938,-1.072,-0.68,-0.708,-0.364,-0.68,-1.002,-0.68,-1.002,-0.938,1.69,-1.002,-0.68,1.69,-1.072,-1.002,-0.68,-0.364,0.0,1.6809282257994653,-0.008583229371109717,-1.0862997261022926,-0.938,-0.6957447213671216,-0.708,-1.0352875226023526,-0.37609779841502394
-0.844,0.174,-0.79,-0.778,0.174,0.056,-0.79,0.135,-0.844,1.586,1.247,0.594,0.594,0.174,0.135,-0.778,1.586,0.594,1.247,-0.79,-0.844,-0.306,-0.79,-0.778,-0.844,-0.306,1.586,-0.844,-0.306,-0.844,-0.306,1.586,1.247,0.135,-0.778,-0.844,0.174,-0.306,-0.844,-0.79,0.594,1.586,-0.778,-0.844,1.586,0.056,1.247,-0.306,-0.31978169867557965,0.056,-0.778,1.586,0.594,-0.27507539321277474,-0.7891965342685898,-0.7530195700506962,0.5800742377970938,-0.79,-0.844,1.2350950485431418
1.902,1.407,-0.366,-0.057,-1.227,0.381,1.407,0.962,-0.935,-0.553,0.381,0.962,0.381,1.407,-0.553,1.407,-1.227,1.902,-1.159,1.902,-1.227,1.902,0.381,-1.227,-1.159,1.902,0.962,-0.057,-1.227,1.407,-0.057,0.381,0.381,1.902,1.407,-0.935,-1.159,-1.159,1.407,-0.935,-1.159,-0.553,-1.159,-1.227,-1.227,-0.366,0.381,1.902,1.407,1.8867565995490416,-0.553,0.962,1.9303064407630595,-0.935,1.3916682287556263,-0.057,-1.227,-0.9505262952361595,1.406893411226418,0.37420957199640315
1.013,0.987,1.013,0.989,0.989,0.349,1.572,0.533,0.987,0.447,1.572,0.349,0.533,1.572,0.533,0.349,0.447,0.989,0.447,0.533,1.572,0.987,0.447,0.447,0.533,1.572,0.349,1.572,0.987,0.533,1.013,0.989,1.572,-0.66,0.989,1.013,0.533,-0.66,0.533,-0.66,-0.068,0.349,0.349,0.349,-0.068,1.572,0.447,0.4285002385624125,-0.08122898728465215,-0.05337907937472734,-0.66,1.013,-0.6767614583890939,0.987,0.349,0.9983547900726497
-0.706,-1.018,-1.018,0.338,0.338,0.338,-0.733,-1.018,0.527,-1.125,-0.706,0.527,-1.125,-0.266,-0.144,-1.018,-0.706,-1.018,-1.018,-0.706,-1.125,0.527,-0.733,-0.144,-0.733,-1.125,0.527,-0.706,-1.125,-1.125,0.495,-1.018,0.495,-0.144,-0.733,-0.144,-1.125,-0.733,-0.144,-1.018,-0.569,-0.569,0.495,-0.266,0.495,-0.706,0.338,-1.018,0.495,-0.144,-0.569,-0.144,-0.706,-1.018,-0.144,-0.706,0.338,-1.018,-0.266,-0.733,-1.125,-0.7154078636858318,-1.136055820864637,-1.0300081108259447,-1.087303503841659,0.527,-0.569,-1.0579172816537616,0.495,0.5103923653670535,-0.5811816212878329
0.026,0.154,-0.683,-0.683,-0.792,-0.925,1.354,-0.995,-1.137,1.354,-0.995,-1.137,-1.137,-0.995,0.026,-0.792,-0.683,-1.137,-0.995,-0.792,-1.137,-0.382,1.354,-0.995,0.154,-0.995,-0.925,-0.995,-0.995,-1.137,-0.792,1.354,-0.925,-0.925,0.448,-0.925,1.354,-0.683,-0.995,-1.137,-0.683,0.026,1.354,-0.925,-0.683,-0.792,1.354,0.154,-1.137,0.448,0.4314769009652893,1.354,0.46324858145045306,1.3455860578359893,0.026,0.5075304630934315,-0.683,0.1420905099779829,0.5468851380655275,0.009668711473024474
-1.056,0.265,1.43,0.265,-0.549,-0.769,-1.056,0.874,-0.939,-0.782,-1.056,-1.056,-0.769,0.874,1.43,0.874,-1.056,-1.113,-1.113,-0.278,1.43,-1.113,-0.769,-0.782,1.43,-0.782,-0.769,-1.113,-1.113,-0.939,-0.939,-0.782,-0.939,-1.056,-0.782,-1.056,-0.939,-1.056,-1.113,0.265,-0.549,0.265,0.265,1.43,-0.769,-0.939,-0.278,1.43,-1.113,-0.939,1.43,-0.769,-1.113,-0.939,0.265,-0.939,0.874,-1.113,-1.1274116801036815,-0.769,1.43,-1.056,-0.939,-0.549,-0.278,1.41570402664118,-0.7798085498377376,1.4412098016572559,-0.9459316195055463,-0.9066100042378805
1.039,-0.707,1.039,0.611,0.611,1.156,-0.095,1.039,1.039,-0.876,-0.876,0.611,-0.03,-0.404,-0.03,1.039,-0.707,0.611,-0.095,-0.03,0.946,-0.707,1.156,-0.126,0.611,0.946,0.611,0.946,0.611,1.039,-0.03,-0.707,-0.876,1.039,-0.707,1.156,-0.095,1.156,-0.707,1.039,1.039,0.611,-0.707,-0.126,-0.876,-0.03,1.156,-0.404,-0.4194106208177478,-0.14446615564012555,1.0261363627180065,0.946,-0.7231604260522626
-0.701,-0.227,0.14,-0.028,-0.028,0.461,0.137,0.675,1.345,0.037,0.675,0.137,-0.227,-0.028,0.037,-0.701,-0.028,0.14,0.037,0.14,-0.028,0.461,1.345,-0.028,1.345,-0.028,0.037,-0.227,0.037,0.461,0.137,0.496,0.496,0.461,-0.701,0.137,0.675,-0.227,1.345,1.345,0.137,0.137,-0.701,0.461,-0.701,0.14,-0.7153869937192492,1.345,0.037,0.12460162211047501,1.3275260558559292,0.675,-0.6741951800864873,0.461,-0.028,0.6631522139112187,0.02569540551178061,0.4500018089292279,0.1406851115394725,0.7055589127405869,0.496
-0.633,0.075,-0.921,-0.967,1.031,-0.904,-0.904,0.535,-0.151,-0.435,0.075,-0.967,-0.435,0.075,-0.967,-0.151,-0.435,-0.151,-0.633,-0.904,-0.435,-0.643,-0.967,0.535,-0.151,-0.435,-0.904,-0.643,-0.151,-0.151,-0.151,-0.967,0.535,1.031,-0.643,-0.904,-0.904,-0.967,-0.921,-0.151,-0.904,-0.643,-0.633,-0.967,-0.633,-0.967,1.031,-0.967,-0.921,-0.643,-0.967,-0.921,0.075,-0.904,-0.9285703272019129,1.031,-0.633,-0.643,-0.921,0.05870680709745733,-0.435,-0.8971241430761994,-0.967,-0.151,0.535,-0.6575117519825637,-0.6159255322250403,-0.5972401591817463,-0.9774347811677638
-0.887,-0.436,1.256,-0.669,1.256,-0.795,-0.812,-0.436,-0.669,-0.669,-0.669,-0.812,-0.812,-0.795,-0.795,-0.812,-0.669,1.256,0.342,1.256,-0.41,-0.436,1.256,-0.436,-0.871,-0.887,0.342,-0.887,-0.887,-0.887,-0.669,-0.288,0.342,-0.887,-0.887,-0.871,1.256,-0.669,-0.288,-0.436,0.342,-0.812,-0.812,1.256,-0.669,-0.871,-0.871,-0.669,-0.6871577934469009,-0.795,-0.871,-0.887,-0.9058910218038331,-0.81089553017591,-0.866996838256317,-0.812,-0.6544293147675039,-0.7777266556554601,1.256,1.2447886056672772,-0.288,-0.436,-0.41,-0.3007434442752245
-0.865,-0.99,-0.689,-0.906,-0.885,-0.865,-0.236,-0.885,-0.885,-1.271,-0.906,0.507,-0.862,0.246,-0.689,-1.271,-0.906,-0.906,0.507,-1.271,-0.865,0.507,-1.271,-1.271,-0.862,0.507,-0.689,-1.271,-0.99,-1.271,0.507,-0.99,-0.862,-0.906,-0.236,-0.885,-1.271,-0.862,-0.236,0.507,0.246,0.246,0.246,-1.271,-0.906,-1.271,-0.236,-0.99,-0.885,-0.906,-0.885,-0.862,-1.271,0.507,-0.906,-0.885,-0.99,-0.689,-0.906,-0.865,-1.271,-0.9158112784137377,-0.99,-1.0044873905729115,-0.862,-0.6948922098255692,-0.8740581173057359,-0.8999670516598997,-0.8434628172622467,-0.885,-0.6546173144207093,-0.8983504714838951,-0.8725930662677805
2.181,-0.831,-0.795,0.212,-1.116,0.528,-0.831,-1.116,2.181,-0.75,0.512,-0.069,-0.75,2.181,2.181,-0.069,-0.75,0.528,-0.795,2.181,-0.069,-1.116,0.528,-0.069,0.212,0.212,-0.795,-0.795,0.212,-1.116,-1.116,-0.795,-0.75,2.181,-0.069,-0.795,-0.069,2.181,-0.069,-0.831,-0.069,-0.831,-1.116,2.181,-1.116,-0.831,0.212,-0.795,-0.8121898899098952,-0.069,-0.75,0.528,0.512,2.181,-0.08466595352652481,-0.7829050936622052,-0.069,-0.08469553534765567,-1.116,0.49919785071709616,-1.1342208347967992,-0.831,-0.04366143708997228
-1.018,-0.961,-1.018,-0.961,-1.018,-0.58,-0.186,-1.082,-0.029,0.134,-0.961,-0.58,0.134,-0.186,-1.082,-0.186,-0.336,-1.082,-1.018,0.152,-1.082,-0.961,0.134,-0.336,0.134,-0.029,-0.961,-0.58,-0.58,-1.018,0.152,0.152,0.152,-0.029,-1.018,0.152,-1.082,0.134,0.152,-0.58,-0.58,0.0,0.134,-0.336,0.11914214804527472,-0.029,-1.018,0.152,0.14092191549049446,-0.58,-0.5942385129779686,-0.044268148687899675,-0.961,-0.9824433718843988,0.1595634259364558,-0.186,-0.004468128774539955,0.1828380091157645,-0.017359960750771893,-1.03498197408329,0.029167579506351314
-0.455,-0.852,-0.852,0.423,-0.455,-0.768,-0.768,-0.347,-0.455,-0.768,-0.347,1.177,0.805,0.805,1.51,-0.455,-0.347,1.177,1.177,-0.347,0.55,0.55,1.177,-0.455,0.805,0.55,1.177,-0.768,-0.852,-0.852,1.51,0.562,-0.347,-0.347,0.55,-0.347,-0.768,1.51,1.51,0.423,1.177,0.55,-0.852,0.562,0.5342667796284097,-0.768,-0.8669792362281696,-0.347,0.5456460981551676,1.51,-0.35813256055262194,0.4138840005924879,0.805,0.7904725881364936,1.1644322869111934,1.2048226729876526
1.088,-0.21,1.088,-0.152,0.967,1.018,-0.152,-0.117,-0.656,0.507,0.507,0.339,1.018,-0.656,-0.656,-0.656,-0.21,-0.21,-0.707,0.967,-0.656,-0.656,-0.117,1.018,0.967,0.339,-0.656,0.507,-0.21,-0.21,-0.656,-0.152,0.339,-0.21,0.339,-0.21,-0.707,0.339,-0.117,-0.707,-0.21,-0.152,0.967,-0.21,-0.2196271312001658,-0.117,-0.13514612877529628,0.507,-0.152,0.339,-0.19902065143835213,-0.656,0.32653208544699563,0.4969358714212443,-0.094398946972406
-1.023,-0.432,-1.027,-0.201,0.34,-1.027,-1.023,-1.023,0.435,1.372,-0.432,-0.316,0.435,-0.61,-1.027,1.372,-0.201,1.372,-0.201,-1.027,1.372,-1.027,-1.023,-0.316,-0.754,1.372,-0.432,-0.754,-0.754,-0.316,-0.316,0.435,-0.201,0.34,-0.316,-1.023,-0.432,-1.023,-1.023,-0.61,-0.754,-1.027,-0.754,-0.754,0.435,1.372,-0.316,-0.33000717108267474,-1.023,-0.432,-0.4500299930603427,0.435,0.4226755507106994,-0.4059009070131317,-1.027,1.3561531133027092,-1.0356945991285773,-1.0428938792572489,-0.9896534736391068,0.4500525496711352,-0.754,-0.201
1.26,-0.821,1.594,-0.947,-0.947,1.594,-1.104,1.594,-1.104,-0.229,-1.104,1.26,-0.947,-1.104,0.094,-0.821,1.26,0.094,1.594,-0.821,1.594,-0.349,-0.947,-0.947,1.7,1.26,-0.229,-0.268,-0.821,1.7,1.594,1.594,-0.268,-0.229,-1.104,1.594,0.094,-0.229,-0.349,-0.947,-0.229,-0.229,1.26,1.7,-0.947,-1.104,-0.821,-0.8379651033511926,-0.349,1.26,-0.8160426095741042,-0.3608833521201664,1.594,1.5826618030038861,1.6078965042997362,-0.7840863873815348,-0.947,-0.7484956598865616,-0.7150443473200518,-0.6690058398494801,-0.268,1.6395046332472298
-0.549,-0.796,0.184,0.846,0.329,1.306,-0.885,-0.885,-0.737,-0.796,-0.253,-0.549,0.846,0.329,-0.737,0.329,-0.549,0.846,0.846,1.178,-0.796,-0.737,-0.796,0.329,1.178,0.329,0.329,1.306,-0.885,1.306,-0.796,0.184,0.184,-0.796,0.846,1.178,1.178,1.306,-0.796,0.184,-0.737,-0.737,1.306,-0.885,0.846,-0.885,-0.549,0.184,-0.796,1.306,0.17865350209255842,-0.8113516085377918,-0.7688121258565184,0.23214433616228836,-0.253,0.329,-0.7434120200327339,0.830433064863713,0.31950218031549354,-0.7252889829901922
0.738,1.022,-1.288,-1.288,0.562,0.014,0.895,0.014,0.738,-1.162,1.28,0.895,-1.288,0.319,-1.162,-1.162,0.319,1.022,1.28,2.019,-1.162,-1.288,0.014,2.019,2.019,-1.162,0.738,0.562,0.738,0.014,1.022,-1.288,2.019,-1.288,1.28,0.562,0.895,0.738,-1.162,0.895,-1.162,-1.162,1.022,0.738,-1.162,-1.288,2.019,-1.288,-1.288,0.562,0.562,-1.288,1.28,-1.162,-1.1783572894653924,-1.288,1.28,0.562,1.2669244967635835,-1.130572387047355,2.019,-1.0883584076420827,0.319,-1.0519356534474673,1.2929046430533169,0.2970582982944868,-1.3049305707228265,2.007977906930256,0.895,-1.257099089696148,0.8808655184783082
-0.756,-0.533,-0.209,-0.756,-0.763,0.732,-0.533,-0.338,-0.742,-0.756,0.491,-0.673,0.732,-0.756,-0.673,-0.533,-0.763,-0.673,-0.673,-0.533,0.491,0.714,-0.763,0.491,-0.533,0.491,-0.742,-0.763,-0.338,-0.209,-0.742,-0.742,-0.338,0.714,0.714,-0.756,0.491,0.714,-0.673,-0.673,-0.533,-0.742,-0.673,-0.533,0.491,-0.209,0.714,-0.22847729435230335,-0.2031779845170313,-0.16397055996919813,-0.13630526682780691,-0.7599847095671561,0.732,-0.6849230552045582,0.4801278904035917,-0.338,0.5332027183671382,-0.5490414717444446
0.013,0.013,-0.857,1.044,1.1,-0.69,-0.333,-0.41,0.996,-0.857,-0.333,0.013,0.996,1.655,0.05,0.996,1.044,-0.69,-0.857,1.044,1.1,1.655,0.05,1.044,1.044,1.655,-0.333,1.044,0.996,-0.333,-0.857,1.655,-0.41,-0.41,0.05,0.013,-0.69,-0.41,-0.857,0.05,-0.333,-0.857,-0.69,1.655,-0.41,1.655,1.655,-0.333,-0.41,0.013,0.996,-0.69,-0.003235483763026051,-0.4191285260881708,1.1,-0.34351793828953425,-0.3168965702282245,1.044,-0.857,0.9807815389647971,-0.8689298448348796,-0.6971969302326375,1.0874302438928802,-0.27618980544182914,-0.3716295234784581
2.035,2.035,-0.104,-0.732,-1.397,-0.104,1.038,-0.667,-0.888,-0.977,-0.732,0.448,0.564,-0.667,-0.104,0.448,-0.104,1.038,-1.397,-1.397,-0.104,1.038,-0.888,2.035,-1.397,2.035,-0.977,-0.888,-0.104,-1.397,1.038,0.564,-0.977,-0.104,-1.397,2.035,1.038,-0.977,-0.732,-0.888,-0.888,2.035,-1.397,-0.888,-1.397,-0.104,-0.104,-1.397,-1.397,-0.104,1.038,-0.667,1.038,-0.104,-1.397,0.564,1.038,1.0184815168964207,2.035,-0.104,-1.410811205767872,2.024660383971523,2.050830538212796,0.448,1.052258926249337,0.4305223366038752,2.0802861971255853
-0.231,-0.832,1.452,-0.832,-0.824,-0.832,0.177,-0.824,-0.832,-0.832,-0.832,-0.824,-0.832,0.803,-0.824,-0.832,-0.832,-1.001,0.803,-0.591,-0.382,-1.001,-0.382,-0.832,-1.001,-1.001,-0.382,0.177,-0.591,-0.591,-1.001,-0.824,1.452,-0.824,-0.231,-0.832,-0.824,-0.591,-0.824,-0.382,1.452,-1.001,0.177,-1.001,-0.591,-1.001,1.452,-0.131,-0.832,-0.382,0.803,-1.001,-0.824,-0.131,-0.3926678284300443,-0.8380167240099532,-0.14696704223932378,-0.09392034170129575,-0.832,-0.35422450812996026,0.177,-0.059234621336035465,1.452,-0.8060021185450568,0.7862576632451322
1.608,-0.388,-0.063,-0.978,0.475,0.047,1.608,0.475,0.475,-0.388,-0.978,-0.978,-0.063,-0.139,1.608,0.475,0.475,-0.978,1.62,1.653,-0.978,1.62,-0.388,-0.978,0.475,1.608,1.653,0.475,0.047,-0.139,-0.063,0.475,1.62,1.608,-0.139,-0.978,-0.063,-0.139,-0.388,0.047,-0.388,1.653,1.653,1.653,-0.424,1.62,1.653,-0.063,0.475,-0.424,1.608,-0.063,-0.388,-0.07719150146709607,0.475,0.047,0.027351033140163166,1.653,0.45816260526055574,-0.39880727132744154,-0.978,1.62,-0.35434303850558185
-1.356,1.694,2.159,-0.884,-1.356,1.068,-0.924,-0.602,-1.356,-1.356,1.068,-1.356,-0.602,-1.356,1.694,-0.602,-0.884,1.694,-0.924,-1.122,2.159,-0.924,0.161,1.694,-0.884,-1.122,1.068,2.159,0.161,2.159,-0.649,2.159,-0.884,-1.356,1.068,1.694,-0.649,-0.602,-0.924,-0.884,-1.356,2.159,-1.122,-0.884,-1.356,-1.122,-1.122,-1.122,1.694,-1.356,-0.924,-0.649,2.159,-1.122,-1.1372835795960992,2.159,-1.0922260424251644,-0.924,-1.356,-0.602,1.694,-0.9362901724046847,-0.9030966577147764,-1.0393287477045279,-0.8469336633780765,-0.884,-1.367215514338684,-0.649
-1.006,0.696,-0.132,-0.132,0.815,1.014,0.696,0.815,-1.012,-0.132,-0.841,0.345,0.345,0.696,0.815,0.345,-0.841,-0.841,0.815,0.815,-0.624,1.014,-0.841,0.696,1.014,1.014,1.014,0.261,0.345,-1.012,0.696,-1.012,1.014,-0.624,-0.841,-1.012,-0.132,-1.006,0.261,1.014,1.014,-1.012,-1.012,1.014,-1.006,-1.012,-1.006,0.696,1.014,-0.132,-0.624,-1.012,0.815,-1.027400819894065,0.696,-0.9861241911463713,-0.6420996749686342,0.261,0.24267385139851905,1.0022192134176502,0.345,-1.006,0.8054257277103951,0.828531961534016,0.684858245156806,-0.841
-0.458,0.352,-0.811,-0.595,1.028,-1.001,-0.458,-0.595,0.352,-0.595,-0.811,0.352,-0.756,-1.024,-1.001,-0.595,-1.001,-1.001,-0.756,-0.756,-0.811,-1.001,-0.6,-0.756,-0.458,-0.458,-0.458,-1.024,-0.6,-0.595,-0.6,-0.54,-0.6,-1.024,-1.024,-0.595,-0.54,-1.024,-0.811,-1.001,1.028,1.028,1.028,-0.54,-0.458,-1.001,1.028,-1.024,-1.024,-0.595,-1.024,-0.6,0.352,-1.0380856259830924,-0.9943701747336938,-1.001,-0.458,-0.811,-0.595,-0.6148445080495162,-0.54,-0.46776534583180807,-0.8216226158161171,-0.5816380866083931
0.924,-0.82,-0.673,-0.82,-0.974,-0.823,1.255,-0.823,-0.119,-0.974,-0.673,0.47,-0.82,-0.673,-0.823,0.47,0.47,0.47,0.924,-0.974,0.399,0.924,1.255,-0.82,-0.673,-0.82,0.924,-0.673,0.47,-0.238,-0.974,-0.238,-0.823,-0.974,-0.82,1.255,-0.82,-0.119,-0.823,-0.238,-0.974,-0.823,-0.8386968626708475,-0.119,-0.238,0.399,-0.8070715243961484,-0.7849134952334057,0.47,-0.7496727087048107,0.3891692572069713,-0.703677114960558,-0.974,0.4576179194958276,-0.2546431871201293,1.255,-0.6469731977001315,-0.131991480557176,-0.9876369075665763,-0.82
1.21,-0.448,2.013,-1.209,2.013,-0.857,-0.45,-1.209,-0.857,0.188,-0.45,-0.861,-0.861,-0.537,-0.448,1.21,-0.861,0.188,-1.209,-1.209,-0.326,1.21,-0.45,-0.448,0.188,1.21,-0.857,1.21,-0.537,-0.861,2.013,-1.209,0.188,-0.448,-0.537,-0.857,2.013,-1.209,-1.209,-0.861,0.188,-0.537,-0.537,2.013,-0.326,-0.861,-0.537,2.013,-0.537,-0.448,-1.209,0.188,1.21,-0.448,-0.4684417724130619,-1.2233652426210793,-0.537,0.17566260706500492,2.013,-1.1795508522562155,-0.41465589414733456,-0.552573153412298,-0.861,-1.1460163552300677,-0.37806325476550096,0.21809396055421892
0.7,-0.683,0.7,-0.951,-1.066,0.404,-0.951,0.7,-0.951,-0.084,-0.084,-0.481,-1.066,-0.481,-0.951,-1.066,-1.058,-1.066,-0.683,-1.058,-0.481,-1.058,0.7,1.182,-1.058,-0.084,-1.058,-0.683,-0.951,-0.951,-1.066,1.182,-0.481,1.182,-0.683,0.7,1.182,0.7,-1.058,-0.683,-1.066,-0.481,-0.683,0.7,-0.084,0.404,-1.066,0.38827327271217027,1.182,0.39288191642769804,0.0,-0.951,-0.6926120802742612,-0.09551871211250763,-1.058,-1.0806087484820166,-0.010700021849397643,-1.033645938732529,-0.06863027451743824,-1.0083520638839083
-1.059,1.09,0.448,-1.059,-0.624,-0.553,0.406,-0.624,-1.04,0.448,-0.999,0.448,1.09,0.406,-0.687,-1.04,-1.04,-0.624,-0.624,-0.999,-1.059,1.09,-1.059,1.09,1.09,-0.999,0.829,-0.624,-0.999,-1.04,-0.687,-1.04,1.09,-0.687,-1.04,0.406,0.448,-0.687,-1.059,-1.04,0.406,0.829,1.09,-0.553,1.09,-1.04,-1.056282700777881,0.406,-0.999,-0.624,-1.0177230136499213,0.448,-0.553,0.829,0.4332173755728268,0.4639669359156366,0.3923734371983402,-1.0270753090020057,0.5111911837177171,-1.059
1.136,2.079,-0.248,-0.716,-0.473,-0.473,-0.596,-0.248,-0.596,0.881,2.079,-0.716,-0.716,-0.716,-0.248,-0.596,1.136,1.063,-0.797,1.136,0.881,-0.473,2.079,0.881,-0.716,-0.797,-0.797,0.185,1.136,1.063,1.063,-0.248,0.881,0.185,1.063,2.079,-0.596,0.881,0.881,2.079,-0.248,1.063,2.079,1.136,2.079,-0.797,-0.716,1.063,-0.716,-0.473,-0.797,1.063,-0.248,-0.797,0.881,1.0487578039680834,-0.596,-0.2588112002587999,1.136,1.1203312163843517,0.185,0.8708922979346443,-0.716,2.079,0.8983765326255346,-0.6076554411258017
0.793,-0.064,-0.064,0.793,-0.855,-0.064,0.861,0.651,-0.855,-0.9,0.793,-0.792,0.793,0.651,0.861,-0.855,-0.9,-0.9,0.796,-0.064,0.793,0.778,-0.064,0.651,0.796,0.861,-0.064,-0.792,0.861,-0.064,0.861,0.793,0.793,-0.59,-0.9,0.778,0.861,0.796,-0.9,0.778,0.651,-0.792,-0.59,-0.792,0.796,0.861,-0.855,-0.792,-0.064,0.861,0.778,-0.855,-0.59,-0.6091491725075835,-0.064,0.796,-0.08141330087055744,0.7824792083467615,0.651,0.793,0.7650101680831713,-0.792,0.8459506663073306,0.8148018758680827,-0.05853646581696966,0.639093139356595
-0.992,-0.183,1.572,-0.414,1.175,1.572,-0.183,1.572,-0.992,-0.975,-0.183,1.175,-0.992,-0.975,-0.739,1.572,0.583,-0.739,0.583,-0.739,-0.183,1.175,1.175,-0.975,-0.992,0.583,-0.183,1.175,1.175,-0.739,0.583,-0.992,-0.992,0.578,-0.74,-0.74,1.572,1.175,-0.183,0.583,-0.975,0.583,0.583,1.175,0.578,-0.414,-0.74,1.572,0.583,0.578,-0.739,-0.183,-0.414,-0.992,-0.975,1.572,1.552204571196704,1.575623700272206,0.578,-1.0046983774081721,0.5636554392536031,-0.1944696860029888,0.6147092859196124,1.6039911478251203,-0.9650125520332633
-0.862,-1.013,-1.093,-0.814,0.277,1.806,-0.862,-0.862,-0.814,-0.814,-0.379,1.548,-0.379,-1.093,1.548,0.277,0.485,1.806,-0.848,-1.013,0.277,-0.379,-1.093,-0.848,-0.814,0.277,1.806,1.548,-0.814,-0.379,-0.814,1.548,-1.013,1.806,1.806,-0.814,-0.848,-0.814,1.548,0.277,-0.862,-1.093,-0.379,-0.862,-1.013,-1.093,1.548,-0.379,-0.848,0.277,-0.862,-0.814,0.26910794759551676,0.2965799931693627,-0.379,-0.3971486774849536,-0.3699372111192322,-0.31811355737406666,-1.013,-0.2945065145353331,0.485,1.806,-1.093,0.3428199151123811,1.790600730758534,1.8217370350385984,-0.27645255110893163,-0.869258382536481
1.568,1.568,0.617,-0.817,-0.579,-0.579,-0.631,0.617,-0.642,0.617,-0.642,0.023,0.368,-0.642,-0.579,-0.817,0.617,0.423,0.368,0.617,-0.817,-0.642,0.368,-0.631,-0.631,-0.817,-0.579,0.617,-0.817,0.617,-0.647,-0.647,0.023,1.568,0.617,-0.631,0.368,1.568,1.568,-0.647,0.617,0.023,0.617,0.617,-0.631,0.023,-0.579,0.617,-0.6003795978031738,-0.817,-0.8271810740047632,-0.5527672454557072,0.00920093567647886,0.423,0.368,-0.647,0.350075150938366,0.38528392853451365,0.4084474176473992,0.6051113431296697,-0.631,-0.642,-0.7886940313517341,0.42157923790335067,-0.5137530221671794,0.4373396486997533,0.03611795026239811,-0.7581908698375586
1.82,1.147,1.82,-1.159,-1.159,1.357,1.357,1.82,-0.722,1.357,1.239,1.357,-1.159,1.82,-0.295,-0.722,1.147,-0.295,-0.722,1.239,-0.046,1.239,1.82,-1.159,-0.295,1.239,1.357,-0.722,-0.636,1.147,-1.159,1.82,-0.295,1.82,-0.722,-0.722,1.82,-1.159,1.82,1.82,1.82,-0.636,1.147,-0.636,1.82,-1.159,-1.159,-1.159,-0.295,1.82,-0.636,1.239,-0.3070441078268404,1.8103190954150816,-0.046,1.147,-0.722,-0.6510173723638292,1.8777201379528272,0.0,-0.7393580732061761,-0.6871500361912436,-0.017992387740516928,-0.06243919587064215
-0.12,-0.574,-0.858,0.106,0.106,0.106,-1.124,-0.574,-0.714,0.778,-0.305,0.106,0.106,-0.88,-0.858,-0.932,-0.574,-0.12,0.106,-0.858,-0.858,-0.932,-0.932,-0.932,-0.88,-1.124,-1.124,-0.88,-0.305,-0.714,0.778,0.106,-0.88,-1.124,-0.88,0.778,-0.305,-0.858,-0.305,-0.574,-0.574,0.106,-0.932,-0.12,-1.124,-0.574,-0.932,0.106,-0.714,-1.124,0.106,-0.305,0.106,-0.858,0.106,-0.574,-0.88,-0.305,-0.858,0.106,0.0877169944470573,0.12472774965677162,-0.12,-0.1279443150680385,-0.3126643340029635,0.1536695969612792,-0.09112487045566392,0.1909072333158035,-1.124,0.21703605457287997
0.761,-0.592,0.329,1.232,1.232,0.85,-1.115,-0.592,-0.901,-0.592,0.329,0.329,-1.115,0.329,-0.901,-0.673,-0.901,0.85,0.329,0.85,1.232,-1.115,-1.115,0.507,-0.901,0.85,1.232,1.232,1.232,-0.592,0.761,-0.592,-0.901,-1.115,0.761,1.232,-0.613,1.232,-1.115,-0.613,-0.673,0.761,-0.673,0.329,-0.901,1.232,0.85,0.761,1.232,-0.673,-0.901,1.221468711786355,-1.115,-0.6893985043305909,1.2570819522237704,-0.592,0.7417504727550458,1.3035405529287605,1.3273246636444862,-0.613,-0.6245757426397338
0.131,-0.703,-0.305,-1.114,2.751,2.751,-1.114,1.219,0.234,1.175,1.219,2.751,2.751,0.182,-0.305,0.182,2.751,-1.114,2.751,1.175,-0.305,-0.305,-1.114,1.175,0.127,2.751,-1.114,2.751,-0.703,-0.305,1.175,0.131,-0.703,-1.114,-1.114,0.234,1.219,1.219,2.751,2.751,2.751,0.182,0.182,2.751,2.751,-0.703,0.127,1.219,1.175,2.751,-0.305,-1.114,-0.305,2.751,0.127,0.131,-1.114,-0.703,1.219,1.2034217921849613,1.2390165303695346,-0.3198610078068167,-0.7151814133711061,2.7406498014744263,-0.6824386399172687,2.762816366484986,1.28685252187093,1.175,1.158987551692619,0.182,-0.25649008046420185,1.1940549964625107,1.2246353853707874
-0.648,-1.341,-1.341,-0.648,1.469,0.467,0.024,1.469,-1.341,-0.648,-0.558,-1.341,0.194,-1.341,-0.864,-1.341,-0.864,-0.648,-0.708,0.024,-0.648,0.194,-0.081,1.469,0.194,0.194,0.467,-0.864,-0.558,-0.081,0.467,0.467,0.467,-0.081,0.024,0.194,1.469,0.467,-1.341,-0.081,-1.341,1.469,-1.341,-0.558,-0.708,-1.341,-0.864,-0.864,0.194,-1.341,-0.864,-0.648,-0.6698598040698042,0.194,0.467,-0.87563614214541,-0.558,-1.3553859204882341,0.024,1.469
1.358,1.167,-0.358,0.503,1.167,-0.358,-0.027,1.167,-0.027,1.358,1.199,1.199,1.167,1.199,0.939,0.503,-0.849,-0.849,-0.849,-0.027,-0.358,1.199,1.199,-0.027,0.939,1.167,1.167,-0.849,1.358,1.104,1.358,1.358,1.104,0.413,1.167,-0.027,-0.358,-0.358,0.503,-0.358,-0.849,-0.849,-0.358,0.939,-0.027,1.167,-0.849,1.358,1.358,1.104,0.503,-0.027,-0.358,-0.849,-0.8666663044646535,1.199,1.1812077239469154,-0.8286292916504685,0.939,1.167,0.9258626051359163,-0.027,1.1503172266783406,-0.046209652849607125,0.0008978084872534806,0.503,1.104,-0.37083133573340366
-0.385,-0.385,1.835,1.835,-0.866,1.835,-1.249,-1.212,-1.212,-0.866,-0.866,1.835,1.404,-1.249,-0.866,2.065,2.065,-0.385,-1.212,1.43,2.065,-0.666,-0.385,1.835,-0.666,2.065,2.065,1.43,1.43,-0.385,1.409,1.404,-1.212,-1.249,-1.249,-1.249,-0.666,1.409,1.404,-1.249,2.065,-1.212,-1.212,2.065,-1.212,2.065,-0.866,2.065,1.43,1.835,-0.866,1.409,1.835,1.835,-0.385,2.065,2.0437852980960285,-0.385,1.835,1.409,1.389965909004463,1.8234297118464773,1.8437628709612888,-0.3973456847579487,-0.666,2.081858791322355,1.43,-0.866,1.8726025462892881,1.4126901061289407,-0.3727621531379083,1.404,1.386165215633838,-1.212,-0.32092584702009336,1.462078804169508
0.006,1.8,1.577,1.703,1.703,0.235,-0.89,-0.917,-1.131,1.577,0.098,0.098,1.577,1.577,0.098,1.8,0.235,-0.89,0.006,-0.401,1.8,-1.131,1.8,0.098,1.8,-0.917,0.006,-1.131,1.703,0.006,0.006,1.577,1.577,1.8,-0.89,-0.401,-0.917,-1.131,-0.89,1.703,0.235,-0.917,0.006,-1.131,1.703,0.098,0.098,1.703,1.8,0.098,-0.917,1.577,1.703,0.006,-1.131,-0.89,0.235,-0.917,0.006,1.577,1.703,1.8,0.22172056106678176,0.098,1.5626449167889647,-0.89,0.09055960177850161,0.2638833831543683,-0.011548834351572905
-0.31,-0.31,0.571,1.129,-0.392,0.571,-0.642,-0.31,1.129,1.129,1.206,-0.31,1.158,1.129,-1.022,1.129,-0.472,0.571,-0.392,-1.022,-1.022,-0.728,-1.022,1.206,-0.31,-1.022,-0.728,1.206,-0.472,1.158,-0.392,-0.472,-0.472,-0.31,1.158,-0.728,-0.31,-0.31,-0.472,-1.022,-0.31,-1.022,-0.642,1.158,-0.392,-0.728,-0.728,-0.728,0.571,-0.392,-0.472,-0.728,-0.4815273989932638,-0.7412750171216831,-0.31,-0.642,1.206,-1.022,-0.4518919070165891,-0.7035850849323784,1.19511762853685,1.2289884000462812,-1.032409933949413,1.2539559626150365
-1.07,-1.146,0.675,-1.07,-0.94,-1.07,1.618,-0.94,-0.401,0.675,-0.34,1.618,1.618,-0.53,-1.07,-1.146,-1.07,-1.098,-1.146,-1.146,-0.53,-0.94,-1.146,-1.098,-0.53,-0.53,-0.53,-0.94,-1.07,-1.146,-1.098,-0.53,-1.146,-0.188,-0.94,-1.098,-1.146,-1.07,1.618,-1.098,-0.188,-1.146,-0.94,-0.401,1.618,1.618,-1.146,-0.94,0.675,0.675,-1.146,-1.146,-0.53,-0.94,-0.188,-0.9597679050692253,0.675,-0.9077466217040241,-1.146,0.6594594819699968,-0.401,-1.098,-0.20187590077303635,-0.16312541469268277,-1.114349947083975,-0.14522860352788827,-1.07,-1.075416492864347,-1.1638186990376622,1.618,-0.53,-0.09997654175612256,-1.0858509940545562
-0.152,-1.113,1.153,-0.741,0.797,-1.113,-0.152,0.822,-0.152,-0.013,-0.859,0.797,-1.113,-0.74,-0.859,1.153,-1.113,-0.741,1.153,1.153,-0.74,-0.74,-0.74,-0.741,1.153,-0.013,-1.113,-0.152,-0.859,-0.859,-0.592,-0.74,0.822,-1.113,-1.113,-0.152,-0.152,-0.592,-1.113,-0.859,0.822,-0.013,-0.741,-0.74,-0.592,-1.113,-0.013,0.797,-0.74,0.822,0.812679127787678,-0.741,-1.113,0.8658273576195242,-0.859,0.7871125346930865,-0.7522285077187844,-0.152,-1.1240774064567278,-0.592
-0.781,-0.854,-0.005,-0.925,-0.005,1.177,0.8,0.39,-0.925,1.177,0.39,-0.854,-0.854,-0.624,1.177,-0.652,1.177,0.8,-0.586,-0.854,-0.925,-0.652,-0.005,-0.781,-0.925,-0.005,1.177,-0.652,1.177,0.39,-0.005,1.177,-0.652,-0.624,-0.854,-0.925,-0.781,-0.854,-0.586,1.177,0.8,-0.925,0.8,0.39,0.39,-0.781,0.39,0.39,0.39,-0.624,0.39,-0.005,-0.854,-0.781,1.177,-0.652,0.39,-0.925,-0.8648206264756848,-0.005,-0.7882875423501476,-0.9434527592376595,-0.016169158202312413,-0.586,-0.933078692758229,-0.624,-0.9031066025882692,-0.6015589756409936
1.253,-0.8,-1.137,-1.07,-1.07,-0.413,1.253,-1.07,-1.07,-1.137,-1.136,-1.07,-1.136,-1.136,-1.136,1.253,-1.07,-0.8,-0.567,-1.137,-0.922,-0.589,-0.883,1.253,-0.922,-1.07,-0.8,-0.883,-0.8,-0.8,-0.413,-1.137,-0.567,-1.137,-1.137,-0.567,-1.136,-0.413,-1.136,-1.07,-0.589,-0.922,-0.922,-1.137,-0.883,-1.07,-0.883,-0.8968615751497461,-1.137,-0.922,-0.9312392977108527,-1.1486963280132574,-1.1329689575415058,-1.136,-0.589,-0.8847183936755298,-0.567,-0.8628621061866478
0.87,-0.669,0.731,-0.572,0.075,0.87,-0.511,-0.404,-0.468,0.075,0.731,-0.468,-0.404,-0.404,0.178,-0.363,-0.511,-0.572,0.87,-0.404,0.87,0.87,-0.572,0.87,-0.572,-0.468,-0.572,0.075,-0.572,-0.363,-0.468,-0.468,-0.669,-0.363,0.075,0.178,-0.404,-0.404,0.87,-0.363,-0.572,-0.572,0.87,-0.468,-0.669,0.731,-0.363,-0.404,-0.468,-0.48424408916945705,0.87,-0.43801372429264945,-0.41680435007776184,0.075,0.178,0.16153759413148563,-0.669,0.856599329802373,-0.3799803088351715,-0.3544935952800232,-0.6864227976587551,0.2096589864782331,0.25360906237387
-0.974,-0.748,-1.185,-0.974,-0.704,-0.45,-1.185,-0.576,1.977,-1.185,-0.576,-0.576,-0.652,-0.576,-0.45,-1.185,-0.974,1.977,-0.974,-1.185,-0.576,1.252,-0.889,-0.889,-0.974,-0.974,1.977,1.977,1.252,-0.889,1.977,-0.576,-0.704,-0.704,-0.652,-1.185,-0.652,-0.576,-0.704,-0.576,-0.889,-0.704,1.977,-0.704,1.977,-0.889,-0.748,-0.889,-0.748,1.252,-0.576,-0.5911511014621881,-0.974,1.977,-0.9873494324616644,-0.9348651132884964,1.252,-0.8823212965290332,-0.704,1.965736062982597,-0.889,-0.45,-1.185,2.004879153849563,-0.748,-0.8545367150644573,-0.652,-0.7630875269638722
-0.856,-0.51,-1.254,-1.031,-0.51,-0.856,-0.767,-1.254,-0.823,0.945,0.439,-1.254,0.439,-0.823,0.189,-1.031,-1.031,-1.031,-1.254,-0.153,-0.153,-0.51,-1.254,-0.856,-0.767,-1.254,0.439,-0.856,-1.254,-0.823,-1.254,-1.254,-1.254,-0.51,-0.823,0.189,-1.254,0.439,-0.823,-0.767,-1.031,0.439,0.945,-0.51,-0.823,-0.767,-0.7818156732161345,-1.031,-0.856,-0.51,-0.7483071141890258,0.189,-0.153,0.439,-0.823,-0.8411779238674886,0.945,-0.8706060057396713,-1.254,0.1749741298232493,0.23416988001284253,-1.0400937128291525,-0.8112688426369427,0.9306561543183782,0.26916176179748336,-0.8252254597866276
0.751,0.298,0.298,-1.32,1.468,-1.32,-1.031,-1.32,-1.002,-0.227,-0.408,1.468,-1.031,0.632,1.468,-1.32,-1.002,-1.031,0.751,0.298,1.468,-1.32,-0.493,1.468,0.632,1.468,-1.031,-1.32,-1.32,-0.493,0.298,-1.002,-1.32,-1.031,-0.408,1.468,1.468,-1.32,0.632,-0.227,0.298,-1.002,0.298,-1.32,1.468,-1.002,-1.32,0.632,-1.031,-0.227,0.298,0.751,-0.408,1.468,1.451876946921516,-1.002,-1.32,0.298,-0.42564109880666945,-1.3419477707628023,0.632,-0.493,-0.391420441049654,-1.031,-1.0508050499497867,0.2853156714555866,1.5061637681190367,-1.3221516401729443,1.549432533456984
1.344,1.344,1.344,0.108,0.108,2.58,0.281,1.344,2.58,0.715,-0.899,2.58,2.58,-0.899,1.108,2.58,-0.899,-0.361,1.108,1.344,0.108,0.108,-0.508,1.108,1.108,0.281,2.58,-0.899,2.58,1.344,0.715,-0.899,0.281,0.108,0.281,2.58,1.108,-0.899,0.108,0.281,2.58,2.58,1.108,1.108,-0.508,1.108,1.108,-0.899,-0.361,-0.915937338132289,2.58,-0.508,1.344,0.715,-0.37538461107101984,0.0,1.325889000157426,1.3532342764947347,-0.5256721992103329,0.697404913007115,-0.3212537579130419,0.281,1.3860681573753042,-0.28183414158863385
0.096,0.817,-0.074,-1.186,-1.186,-0.83,-0.527,0.552,-0.612,0.552,-1.186,0.817,-0.074,-0.612,-0.83,0.096,-0.83,0.817,-0.074,-0.83,-1.186,-0.527,-0.635,0.817,-0.83,0.817,-0.527,0.096,0.552,-0.83,-0.527,-0.83,-1.186,0.552,-0.83,-0.635,-1.186,-0.83,-1.186,-0.83,1.104,1.104,-1.186,-0.527,1.104,-0.612,0.552,0.552,0.817,0.552,-0.074,-0.635,-0.527,-1.186,0.096,-0.0908514853229784,-0.83,-0.648681205816791,1.104,-0.612,0.552,-0.8450111870805886,-0.6245164723885106,-0.0444715764424165,-1.1959153885914084,0.5403821777016324
0.065,-0.846,-0.846,1.266,1.266,-0.007,0.417,-0.95,-0.797,-0.846,-0.95,-0.95,1.266,-0.846,0.065,1.266,-0.834,0.417,0.415,0.417,-0.834,0.417,0.065,-0.007,-0.797,-0.007,-0.797,-0.834,0.417,0.417,-0.95,0.415,-0.834,-0.834,-0.95,0.417,-0.007,-0.024109625126382338,0.417,1.266,0.065,0.05057714923567578,0.015275131365061891,-0.834,-0.8486146555062498,1.2518861093556188,0.4010032423781175,1.3157472143108986,0.08304115228755388,-0.797,0.0,-0.8064422659912717
-1.265,1.011,-0.333,-0.917,-0.955,-1.265,1.048,-0.917,-1.283,1.011,-1.283,-0.954,-0.736,1.048,-0.954,-0.333,-0.917,-0.955,-0.955,1.048,1.011,-1.283,-0.686,-1.283,-0.917,-1.265,-0.736,-1.265,-0.686,-0.955,-0.736,-1.283,-0.686,1.048,-0.686,-1.265,-0.333,-1.265,-0.954,-1.283,-1.283,-1.283,-1.265,1.011,-0.736,-0.917,-1.283,-0.954,1.011,-0.333,-1.283,-1.265,-0.954,1.048,-0.917,1.011
-0.021,-0.021,-0.606,-0.606,2.332,1.732,1.048,2.332,-0.029,0.546,-0.021,0.546,-0.606,1.732,-0.606,2.332,1.732,1.732,0.546,-0.021,-0.606,-0.606,-0.606,-0.029,-0.835,2.332,-0.029,-0.824,-0.021,2.332,1.732,0.204,0.204,0.204,-0.021,1.732,-0.824,-0.029,2.332,0.546,2.332,-0.835,-0.606,0.546,0.546,0.204,-0.029,1.048,2.332,-0.835,-0.029,2.332,-0.835,-0.835,1.732,-0.021,0.204,-0.021,2.332,0.204,1.048,-0.824,-0.835,0.546,-0.8455291628400846,1.732,-0.021,-0.040642209804226795,-0.029,-0.0019123817699449215,-0.824823543677614,-0.7684649096573077,1.7214386845404717,-0.046235216077294035,-0.7376143463262416,-0.606,2.332,2.3143204256535093,-0.6994085309058232,0.02890764014582299
2.081,-1.141,-1.027,-0.229,-0.994,-0.798,-0.229,2.081,0.426,-0.229,-0.798,2.081,0.385,0.173,1.006,-1.027,1.006,-1.141,-1.027,2.081,1.006,0.173,2.081,-1.027,1.006,-1.027,-1.141,-1.027,2.081,-1.027,-0.798,-0.994,-1.027,-1.141,-0.994,-1.141,-0.994,2.081,1.006,-1.141,-0.994,-0.229,-1.141,-0.994,-1.027,-0.994,-1.0427055821676985,-0.229,0.426,-1.002852256321906,-1.0046221094213434,-0.9720223358158849,0.385,0.41671103506771473,0.173,0.45858075789052516,2.081,2.065633690409263
0.528,0.602,0.503,0.865,0.865,0.797,-0.301,-0.268,-0.268,1.427,1.427,0.602,-0.268,0.528,0.602,-0.77,1.427,0.865,0.797,0.503,0.528,-0.268,0.503,-0.77,0.797,-0.268,-0.268,1.427,0.797,0.797,0.797,0.865,0.528,-0.268,0.528,0.797,-0.77,-0.268,0.797,1.427,0.865,0.528,1.427,0.865,-0.268,0.503,0.602,-0.77,-0.77,-0.301,-0.268,-0.021,0.602,-0.77,-0.268,0.503,0.528,1.427,-0.301,0.602,-0.268,-0.77,-0.2809791480258368,0.5831791978376575,0.797,-0.021,-0.7843792874086839,0.528,1.4123083251979314,0.865,0.843540565313524
1.265,0.408,-1.028,-1.028,-0.399,1.265,0.435,0.453,-0.848,0.408,-1.028,-0.848,-0.399,0.408,1.262,-0.848,-1.028,-0.06,-0.399,0.453,0.815,1.262,-0.848,1.262,-1.028,0.453,-0.848,1.265,1.262,-1.028,0.408,0.815,-0.399,-1.028,0.408,-0.848,1.265,1.265,-0.399,1.265,0.453,0.408,1.265,-0.399,-0.848,0.408,-0.8613142580636297,-0.846730920376096,-0.06,-1.028,1.2564490314673438,-0.41081339049330223,0.39886898556668904,1.262,1.2446037434395634,-0.07086596518397167,0.815
-0.82,0.475,0.198,0.475,1.637,0.187,-0.82,-0.725,1.637,1.637,-0.725,0.198,1.637,1.637,0.198,1.637,-0.725,0.198,0.198,0.185,-0.404,-1.229,-1.229,0.104,0.198,-1.229,0.198,0.475,0.475,-0.725,-1.229,-1.229,0.475,-0.82,0.475,-1.229,0.104,-1.229,0.104,0.187,-0.82,0.185,-0.82,0.475,0.198,1.637,0.475,0.198,-1.229,1.637,-0.82,-0.8369332019148088,0.185,0.104,0.475,0.4570363926524839,0.187,-1.229,-0.7872395914412842,0.17627598439183034,1.637,0.49664824610579944,0.21177945056735592,0.5466400180046715,0.1778231445097865
1.518,1.518,-0.546,1.518,-0.512,-0.772,-0.223,-0.728,0.654,-0.546,-0.728,1.518,-0.772,0.654,-0.728,0.654,-0.587,-0.512,-0.728,-0.728,-0.546,1.103,-0.772,-0.728,-0.728,-0.223,0.654,-0.512,-0.223,1.103,-0.728,-0.587,1.103,-0.587,-0.512,-0.512,0.654,-0.728,-0.728,-0.728,-0.772,-0.546,-0.772,-0.223,-0.772,-0.728,0.654,-0.546,-0.728,-0.512,1.103,-0.587,1.0834934968216818,1.518,1.1149716229703712,1.1456366522320134,-0.7858649306045747,-0.5593711079781737,-0.6027434268680729,1.5065387842202318,-0.223,-0.5635067455438209
-1.223,-0.689,-1.223,0.866,-1.223,-1.223,-1.223,1.935,0.866,-0.852,-1.199,-1.223,-1.199,0.115,-0.852,0.866,0.38,-1.199,-0.852,-1.223,0.866,-0.689,-0.689,0.38,-1.199,-0.606,0.866,1.935,0.38,-0.606,-1.199,0.38,-0.371,-0.852,1.935,0.115,1.935,0.115,-0.689,0.115,1.935,-1.199,-0.852,-0.852,-0.606,-0.852,-0.689,-0.606,-0.371,-1.223,-0.689,-1.223,1.935,0.866,-0.606,1.935,0.38,-1.223,-1.199,-0.689,0.115,0.10330811123923903,0.13994159276089824,0.866,0.17928628171409763,-0.606,-1.2103793999667631,-0.6994411576289452,1.9229703643309461,-1.2309382363843162
0.174,1.462,-0.558,0.931,1.088,-1.028,-0.441,1.462,0.174,-0.558,-1.028,0.096,-0.467,-1.028,0.931,-0.558,-1.028,-0.558,1.088,1.462,-1.028,-0.441,-0.467,-0.558,0.931,-0.467,0.174,-0.441,1.462,1.462,1.533,1.533,0.096,-0.467,0.096,1.088,1.533,1.533,-0.558,0.174,0.931,1.462,-1.028,1.462,1.462,-1.028,0.931,1.462,0.174,-0.558,-1.028,-0.467,0.174,-0.467,-0.558,0.174,-0.5798110201801125,1.533,1.088,1.0679896071291726,1.091531162810511,1.5175136272776732,1.5480142728242923,1.1098590458988218,-0.441,1.462,1.1449391491935488,-1.028,0.931
-1.328,-0.529,-0.444,-0.529,-1.328,-0.444,-0.417,-0.278,-1.328,-1.328,0.617,-0.444,0.168,-0.203,-0.529,-0.417,-0.203,-0.417,0.617,0.259,-1.328,-0.278,-0.278,1.139,0.617,0.259,-0.529,0.168,-0.529,-1.328,0.168,-1.328,1.139,-0.529,-0.278,1.139,1.139,1.139,-0.203,-0.278,-0.529,-0.287823903680331,1.139,-0.5410221751316485,-0.417,-0.24971795081901138,0.168,-0.4352567196890492,-0.401305347262419,0.15031218958384365,-0.5030547972294893,-0.203,-1.328
1.657,1.657,0.242,-0.965,0.242,-0.217,-0.492,-0.897,-0.492,0.343,-1.082,-0.43,0.343,-0.965,-0.897,-0.897,-0.965,-0.43,1.657,0.194,-1.082,0.242,-0.43,-0.897,-1.082,-1.082,-0.897,-1.082,-0.217,-1.082,0.343,-0.43,0.242,0.194,0.194,-1.082,0.242,-0.217,0.242,1.657,-0.217,-0.217,0.194,1.657,1.657,-0.217,0.343,-0.965,0.343,-1.082,-0.217,0.242,-0.492,-0.43,0.194,-0.43,1.657,1.657,0.242,-0.217,-0.217,-0.217,-0.43,0.194,-1.082,-0.965,-1.0984660341858057,-0.9779677709430373,-0.2303848099717905,-0.201071618851765,-0.17566662747627215,-0.9647296459160141,-0.9333730179950479,0.242,-0.44545353732855814,0.2284847474987808
1.593,-0.724,0.683,-0.465,-0.652,0.214,-0.465,-0.724,0.683,1.593,-0.724,-0.884,-0.884,0.214,0.214,-0.652,1.593,-0.724,1.184,-0.884,1.593,-0.884,-0.465,-0.465,0.569,0.683,0.214,-0.884,-0.846,1.184,-0.846,-0.465,-0.652,-0.465,0.683,1.593,1.593,-0.465,-0.724,-0.884,1.184,0.683,0.214,-0.724,-0.846,0.214,0.569,0.5549584710921445,0.683,1.184,0.6611851643416834,0.20579183147568939,-0.846,-0.884,1.1726742418292624,0.2460966379039127,-0.465,1.593,1.5657279334979826,-0.652,-0.724,1.2209750890924156
0.574,-0.851,-0.268,-0.819,0.574,0.783,-0.268,-0.851,-0.268,-0.851,-0.268,-0.921,0.574,0.783,0.574,-0.268,0.783,-0.921,-0.846,-0.268,-0.917,-0.921,0.52,0.783,-0.917,-0.819,0.783,0.52,0.52,-0.917,-0.846,-0.819,-0.851,-0.268,0.52,-0.846,0.459,-0.917,0.783,-0.917,-0.921,-0.846,-0.851,-0.846,0.574,-0.268,-0.29372136360914336,-0.917,-0.851,-0.2638792581302971,-0.8632774096305474,0.783,-0.846,0.7741113959381373,-0.921,0.8093333087218598,0.459,0.44196248263158255,-0.819,-0.8393059227845352,-0.8563853145667848,0.8358504577161097
1.775,-1.132,0.888,-0.575,0.931,1.775,2.484,-1.132,0.646,2.484,0.888,2.484,-0.575,0.265,-0.773,-1.132,-0.575,2.484,0.646,-1.1,0.931,-1.1,0.931,-1.132,0.888,0.265,2.484,1.775,-0.773,0.646,1.775,-1.132,-1.1,-0.773,0.265,-1.1,-1.1,-0.773,2.484,0.265,2.484,0.646,0.265,-1.132,0.265,0.888,1.775,0.888,0.646,1.775,-1.132,1.7676241337365899,1.7870131675732623,0.6308878061373258,1.828153253650755,0.931,-0.575,0.265,1.8696581994611066,-0.586761885863164,0.6641314942494392,-1.148137160314024,-0.5549262828653898,-0.5370144417514927
1.448,-0.918,-1.077,0.031,-0.439,0.031,-1.077,1.448,-0.847,-0.918,-0.892,-0.439,-0.929,1.448,-0.892,-0.892,-0.847,1.448,0.461,-1.077,-0.929,-0.847,-0.847,-0.243,-0.892,-0.929,1.448,0.031,-0.847,-0.243,0.031,1.448,-0.929,-0.929,-1.077,-0.929,-0.918,-1.077,-0.918,-0.847,-0.918,1.448,-0.243,-0.2537230009857143,-0.929,-0.2238335411281677,-0.892,-0.9166308718210395,-0.9344860522567323,-0.439,-0.4557549248080351,1.434057773460419,-0.9427964682724935,-0.9202664500718528,-0.417482048674794,-0.847,-0.19238734086181283,-0.3983236099866577,-1.077,-0.3608325213416971
0.231,-0.291,-0.819,-0.532,-0.591,1.105,-0.591,-0.838,-0.845,0.2,0.231,-0.591,-0.591,0.787,-0.532,0.787,-0.591,0.787,-0.532,1.105,-0.291,1.105,-0.532,0.787,-0.532,-0.819,1.105,-0.532,-0.845,-0.291,1.105,0.787,-0.291,-0.591,-0.838,-0.532,0.2,-0.845,-0.532,-0.819,-0.838,-0.291,-0.591,-0.819,-0.591,-0.838,-0.532,0.231,-0.845,-0.838,-0.8607549978444228,0.2,1.105,-0.819,-0.532,-0.8292927109940332,-0.5486595739753426,-0.8000340834694362,-0.591,1.0938986684562977,-0.7550343483073073,-0.7138682596213197,-0.8604474538599565,0.231,-0.8210799516534752,-0.7914726409441912,0.22069970353193474,-0.7564035569539963,-0.6804874710896548
1.045,1.01,-0.521,-1.39,1.01,1.865,1.045,-1.39,-0.7,0.433,0.433,1.01,1.865,-0.521,-1.021,-1.39,-0.521,1.5,-1.39,-0.521,-1.021,1.045,-1.021,1.865,-0.7,1.045,1.045,-1.39,1.01,-0.7,1.5,-1.021,1.5,1.01,1.5,1.174,-1.39,1.174,1.174,-1.39,-1.021,-0.7,-1.39,1.045,-1.39,1.865,1.01,1.5,1.045,-1.39,1.865,-1.021,1.5,-0.521,-0.53229015398602,-0.5103618217458126,-0.7,-0.7100959144133122,1.865,1.8448784361660304,1.174,1.4884967981472765,0.433,1.01,0.4190708156691913,1.1594676021999188
0.419,-0.243,0.505,-1.252,1.379,-0.293,-0.243,-0.355,0.419,-0.355,-0.656,-1.252,-0.355,-0.918,0.505,-0.656,0.505,-0.355,-1.252,-0.656,-1.252,0.419,-0.243,-1.252,-0.355,-0.243,1.379,-1.252,-0.243,1.379,-0.656,-0.918,-1.252,-1.252,-0.918,-0.355,-0.355,0.422,0.419,1.379,-1.252,-0.918,-0.355,-0.656,0.422,-1.252,0.405154086266807,0.419,-0.293,0.505,-0.6697451208167923,-1.2630722517134987,1.379,-1.2624430855294861,1.3612311277471023,-0.918,-0.9307912572545655,-0.3026171308455748
-1.28,-0.823,1.105,-1.28,1.105,0.627,-1.217,0.627,-1.096,-0.451,-1.096,1.608,-1.217,-0.451,0.627,-1.28,-0.823,-1.28,-1.096,-1.28,-0.1,-1.096,-0.823,-1.217,0.627,-1.28,1.608,-1.096,-0.1,0.627,1.105,-1.096,-1.28,-1.217,-1.217,0.627,-1.28,0.693,-1.28,-0.451,1.105,0.627,-0.451,1.608,-1.28,0.693,1.608,0.627,-1.28,-0.1,-0.823,0.693,1.608,-0.1,0.627,0.693,-1.28,-0.451,1.608,-0.4631957072325099,-0.823,1.5909128298267696,-1.217,1.6346570508062783,-0.44163910887830954,-0.11364668071785772,0.6802436664055453,-0.08667359240419027,-1.2917230082769382
-0.632,-1.002,-0.632,0.677,0.179,-0.174,-0.174,0.191,0.677,-0.174,-0.174,0.179,-0.174,0.613,0.191,-0.403,-0.174,-0.632,-0.459,0.191,-0.174,-0.403,-1.002,-0.403,-0.632,0.179,0.179,-0.632,0.613,-0.632,-1.002,0.677,0.191,-0.459,0.613,-0.632,-0.632,0.677,-1.002,-0.632,-0.403,-0.459,-1.002,0.179,-0.632,0.191,-1.002,-0.403,-0.632,0.179,-0.42074825273471894,-0.6495263534527065,0.17478614905833664,0.16558699286949874,0.613,-0.3922822079619778,0.5971406390243846,0.677,0.21981434136234612,-0.459,0.6600333196017205,0.7108367453352278
1.695,1.695,-0.643,-0.643,1.695,-0.144,-0.735,0.034,-0.735,1.695,0.034,0.631,-0.297,-0.297,-0.826,0.631,-0.435,0.631,-0.297,-0.826,-0.435,0.253,0.631,-0.735,1.695,1.695,0.253,-0.643,-0.826,0.034,1.695,-0.435,0.253,-0.297,-0.435,-0.826,-0.735,-0.144,-0.297,-0.435,0.631,-0.735,-0.643,-0.297,-0.144,-0.667404618577084,-0.31398688513548445,-0.826,-0.7492180879994986,-0.270647592635314,-0.15952584385783186,0.253,-0.8433079764299488,-0.24899631406762815,-0.6319513154357408,0.23792520309051876,-0.8094562013633806,-0.7222234851295,1.695,0.6203918415708823,1.6864949928950195,0.034,-0.12021852414808064
-0.848,-0.713,-0.459,0.299,-0.713,-0.848,-0.848,-0.459,-0.95,-0.459,0.299,0.586,-0.848,-0.648,-0.673,0.586,-0.459,-0.459,-0.648,-0.95,-0.648,-0.848,-0.444,0.299,0.586,-0.459,0.299,-0.95,-0.713,-0.673,-0.444,-0.95,-0.673,-0.673,0.299,-0.459,-0.848,0.28649590798463004,-0.713,0.311434269610217,-0.95,-0.7276303721682985,-0.9614055336003338,-0.648,-0.6880709619604447,-0.9255731811469067,0.0,-0.6621177904883446,-0.8769830423338459
1.7,-0.513,-1.257,-0.513,-0.818,-1.257,-1.257,0.586,-0.851,-1.158,2.03,-1.158,-1.158,0.586,-0.513,1.608,-0.851,-1.158,1.608,0.586,-1.158,-1.158,-0.851,-1.158,2.03,-1.158,-1.158,1.146,-1.257,1.7,1.7,-1.158,-0.851,-1.257,-1.158,1.7,1.7,1.608,-0.818,2.03,-0.513,-0.513,-1.257,2.03,-0.513,-0.851,-0.818,1.608,1.146,2.03,1.608,1.146,-1.158,-1.158,2.03,-0.513,-1.257,-1.257,-0.818,-0.851,2.03,-1.257,-0.8299161412851785,-0.8605768737971908,2.017184931072487,1.146,1.1266846852426238,-1.158
-0.397,1.241,-1.142,0.484,-1.142,-1.018,0.017,-0.6,-1.142,1.188,-1.018,0.017,-1.142,-1.142,-1.018,-0.828,-0.828,1.241,0.776,0.017,0.776,1.241,-1.142,-1.142,-0.397,-1.018,-1.142,-0.828,-0.6,-0.6,-1.018,0.484,-0.828,1.241,-0.6,1.241,1.241,0.484,-0.828,-1.142,0.017,1.188,-0.828,1.241,1.188,-1.018,-1.142,1.188,-1.018,-0.6,-1.142,-1.161981232914846,-1.0336248290099253,-0.6184432024741183,-1.1581828498889524,-0.5740765992171524,-0.5465395968827415,-0.9864869334260307,0.017,1.241,0.776,-1.113990797772286,0.0032070150418280364,0.484,-0.9497442309656445,1.1785122485894273,1.227557588745449,1.2661205450523758,-0.5078247588730277,-0.4613735167264221,-0.828
0.205,-0.618,0.913,0.098,0.694,0.205,1.499,-0.618,0.694,0.098,1.387,0.694,1.499,0.694,0.098,-0.203,0.098,-0.438,-0.618,0.35,0.694,0.205,0.098,0.694,1.387,1.499,-0.203,-0.203,1.387,1.387,1.499,0.205,0.205,0.913,0.35,-0.438,0.205,-0.618,-0.438,-0.618,0.694,1.499,0.694,0.098,0.913,0.913,-0.438,0.098,-0.618,-0.203,-0.618,0.694,1.499,1.387,-0.6341952119422698,1.3754692086801434,0.913,-0.589902666217177,-0.5589910248880712,0.9052257781037721,-0.203,-0.438,0.35,0.9512614991484972,0.988940858750485,1.4860430155507818,1.0130374290293684
-1.027,-1.083,1.893,-0.893,-0.893,1.215,0.669,-1.027,0.669,-1.083,1.893,-0.812,1.893,1.215,1.893,-1.054,-0.812,-1.027,-0.115,-0.893,1.215,-1.027,0.703,-1.054,1.893,1.893,1.215,-0.812,-1.083,0.703,-1.054,-1.054,-0.812,1.893,-1.027,0.669,-1.083,-1.054,0.669,0.669,-1.054,-1.054,-0.893,-0.893,-1.083,0.669,-0.115,1.893,0.669,1.215,-0.893,-1.027,1.893,1.8780237922785985,-1.054,-0.9024685217255023,0.6555228307954096,-0.871402059267073,0.6821484020911232,-0.812,0.7324452395401297
-0.632,-0.354,0.079,-0.349,-0.695,-0.632,-0.407,-0.354,0.779,-0.349,0.779,0.779,-0.407,0.079,0.646,-0.349,0.646,0.779,-0.407,0.779,0.646,0.779,0.646,0.079,0.079,-0.463,1.445,-0.463,-0.695,1.445,-0.407,-0.349,0.646,0.079,0.646,-0.695,1.445,0.079,0.646,-0.354,-0.463,0.646,-0.354,0.779,-0.407,0.646,-0.695,1.445,0.779,0.646,0.6336183235381805,1.430575924646843,-0.695,-0.354,1.452574982224808,1.4832790279478576,0.7679572930266398,0.7780594042274982,-0.7065423764764274,0.6507846747865829,-0.6847595362094199,-0.407,1.5358610073651155,-0.349,1.5630963696728857
-1.402,0.671,1.457,1.457,-0.604,0.175,-1.402,-0.604,1.457,-0.743,0.671,-0.593,-0.743,-0.743,1.457,-0.518,-1.402,1.251,0.175,-0.593,-0.743,0.175,-0.743,-1.402,-1.402,1.457,1.251,-0.593,-1.402,-1.402,-0.593,-1.402,-0.604,0.671,-0.518,-1.402,-0.743,1.251,-0.386,-0.518,-0.518,-0.743,-1.402,0.175,-0.386,-0.518,1.457,-1.402,-0.518,0.175,-0.593,1.251,0.671,-1.4112440343330164,-0.604,-0.6212610827913015,0.6514944860705894,-0.53380249857753,-0.49454342946385393,-1.372689802217465,1.4454412610063117,-0.743,-0.7533994997980722,0.16568871934113097,0.6942310320675034
-0.916,-0.434,-0.648,-1.423,-0.434,-1.423,-0.886,-0.886,-0.139,0.013,-0.116,-1.423,-0.434,-0.886,-0.116,-0.886,-1.423,-1.423,-0.886,-1.423,-0.116,-0.665,-1.423,-1.423,-0.434,-0.916,-0.665,-0.665,-1.423,-0.886,-0.434,-0.886,0.013,-0.139,-0.274,-0.916,-0.665,-0.886,-0.886,-0.648,-1.423,-0.886,-0.139,-0.648,-0.886,-0.648,-1.423,-0.916,-0.916,-1.423,-0.139,0.013,-0.9317856793425214,-0.648,-0.274,-0.8946218737431051,-0.8511731003988657,-1.4394590971638794,-0.8230499236165763,-0.7924408973145247,-0.434
0.97,-1.149,0.171,-0.048,-1.149,0.257,-0.7,0.171,0.257,0.445,0.445,0.171,-0.048,1.712,0.257,-1.092,-1.149,-1.092,0.97,-1.149,-1.092,0.01,0.97,-0.7,-1.149,-1.092,1.712,0.01,1.712,-1.092,-1.092,0.97,-1.092,1.712,-1.092,-1.092,-1.149,0.257,0.97,0.01,0.97,-0.048,1.712,1.712,-1.092,-1.092,-1.092,1.712,-0.7,0.445,1.712,1.703272020306443,0.97,0.171,0.01,-0.009141144562856899,-0.7,-0.7097500228309951,-0.6560592316826059,-1.092,-0.048,0.019941301955204827,1.745342606063286
-0.818,-0.818,-0.546,1.066,-0.567,2.148,2.148,0.511,-0.533,2.148,2.148,0.511,-0.533,-0.111,2.148,-0.546,-0.567,-0.818,-0.818,-1.126,-1.126,2.148,1.066,-1.004,-0.533,-0.818,-0.111,-0.546,1.066,1.066,-0.818,-0.546,1.066,-1.126,-1.126,-1.004,-1.004,2.148,-0.533,-0.818,-0.818,2.148,-1.126,-1.004,-0.111,-0.546,1.066,-0.546,-1.126,-0.111,-0.5620804456578758,2.148,-0.12580037985700754,-1.1349251792098054,-1.1108899789984443,-0.1000645264319702,-0.818,-1.0637185372080407,-0.5243067307306477,-0.49749215216914894,0.511,0.49592197565843094,-0.8304993567458716,-0.533,0.5289018569133673
1.011,-0.946,1.243,0.729,-0.504,-0.781,0.729,0.729,-0.781,0.729,0.729,-0.946,-0.946,-0.227,-0.781,1.243,-0.584,1.011,0.729,-0.781,-0.227,-0.227,-0.504,-0.504,1.011,1.011,-0.584,0.155,-0.379,1.011,-0.584,1.243,-0.227,0.155,-0.227,-0.504,1.243,0.155,1.243,-0.227,1.243,-0.227,-0.946,-0.781,-0.379,0.155,1.243,-0.584,1.011,-0.946,-0.796577886353287,0.729,-0.504,-0.5159319106529497,0.7170553640182111,-0.5091268222028449,-0.46862155327911137,-0.4459094637304627,-0.5953628679950335,-0.3928954517088962,-0.5688049601772399
-0.197,-0.197,0.273,-0.495,-0.197,-0.53,-0.53,-0.575,0.327,-0.54,-0.495,0.327,-0.445,-0.575,-0.575,1.054,-0.197,-0.935,-0.53,-0.935,-0.53,-0.197,-0.53,0.327,-0.575,-0.495,0.327,-0.575,-0.575,-0.495,-0.445,-0.53,-0.495,0.273,-0.445,-0.54,-0.495,0.273,-0.935,-0.575,-0.495,1.054,-0.575,0.327,1.054,-0.935,-0.935,-0.53,-0.53,-0.445,0.327,-0.54,0.31295749640812426,-0.53,-0.495,-0.935,-0.5555408247608801,-0.5093708732475292,0.34534985119742734,-0.47995378530604915,-0.197,-0.44198431112580905,-0.5072386363211036,-0.575,-0.45729082789590186,-0.4634111639515388,-0.9428558942581783,-0.4358300353893427,-0.5354423408926404
-1.164,-0.187,-0.909,0.457,-0.909,-0.757,0.034,-0.757,-0.909,-0.757,-0.909,-0.909,-0.187,-0.534,-0.321,0.034,-0.909,0.223,-1.164,-1.164,-0.909,-0.534,-0.534,0.034,-0.321,1.575,-1.164,-1.164,-1.164,-0.757,-0.909,1.575,0.034,-1.164,1.575,-0.909,-0.534,-1.164,0.223,0.034,1.575,-0.534,-0.909,1.575,-0.321,-0.187,0.034,-0.909,-0.321,-0.757,-0.7716007883457061,-0.187,0.034,1.575,0.02032390107754404,-0.534,-0.33493985667437726,-1.164,-0.5442710283226169,0.457
-0.888,-0.818,-0.265,-1.284,-0.181,-1.284,-1.284,-0.347,-0.888,-0.181,0.373,1.956,1.956,-0.347,2.08,-0.796,2.08,1.956,-1.284,2.08,-0.265,-1.284,-0.888,1.956,-0.796,1.956,-0.265,-0.796,-1.284,1.956,-0.796,-0.796,2.08,0.373,-0.818,-0.181,2.08,1.956,2.08,-0.888,-0.818,-1.284,1.956,-1.284,-0.796,2.08,-0.888,-1.284,1.956,2.08,1.956,-0.181,-1.284,-0.347,-1.284,-0.796,-1.2983020943689778,-1.265368383115937,1.956,0.373,1.9421718569798951,-0.36081980433880145,-0.181,0.35768332254763274,-0.20156736736926398,0.38837712404538033,-1.23550897411165,-0.17409567770632617,-0.14773196481931453
1.25,-1.003,-1.003,-0.911,-0.033,-0.97,-0.955,-0.911,-1.156,-0.97,-0.97,-1.156,-0.911,-0.033,0.549,-0.033,1.25,-0.219,-1.156,1.25,-1.003,-0.955,-0.219,-0.955,1.25,-0.97,-1.156,0.552,1.25,-0.955,-0.911,1.25,-0.955,-0.97,-0.911,-0.97,-1.156,-1.003,-0.911,-1.156,1.25,-1.003,-0.955,-1.003,-0.97,-1.0135969846272062,0.552,-0.033,-0.9705059989083146,-0.9498416451102153,-0.987447789151673,-0.219,-0.04748151875073944,-0.9537937855549337
-0.154,-0.154,1.198,-0.891,-1.0,-0.446,-1.0,1.198,-1.0,-1.0,-1.304,-1.304,1.198,-0.597,-0.154,-0.891,-0.446,1.198,-1.304,1.198,1.198,-1.0,0.909,-0.446,-0.891,-0.891,0.909,-1.304,-0.154,-1.0,1.198,-0.774,-1.0,-1.304,1.198,1.198,-0.891,-1.304,1.198,0.412,-1.304,-0.891,0.909,-0.774,-0.774,-0.774,-0.597,-1.304,-0.597,0.909,0.909,1.198,-0.446,0.909,0.909,1.198,0.412,1.198,-0.154,-0.446,1.1839151757102335,-0.774,0.909,1.213036318728744,0.3962241654800499,-0.1658860493581717,-1.304,-1.3305554365575516,-0.7827826607078708,-1.3004953345840762,1.2493477401706987,-1.0
-1.012,-1.308,0.993,-1.308,-1.071,-1.308,-1.071,-1.012,0.627,1.132,-1.308,-0.856,-1.012,1.132,-1.308,1.132,-0.856,-0.763,-1.012,-1.308,1.132,-1.012,0.627,-1.071,-0.009,-1.071,1.132,0.993,-0.763,0.993,-1.308,-1.071,-0.646,-0.856,-0.763,-0.856,-1.071,0.627,-1.308,0.627,0.627,-0.646,-1.012,-0.646,-0.763,-0.646,-1.308,-1.071,-0.6559330102134939,-0.763,-0.856,-1.0867130963247784,-0.009,-1.0589636502055213,-0.020776134766826798,-0.7728401273938105,0.011732543635340348
-1.247,-0.643,0.011,-0.615,-1.247,0.011,-1.109,1.548,0.011,-0.896,-1.247,1.548,1.548,-0.896,-1.247,-0.643,0.011,-0.643,0.011,-1.247,-1.109,0.762,0.762,0.011,-0.615,-1.109,1.548,-0.643,-0.827,1.548,-0.615,-0.163,-0.643,-1.109,-0.827,-0.827,-1.247,-0.163,-0.827,0.011,-1.109,-1.247,-1.109,0.011,-1.247,1.548,-0.896,1.548,-0.896,1.548,-0.827,-1.247,-0.615,-0.8429205624913136,-0.8054801432590505,0.762,0.745891280033765,0.7834293885352233,0.011,-0.625518045604158,1.5340148263905202,-1.109,-0.6016180470768537
-0.542,0.792,-1.091,-0.184,0.431,0.839,-0.184,0.792,0.356,0.356,-0.184,-0.528,0.356,0.367,0.367,0.792,0.356,0.356,-1.091,-1.091,0.367,-1.091,0.303,0.356,-0.528,-0.184,-1.091,0.367,0.839,-0.184,-1.091,0.356,-0.184,-1.091,-0.184,0.356,0.367,0.303,0.792,-0.184,0.792,0.303,0.356,-0.542,0.356,-1.091,0.839,0.367,0.356,-0.542,-0.542,0.356,-0.5588258141624955,0.367,0.3510850408342261,-1.091,0.3411950748963517,0.431,-1.1005865512436537,0.4208989072333739,0.4492158490188088,0.303,0.38689116437271337
-0.616,-0.399,1.794,1.031,0.121,-1.204,0.583,-0.616,-1.204,-1.204,1.794,-1.204,0.121,-0.399,1.794,-0.399,-0.399,0.44,-1.204,-1.204,-1.204,0.583,-0.884,-1.204,0.583,1.031,-0.538,1.031,0.583,-0.399,0.583,1.794,0.44,0.44,1.794,-1.204,-0.399,0.583,-0.884,0.44,0.44,-1.204,1.794,1.794,-0.538,-1.204,-0.884,1.794,-0.399,0.44,-0.616,0.583,0.121,0.1086258362938548,0.44,1.794,1.031,0.5667158216546757,-1.204,-0.627034532374924,0.4301473392533941,-0.399,0.6169193573760231,-0.884
0.161,-0.503,-0.836,-0.499,-0.479,0.161,-0.537,-0.537,-0.411,-0.499,-0.537,0.102,-0.537,0.161,-0.836,-0.503,-1.035,-1.035,0.161,-0.411,0.161,-0.479,-0.432,0.161,-0.537,-0.836,0.161,-0.537,-0.432,0.161,-0.503,-0.836,-0.479,0.102,-1.035,-0.411,-1.035,-0.503,-0.537,-0.537,0.102,-0.503,0.161,-0.537,-0.479,-0.836,-0.537,-0.503,0.102,-0.479,-0.503,-0.537,0.161,-1.035,-0.5541324909952956,-0.5150086292819981,-0.432,-0.411,0.14510928493129066,-0.446640029767487,-0.479,-0.499
0.23,0.23,1.242,-0.35,-0.35,-0.35,-0.818,-0.818,-0.093,0.924,1.242,0.979,0.979,-0.093,0.919,1.242,1.047,-0.522,-0.093,-0.818,-0.522,-0.818,1.047,1.242,-0.818,-0.818,1.047,-0.35,-0.522,0.924,1.047,-0.818,0.23,0.23,-0.093,-0.35,0.919,0.919,1.047,1.047,-0.818,0.979,1.242,0.919,-0.522,-0.818,-0.522,-0.35,0.919,0.979,1.242,-0.522,-0.818,0.9683645849949322,1.231182467825569,-0.35,1.2855595586447321,1.3015996476871596,-0.093,0.9046512261094315,0.9478071140220051,0.23
-0.718,-1.162,1.574,-0.831,-0.786,-1.162,-0.442,-1.077,-0.718,-0.442,1.574,1.574,-1.162,-1.077,-1.077,-0.404,-0.786,-0.786,-1.077,-0.831,-0.332,-0.718,-1.162,-0.718,-1.162,-0.831,-1.162,-0.831,1.574,-0.403,-0.332,-0.786,-0.332,-1.077,-1.162,-0.831,1.574,-0.718,-0.442,-1.077,-0.718,-0.718,-1.077,-1.077,-0.786,-0.403,-0.718,-0.442,-1.077,-0.332,-1.0910538306448918,-1.0710935470249094,-0.786,-0.403,-0.404,-1.162,-1.0289374154686715,-0.831,-0.798207590554304,-0.718,-0.3459590473911628,-0.7274858884941127
-0.633,-0.769,-0.56,-0.633,0.063,0.505,-1.157,1.19,-0.769,0.874,-0.769,-0.633,0.505,-0.56,-0.633,0.063,-0.769,-0.473,0.874,0.063,-0.56,0.505,-1.157,-0.56,-1.157,-0.633,-0.56,0.505,0.505,1.19,0.505,-0.56,-1.157,-0.234,-0.769,1.19,0.874,-0.234,0.063,-0.56,-1.157,-0.473,-0.56,0.063,-0.56,-0.633,-0.473,-0.234,-0.56,-0.56,1.19,-0.633,-0.6527683578168078,-0.5698625413975511,0.874,-1.157,-1.176243064916097,0.063,0.8615779734646741,-0.5344532124463349,-0.47773586686630204,0.048598621725300856,0.505,0.9025007587233137,-0.612403382571464,-0.234,-1.1454430116703445
-0.767,0.247,-0.84,0.247,-0.954,-0.767,-1.104,-0.435,-1.104,0.247,-0.435,-0.435,-0.976,-0.435,-0.954,-0.84,-0.767,-0.59,-1.104,-1.069,-1.069,-1.069,-1.069,0.589,-0.767,-1.104,-1.104,-0.954,-1.104,-0.976,-0.976,-0.767,-0.435,-0.954,-1.104,-0.435,-0.84,-0.954,0.247,-0.59,-1.104,-0.84,-0.976,-0.976,-0.84,-0.84,-0.954,-1.069,-1.069,-1.104,-0.954,0.589,-1.0854242274388375,-0.435,-0.976,-0.84,-0.9885308490173265,-0.9675380549185226,-0.8533526540989806,-0.9420541734565602,-0.4432849663513482,-0.43546141270894595,-1.1221812341472173,-0.8238913064335662
-0.356,-1.234,-0.463,0.44,-0.192,-1.234,-1.234,0.079,0.631,0.079,-0.192,-1.112,-0.356,-1.112,-0.192,-1.234,-1.234,-0.192,1.314,-0.053,-0.356,0.44,-1.112,-0.356,0.079,-1.112,-0.192,-1.112,0.079,0.631,-1.234,-0.192,1.314,0.631,-0.356,-0.356,-0.356,-0.463,-1.112,-1.112,-1.234,-0.192,-0.356,-1.112,-1.112,-0.192,0.631,1.314,-1.234,-0.192,0.079,0.44,-0.356,-1.112,-1.1278925676716967,-1.0880418644768266,-0.192,-0.20440749585397638,-0.16418059164303267,0.631,1.314,0.44,0.41475631560522097,-0.14778254938929794,-1.041636076141404,-1.234,-0.053,-1.0088315215155708,0.6171608795390939
-1.081,-0.819,0.024,-1.031,-1.171,-1.031,-1.171,-0.586,2.089,2.089,2.089,0.324,-1.031,-1.171,-1.171,0.024,0.324,0.024,-1.264,0.024,-1.031,-1.171,-1.081,-0.819,0.324,-1.081,-1.081,2.089,-1.264,-0.586,2.089,-1.081,-0.586,-1.081,0.37,2.089,-1.264,-0.819,2.089,-1.264,-1.264,-1.264,-0.586,2.089,2.089,-1.264,-1.171,-1.031,0.37,0.37,-1.171,2.089,-1.171,-1.031,0.37,-0.586,-1.081,-0.819,0.37,-1.031,-0.819,-0.8303706243906075,-0.8027684158938556,0.324,-0.7676278305595621,-0.586
1.264,-0.795,-1.045,1.264,-1.045,-0.136,1.055,1.169,-0.795,0.314,-0.684,1.055,-0.795,1.169,-0.795,-0.941,1.264,1.055,-0.941,1.264,-0.941,-1.045,1.055,1.169,1.169,-1.045,-0.941,-0.941,-0.684,-0.684,-1.045,1.264,-0.684,-0.136,1.169,1.169,1.055,1.169,0.314,1.264,-1.045,0.314,-1.045,-0.136,0.314,1.264,1.264,-1.045,0.0,0.314,-1.0547903479289915,1.055,-0.684,-0.136,-1.0014968163791216,-0.15033142166133398,-0.9524388940074154,1.0375093598156524,-0.016247752296276678,-0.12386760851515262,-0.6986283451694832,1.0632224260072205,1.169,1.1551006817685074,-0.0697085035510481
-1.117,-0.649,0.235,0.608,0.908,-1.117,1.427,0.817,-1.117,0.639,0.639,1.427,0.235,0.608,0.908,0.562,1.427,0.817,0.764,-0.649,1.427,0.562,0.562,-1.117,0.764,-1.117,0.817,1.427,0.562,0.908,1.427,1.427,0.608,0.908,0.639,-1.117,-0.649,0.562,0.817,-0.649,0.639,0.235,1.427,1.4118881278436932,0.562,-1.117,0.5496609402666296,0.235,0.56554858233354,-0.649,-0.667248432577288,-0.6084129094567601,0.908,0.22027499791368327,0.817,0.6066135742751486,0.608
1.079,1.079,1.574,-0.504,1.574,-0.836,-0.869,1.574,0.349,-0.277,-0.503,-0.724,-0.504,-0.869,-0.504,-0.869,-0.836,1.574,-0.503,-0.724,-0.836,-0.869,1.574,-0.724,1.574,0.349,1.079,-0.2,-0.869,0.349,-0.724,-0.277,-0.724,-0.836,-0.869,1.574,-0.836,0.349,-0.869,-0.277,-0.836,0.349,-0.277,-0.836,-0.836,-0.8585547632000244,-0.277,-0.724,-0.869,-0.503,0.349,1.574,0.33106383807202616,-0.7377165361640783,-0.8805942051800696,-0.504,-0.5221353641120328,-0.5185397369960234,0.3926255309535714,-0.8489192625221363,-0.8012255360928465
0.215,0.215,0.215,-0.645,-1.079,0.215,-1.315,-1.315,-1.315,-1.079,0.754,0.754,-1.315,0.877,0.877,-0.645,-0.838,-1.079,-1.315,-0.349,-1.315,-1.0,-1.0,0.215,-1.079,0.215,0.754,0.754,0.754,0.056,0.877,-1.315,0.215,-1.079,0.056,-1.315,-1.315,-1.0,-0.838,-1.315,0.877,-0.838,-1.315,0.056,-1.0,0.754,0.7381616911108164,-1.315,-0.349,-1.3274973175553275,-1.079,0.7842140977444455,-1.301821030090681,-0.3618314855427641,-0.3435941319978283,0.056,-1.2719145422828055,0.877,-1.0955543360347968,-0.645
0.139,0.555,-1.406,-1.406,1.319,1.5,0.111,0.555,0.111,-1.406,1.5,1.319,1.5,0.111,0.111,-0.834,0.555,-0.113,-1.406,-1.406,1.13,0.139,0.111,-1.406,0.139,0.111,-0.818,1.319,1.5,1.5,1.5,0.111,-0.834,1.13,1.5,0.111,-0.818,1.5,-0.818,-1.406,-0.818,-1.406,1.13,-0.834,0.111,-0.834,1.319,-0.818,1.13,0.555,-1.406,1.5,1.4852074037905982,-0.8318490653909757,-0.113,1.5208145096374448,0.111,0.5432130473924225,-0.12890015596380794,1.5578545820195322,-0.08327213417085443
-1.04,-0.176,1.492,-0.433,1.358,-0.176,0.953,1.358,-0.241,0.976,1.358,1.492,1.492,1.358,0.953,1.492,-0.176,-0.433,1.358,0.976,-1.04,-0.138,-0.176,1.492,1.326,-0.241,0.953,-1.04,0.976,-0.176,-0.176,-1.04,0.976,0.976,1.492,1.326,-0.433,-0.176,0.953,-0.241,1.326,-1.04,-0.433,1.326,-0.241,-0.433,0.953,0.9359138621570016,1.326,1.492,1.4774293433995578,-0.44603616291696874,-0.241,0.976,0.9627160042864722,-0.138,1.5175180093110385,-0.176,-0.40420941491638207,1.5447463562480461,1.358
-1.138,0.045,-1.09,-0.758,1.234,1.123,2.121,-0.609,2.121,1.123,2.121,-0.537,-0.609,-1.09,-1.09,-0.758,2.121,1.123,1.234,1.234,-0.537,-1.138,1.234,1.234,0.045,1.234,1.123,0.045,2.121,-0.758,-1.138,0.045,-1.138,1.123,2.121,-0.609,-0.274,-0.609,0.045,-0.537,-1.09,2.121,-0.537,-0.274,-0.609,-1.138,-0.758,-0.537,-1.138,-0.537,-1.09,-0.609,0.045,-1.138,-0.609,-0.758,-1.138,1.234,1.123,2.121,2.1089515053648187,1.2202511564836087,1.115145316906977,1.1348672703194438,-1.1535462157339875,-1.09,-1.1112244170741599,-0.274,0.045,-1.0642221603838735,-0.6186305084103306,-1.0997739353043896
-1.358,-1.266,0.742,0.742,-1.266,-1.358,0.059,1.208,0.742,0.537,-1.266,0.742,-1.117,-1.117,-1.117,0.2,-1.358,-1.117,1.208,-1.266,0.036,-1.266,0.742,1.208,-1.117,-1.358,-1.358,-1.358,0.742,-0.123,-1.358,1.208,0.742,1.208,0.059,-1.358,1.208,-1.117,-1.358,0.537,0.036,0.036,-1.266,-1.266,0.2,0.537,0.059,-1.358,-0.123,0.059,0.2,0.04467262091245253,-1.117,0.537,0.036,0.06286686849440322,0.01941154977014857,-1.128784749916859,0.742,0.18874297859982503,0.08906136960169032,0.7254797111834496,0.05031357434494141,0.13456266679900872,0.07140204683619852
-0.225,-0.964,-0.225,-0.964,-0.225,1.406,-0.034,-0.709,-0.034,-0.964,-0.964,-0.631,0.508,-0.709,-0.631,-0.225,-0.793,-0.631,1.033,1.033,-0.964,1.033,-0.225,0.918,1.406,-0.225,1.033,-0.793,-0.793,-0.034,-0.793,1.406,0.918,1.406,0.918,-0.964,1.406,-0.631,-0.793,1.033,1.033,-0.964,-0.964,0.918,-0.793,1.406,-0.709,0.918,-0.793,-0.964,-0.964,-0.793,-0.034,1.406,0.508,-0.709,-0.964,0.918,-0.05649430106745772,-0.01885466610867191,-0.631,0.49705707426841284,0.529469070873028,0.9080169573446526,-0.225,-0.6475043008912762,-0.8047978742813219,-0.7187817945860094,0.014741099488717739
0.075,-0.264,-1.034,-0.264,-0.803,1.497,-0.693,-1.034,1.497,-0.901,1.497,-0.742,-0.264,-0.901,-0.264,-1.034,-0.693,-0.742,-0.901,-0.803,-0.803,-0.264,-0.443,-0.693,-0.463,-0.693,-1.034,1.497,-0.693,0.075,-0.463,0.075,-0.901,-0.264,-0.742,-0.803,-0.264,0.075,-0.264,-0.693,-0.693,1.497,-0.443,-0.264,-0.742,-1.034,-0.901,-1.034,-0.803,-0.463,-0.901,-0.4747652033076646,-0.742,-0.264,-0.8225155351916361,-0.7744620802278479,1.497,-1.034,-0.7433274363558049,-0.9143959918479934,-0.4433444405388395,-0.393738335005466,0.075
-0.136,-0.171,1.054,0.227,2.026,1.044,2.026,2.026,1.054,2.026,-0.171,-0.059,2.026,0.227,-0.171,1.044,1.054,-0.136,-0.49,2.026,1.054,-0.49,-0.059,-0.059,1.044,0.154,0.154,0.154,-0.059,1.054,0.227,0.163,2.026,0.227,-0.171,0.163,-0.171,-0.49,2.026,1.054,0.227,1.054,2.026,-0.059,-0.171,1.044,-0.49,-0.4996201821492021,-0.07195991868369128,-0.18651615078360312,1.054,-0.462221540449414,1.0355532391577573,0.163,1.0787641571066977,0.14924950086057195,-0.15791207807264454,1.0335142167110682,-0.04172394147320734,0.227,-0.136,1.1235341787682394,-0.010256750169369624
0.955,-0.188,1.045,-0.188,-0.885,1.045,-0.885,-0.95,-0.188,-0.885,-0.2,1.045,-0.556,-0.95,-0.885,-0.188,-0.885,-0.885,-0.95,0.109,-0.885,0.955,1.045,-0.95,-0.188,-0.556,-0.188,-0.2,-0.95,0.955,0.109,0.955,-0.885,-0.188,0.745,-0.95,0.109,0.109,0.745,-0.95,-0.2,0.416,-0.95,-0.9645510637038172,0.109,-0.188,1.045,-0.2,-0.9309330491699104,0.416,0.39838943329941695,-0.885,-0.2148698271343913,0.41180701911992584,0.09554534867275137,1.0322595524290368,1.0628033439847229,-0.556,-0.1856656831269867
1.215,1.796,0.37,1.796,-0.564,0.238,1.215,0.238,-1.113,1.796,0.238,-0.664,-0.564,1.215,-1.113,0.37,0.37,-0.564,0.37,0.37,2.217,-1.113,-0.564,-0.664,-0.664,1.796,2.217,-0.631,-0.564,-0.631,-1.113,-0.664,-1.113,2.217,-0.385,2.217,0.37,-1.113,0.238,-0.631,1.796,1.796,1.796,0.238,0.37,2.217,2.217,-0.564,-0.564,-0.385,2.217,-0.385,1.215,1.796,-0.564,-1.113,-0.664,-0.631,0.238,0.37,0.35781832075818687,-0.647186077438522,0.4159568884130636,-1.124349575415161,0.22374026854583953,-0.385,-0.39771719203563655,-1.0990178315278383,0.25089801224816577,1.796
-0.726,-1.02,-0.726,0.61,-1.014,0.61,0.61,1.282,-1.02,1.282,-0.811,-0.447,-1.014,-0.726,-0.013,1.282,-1.014,-0.811,0.61,-1.014,-0.726,-0.726,1.282,-1.02,0.134,-1.014,-1.02,0.329,0.134,0.329,0.329,-1.02,-0.811,-0.013,-1.02,0.134,-0.811,0.329,-0.726,-1.02,0.329,-0.811,-0.013,0.61,-1.014,-0.447,-0.447,-1.014,1.282,0.134,-1.02,-1.0339389482569306,-1.0122812416168696,-0.9807827876903769,1.2706699161689317,-0.726,0.329,0.11698811473195081,1.3153761280518919,-0.811,-0.7352212283543696,-0.8280601100727643,1.3434069311243442
-0.398,-0.728,-0.63,-0.414,-0.861,-0.729,-0.861,-0.398,-0.728,-0.414,-0.729,-0.861,-0.398,-0.779,-0.414,-0.729,-0.63,-1.093,-0.673,-0.63,-0.861,-0.779,-0.729,-0.63,-0.729,-0.414,-0.673,-0.414,-0.861,-0.528,-0.414,-1.093,-0.729,-1.093,-0.528,-1.093,-0.779,-0.63,-0.729,-0.728,-0.398,-0.63,-0.414,-0.729,-1.093,-0.729,-0.63,-0.528,-0.861,-0.673,-0.414,-0.6438246215682747,-0.6096737169360399,-0.4234095204213808,-0.779,-0.7901737766520522,-0.728,-0.684169472776031,-0.7404970567273822,-0.398,-0.7411294950896238,-0.4075360654899871,-0.4120773606288455,-0.7009604404401697,-0.5657251454396942,-0.36790287794469
0.055,-0.46,0.61,0.61,-0.203,0.61,-0.654,0.055,-0.46,0.24,-0.654,-0.223,-0.46,0.576,0.055,-0.223,1.067,0.24,-0.223,0.24,-0.203,1.067,0.576,0.409,1.067,-0.46,-0.654,1.067,-0.203,-0.223,-0.46,0.409,-0.223,-0.203,-0.654,1.067,-0.46,-0.203,-0.223,1.067,0.24,0.61,0.409,0.576,0.5968956619002694,0.559286195254761,0.5730002814272551,0.055,0.23025639061755565,-0.46,0.613477794041068,1.0575325733146823,0.03798854305436149,-0.654,-0.23794506938470855,-0.19970936426763236,0.39834621152163074
-0.793,-0.8,-0.631,1.424,-0.772,-0.257,1.082,1.082,-0.772,-0.793,-0.631,1.424,-0.021,-0.793,1.109,0.022,-0.8,-0.772,-0.631,1.424,0.022,-0.021,-0.772,-0.631,-0.8,1.082,1.109,1.082,1.082,0.022,-0.631,-0.793,1.424,-0.8,1.109,1.424,-0.793,-0.021,1.082,1.424,0.022,-0.631,1.109,-0.8,1.082,1.109,-0.8,1.0876885431637922,0.022,-0.772,0.008661281095166357,1.424,-0.631,1.0701479802004576,-0.257,1.1052556560456306,-0.788697665243781,-0.27106438162383767,-0.021,1.1301424028195777
-0.405,0.479,0.028,-0.993,-0.405,0.028,-0.405,1.755,-1.054,-1.054,-1.154,-1.154,0.479,1.755,0.373,0.373,-0.614,-0.993,-0.405,0.572,-1.054,1.755,-1.154,-1.054,-1.154,0.572,-1.154,1.755,-0.405,-0.993,-0.614,-0.405,0.373,-1.054,1.755,1.755,0.028,-0.405,-0.614,0.572,-0.993,0.373,1.755,-1.154,-1.054,-1.054,0.572,0.373,-0.614,-0.993,-1.154,0.028,-1.054,-1.1706658196087596,-0.405,0.572,0.557710615649834,-0.6241401638107427,1.755,0.6098546843250948,-1.1346298868133606,-1.0033787131618224,0.016432665728435682,1.7434899232445258,0.05240710951949151,0.0961497617561579,-1.0678036363479058,0.630845940292644
-1.089,0.339,-0.994,1.468,0.339,-0.678,-0.42,-0.384,-0.819,1.023,-0.994,1.023,-0.678,-0.42,-0.994,-0.42,1.468,-0.678,1.468,-0.384,-0.994,-0.384,-0.42,1.023,-1.089,-0.42,-0.678,-1.089,1.468,1.468,-1.089,-0.819,-0.994,-0.678,-0.384,-0.42,-0.384,-0.994,-0.589,-0.384,-0.589,-1.089,-0.819,-0.42,-0.589,-0.589,-0.589,1.468,-1.089,-0.994,0.339,1.4503234676104806,-0.42,1.508592957698845,-1.0102122687305155,0.3254687455679998,-0.42829294848354166,0.35319779068615487,-0.385396244786925,-0.819,1.023,0.4098692142028723
0.773,-0.028,-0.276,0.773,0.051,-0.947,-0.827,0.773,0.207,-0.419,-0.814,-0.947,0.207,-0.814,-0.827,-0.947,-0.827,-0.814,0.207,-0.814,-0.276,-0.21,0.207,-0.21,0.207,-0.947,-0.276,0.773,-0.028,-0.947,-0.276,0.051,0.051,-0.21,0.773,-0.814,-0.947,-0.276,-0.276,0.773,0.207,-0.21,-0.814,-0.947,0.207,-0.814,-0.827,-0.419,-0.419,-0.028,0.207,-0.814,-0.827,-0.947,-0.419,0.051,0.773,0.19853774308890584,0.24266137265017118,-0.4283839867287967,-0.8284852378056897,0.2954819875639352,0.3266129449200142,0.04087661334463213,-0.21,-0.37522316732977484,-0.028,0.7633277745252652
0.86,-0.56,0.86,0.877,0.86,-1.209,0.708,-1.003,0.081,-0.217,-0.56,0.877,-1.003,-0.299,0.877,0.86,-1.003,-0.217,0.708,-1.209,0.081,-0.56,0.949,0.081,-1.003,-0.56,-1.209,0.86,-1.003,-1.003,-0.56,0.86,0.86,-1.209,0.949,0.081,0.877,-0.299,-1.209,0.949,-1.209,0.708,0.949,-0.299,0.877,-1.003,0.8584013004517126,-0.3119700811354788,0.9352015810637854,-0.56,-0.27015780898340147,-1.209,0.9746585449594608,0.86,-0.5713097439345642,-0.217,-1.0174320056710198,-0.2342519763646913,1.0080797331865428,1.056424817881295,-1.2236121531110127,-0.23214316121868409,-0.5276670979828527
-0.75,1.64,0.484,1.632,0.778,0.778,0.41,1.64,1.64,0.822,-0.952,0.484,0.778,0.778,0.484,0.778,0.822,0.822,0.159,0.778,1.632,1.64,1.64,-0.75,1.632,0.778,-0.952,-0.241,-0.75,-0.75,1.64,-0.952,1.64,-0.241,-0.952,1.632,1.632,0.778,1.632,0.159,0.822,0.822,0.822,0.778,-0.241,0.484,0.778,-0.75,-0.952,0.822,0.159,0.41,0.39004822900407454,-0.75,0.41061608449729364,-0.952,0.484,0.159,1.632,0.778,0.47577719928458456,-0.763448211265005,-0.6945123703782367,1.64,-0.9624326782631479,0.49274062895044557,0.7653767949386412,-0.9316013994417691,0.1444169117126591
-0.495,1.174,-1.232,-1.232,-1.232,-0.163,1.037,0.563,0.563,-0.495,1.037,-0.842,0.762,-0.516,0.563,0.762,-0.637,0.563,0.762,1.174,-0.842,-0.516,-0.637,-1.232,0.563,-0.516,1.037,-0.516,-1.232,-1.232,-0.495,-0.516,-0.516,0.762,0.563,-1.232,-0.637,-0.516,-0.842,-0.842,-0.495,-0.516,-1.232,1.037,-0.637,0.762,1.174,-1.2489040883896794,-1.2150311499344766,1.1597110279898277,1.0224876585451113,0.7497863268985392,1.0635048769909585,-0.842
0.912,0.481,0.487,0.235,1.577,0.487,1.041,0.235,1.577,-0.056,0.912,1.041,0.912,0.487,0.487,0.868,-0.772,0.481,1.577,0.487,0.868,0.487,1.577,0.487,0.868,-0.228,-0.056,0.912,0.487,-0.228,-0.228,0.912,0.487,-0.056,0.481,0.487,0.868,0.481,1.041,1.577,0.868,1.041,0.235,0.487,0.481,0.912,0.912,-0.772,-0.772,0.481,0.487,0.235,0.912,0.481,-0.056,0.2202964921911521,-0.228,0.8988860291448653,0.4799715763186015,0.868,-0.06236002991292512,0.2570448272233955,0.8550100807962404,-0.772
0.282,-0.824,-1.142,0.03,0.03,0.415,-1.142,1.028,-0.824,1.088,0.282,0.03,-0.938,-1.142,-0.938,0.282,1.028,0.415,-0.775,-0.939,0.282,1.088,0.282,-0.939,-0.775,-0.824,0.282,-0.939,-1.142,-0.824,-0.775,-0.824,-0.938,0.03,-0.939,1.088,-1.142,-0.939,-0.938,-0.938,1.088,1.028,-0.938,-0.938,-0.775,1.028,0.282,1.088,-0.938,-0.939,0.27624523991221483,0.03,1.0764471630637176,0.415,0.39878585184565046,0.022449353771031227,1.1124535238557143,-1.142
1.894,-0.246,1.894,0.397,1.851,-0.744,1.894,1.894,-0.567,-1.009,-0.567,1.894,-1.009,0.397,0.397,-0.678,1.851,-0.678,0.416,0.416,1.851,0.416,0.397,-1.009,-0.744,-0.246,-1.009,-0.246,-0.365,-0.744,1.851,1.851,-0.744,-0.744,-0.744,0.416,0.397,-0.365,1.851,0.416,1.851,-0.365,-0.678,-1.009,-0.678,1.851,-0.246,-0.744,-1.009,-1.0263664932778531,0.397,-0.365,-0.37796902220584777,-0.3390720696592438,-0.30222648208815917,-0.246,-0.567,1.894,-0.26113850403438943,0.416,-0.744,0.3968857645617722,-0.7624752130421253,-0.7378802660637367
1.002,1.651,0.768,-0.556,1.103,-1.036,1.002,1.651,1.651,-1.036,1.103,1.103,-1.036,1.002,-0.68,1.103,-0.891,-0.68,-0.445,-0.68,-0.479,1.103,-0.556,0.768,1.002,-0.68,-1.036,-0.445,1.103,1.651,-0.556,-0.891,-0.556,-0.556,-0.891,1.651,-1.036,-0.479,-0.68,-0.556,1.651,1.002,-0.556,-0.68,-0.891,1.103,-1.036,-0.556,1.651,0.768,-0.891,-0.556,-0.5761021778666207,1.103,0.7552343604645495,0.7641516221245468,-0.5251919413103705,-0.8982847954510091,-1.036,1.084250349868792,1.638413565199424,-1.0552370852758566,-0.445,1.1254834351047167
-1.112,-1.177,-0.042,-1.177,-0.791,-1.177,-1.024,-1.177,-0.791,0.576,-1.177,-1.064,-1.024,-1.024,-1.064,1.51,-1.177,1.075,-0.791,1.51,-1.112,-0.791,1.075,-1.112,1.075,-0.791,-0.791,-1.177,-0.042,-1.112,0.576,-0.791,-0.791,-1.064,0.405,-1.024,-1.112,1.075,-0.042,1.51,-1.064,1.51,1.075,1.075,0.576,-0.791,-1.112,-0.791,-0.791,1.51,1.51,0.576,0.405,-0.042,-0.06620799391828289,0.38174749473195835,0.41287307079030894,0.44809451651767235,-0.791,-1.177,1.075,-1.1858292624663485,-0.8023797152401629,-1.064
1.706,0.152,0.023,1.706,-0.129,1.4,-0.661,0.152,-1.366,1.706,0.023,-1.366,-0.129,-1.366,0.023,-0.129,-0.661,-0.129,0.013,1.706,-1.366,1.4,1.4,0.013,0.152,-0.129,0.023,-0.429,-1.366,0.152,0.152,-1.366,1.706,0.023,0.023,1.706,1.706,1.4,-0.661,1.4,-1.366,-1.366,-1.366,0.013,-0.429,-0.129,0.013,1.4,-0.661,-1.366,-1.366,1.706,1.706,0.013,0.0,-0.661,-0.129,-0.006280778932415352,-0.014192998544568364,1.4,0.023,0.011083643613317436,-0.14046426049103794,-0.6760254468991442,0.01245993286996648,-0.12025730473018485,-1.366,0.050004273972200544
2.318,0.359,2.318,1.156,-0.977,1.156,1.229,-0.183,-0.977,-0.907,2.318,2.318,-0.977,-0.183,2.318,1.156,2.318,-0.907,-0.977,1.156,1.229,-0.183,1.229,-0.907,-0.977,-0.977,-0.977,2.318,1.229,0.359,0.359,1.229,1.156,-0.183,2.318,-0.907,-0.07,1.156,1.156,-0.183,1.229,1.156,1.229,0.0,1.211229322011236,-0.017436908759660048,1.2392994510222053,-0.977,2.318,0.359,1.156,-0.07,0.01519228022001805,-0.907,0.03648966584986871,1.2562395334449326,0.0,1.3026330406279352,-0.183,-0.9867819316381433
0.653,1.02,-1.024,0.653,-0.683,-1.151,1.867,0.653,-0.558,-0.725,-1.151,-0.558,1.867,-1.024,-0.558,-1.151,1.626,-1.151,-1.024,-0.725,-1.024,1.02,1.158,1.626,-0.558,1.02,1.626,1.158,-0.558,1.626,-0.558,-1.151,1.02,-0.683,1.867,1.867,0.653,1.02,-1.024,-1.024,1.626,-1.151,0.653,-0.683,1.158,-1.151,0.653,1.626,-1.024,-0.725,-0.725,-1.151,1.158,1.1419937642123101,1.02,-1.151,-1.024,-1.1660192568160852,-0.725,-0.7429351033052951,1.867,-1.124152568492355,1.8506661404021256,1.0048560897507384,1.1835471826374564
0.102,-1.27,-0.299,-0.603,-0.299,0.28,0.927,2.577,0.102,-0.603,-0.299,-1.27,0.28,-0.412,-1.27,-0.935,0.927,0.28,-0.758,-1.27,-0.758,-1.27,-0.299,-0.935,-0.299,0.28,2.577,-0.412,-0.603,-0.603,-0.758,-0.935,2.577,2.577,2.577,0.927,-0.758,2.577,-0.758,-0.935,-1.27,0.28,-1.27,-0.299,-0.299,2.577,2.577,-0.299,-0.935,2.577,0.28,-0.412,-0.603,0.102,-1.27,-0.758,-0.299,0.08351077385097243,-0.6170866588831069,-0.308193025765064,0.927,-0.7736723267024141,-0.42507214181561653,-0.5860755040989966,2.577,-0.7319085490856582,-0.3916713233562014,2.5598142699361013,-1.286326244103586,-0.3775993102719676,-0.28202542766208955,-0.3220182390652953,2.6161816848513935,0.26637099613244813
-1.269,1.444,-0.888,1.444,-1.269,1.444,-1.269,1.029,-1.269,1.444,-0.888,-0.028,-1.269,1.359,-0.273,-1.269,-0.028,1.359,-1.269,-0.445,0.44,-0.445,1.444,1.359,-0.413,-0.445,-0.273,-1.269,-0.413,-0.445,0.44,-0.888,-0.413,1.029,-0.888,1.359,1.359,-0.445,-1.269,-0.888,1.029,1.029,-1.269,-1.269,-0.028,1.359,1.029,0.44,-0.028,-0.888,1.359,-0.445,-1.269,-0.413,-1.283005552485983,-1.2325192678703294,1.444,-1.1878920096368393,1.029,-0.888,1.0142196410187427,-0.42393986114763926,1.3457591844025547
-0.595,1.296,-0.595,1.085,-1.296,-1.296,-0.266,0.29,0.29,-0.266,-1.296,-0.504,-0.595,-1.296,1.085,-1.296,0.491,1.085,-0.504,0.601,0.491,1.296,1.296,0.601,-0.595,-0.266,0.491,1.085,0.29,0.491,-0.504,-1.296,0.29,1.085,0.601,-1.296,0.29,1.085,1.085,0.601,0.601,-0.266,1.085,0.41,-1.296,0.491,0.29,-0.595,0.601,1.085,-0.504,1.0685570796326074,0.587702573573994,0.41,-0.266,0.29,0.2732123812924213,0.2889215971194078,-0.595,-1.296,0.34048641234282717,0.6205126146709671,0.39631927673226625
-0.732,0.372,-0.944,-0.479,0.372,-0.732,-0.34,0.135,-0.944,-0.479,-0.27,-0.27,1.065,1.065,-0.944,0.372,0.372,0.695,-0.34,-0.34,0.695,-0.34,-0.34,0.695,1.065,0.372,0.372,0.372,0.354,-0.34,0.135,-0.732,1.065,0.354,-0.34,0.372,-0.944,0.372,1.065,0.695,0.695,-0.732,1.065,-0.34,-0.35590110671301556,1.0511836824213077,-0.27,-0.944,-0.956972965389196,-0.7415468472037368,0.695,-0.3102559011977838,-0.2842262701765997,-0.6930255245614921,0.372
0.922,-0.997,-0.997,0.937,0.937,1.751,0.005,-0.997,0.937,1.022,0.937,0.005,0.922,-0.208,0.937,-0.83,0.413,0.937,-0.997,-0.997,1.751,-0.83,-0.798,1.751,-0.208,0.937,-0.83,-0.798,0.922,0.937,1.751,0.005,-0.798,0.937,0.937,1.751,1.751,-0.83,1.022,-0.83,-0.997,-1.0102987647690687,0.413,-0.9696257455616707,-0.83,0.937,-0.9297684365360894,-0.8926775431908699,0.005,-0.208,-0.22358698764088997,-0.19699746058751963,0.3979397515343706,-0.15323170205331219,1.751,-0.011001136546119596,1.728791883292524,1.022,1.7510934199325934
-0.27,-0.279,-0.417,0.455,-0.417,-0.856,-1.029,1.271,-0.065,1.271,-0.003,-0.27,-1.029,-0.065,-0.27,0.455,-1.029,0.455,-0.279,-0.417,-0.417,-0.065,-0.856,-0.27,-0.417,-0.856,-0.065,-0.606,-0.279,1.271,0.455,0.455,-0.27,0.455,1.271,-0.856,-1.029,-1.029,-0.279,-0.279,-0.065,-0.279,-0.606,-0.606,-1.029,-0.417,-0.003,-0.279,-1.029,0.455,-0.29701877620085837,-0.2446871058170886,-0.01813137269678802,0.43857919970451115,-0.065,-0.27,-0.606,-0.417,-0.2831597704229675,-1.0385876487644816,-0.6224539217066267,-1.0027199275237466
-0.631,0.512,1.596,-0.491,0.944,1.824,0.944,-0.491,-0.042,-0.631,-0.491,-0.541,-0.042,-0.631,0.512,0.944,0.944,-0.631,-0.361,1.824,-0.491,1.367,1.367,1.367,1.367,-0.361,-0.631,1.824,-0.631,1.824,-0.631,1.367,-0.541,0.944,1.596,1.596,-0.361,1.596,-0.631,-0.042,-0.541,-0.361,1.367,-0.631,-0.3765823464691557,1.3575306881931675,1.3918156082536237,-0.491,1.4222050170528995,-0.5504339692997056,0.944,1.596,-0.5092371564744423,-0.042,1.472006078946142
-0.727,-0.455,-0.863,-0.24,-0.955,-0.955,-0.863,-0.863,1.243,0.165,-0.727,-0.24,-0.863,-0.496,1.243,-0.455,0.745,-0.455,-0.24,-0.24,-0.955,-0.24,1.125,-0.727,1.243,-0.727,-0.727,-0.863,-0.455,0.165,1.125,-0.496,-0.455,1.125,-0.955,-0.455,-0.955,-0.455,-0.24,1.125,-0.24,1.243,-0.496,0.165,0.14190461905618817,1.125,-0.863,-0.8795421364653828,-0.2545071130183256,1.231820206566064,-0.20576955008957754,1.112447727907866,-0.8289164293418835,-0.5130830268143528,-0.1755430937975876,-0.48186360712620446,0.745,-0.955,-0.14268849763660746
0.831,1.353,0.831,0.831,-0.092,1.362,1.362,1.353,0.44,1.362,1.362,-0.092,1.353,0.44,-0.015,0.831,0.831,-0.337,-0.337,-0.951,-0.951,1.353,1.353,0.407,-0.951,1.362,-0.449,0.831,0.44,-0.092,-0.092,0.44,1.353,0.44,-0.015,1.362,1.362,-0.092,-0.951,0.44,1.362,-0.951,-0.449,1.362,0.44,-0.015,0.407,0.831,1.353,1.353,1.3388787386247383,1.362,-0.092,-0.11376185792954865,1.374425611746404,1.410796610081171,1.4449153535870594,-0.08247270469351259,1.3498076792607765,0.831,1.4953108283611924,0.8131794678975446,0.44,0.8525854975711391
1.091,-0.375,0.001,-0.806,1.747,-1.069,-0.806,-0.854,-0.806,-1.069,0.21,1.091,0.001,-1.069,1.091,-0.375,-0.375,0.21,1.091,-1.069,-0.375,-0.375,-0.375,1.747,-1.069,1.091,-0.806,-0.081,0.21,0.727,-0.854,-0.806,0.001,-1.069,1.091,1.747,1.091,0.727,0.727,1.747,-0.375,-0.081,-0.375,-0.854,1.747,-0.806,1.747,0.001,1.091,0.21,0.001,-0.854,-0.806,1.747,1.091,1.7321535252432492,-0.8200759655649152,0.001,0.727,-0.375,0.21,-0.8659537834177082,-1.069,0.19428863174072325,0.21634516650650626
1.699,-0.414,1.625,-0.714,-0.144,-1.187,-0.414,0.288,1.625,0.009,-0.714,0.104,0.288,-0.714,-0.414,0.288,-1.187,1.699,-0.414,-1.187,-0.027,-1.187,0.288,-0.027,-0.027,-0.027,1.625,0.288,-1.187,-1.187,-0.414,0.009,1.625,0.288,-1.187,-0.144,1.699,-0.414,0.288,-0.144,0.104,-0.714,0.009,0.288,0.288,0.009,0.009,-0.714,1.625,-0.414,1.699,0.104,1.625,0.009,0.288,1.699,0.104,-1.187,-0.027,0.09198627472946128,-0.714,-0.144,-0.03691034074373861,1.6145029754688278,-0.15617287982833325,-1.198956770211803,-0.0022099977511557817,-0.414,1.6469879191160925
-0.968,1.419,-0.848,-0.767,0.335,0.13,-0.447,-1.024,-0.968,0.572,-0.447,-0.848,-1.024,-1.024,1.419,0.13,-0.447,-0.968,-1.024,1.419,1.278,-0.848,-1.024,1.419,0.13,-0.968,1.278,1.419,0.13,-0.848,-1.024,-0.767,-0.767,-0.767,1.419,-0.767,1.278,1.278,0.335,-0.968,1.419,0.572,1.278,-0.848,0.335,0.572,1.419,-0.968,0.572,1.278,-0.848,-0.8618584659534045,-0.447,0.13,-1.024,1.419,0.335,-1.033474414315793,1.278,1.2612825169536601,-0.968,1.2872709207776212,-0.767,-0.9802213970109035,-0.45886258626099025,-0.9630473610928093,-0.8461546118583373,-0.819498103948711,1.4039165125920334
0.244,-0.671,-0.524,-1.017,-0.671,1.279,0.244,-1.017,0.244,1.411,1.279,-0.671,1.411,0.874,-1.017,0.874,0.874,0.874,1.616,1.411,-0.524,1.279,-1.017,1.616,-0.665,1.279,-0.524,1.616,0.874,0.874,-0.524,-0.524,1.279,-1.017,-0.524,-1.017,-0.524,-0.671,-0.665,0.874,1.616,-0.671,-0.524,1.616,-1.017,-1.017,1.411,0.874,-0.665,-0.671,-1.017,0.874,-1.017,0.874,-1.017,-0.671,-0.6884356931732157,-0.524,-1.017,0.874,-0.6245166521336404,1.616,0.244,-0.5411578374027793,1.279,1.265160877967286,1.2732385426568462,-1.0317693442426754,1.598332366474421,1.411
-0.878,-0.435,0.241,-0.878,-0.453,0.241,-0.453,-0.878,-0.75,0.197,-0.831,-0.75,-0.453,-0.831,-0.75,-0.831,-0.657,-0.453,-0.75,-0.878,-0.453,-0.657,-0.657,-0.75,-0.75,-0.657,0.197,-0.453,-0.831,0.197,-0.878,-0.435,-0.75,0.197,0.243,0.243,0.197,-0.453,-0.4739924957723953,-0.878,0.243,-0.435,-0.890664062645064,0.197,-0.75,-0.7639675320829304,-0.8547702055041562,-0.657
-0.403,-0.403,-0.712,-0.403,1.152,-0.641,-0.038,-0.038,-1.296,-1.296,-0.641,0.643,-0.712,-0.712,-0.539,-0.641,-0.641,-0.745,0.643,-0.745,-1.296,0.643,-1.296,-1.296,-0.539,-0.641,0.643,-0.745,1.152,-0.038,-0.038,-0.403,1.152,-0.316,-0.641,-0.712,0.643,-0.712,-1.296,1.152,-0.641,-0.539,-1.296,-0.539,0.643,-1.296,-0.745,-0.745,-0.712,-0.403,-0.712,-0.712,-0.641,-0.745,-0.038,-0.712,-0.038,-1.296,-0.745,-0.316,-0.641,-0.6588603131118256,-0.33653857944573323,-0.7622727553178896,0.643,-0.712,-0.3009138729289045,0.628146631484611,-0.624885901303498,-0.038,-0.7228864200711834,-0.7275058728860817,-0.689334951649729,-0.05087870019508393,-0.5840122447943746,-0.403,-0.539,-0.6941126411343772
-0.674,-0.436,-0.436,1.466,1.466,-0.159,0.382,0.636,0.636,0.382,-0.257,0.636,0.382,-0.674,0.131,-0.257,-0.362,0.797,0.636,-0.362,0.797,-0.159,-0.257,0.797,1.466,0.636,-0.436,0.636,0.636,0.636,-0.159,0.636,0.131,0.797,-0.674,1.466,-0.362,0.382,0.131,0.382,-0.362,0.382,-0.257,1.466,-0.436,0.636,-0.4528237288904739,-0.159,0.6221018149368082,1.4505069394485877,-0.362,0.797,0.6459473169497388,-0.3721905468311267,0.382,0.131,0.10914932303666489
1.108,0.03,1.791,0.03,1.442,1.442,-0.685,-0.916,-0.685,1.442,-0.916,0.991,1.615,1.108,0.03,-0.916,1.791,0.991,-0.685,-0.684,-0.685,1.442,-0.916,-0.684,1.442,1.615,-0.294,-0.916,-0.685,-0.685,-0.685,-0.916,-0.684,0.991,1.442,-0.684,1.791,0.03,-0.684,1.108,1.615,1.791,1.615,1.791,1.791,-0.916,1.108,1.615,0.991,-0.294,-0.685,1.442,-0.6968689388327067,1.791,1.4305582874312401,-0.916,1.0999006993729508,-0.9333301070277262,-0.6443400567512412,1.6042700158523309,1.7795548404325687
1.196,-0.156,0.308,0.936,0.426,1.196,0.138,0.138,0.426,0.426,0.308,0.936,0.426,1.53,0.936,1.196,1.076,1.53,0.308,0.308,1.076,0.936,0.936,0.426,0.037,-0.156,0.936,0.426,1.196,-0.156,0.138,0.138,0.308,-0.862,1.53,1.196,0.936,0.308,1.196,0.308,0.037,1.53,-0.862,-0.156,1.076,1.076,-0.156,1.196,1.076,-0.862,1.076,-0.862,0.037,0.426,-0.862,1.53,-0.156,1.076,0.4177714477467484,-0.8766688251802136,0.936,0.138,0.308,0.28873171809968146,0.037,1.196,0.31672468565584244,-0.16500976603802125,1.0662070688563012,0.4501157567886275,0.02157527248367064,1.51582994506372,1.096667551760369
0.481,0.934,1.24,1.24,1.485,1.24,0.934,-0.481,0.481,-0.481,-1.081,1.24,-0.64,-1.081,-1.081,0.481,0.481,-1.081,1.485,0.481,1.24,-0.481,-1.081,-1.081,-0.64,0.508,-0.64,-0.481,-1.081,1.485,-1.081,0.887,-0.481,0.887,0.934,1.24,0.0,-0.017161502052334115,-0.481,-1.081,-0.4976050982551655,0.887,0.481,0.4673530156096378,0.014140418661567051,0.07555039643730749,-0.47082429777836965,0.5254820657825674,-0.64,1.24
-0.865,1.053,0.781,0.445,1.053,-0.514,-0.514,-0.014,-0.514,0.445,1.278,-0.785,1.605,0.781,1.605,1.605,-0.865,-0.865,-0.014,0.445,-0.29,-0.29,0.445,-0.014,-0.785,1.278,0.781,1.278,-0.014,-0.29,0.445,-0.014,0.445,1.605,0.445,0.445,0.445,-0.29,1.278,0.781,0.445,-0.865,-0.014,0.445,-0.865,1.605,1.605,-0.29,-0.865,-0.785,-0.29,-0.29,0.781,0.445,1.605,-0.865,1.053,0.4387412264899773,-0.30358498585228677,-0.8783345148454247,0.7698293147771742,-0.014,-0.785,-0.02130274798350524,0.010882427225593405
-0.154,1.32,-1.27,0.762,-1.27,-0.963,-0.154,1.32,0.294,-0.154,1.42,1.42,-0.963,-0.049,0.294,0.294,-0.963,1.32,0.294,-0.963,1.32,0.747,-1.27,-0.049,-1.27,0.747,0.747,1.42,0.747,0.762,0.747,-0.049,1.32,1.42,0.747,-0.154,0.762,1.32,-0.963,-0.227,-1.27,1.32,1.42,-1.27,-0.963,1.32,0.294,0.747,1.42,-1.27,-0.154,-0.227,0.747,-0.154,-1.27,1.42,-0.049,0.732678559878321,1.4028836254209103,1.32,-1.284238446384156,0.294,-0.16820497878114848,-0.963,1.433323035428127,-0.9796716947301533,-0.9406600253690434,1.3116439439313612,1.3435786177445233,-0.2386566781715799,-0.059917682517927104
1.048,0.662,-1.092,-0.967,-1.092,0.155,0.155,1.129,1.048,-0.967,-0.979,-0.414,-0.414,-0.979,1.048,-1.092,0.155,-0.979,0.155,-0.414,-0.967,-0.967,0.662,0.102,-1.092,-0.926,0.662,-0.926,0.102,-0.926,0.662,-0.967,1.129,-0.414,-1.092,-0.979,-1.092,-0.967,-0.979,-1.092,1.129,-0.926,-0.979,-0.979,0.662,-0.979,0.155,1.048,-0.926,0.662,0.1413615300193636,0.6456037078541612,0.17517417067389113,-0.967,0.102,-1.092,0.08361464876929885,-0.9825433283587189,-0.979,-1.1076809090376265,-1.0793857879965465
-0.476,-0.705,0.668,0.668,-0.226,1.559,0.668,-0.863,1.343,-0.851,-0.562,-0.863,-0.476,-0.386,1.559,-0.863,-0.863,-0.705,-0.562,-0.386,1.559,1.343,-0.476,-0.386,-0.226,-0.705,0.668,-0.851,-0.476,-0.705,1.343,-0.476,-0.386,1.559,1.343,-0.226,-0.226,-0.705,1.559,-0.863,0.668,0.668,1.559,-0.476,-0.851,-0.851,1.343,-0.705,-0.562,-0.863,-0.851,-0.562,-0.386,-0.851,-0.562,-0.5780920986672958,0.668,1.559,-0.476,1.5441486259385717,-0.863,-0.386,1.5787365361360253,-0.851,0.6592285751819242,-0.40109371114595443,-0.8647272801025164,-0.226,1.343,-0.5426720934399143,-0.24201931730260254
-0.816,-0.816,1.383,0.882,-0.91,1.383,-0.714,-0.948,-0.948,1.154,-0.91,-0.816,1.383,-0.586,-0.948,-0.586,1.154,-0.948,-0.948,1.154,-0.714,-0.948,-0.91,-0.948,-0.714,0.882,1.154,1.233,-0.714,1.233,1.233,-0.714,1.383,-0.586,0.882,0.882,1.154,-0.91,-0.586,-0.948,-0.816,1.383,-0.91,-0.388,1.154,1.154,0.882,-0.586,0.882,0.85974921556527,-0.816,-0.6014767672720434,1.233,-0.8246551736377785,1.2172531305644825,-0.7646627931402932,0.9067131066794573,-0.5577341544148917,1.154,-0.91,1.2731116653963923,1.383,-0.714,1.3014424493414856,1.3722314768501878
0.694,0.801,-1.107,-1.107,-0.016,-1.107,1.04,0.623,0.801,-0.016,1.04,1.04,-0.016,-1.107,-0.053,-0.053,0.231,-0.457,-0.558,0.231,1.04,-0.053,-1.107,0.801,0.694,0.694,0.623,-0.016,-0.457,0.801,0.801,0.623,-1.107,1.04,0.623,-0.053,0.801,-1.107,0.231,-1.107,-1.107,-0.558,1.04,1.04,-1.107,-1.107,0.231,0.623,0.231,-0.457,1.04,-0.457,-0.457,-0.016,1.04,0.801,-1.107,-1.1246639759988735,-0.558,1.0265203188373953,-0.5695479304655375,-0.053,0.694,1.0682016652902533,0.6747128868689264,-0.457,0.231,1.0997511234634154,0.21880687811675253,-1.0818471081107164,0.7881143548451162
0.145,-0.967,-0.493,-0.967,-0.043,-0.06,0.145,-0.967,-0.566,0.145,-0.93,0.625,-0.566,-0.672,-0.06,-0.755,-0.967,-0.043,-0.755,0.625,-0.043,-0.672,-0.672,-0.755,-0.93,-0.755,-0.043,-0.493,0.625,-0.043,-0.93,-0.93,0.145,-0.06,-0.672,-0.566,-0.672,0.145,-0.93,-0.493,-0.93,-0.755,0.145,-0.043,0.145,-0.755,-0.05994720966704878,-0.06,0.625,-0.03647902249834849,-0.672,0.13161837396116746,-0.967,0.1716305037336099,-0.07194167634111347,-0.93,-0.493,0.6134015260393229,-0.766072984501122,0.01839412610214322
-0.827,0.234,-0.861,-1.096,-0.864,-0.827,-0.491,1.86,-0.827,-0.491,-0.491,1.86,0.129,-0.296,-0.827,0.129,-0.296,0.234,-0.792,-0.864,1.86,-0.861,-0.296,0.234,-0.861,-0.861,-0.792,1.86,-1.096,0.234,-0.864,-0.827,-1.096,-0.792,0.234,-0.792,-0.491,-0.827,-1.096,-0.827,-0.792,-0.792,-0.491,-1.096,1.86,-0.296,-1.096,1.86,-0.792,-0.864,1.86,-0.296,-1.096,-0.802612400847574,0.234,-0.491,-0.827,1.846277465470444,-0.7667440712354501,-1.1108530941747556,-0.7189879394564709,-0.675577171306832
-0.823,-0.823,0.17,-0.739,0.1,0.015,-0.829,-0.829,0.015,0.742,-0.823,1.239,-0.829,-0.829,-0.739,0.742,0.015,-0.829,0.1,-0.914,-0.829,0.742,-0.823,0.731,0.1,-0.739,-0.829,-0.739,0.015,0.742,-0.914,0.731,0.731,-0.829,-0.739,-0.914,0.742,0.731,0.742,-0.829,0.1,-0.823,1.239,0.742,0.17,-0.829,1.239,-0.914,0.742,0.731,-0.829,-0.739,-0.739,-0.823,0.731,1.239,0.1,0.015,-0.7530994163392676,0.17,-0.7320644964415083,-0.829,0.15157130846883451,-0.914,0.742,0.7292661997353602,0.0031090086513025465,0.08912051471893086,0.71895843924227
0.241,0.241,-0.641,-1.383,-0.478,-0.641,-0.641,-1.383,-0.641,-1.383,-0.775,0.516,0.516,-0.775,0.241,0.726,-1.383,-1.383,0.241,0.241,-0.641,-0.478,-0.641,0.661,-1.383,-0.478,1.503,0.516,0.049,-0.775,0.661,-0.641,0.726,1.503,-1.383,0.516,-0.775,0.726,-1.383,0.049,-1.383,0.726,1.503,1.503,1.503,-0.641,-1.383,1.503,-1.383,0.516,0.726,-1.383,0.661,0.049,0.726,0.516,0.661,-0.641,0.6453319473016463,0.241,0.5031123857287788,1.503,0.7105765706400344,-0.478,0.5386536751821255,0.5754606522519422,-1.383,0.6747096132493482,-0.4949428523471743,0.7411711977983503,-0.43294018960390057,-0.40073597023131186
1.034,1.475,-0.206,1.733,1.034,0.352,0.352,-0.206,-0.618,1.733,1.193,-0.206,0.724,1.475,1.475,1.733,0.352,0.352,-0.206,-0.206,0.352,1.733,-0.618,-0.68,1.475,-0.68,0.724,1.193,0.724,1.475,-0.206,-0.206,0.352,0.352,0.352,1.034,-0.206,-0.68,1.034,1.034,-0.274,0.352,0.352,1.733,0.724,-0.618,-0.206,-0.22388438502318575,0.724,0.352,-0.6295969441390766,0.7111310206862366,0.7370678726922255,-0.68,1.193,1.475,-0.17637641987061314,1.1830145979946125,0.7744713905656103,1.733
1.764,0.054,1.764,-0.823,-0.037,1.122,0.173,-0.823,-0.037,0.054,-1.036,-0.852,0.774,-1.036,-1.036,0.774,1.122,0.329,0.173,0.774,0.774,-0.823,0.054,0.054,0.054,-1.036,-0.823,1.764,0.774,0.774,-0.037,0.054,0.774,0.054,0.329,-0.037,-0.852,-1.036,1.764,-1.036,-1.036,1.764,0.173,1.764,1.764,1.764,-0.823,1.764,1.122,-0.852,0.329,0.774,0.054,-0.823,1.764,0.31537011884145283,0.3482369671038952,0.04464449276378494,-1.036,0.173,-0.852
-0.776,0.466,1.209,-0.322,0.382,0.293,0.604,0.293,0.604,1.209,1.481,0.382,0.293,0.604,1.209,-0.322,1.209,-0.844,-0.785,-0.844,-0.844,1.481,0.382,-0.776,-0.322,-0.844,0.604,-0.776,1.481,1.209,1.209,1.209,-0.776,0.604,0.604,-0.785,-0.322,1.481,1.481,0.382,1.481,0.293,-0.322,-0.776,-0.785,1.481,0.604,-0.322,0.466,0.5929164014852021,0.382,-0.844,-0.785,0.4534201741147267,-0.7996483028847325,-0.776,-0.33560874693817255,-0.7830365274619808,0.6243592463994472,0.36926449018189395,0.4885478498356677
-0.494,-0.777,-0.887,-0.842,-0.887,-0.583,-0.676,0.95,0.95,-0.676,-0.676,-0.777,0.653,-0.842,-0.887,-0.842,-0.777,0.95,0.95,-0.494,0.653,1.005,-0.583,-0.676,1.005,0.653,-0.676,-0.583,-0.494,1.201,-0.887,-0.676,-0.494,1.201,-0.887,0.653,0.653,0.95,-0.887,-0.842,0.95,1.201,1.005,-0.777,-0.842,0.653,1.201,-0.777,0.634765504505619,-0.842,0.6721920514657759,-0.887,-0.676,0.95,1.005,-0.8975263310645714,0.6894155884246349,-0.8565520932733768,-0.8280344290933183,0.9910055754358733,1.1919857303250874,-0.7923380432639415,-0.583,-0.8834900769842421,-0.7878419879947091
0.976,-0.547,1.153,-1.247,0.976,-0.547,-1.249,0.976,2.042,-1.249,-1.247,0.976,0.976,0.976,-1.247,0.976,-0.549,-1.249,-1.249,1.153,-1.247,0.087,-0.549,-1.247,-1.247,-0.547,0.976,-0.547,0.087,0.976,-1.247,1.153,-1.249,-1.249,2.042,-1.249,-0.547,-0.547,1.153,-1.249,-1.249,-0.113,0.976,-0.549,0.976,0.976,-0.547,2.042,0.0,0.087,2.042,-1.249,-1.247,2.031702044377657,-1.2667947576482441,0.976,-0.547,1.153,-0.5598127726685574,0.07288259513491249,0.10848775321255949,-1.226494285725492,2.068120348649009,0.13923513408323976,-0.010558478095581874
-0.883,-1.321,0.128,0.128,-0.86,1.919,1.452,-1.321,-0.215,-0.215,1.919,1.166,-0.215,-0.86,-1.321,-0.215,-0.86,1.166,1.919,1.919,-0.215,-0.883,-0.52,-0.86,-0.215,1.919,1.166,0.128,-0.52,-0.883,-0.52,1.919,1.452,-0.883,1.452,-0.883,-0.883,-1.321,-0.215,1.452,1.166,-0.52,-1.321,-0.86,-0.215,-1.321,-1.321,-0.883,-0.883,-0.215,-0.86,-0.23172820385533002,-1.321,-0.883,1.452,0.0,1.166,1.1448819754880204,-0.8983794774884012,1.919,-0.2018825749329613,-0.8468680302599468,1.9041292301697696,-0.1678766667893835
-1.247,-0.817,-0.907,1.687,0.248,-0.907,-0.907,-1.247,-0.15,1.687,-0.907,0.254,-0.024,-0.817,-1.247,-1.247,0.248,0.713,-1.247,-0.817,-0.817,-0.15,-1.247,-0.907,-0.024,1.687,-0.907,0.713,-0.15,-0.15,0.248,-1.247,0.254,0.248,1.687,-0.907,0.254,-0.817,1.687,0.248,0.248,-0.024,1.687,-0.405,-1.247,-0.405,-0.817,-0.84419493738147,1.687,-0.15,1.669715515906364,1.689229634253671,-0.8108585319918635,1.7327433518624786,0.248,-1.2621646067085879,-0.7660792494734003,0.254,-0.907,-0.41809985983149517,-0.3935477067620635,0.713
0.477,-0.871,-0.871,-0.871,-0.871,-0.466,-0.871,0.469,-0.466,-0.362,-0.871,-0.466,-0.871,-0.871,-0.466,-0.466,-0.646,0.469,-0.362,-0.685,-0.466,-0.314,-0.314,0.469,0.148,-0.466,-0.466,-0.646,-0.871,-0.871,-0.466,0.469,-0.362,-0.871,-0.685,-0.362,-0.362,-0.871,0.469,-0.871,0.505,-0.466,0.469,0.148,0.148,-0.362,0.148,0.477,-0.871,0.469,0.505,0.4882349331544448,0.148,0.134392731361334,-0.646,-0.6608730064106415,-0.314,0.5261568125513691,-0.331568075078614,-0.294021831987951
-0.398,2.398,-0.127,-0.75,-0.127,-1.053,-1.053,2.398,-0.006,-0.407,0.798,-0.75,0.798,-0.75,-0.006,0.823,0.798,-0.127,-1.053,-0.407,0.798,2.398,-1.053,-0.635,-1.053,2.398,0.823,-1.053,0.798,-0.127,-0.127,-0.127,2.398,-0.127,-0.407,2.398,-0.127,2.398,2.398,-0.635,-0.006,-1.053,-0.75,-1.053,-0.127,-0.407,2.398,-0.75,-0.398,-0.407,0.798,0.823,0.7835075999462258,0.8280665753349303,-0.127,-0.635,-1.053,0.8141417612376847,-0.75,-0.643100214117309,-1.0672760195361035,-1.0415469641291693,-0.6148173400466929,-0.40638437576203307
1.149,-0.4,1.607,1.607,-1.044,-1.044,0.497,1.149,1.566,-1.044,0.497,1.154,-0.4,-1.044,1.154,-1.044,-1.016,-0.4,-1.016,-1.044,-1.044,-0.503,0.039,-0.503,1.154,1.149,1.607,-0.503,1.149,1.566,1.566,-0.4,-1.016,-1.044,1.607,-1.044,-1.016,-1.044,-1.044,-0.503,-1.016,1.566,1.149,0.039,1.607,-1.044,1.607,-1.016,-1.044,1.566,0.039,0.02231603198042453,1.149,0.05015463452694924,-0.503,0.497,-1.044,1.5550223602270898,1.607,1.5882495476740564,1.137836399931354,-0.4,-1.016,1.6126057401950447
0.94,-1.16,0.048,-0.911,0.048,0.054,0.048,0.048,-0.382,-0.911,-0.911,0.94,0.94,-0.283,1.718,-0.146,-1.16,0.048,1.718,1.718,-1.16,0.054,0.94,0.94,-1.16,-0.283,0.054,0.054,-0.911,0.048,-0.911,-0.283,-0.283,1.718,0.94,-0.146,-1.16,-1.16,0.054,0.054,-1.16,0.048,1.718,-0.382,-0.283,0.048,0.054,-0.382,0.036047550487351955,1.718,0.0,0.94,-1.16,-0.146,0.035136517692309445,0.9241322136249848,0.054615154202319036,-0.39264969264984384,-0.3744599492702442,-0.283,-1.1759538463936117,-0.29384885204307554,-1.147467618051854
0.864,0.12,-0.513,0.12,0.12,0.752,0.864,-0.604,0.12,-0.639,-0.521,-0.972,-0.513,-0.521,-0.47,-0.604,-0.47,-0.47,-0.47,-0.47,0.789,0.789,0.752,0.12,-0.47,-0.521,0.789,-0.604,-0.604,-0.972,-0.521,0.789,-0.47,0.12,-0.521,0.752,-0.639,-0.521,-0.513,-0.639,0.752,-0.521,-0.972,-0.47,0.752,0.752,-0.972,-0.47,-0.972,-0.47,-0.639,0.864,0.752,-0.521,-0.604,0.8520914650644136,-0.6156192560282194,-0.5376016682863396,0.7339751652520351,-0.5238022575808956,-0.972,-0.47966625648334515,-0.6521401176384968,0.7660707063540514,-0.9840334760783458,-0.49481571866151564,0.7749894715957028,-0.4499156678167715,-0.42190596396964386,-0.6031582597281621
1.347,1.145,1.347,0.31,-0.764,1.347,0.746,-0.115,0.328,1.558,0.31,1.347,1.596,1.558,0.328,1.025,1.558,1.347,0.31,1.558,-0.115,1.025,1.347,0.31,-0.764,1.596,1.596,1.347,1.558,-0.764,0.328,1.558,1.025,0.328,0.746,-0.764,1.558,0.328,0.328,1.347,1.145,1.596,1.558,1.347,1.145,0.31,1.145,1.347,1.596,0.328,1.5774548434378415,1.1292882203237185,-0.115,1.558,1.3300836002680896,1.5499932071128313,1.6110981543731178,-0.1313862578138515,1.1626191765420058,0.29275039040205686,1.1851991947724319,1.6419902761827605,1.2137292060521634,1.3816229490308123
-0.265,0.667,-0.475,1.781,-1.062,-1.012,-0.265,-1.062,-0.659,-1.012,0.372,-1.062,-0.712,-0.659,-1.012,-0.659,1.781,0.372,-0.474,-0.474,-0.265,1.781,0.667,-0.712,0.372,-0.712,-0.265,1.781,-0.475,-0.659,1.781,-1.012,-0.712,1.781,-0.474,-1.062,-0.712,-0.659,-1.062,-0.659,-0.712,-0.712,-0.265,0.667,-1.062,-1.012,-0.712,-0.475,-0.659,-1.062,-0.4851041076657161,0.372,0.35643633165415756,0.3815308534518224,1.781,-0.265,-0.474,-0.6723402803230718,-1.0758607280852344,-0.280017898314534,-0.483048692407446
-0.313,-0.766,0.353,-0.766,-0.614,-0.613,-0.766,-0.766,-0.96,-0.373,-0.613,-0.766,-0.313,0.353,-0.597,0.353,-0.766,0.353,-0.613,1.443,-0.597,1.443,-0.614,-0.96,-0.597,1.443,-0.96,0.574,-0.373,-0.613,-0.613,0.353,-0.313,0.353,-0.766,-0.313,-0.597,-0.313,-0.613,-0.96,1.443,-0.96,1.443,-0.613,-0.613,-0.613,-0.313,-0.6305531343744563,-0.614,-0.601371073407757,0.353,-0.32777865964779856,-0.373,-0.5612401430711133,1.443,-0.597,-0.6148501602807164,-0.27908875909479985,1.4292923077173074,0.34473717458411934,-0.766,-0.5168495545990679,-0.38855406372693174,-0.7829392060780459,-0.745939913906897
0.062,-1.023,-1.136,-0.994,-1.023,-0.994,2.365,-0.994,-1.136,0.768,-1.136,-1.136,2.365,-0.733,2.365,-1.136,0.768,0.768,-1.136,0.768,-1.023,0.768,-0.994,2.365,-0.78,2.365,-0.068,-1.023,0.143,-0.733,0.768,-0.994,-1.136,-0.733,-1.136,0.062,2.365,-0.994,-0.994,-0.78,-1.023,2.365,-0.78,0.143,-1.023,0.062,-1.136,2.365,-1.136,0.062,-1.023,2.365,0.062,2.365,-1.136,0.143,-0.994,-1.1477487037321825,-0.78,0.768,0.7478594192159105,-1.1251892908504963,-1.023,2.365,-1.0129261358807087,-0.068,2.3537703967612793,0.7928630584438908,0.8184530261382417
-0.868,-0.04,1.18,-0.868,-0.917,0.246,-0.868,0.246,-0.603,0.246,-0.04,-1.0,-0.04,-0.04,-0.073,-1.0,-0.412,-0.04,-0.412,-0.868,-0.04,-0.92,-0.868,1.18,-0.412,1.18,-0.603,-0.92,-1.0,-0.868,-0.92,-0.917,-0.868,-0.412,-0.917,-0.412,-0.92,1.18,-0.917,-0.917,-0.04,-0.412,-1.0,-0.92,-0.412,-1.0,-0.92,-0.073,-0.603,-0.073,-1.0,0.246,-0.92,-0.412,-0.04,1.18,-0.868,0.246,-0.917,-0.05546518961991095,1.169134491992813,-1.0,-0.4248258833908434,-0.603,-0.9321594176800356,-0.6116773367021435
-1.248,0.864,-0.792,0.04,-1.248,-1.248,-1.248,0.864,1.357,-0.792,1.335,-1.248,0.941,0.864,0.04,1.357,-0.867,-0.779,1.467,1.335,1.467,0.864,-1.248,1.335,-1.248,-0.867,-0.779,0.941,-0.792,0.864,0.04,-0.779,1.357,-0.867,-0.867,0.941,1.467,-1.248,1.467,-0.779,1.357,-0.867,0.864,-0.867,-0.8792381443876246,-1.248,-0.792,1.357,1.467,-0.8390287336679425,1.3446854032997404,-0.779,0.941,-1.260469999134573
0.234,2.036,2.036,2.036,-0.562,0.489,0.234,0.905,0.905,0.905,0.234,0.489,-0.735,-0.784,-0.577,-0.784,0.436,0.436,-0.577,-0.562,-0.735,-0.735,0.234,-0.562,2.036,2.036,2.036,0.489,0.466,0.466,0.436,-0.577,-0.577,-0.784,2.036,-0.784,-0.784,-0.562,-0.735,0.905,2.036,-0.5804052517052442,2.0224852571852634,-0.5346352669915956,0.9000237219735041,-0.5044527904101588,2.0674196065032806,-0.577,-0.7916558309577311,-0.46944957191805303,0.466,0.436,0.9571807530126751,-0.4126457362515604,0.489
0.32,-0.206,1.567,1.299,-0.834,1.299,-0.133,1.567,1.299,1.048,1.567,-0.133,1.299,-0.608,0.32,-0.608,0.32,-0.834,-0.206,-0.834,1.299,0.399,-0.834,1.299,1.567,0.32,-0.206,-0.206,-0.608,-0.608,0.32,0.32,1.567,0.32,-0.12,-0.12,1.299,-0.133,-0.206,-0.133,1.567,-0.608,-0.12,0.399,-0.834,1.048,1.048,-0.834,1.299,1.048,-0.133,1.048,1.567,-0.608,0.399,-0.608,0.38463820275046784,1.567,0.449984406257294,0.49128074553667705,-0.618715252999849,1.553170290542141,1.048,1.036627566454146,-0.834,1.0758175614811107,-0.5836066530971404
-0.585,0.079,-1.408,1.899,-0.704,0.26,1.406,1.899,1.406,-0.585,-1.408,-1.408,-0.704,-0.704,0.25,-0.585,1.899,1.899,-0.585,0.079,0.175,1.899,0.26,-0.585,1.406,1.406,-0.704,-1.408,1.899,1.899,-0.585,-1.408,0.25,1.899,-0.395,-1.408,1.899,0.26,-0.395,-1.408,0.175,0.175,0.26,-1.408,-0.585,0.25,0.175,-0.585,0.15999210364420577,1.406,-0.704,-0.597853093813162,0.079,-1.408,0.1974855410538623,1.3928843812477925,-0.5590720038674882,0.25,-1.4260007030177335,0.20948524490584783,0.24868769853205056,0.07060489510652102,1.899,-0.720428128025602
1.255,1.011,-1.172,0.311,-1.428,1.622,-1.172,-0.748,1.622,-0.588,1.011,1.622,1.011,1.622,-0.357,0.311,-0.357,1.255,-1.428,-0.588,-1.428,-1.428,-1.428,-1.172,-1.172,-1.428,-1.428,-0.588,-1.172,-1.172,-0.419,-0.357,-0.419,1.011,-0.357,-0.748,1.622,1.011,-0.748,-0.419,-1.428,-0.748,-1.428,1.011,-1.172,-0.748,-1.428,1.255,-0.419,-1.428,-1.172,-0.588,-0.748,-0.6064993818820732,-0.7642047571760198,-0.5673207075491042,-0.548147199712343,-0.357,-0.37561769788821314,-0.726479073155497,-1.428,0.311,0.2923344049398721,1.255,1.011,-0.5264170509902658,0.34187013161401525,-0.4846074038131975,-1.1820893707829008,-0.6785098673334607,1.622
-0.22,-1.021,-0.583,-0.22,-0.321,-0.22,-0.583,-0.583,0.445,-1.021,-0.089,-0.833,-0.22,-1.084,-1.021,-1.021,-0.833,-0.089,-1.084,-0.321,-1.021,-0.22,-0.22,-1.084,-0.833,-0.089,0.459,0.459,-1.084,0.459,-0.22,-1.084,-0.833,-1.021,0.192,-1.084,-0.22,-0.089,-0.089,-0.22,0.192,-1.084,-0.833,-1.084,-0.089,-0.22,0.192,-1.084,-0.1026782430041071,-0.23486773407501915,-0.321,-1.0970214431800405,-0.0564466424710214,-1.0708602385216623,-0.3337601528453012,-1.021,-0.19292487893144664,0.17680123488270716,-0.583
-0.944,-0.718,-0.032,-1.292,0.993,-0.91,-0.524,-1.292,0.993,0.993,0.993,-1.292,-0.944,-1.292,-0.764,-1.292,-0.764,-0.764,-0.032,0.993,-0.853,-0.764,0.993,-0.853,0.993,-0.718,-0.944,-0.524,-1.292,-0.91,0.993,-0.944,-0.853,-0.718,-0.91,-1.292,-0.055,-0.853,-0.718,-0.718,-0.91,-0.91,-0.853,-0.032,-0.718,-1.292,-1.292,-0.524,-0.032,-0.853,-0.718,-0.055,-0.03886370577883517,-0.524,-0.764,-0.865022349055089,-0.06967373699884055,-0.5360952158004685,-0.5242575006575708,-0.944,-0.04087194831349894,-0.005325853717650882,-0.4794960503463561,-0.91,-0.8310446883967977,-0.01873885034115687,0.028448049900007166,0.009144372996175043
-0.607,-1.186,0.04,-1.065,-1.065,0.04,-1.186,0.04,-1.186,0.074,0.04,1.336,0.074,1.336,-0.607,-0.607,0.504,-0.561,1.336,1.336,-0.561,-0.561,0.074,0.834,-1.186,-0.607,-0.607,-0.607,0.04,-1.186,-1.065,-1.186,-1.065,-0.607,-1.065,0.29,1.336,0.834,0.04,-0.607,0.29,0.29,0.29,0.834,0.504,-1.065,0.04,-1.186,1.336,0.4889129040417151,1.3203700517698593,1.3467631676423701,0.8202990379511256,1.3893199760010526,0.074,0.2776048934971817,-0.607,0.06174590536822581,-0.62320368332026
-0.593,-0.908,1.163,-0.876,-0.433,-0.433,-1.187,-0.908,-1.187,-0.433,-1.187,-1.187,-0.876,-0.908,1.163,-0.876,-1.187,-0.876,-0.876,-0.593,-0.433,-0.784,-0.908,-0.784,-0.784,-1.187,-0.876,-0.433,-0.132,0.17,0.17,-0.593,-0.593,1.163,-0.908,-0.132,1.163,-0.132,-0.908,-1.187,-0.876,-0.132,-0.908,-0.433,-0.784,-0.593,-0.6176465843788043,-0.5940623912302986,-0.908,-0.9294071277929677,-1.187,0.0,1.163,-1.192253590050198,-0.5822410661715965,-0.433,-0.876,-0.45054901021423316,-0.8872432389815521,-0.8729523186489823,0.17,1.1448333343514705,-0.132,0.15915590638821697,-0.8524173517280589
0.415,1.083,1.044,2.45,1.044,-0.75,-1.509,-0.75,1.044,-1.509,1.083,-0.75,1.044,-0.326,-0.326,-1.509,2.45,-1.509,1.595,1.083,-1.509,-1.509,0.756,-1.509,2.45,-0.256,1.044,-1.509,-1.509,-0.256,-0.256,-0.256,-1.509,2.45,-0.326,2.45,1.595,2.45,1.595,1.595,1.595,1.595,0.756,-0.256,-0.326,2.45,2.45,-0.75,1.083,-0.7616692089392575,-0.256,0.756,-0.27317952427554076,-0.23516995228035253,2.4379955392240773,-1.509,1.595,1.0732227328466453,-0.20787719545178213,-0.725983735528567,-0.1785526439914674,1.044,-0.326,1.019996824013813
-0.444,0.901,-0.083,0.901,-0.253,0.143,0.643,-0.202,-0.083,0.143,-1.078,-0.571,-1.078,-0.253,-1.078,-0.202,-1.078,-0.571,-1.078,-0.827,0.643,0.901,0.901,-0.444,0.901,-0.571,-0.827,0.143,0.143,-0.083,-0.083,-0.827,-0.571,0.901,-0.083,0.643,-0.253,-0.083,-0.571,-0.083,-0.083,0.143,-0.253,-0.202,-1.078,-0.083,0.143,-0.571,-0.5911127426310477,-0.202,-0.827,0.901,0.8886125959322021,-0.09217555563555228,0.8918831128726361,-1.0920695907874702,-0.037889548990703514,0.9287079988657917,-0.21440867858285645
-0.845,0.585,0.585,-0.964,0.982,-0.731,-0.845,1.064,0.982,0.585,-0.692,0.585,-0.845,-0.844,0.585,0.982,-0.692,0.982,-0.916,-0.964,-0.916,-0.844,-0.845,-0.916,-0.731,1.064,1.064,1.064,-0.501,-0.964,-0.844,-0.501,-0.964,-0.916,-0.501,-0.501,-0.501,-0.501,-0.964,-0.731,-0.964,-0.964,-0.501,-0.844,-0.692,-0.964,-0.731,0.982,-0.844,-0.916,-0.7487732613602412,-0.501,1.064,-0.8585442048042065,-0.7499100018078758,-0.8327868535018244,0.9658178177228517,-0.9297564931124156,1.052204751259161,-0.7999157172969442,-0.699027792263964,-0.845,-0.6774820668911158
-0.764,-0.668,0.376,-0.059,1.998,0.817,-0.059,-0.172,-0.668,-0.738,-0.738,-0.66,-0.764,-0.74,-0.66,0.817,-0.738,-0.172,0.376,-0.74,1.998,1.998,-0.764,1.998,0.817,-0.74,-0.764,0.376,-0.74,-0.668,1.998,0.376,-0.059,0.817,-0.668,0.817,-0.059,-0.66,-0.668,-0.172,-0.764,-0.668,-0.74,-0.172,-0.764,-0.66,0.817,-0.668,-0.6743935076052813,-0.172,-0.6807303403192021,-0.642793902412156,-0.6720047088843702,-0.738,-0.6174907558264807,-0.5846207991555011,0.8019544433378566,-0.7560697006885314,-0.74,-0.764,1.998,-0.7560115983374998
-0.965,-0.965,-1.182,0.028,-0.965,-0.965,0.648,-1.182,-1.032,-0.187,0.085,1.116,-0.965,-1.032,-1.032,-0.187,-1.032,1.116,0.648,-0.965,-0.101,1.116,0.028,-0.853,-1.182,0.085,-0.101,-1.182,-0.965,-0.853,-1.032,-0.187,-1.032,-0.965,-0.965,-0.853,-1.032,-0.965,1.116,-1.032,0.085,-1.182,-0.101,-1.182,0.085,0.085,-0.853,0.648,-0.187,-0.853,-1.182,-0.853,-1.1967357156438068,-0.101,-0.965,-0.11398953356591265,0.648,-0.1058867093449517,-1.032,0.6343754855891499,-0.8621384975559391,-0.8395309200299726,-1.0452871916156954,-0.7963117468038183,0.6504501757368119
0.815,0.815,0.66,-0.735,1.382,0.911,1.382,0.815,0.118,1.382,-0.379,0.911,0.911,0.118,0.815,0.815,0.118,0.911,-0.539,1.382,0.991,0.66,-0.113,0.66,1.382,0.911,1.382,0.991,0.66,0.66,1.382,-0.735,0.815,1.382,1.382,0.991,-0.735,0.66,-0.539,0.911,0.118,0.815,-0.735,0.118,-0.379,-0.539,-0.3935963551012998,0.118,0.10293618033058752,-0.735,1.382,-0.113,0.129305707179044,0.815,-0.12766433878199057,-0.34211950681831416,0.18574352066406882,0.911,0.66,1.367577936619748,1.3973606054518415,-0.7499134341896456
1.779,-0.664,1.779,-0.769,1.597,-0.714,-0.769,1.597,-0.459,1.597,-0.459,1.49,1.302,1.779,1.779,-0.769,1.779,-0.201,1.779,1.302,-0.664,-0.714,0.426,-0.664,-0.459,1.597,-0.664,1.49,-0.714,1.597,-0.201,0.426,-0.769,-0.664,-0.714,-0.459,1.49,-0.664,-0.714,-0.459,-0.201,-0.664,-0.714,-0.714,1.597,-0.769,1.302,1.597,-0.769,-0.664,-0.664,1.779,-0.769,-0.714,1.597,-0.769,0.426,-0.664,-0.459,-0.201,-0.714,-0.21310441856358264,1.5825393973883235,1.49,1.6127533130093714,-0.7262329947835462,1.302,1.288469978558123
-0.926,0.502,-0.717,-0.717,0.502,-0.418,0.502,-0.594,0.855,0.855,-0.532,-0.926,0.855,0.855,-0.926,-0.926,-0.454,0.021,-0.532,-0.717,-0.418,0.855,-0.418,-0.418,-0.717,-0.418,0.021,-0.926,-0.594,-0.454,-0.418,-0.454,0.41,-0.594,-0.418,-0.418,-0.926,-0.717,-0.926,0.021,0.502,-0.594,0.4876073493297306,0.855,-0.532,0.021,0.8462239776013176,-0.454,0.5362293613042566,0.8678527484247543,-0.5422218185769206,-0.418,-0.4271937391910683,-0.4972518139369592
-0.404,0.377,0.252,-1.042,-0.919,0.745,-0.919,-0.16,-1.042,-0.109,-1.042,-0.109,1.115,0.252,0.252,0.498,-1.042,0.252,0.252,0.377,-1.042,1.115,0.745,-1.042,-0.404,0.745,-0.919,0.252,0.498,-1.042,0.745,1.115,-0.404,0.498,0.498,-1.042,0.745,-0.404,-0.16,0.745,-0.404,0.745,-0.919,0.252,-0.404,0.252,-0.404,-0.16,-0.919,-1.042,1.115,-0.109,0.498,0.377,-0.404,0.36129180778112363,-1.0525502351401324,-0.12376167580255149,0.252,-1.010388999125505,-0.08991850430926925,1.104129300551766,-0.9721485480296297
-0.712,1.778,2.444,-0.347,0.125,1.689,2.444,-0.598,-0.688,-0.031,-0.712,1.778,-0.347,-0.712,1.689,-0.347,2.444,1.689,0.125,1.626,0.125,-0.688,1.626,1.626,-0.712,1.778,1.778,-0.712,-0.712,-0.347,-0.712,-0.712,2.444,1.689,-0.712,1.778,1.689,1.778,-0.688,-0.347,1.778,1.626,-0.598,0.125,2.444,2.444,1.626,0.125,1.689,-0.712,-0.347,-0.031,-0.688,1.689,1.6731680297848601,1.7293430828484169,2.444,-0.712,1.778,-0.7305195776068397,1.7552788905042496,0.125,-0.6967320224302694,2.431006832759565,-0.598,1.7990481287802604,-0.3579663258250047,-0.65256056852691,-0.703258290460864,1.766246058279377,2.468954355511666,2.513150748033925
0.92,-0.683,1.936,-0.683,-1.027,0.609,-0.683,0.654,-0.683,-0.683,1.936,-1.027,-0.683,-0.683,-0.624,1.936,1.936,-1.027,0.428,0.428,-0.624,1.936,-1.027,0.163,1.936,0.163,-1.027,0.163,0.609,-0.683,1.936,-0.683,0.163,0.654,0.428,1.936,0.92,0.684,0.654,-0.683,-0.624,1.936,0.428,0.92,0.609,0.163,-0.624,-1.027,0.609,0.684,-0.683,-1.027,0.428,0.163,-0.624,0.41485609640298005,0.654,0.15415324910472186,0.4463745822920418,0.92,0.4828893978627532,0.5231941718275297,0.19726278430049654,0.6384039238908871
1.218,-1.161,0.35,0.35,-1.081,-1.081,-1.078,-0.63,-1.032,0.35,1.218,-0.63,-1.081,1.218,1.218,0.35,-1.081,-1.078,-1.161,1.218,-1.078,0.35,-1.032,-1.032,-0.811,-0.799,-1.161,-1.161,-1.078,-1.081,0.508,-1.161,-0.799,-1.032,-1.161,-0.799,-1.078,-1.081,-1.032,1.218,-1.161,-0.63,-1.161,-1.078,-1.161,-1.032,-1.078,-0.811,-0.811,1.218,0.508,1.218,0.49527242946272115,1.2075872270372714,0.35,-1.078,1.2480437693205355,-0.63,-1.161,-1.0893092551098642,0.3374866711668554,-1.0601376803877443,1.2947831968519823,1.3371553683323203
-0.946,-1.034,-0.767,0.319,1.363,0.033,-0.946,0.243,1.363,-1.136,-0.767,1.363,-1.136,-0.847,1.363,-0.946,0.033,1.363,-1.034,0.243,0.319,-0.847,0.319,-1.136,1.363,-1.034,-1.136,-1.034,1.363,-0.946,-0.946,-0.847,-0.847,0.44,-1.136,-0.847,-1.136,-0.767,-1.034,-1.034,-0.946,-0.767,-0.847,-1.136,1.363,-0.847,-1.136,-1.136,0.44,1.363,0.4219719609773896,-0.946,1.34800228904257,-1.034,1.398135062195184,-0.9558911499912351,0.033,1.4424640129355144,-0.767,-1.0416577634803652,-0.847,-0.992836355329492,-1.136
-0.613,-1.129,2.38,0.415,-1.073,-0.887,-0.887,-0.613,-0.059,2.38,2.38,-1.129,-1.073,-1.073,-0.613,0.73,-1.073,2.38,-0.613,-1.129,0.73,-1.073,-0.613,-0.527,-0.613,0.73,-0.055,-1.073,-0.527,-0.887,-0.059,2.38,2.38,-0.613,-1.073,-1.129,-1.129,-0.613,-0.887,-1.073,-0.055,-1.129,-0.059,-0.613,-1.073,0.73,-1.129,-0.055,0.73,-1.129,-1.129,-1.129,-0.527,0.73,-1.073,-0.059,-1.1408406494662355,0.7177518474850125,-0.887,-1.087169881951836,-0.613,-0.5349647653121764,-0.9014436322972359,-0.055,2.38,-0.8529865689214972,-1.0486553717238047,-0.815685151620421,-0.07242594740314565,-1.1097193735903603,-0.9840024435393031
-1.524,-1.524,-1.007,-1.007,-0.152,-1.524,-1.007,-1.038,-0.805,-1.524,-0.152,-0.805,-0.178,-0.202,-0.202,-1.524,-1.524,-0.817,-0.71,-1.038,-0.202,-0.71,-0.202,-1.038,-0.805,-1.524,-0.202,-1.007,-0.202,-0.178,-1.007,-0.71,-0.805,-0.817,-0.879,-0.817,-1.524,-0.879,-1.038,-1.524,-0.879,-1.524,-0.152,-1.007,-1.007,-1.038,-1.524,-1.524,-1.524,-1.038,-0.202,-0.879,-1.007,-0.152,-1.524,-0.178,-1.038,-1.007,-0.817,-0.202,-0.879,-0.152,-1.038,-0.178,-0.805,-0.19130456556975373,-1.524,-0.8187025165801775,-0.817,-0.831591119680142
2.39,0.252,2.39,-1.036,-0.735,0.252,-0.805,-0.706,-1.036,-0.658,2.39,2.39,-0.805,-0.735,-0.658,2.39,0.722,-1.036,-1.001,2.39,0.722,2.39,0.252,2.39,-0.658,-0.658,-0.658,0.502,-0.805,-0.706,-0.658,-0.735,-0.706,-0.658,-1.001,-1.001,0.252,-1.001,-1.036,-1.036,-0.735,-0.735,-1.001,-0.735,-0.658,-0.735,-0.735,-1.036,-1.001,0.252,-0.735,-0.658,0.722,0.23924880257783465,-0.706,2.39,-1.0435030959928129,-1.0131213670881831,-0.7442026266048014,0.7075899698100544,2.379452112474891,-0.9519784616130772,0.502
-0.003,1.945,-0.872,-0.872,-1.198,-0.511,1.945,-1.198,-0.895,1.945,-0.511,1.945,-0.973,-0.872,-0.872,-1.198,1.945,-0.805,-1.198,-0.872,-0.973,-0.511,-1.198,-0.895,-0.895,-0.043,1.945,-0.895,-0.973,-0.003,-0.511,-0.003,-0.895,-1.198,-0.762,-0.872,-0.805,-0.003,-0.003,-1.198,-0.762,-0.805,-1.198,-0.973,-0.762,-1.198,1.945,-0.805,-0.895,-0.805,-0.895,-0.003,-0.895,1.945,1.945,1.925576066644359,-0.973,-0.805,1.9740036011104227,-0.9926659752573291,-0.872,-0.003,-0.043,-1.198,-0.511,2.0030417209019853,-0.8847563509426805,-0.895,-0.762,2.0245846472180737
-1.13,-1.112,-0.065,-1.112,-0.705,-0.065,-0.065,-1.267,0.343,-1.267,0.413,-0.347,-1.112,-0.705,-1.13,-1.13,-1.233,-0.889,-0.065,-1.233,-1.267,-1.267,-0.705,-0.889,0.343,-1.267,-0.347,-1.13,-0.065,-0.065,-1.233,-0.889,-1.112,-1.233,-1.233,-0.347,-0.705,-1.112,-1.13,-0.889,-1.233,-1.13,-1.267,-0.705,-0.347,-1.13,-0.347,-1.13,-1.233,-1.112,-0.705,-1.112,-0.705,0.343,-0.889,-0.9058532421060917,-1.112,0.325274138798219,0.3718179506087644,-1.118253014704566,-1.059945730067556,-1.233,-0.347,0.3982935704045754,0.413,0.4200458311475249,-0.065
-0.414,1.129,-1.015,1.129,-0.858,-0.154,-0.414,-0.154,0.555,-0.154,0.784,-0.858,-0.81,-0.154,-1.015,0.071,-0.81,-0.154,0.224,-0.154,1.129,0.555,-0.858,-1.015,0.071,-0.858,-1.015,1.129,0.224,1.129,1.129,1.129,-0.81,1.129,0.555,1.129,0.555,-0.81,-0.81,0.224,0.224,-0.414,0.071,-0.81,1.129,0.784,1.129,0.784,0.784,0.784,-0.154,0.555,-1.015,-0.81,-0.8279747571874885,0.784,-0.858,-0.154,0.7717031859553922,-0.8695091963524397,0.224,0.071,0.21256257034541703,-0.414,0.06041572841284833
1.836,-0.246,-0.024,-0.246,1.836,1.282,-0.434,1.282,0.548,1.836,-0.624,-0.624,1.282,-1.041,-0.329,-1.041,-0.024,-1.041,-0.624,0.548,1.282,-0.624,1.282,0.548,0.659,-0.329,-1.041,-0.246,-0.624,-0.434,-0.024,-0.329,1.836,-0.624,1.836,-0.624,-0.434,-0.329,1.836,-0.246,-0.434,0.548,-0.624,-0.4442558307028044,0.659,-0.329,-1.041,-0.6374960144406628,-1.0539463091555978,-0.3425364325961262,-1.0047701203450536,-0.5915887468360952
2.135,0.541,2.135,-0.78,2.135,-0.174,-0.78,-1.085,-1.085,2.135,-1.085,-0.174,2.135,1.198,1.198,1.104,2.135,2.135,1.198,0.082,2.135,0.082,0.469,0.082,0.082,0.082,0.541,1.198,0.082,0.541,1.104,-1.017,-0.174,-1.085,1.104,-1.017,1.198,2.135,-1.017,1.198,1.198,-0.78,0.082,2.135,1.104,-1.017,1.104,-1.085,0.082,-0.78,-0.78,0.541,0.082,1.104,-1.017,2.135,-1.0307015344017254,0.469,1.198,1.182889164144427,-0.97736339914561,1.2224943765300442,-1.085,0.5280281261981886,2.1216273137910693,-1.095328712612719,2.1448409288340455,1.2564275917813226,1.0932025989973313,0.565673104893118,-1.0516913743360823
0.108,0.8,-0.491,0.823,-0.869,0.823,0.823,0.823,0.8,-0.491,-0.491,-1.096,-0.784,-0.784,-1.096,-0.491,-1.096,0.8,-0.491,-0.491,0.151,0.823,-0.491,0.151,0.823,-0.491,0.823,-0.784,0.108,-0.784,0.108,0.8,-0.869,-0.637,-1.096,0.8,-0.491,-0.869,-1.096,-0.291,-0.637,0.151,0.108,-0.869,0.151,-0.291,-1.096,-0.491,-0.5050007870273402,-0.291,0.8,0.151,0.108,-0.784,-0.7989818875254527,-0.46263530952657067,-0.43592748211713606,-0.3009490654278576,-0.4012626894540184,-0.869
0.271,0.61,0.271,-0.573,0.271,-1.312,-0.924,-0.573,-0.83,-0.573,-0.623,-0.521,-1.312,-0.924,-0.861,-1.312,-0.83,0.61,-0.521,-0.623,-0.778,-1.312,0.271,-1.312,-0.861,-1.312,0.271,0.61,-0.573,-0.861,-0.83,-0.83,-0.573,0.61,0.271,-0.573,0.61,-0.778,0.271,-0.924,-1.312,-0.573,0.271,-0.573,0.271,-0.573,-0.623,-0.924,-1.312,-0.924,-0.778,-1.312,-0.924,-1.312,-0.861,0.271,0.61,-0.778,-0.573,-1.312,0.5974137911238463,0.2601501385616435,-0.924,-1.3230845290234259,-0.83,-0.9380417856440507,-0.8480113975533382,0.6253075029929093,-0.8956483971716188
-0.365,-0.365,-0.365,-0.364,-0.364,-0.365,-0.18,-0.18,1.167,1.167,1.015,-0.317,-0.18,1.167,-0.364,0.498,-0.753,1.167,-0.317,1.167,-0.365,-0.402,-0.365,1.167,-0.18,-0.753,0.498,-0.753,1.167,1.167,1.167,-0.317,1.015,0.736,0.736,-0.753,-0.317,-0.365,0.498,0.736,0.498,1.167,-0.364,-0.317,-0.32724617677997364,-0.38253212030812356,0.736,1.167,-0.365,-0.18,-0.402,0.725224515609076,-0.753,-0.4177821340028531,0.7610555131314175,0.7775354303313756,-0.26755194072651023,-0.7636529287610203,-0.7242807702090005,-0.3755541466976527,-0.22279557258465774,-0.18926399115483386,0.498
0.238,-0.918,0.64,0.64,0.263,0.64,-0.754,-0.163,0.263,-0.754,-0.923,0.728,0.64,0.64,0.022,-0.754,-0.923,-0.918,-0.923,0.022,0.263,-0.918,0.238,0.728,-0.923,0.728,0.238,-0.163,-0.918,1.097,0.022,1.097,0.022,0.263,-0.754,0.728,-0.923,-0.163,-0.918,0.728,0.728,1.097,0.022,-0.923,-0.9360417900033722,0.022,1.097,-0.9010100230132765,0.238,0.263,0.64,0.012048550353141792,0.6271148525006596,0.029978570782382523,0.728,-0.163,0.2460362501536915,-0.8592830851639419,-0.8268405321401019,-0.754,0.6655490352822155,0.07683241896478198,-0.7685544248020185
-1.285,-1.187,-0.808,0.706,-1.187,-1.017,-0.426,-0.808,-0.18,-1.187,0.706,-0.762,-0.808,-0.762,0.065,-0.18,-0.808,-1.285,-0.426,-1.285,0.065,-0.426,-1.187,-1.017,-1.285,-0.808,0.706,-1.187,-0.808,-1.285,-1.285,-1.187,-1.285,-0.18,0.065,-0.345,-0.762,-1.187,-1.187,-0.345,-0.426,-1.285,-0.345,-0.345,-0.808,-0.18,-1.187,-0.762,-0.808,0.065,-0.345,-1.017,-1.017,-0.426,-0.44718947338598475,-0.18,-1.017,-0.345,-0.3583633111635599,0.065,-1.285,-0.762,0.706,-0.1939007051787689,-0.16122296266497113,-0.808,-0.41662175632246395
0.754,0.143,0.518,-0.844,-0.413,0.754,-0.038,-1.151,-0.038,0.518,-0.038,0.754,-0.413,-0.038,-0.844,0.518,-0.413,0.081,0.518,-0.09,0.518,0.143,0.518,-0.038,-1.151,0.518,-0.09,0.081,0.081,-0.038,0.518,0.754,0.518,-0.038,0.081,0.754,-1.151,-0.09,-0.844,0.081,-1.151,0.143,-1.151,0.081,-0.413,0.081,0.754,-1.151,-1.151,-0.413,0.0,-0.844,0.143,0.518,-0.01647859363422952,-0.09,-0.413,-0.09972388428048218,-0.038,-0.06812712470485903,0.754,0.02160272915616636,0.7397525446907254,0.7710723492463473,0.06785943869256345,0.13608784422670994,0.8327907778385948,-1.151,-0.05118035688004954
-0.012,1.351,1.351,1.351,-0.012,0.535,0.854,1.351,1.351,0.621,0.923,0.535,0.923,1.351,-0.012,-0.313,0.923,1.351,0.923,-0.313,0.535,-0.313,0.923,-0.466,0.621,-0.313,0.621,-0.313,-0.313,0.923,0.854,1.351,0.423,0.535,1.351,-0.466,0.923,0.621,0.535,-0.012,1.351,0.923,0.923,0.535,0.535,-0.012,-0.466,0.621,-0.4821995466428016,-0.313,1.351,-0.012,0.535,-0.32581956172632554,-0.2975228162430463,-0.026545204819702333,0.423,0.923,0.01664603427676461,0.06896716129829158,0.854
-0.796,-1.159,-0.796,1.054,1.899,0.807,-1.159,-1.159,0.807,0.807,-1.159,-0.426,1.899,-1.054,1.054,-0.796,1.422,1.422,0.533,-0.426,-0.796,-1.159,0.807,-1.054,0.807,-1.159,1.422,1.054,1.054,-1.054,1.422,1.899,1.422,1.899,-0.796,1.899,1.899,-1.159,1.422,-0.796,1.899,1.054,1.899,0.507,1.899,1.422,-1.159,-1.159,-1.054,-1.054,1.899,-0.796,-1.054,1.422,-1.159,0.507,-0.796,0.807,0.7869782120684888,0.4911086996501217,1.4140283901167838,1.899,-0.8122163757788282,0.8200998195278323,1.054,1.8882830215084396,-1.0642792851738772,1.454652619799132
1.174,1.174,0.907,1.67,1.174,1.67,1.67,0.907,1.174,2.117,-0.982,-0.522,2.117,1.67,-0.934,0.907,1.174,0.907,-0.934,0.907,1.67,0.907,-0.982,-0.982,-1.116,-0.982,2.117,1.67,-0.934,0.907,1.174,2.117,1.67,-1.116,1.67,0.416,-0.982,-1.116,2.117,-0.934,-1.116,2.117,2.117,-0.522,-1.116,0.416,0.907,-0.982,1.174,0.8929971425920346,1.67,-1.116,1.1627607211458681,1.6571084380381411,2.117,-0.934,0.0,1.2062415497114123,-0.522,1.6939082793635774,-0.9496826044725867
-0.52,-0.414,-0.81,-1.314,-0.52,-0.456,-0.52,-1.314,-0.748,-0.163,-0.891,-1.314,-0.52,-0.426,-0.52,-0.891,-0.414,-0.891,-0.52,-0.52,-0.773,-0.81,-0.52,-0.426,-0.773,-1.314,-0.414,-0.426,-0.52,-1.314,-0.748,-0.81,-0.456,-0.748,-0.81,-0.773,-0.52,-0.414,-0.52,-1.314,-0.748,-0.426,-0.748,-0.891,-0.426,-0.891,-1.314,-0.52,-1.32773166213473,-0.748,-1.2807658547917464,-0.81,-0.414,-0.7608393991501212,-0.534737980140754,-0.42976026749500884,-0.426,-0.773,-0.7873979721062666,-0.4352535509867334
-0.803,-0.803,0.289,0.274,-0.564,-0.564,0.084,-0.551,0.274,-0.551,0.289,0.274,-0.22,0.274,0.084,0.084,-0.442,-0.551,-0.22,0.084,0.289,-0.22,-0.551,-0.803,0.274,-0.642,0.998,-0.642,-0.22,0.998,0.289,0.274,-0.551,-0.564,0.998,0.289,0.084,-0.551,-0.442,0.289,0.274,-0.564,-0.803,-0.642,-0.22,0.289,-0.551,-0.2345158702536071,0.27966365917214764,0.998,-0.5622192437696101,0.2949257503221784,-0.442,0.9891264356428467,-0.460573036002498,0.274,0.34162847323391643,0.084
-0.84,1.254,0.463,0.653,0.463,-0.822,-0.822,0.098,1.254,-0.475,0.472,-0.17,-0.475,0.472,-0.84,-0.811,-0.84,-0.811,0.463,-0.811,-0.822,0.098,1.254,-0.811,1.254,0.463,0.472,0.463,-0.811,0.472,-0.84,-0.822,-0.84,0.463,-0.17,0.463,0.472,-0.822,-0.84,0.098,-0.475,0.098,-0.822,0.472,1.254,0.463,-0.811,0.653,-0.17,-0.8309944560520806,0.08376988187325471,-0.18393169025187864,0.12365617142863415,-0.14833082659940602,-0.1177837577361397,-0.8202072529109231,-0.7899854549489144,1.2389436078573308
1.375,1.151,1.375,0.663,0.663,1.094,1.559,1.094,1.151,-0.079,-0.443,1.151,1.151,-0.986,1.375,0.663,-0.079,-0.079,-0.986,1.559,0.713,-0.986,0.713,-0.986,1.094,-0.746,-0.443,0.663,1.375,1.375,-0.079,-0.746,1.559,-0.746,-0.746,0.663,-0.986,0.663,1.559,-0.079,0.663,0.713,1.559,0.663,-0.746,-0.079,-0.986,-0.079,0.663,-0.986,1.151,1.559,-1.000991410195689,-0.08969619636762761,-0.9720644599951915,1.1357632435210558,1.094,0.713,1.5430609133729523,1.5767807293460656,1.6195129267367638
-0.944,-0.944,-0.944,-0.944,0.66,-0.246,-0.13,1.541,-0.13,-0.13,-0.457,-0.457,-0.832,-0.836,1.541,-0.08,-0.08,-0.836,-0.836,-0.246,-0.832,-0.832,-0.944,1.541,-0.13,1.541,-0.625,1.541,0.66,0.66,-0.13,-0.457,-0.832,-0.457,-0.457,-0.08,-0.13,-0.944,-0.246,-0.457,-0.246,-0.832,-0.832,1.541,-0.13,-0.13,1.541,-0.457,-0.625,0.66,-0.836,-0.13,-0.457,-0.246,-0.1451342206148316,-0.8524831104649434,-0.09529157918754086,1.541,-0.06295310158678312,-0.625,-0.8059380846729847,-0.7820211452594603,-0.832,0.66,-0.25701267249646204,-0.2339233119621486,1.5326136936124537,1.5814225889608269,1.6110134545954737,-0.726763385153159,-0.8489900238969632
0.487,-0.395,-0.712,1.374,-0.441,-0.441,-0.395,-0.119,1.374,-0.441,-0.69,-0.829,-0.712,1.374,-0.441,0.487,1.374,-0.712,-0.829,2.428,0.487,0.487,1.374,-0.395,-0.441,0.487,2.428,1.374,-0.119,-0.69,2.428,-0.441,-0.119,-0.829,2.428,0.487,1.374,2.428,1.374,2.428,-0.712,-0.441,-0.712,-0.829,2.428,-0.119,-0.119,-0.69,-0.441,-0.829,1.374,-0.7002159959570424,1.3582368748420375,0.487,-0.13171682674167612,-0.45185926604691423,-0.8422012016587437,-0.07338849581919737,-0.395,-0.425933849045054,1.3959798031121322
1.234,-0.625,-0.85,-0.831,1.548,-0.742,1.15,-0.623,-0.625,1.548,-0.623,1.548,1.15,0.265,-0.85,0.265,1.15,-0.85,1.548,-0.831,1.548,1.548,-0.742,-0.831,-0.85,-0.831,0.265,1.548,1.171,1.234,1.234,1.234,0.265,1.548,1.234,-0.625,1.15,1.548,1.171,-0.85,1.548,1.171,-0.85,1.15,-0.831,1.15,-0.623,1.548,1.548,-0.85,-0.742,-0.831,0.265,0.24984186281958945,1.548,-0.85,-0.623,-0.8617809506190395,1.5362725448745147,-0.633228995435683,1.234,-0.742,1.2182103692966515,1.171,1.1585824757683947
-0.974,-0.38,0.71,-0.38,1.912,1.795,-0.38,-0.948,1.912,-0.422,-0.948,-0.38,-0.974,-0.38,1.587,-0.948,0.534,1.795,1.795,0.534,0.534,-0.948,1.912,0.71,-0.974,1.587,0.496,-0.974,-0.974,-0.422,1.795,-0.38,-0.974,0.496,1.912,-0.948,-0.422,-0.422,1.587,-0.948,1.912,1.795,-0.422,1.587,1.587,-0.422,1.912,-0.38,0.496,1.795,0.71,-0.422,0.534,-0.3947199640596267,-0.948,-0.44627975460776337,1.587,-0.9567199960331124,0.48629709655440967,-0.974,1.5769038069846313,0.5104192814048991,0.5202156197978666,0.5607252476215118,-0.41688608375779396
-0.712,-0.207,-0.712,-0.201,-0.207,-0.522,-0.207,-0.522,-0.712,-0.425,-0.122,-0.712,-0.118,0.617,0.617,-0.748,-0.201,-0.207,-0.122,0.384,-0.522,0.617,-0.207,-0.122,-0.207,-0.712,-0.522,-0.207,-0.118,-0.118,0.384,-0.712,-0.122,-0.748,-0.118,-0.748,-0.425,-0.201,-0.522,0.617,-0.748,0.617,-0.118,0.384,-0.201,-0.425,-0.748,-0.7588056852755357,-0.122,-0.4388909586582763,0.617,0.5946546948785072,-0.207,-0.13486303862618973,-0.7017498476891707
1.209,2.315,1.209,1.209,-0.984,-1.065,0.994,-0.984,-1.065,0.994,-1.203,-1.203,2.315,0.624,0.624,-1.065,2.315,-1.203,2.315,-1.203,2.315,2.315,0.305,-1.203,2.315,2.315,-1.203,2.315,0.994,-0.203,-1.065,0.503,2.315,-0.984,0.624,0.994,-1.203,-1.065,1.209,0.305,0.305,-1.065,-0.984,2.315,-0.984,-1.065,-0.984,-1.203,0.503,-1.203,-1.2205573664464184,-0.984,0.994,-0.9973378301584899,1.209,-1.1969930329245264,-1.065,-1.0884892263212258,2.315,-1.1569232671817997,-1.1026097371257146,0.49329442052402256,-0.203,-1.0559821078310128,-1.0199763809294997
0.379,0.379,-1.094,-1.017,-1.094,0.379,-1.017,0.379,-1.094,0.457,-1.017,0.457,-1.017,-0.783,0.439,1.211,-1.017,-1.017,0.379,-0.783,-0.018,1.211,0.379,0.379,-0.783,0.439,0.439,-0.018,-0.783,-0.328,1.211,-1.017,0.439,-0.018,-1.017,-0.018,1.211,-0.783,0.439,-0.124,-1.094,-0.124,-0.018,1.211,-0.783,1.211,0.439,0.439,-1.094,-0.124,0.439,-0.783,0.439,0.457,1.211,1.1904401310379364,0.4224986493892111,-0.7989759271694293,-0.124,0.4465887518586502,-0.1396555140406115,-0.7596640397162739,-0.328,-1.017,-0.7192211090687416,1.2375037997079552,-1.094
-1.004,-0.861,-0.73,-0.664,-0.513,-0.73,-1.004,-0.861,0.982,-0.977,-0.466,-1.004,-1.004,-0.513,-0.466,-1.004,-0.977,-0.494,-0.513,0.455,-0.664,-0.861,0.982,0.982,-0.977,-0.664,-1.004,-0.513,-0.861,-1.004,-0.977,-0.513,-0.513,-1.004,-0.494,-0.513,-0.494,-0.861,-0.466,-0.466,-0.861,-0.494,-0.977,-0.494,-0.466,0.982,-0.494,0.982,-0.664,-0.466,-0.6868246663242452,-0.4782380190480378,-0.6388181257245223,0.455,-0.503025068057332,-0.4601879119906893,-0.449412940379104,-0.73,0.4415929503169302,-0.5859881979733162,-1.004,-0.4009654544246526,-0.36961226678185083,-1.0176355909870265,-0.737476939081876
0.674,-0.553,-0.553,0.708,0.674,0.928,-0.897,0.058,0.708,-0.802,-0.802,-0.802,-0.074,0.674,0.674,-0.897,0.928,-0.897,0.708,0.708,-0.802,-0.074,-0.897,0.928,0.674,0.674,1.202,-0.553,-0.802,0.928,1.202,-0.074,0.058,1.202,0.928,1.202,-0.074,0.418,0.058,0.928,0.708,1.202,0.928,0.928,-0.897,1.202,1.202,0.058,0.928,-0.802,0.708,0.928,0.418,-0.8145638833121481,0.9141867369363238,0.3985742666608787,0.9367269516386849,0.6939084669497139,1.202,-0.074,-0.553
-0.172,0.264,-0.623,-0.707,0.326,0.264,-0.928,-0.957,-0.928,-0.172,-0.172,-0.172,-0.928,-0.805,0.326,-0.623,-0.623,-0.623,-0.928,-0.707,0.72,-0.623,-0.957,0.72,-0.707,0.72,-0.957,-0.172,-0.172,-0.957,-0.805,-0.172,-0.623,-0.928,-0.574,-0.805,-0.172,-0.957,-0.574,-0.957,-0.707,-0.805,-0.172,-0.707,-0.623,-0.623,-0.707,0.264,-0.957,-0.707,-0.172,0.326,0.264,-0.574,0.326,0.326,-0.957,-0.172,-0.928,-0.9411626264603286,0.264
0.186,-0.776,-0.388,-1.32,-0.776,-0.388,-1.058,-0.776,0.186,-0.38,-1.058,-0.519,-0.38,-1.058,-0.519,-1.32,-1.058,0.121,-0.14,0.186,-1.32,-1.058,-0.034,-0.38,0.121,-0.14,-0.034,-1.32,-0.14,-0.776,-0.38,-0.14,-0.034,-0.38,-1.32,-0.519,-0.034,-0.776,-1.058,0.186,-1.058,-1.32,-0.38,-0.519,0.186,-0.776,-0.776,-1.058,-1.0740782301593803,-0.519,-0.38,-1.32,-0.787448512833187,0.121,-0.3924803315467419,-1.0140079199612,-0.9791786813579288,0.10552332281236089,-0.9688190127647223,-0.14,-0.7339205506110803
0.961,-0.344,0.961,-0.344,0.961,-0.344,1.729,0.965,0.049,0.808,1.729,-0.731,1.729,-0.585,-0.917,-0.585,1.729,0.049,-0.585,0.965,0.102,-0.731,0.102,-0.917,-0.917,-0.917,0.808,0.961,-0.917,-0.344,-0.344,0.808,-0.585,1.729,0.965,0.049,0.049,-0.585,-0.917,0.965,0.102,0.961,0.102,1.729,-0.731,0.808,-0.585,0.049,0.808,-0.917,1.729,-0.9306417348625459,1.711698905624341,-0.5937175237372203,0.7969993413696993,-0.8845738322798556,-0.344,-0.5544385480682432
0.015,0.015,-0.578,-0.537,1.192,1.001,-1.004,1.001,0.235,-0.537,0.015,1.192,0.235,0.235,-0.578,1.205,1.001,1.241,1.241,-1.004,0.179,0.179,-1.004,0.015,1.241,1.241,1.241,1.205,1.241,1.241,-1.004,1.241,-1.004,1.192,1.205,0.179,1.001,0.235,1.205,0.179,1.205,0.015,1.001,0.235,1.192,1.205,-0.537,-1.004,-0.578,-1.004,1.001,1.001,-0.578,0.9883231832546815,-0.537,1.205,0.235,1.241,0.179,1.2261959602821637,-1.004,1.192,1.2490738031654756,1.179007380286414,0.22255663236480117,1.2061841752977978,1.2709899580461377,1.2378608965193498,-0.5478345279262195,1.1926295015759412
-1.187,-0.871,-0.871,1.654,0.262,-0.871,-0.871,2.166,0.951,2.166,2.166,0.951,0.262,1.654,-0.488,-0.871,2.166,0.262,-0.721,-0.721,-0.871,-0.488,2.166,-0.488,0.951,-1.187,1.654,1.654,2.166,-1.187,-0.721,-0.721,-1.187,0.951,0.262,-1.187,0.951,0.951,-0.488,-0.403,1.654,-0.871,-0.291,-1.187,0.951,-0.488,0.951,-0.291,-1.187,1.654,0.262,-1.187,-0.291,-0.721,-0.488,-0.871,-0.291,-0.871,1.654,-1.187,-0.721,-0.8870815393814045,-1.2025221166432614,-0.7330878957172919,-0.8372379489505729,-0.6797954729417841,-1.1545189466833339,-0.488,2.166,-0.4961866849312947
-0.904,-0.395,-0.904,-0.866,-0.57,-1.064,-0.904,-0.395,0.208,-1.064,-0.57,-0.395,0.846,-1.064,-0.866,-0.395,-0.553,-1.064,-0.553,-0.553,-0.395,-0.553,-1.064,-0.904,0.208,-0.866,-0.395,-0.066,-0.066,-0.866,0.846,-0.553,-0.066,-1.064,-0.395,-0.553,-0.553,-0.866,-0.553,0.208,-0.57,-0.904,-0.395,0.0,-1.064,-0.904,-0.57,0.846,-0.553,-0.066,0.8329648309082185,-0.40802968839291726,-1.0846124660836145,0.8605703244490938,-0.012126242590614306,0.0202685187594999,-0.5775373696756889,-0.866,0.8868846721409972,-0.8801816553074167,-1.0562743053619834
0.705,-1.189,-0.18,1.596,-0.837,1.596,0.819,-0.725,-0.725,-1.031,-0.889,0.705,-1.189,-0.775,-0.775,1.596,-0.775,0.819,-1.031,-1.189,-0.18,-0.775,-1.189,-1.031,-0.18,-0.725,-0.775,0.705,-1.031,-0.837,-0.837,-1.031,-1.031,0.705,-1.031,-0.837,-1.031,-1.189,-0.18,1.596,0.705,0.705,-0.889,-0.837,-1.189,-0.18,-0.889,-0.725,-0.837,-1.031,1.596,-0.889,1.5813328066937171,-0.8537321338597958,1.6148567288572733,-1.189,-1.203665052970531,-1.1698436419066003,-1.04113624196231,-0.9005938427639265,-0.8364052423690284,0.705,-1.0046653196665642,-0.775,1.664240525901497,-1.1432059479947658,-0.8782905018654801,-1.0932224513729567,-0.785838453388599
1.46,0.357,0.357,1.17,1.46,-0.936,-0.816,0.273,0.549,-0.346,-0.346,1.17,-0.816,1.17,1.17,1.17,0.362,0.357,-0.816,-0.653,0.549,0.549,0.357,1.17,0.549,0.273,-0.936,-0.346,-0.346,-0.653,1.46,1.17,1.46,0.362,0.549,0.273,1.46,-0.346,1.17,0.357,1.46,0.549,1.17,0.357,-0.936,0.549,0.357,1.17,0.273,1.46,1.4421266805793975,0.362,0.549,-0.346,0.5333890720877575,1.1578330586169188,0.34465332263091414,-0.816,1.4826963522266976,-0.653,1.5436116144195131,-0.6618507453815299,1.5723326170017446,0.5740677013690931,-0.936
0.188,0.147,-0.962,-0.037,0.147,-0.962,-0.037,0.188,1.285,-0.685,-0.411,1.285,0.188,-0.962,0.147,0.209,0.147,0.188,-0.65,-0.962,-0.65,-0.685,-0.65,-0.685,-0.037,0.147,0.188,-0.411,0.188,0.209,-0.411,0.209,0.188,-0.962,-0.962,0.703,-0.962,0.188,-0.411,-0.65,0.703,-0.411,0.703,-0.65,-0.685,1.285,0.188,0.1729994287524659,-0.6630659130447909,0.209,0.6917378125119773,0.20234994620889143,1.2679262345750784,-0.6460402966715052,0.7425839461898234,-0.6117992968693609,0.7967281725021955,-0.962,0.19964523238921547
-0.531,-0.967,0.031,0.668,0.962,-0.822,-0.973,0.031,-0.822,-0.531,0.962,-0.129,0.668,0.668,-0.129,0.087,-0.973,-0.973,-0.967,0.962,0.333,-0.531,0.333,0.668,-0.973,-0.822,0.087,-0.967,-0.531,-0.967,-0.531,-0.973,0.962,-0.822,0.031,-0.129,0.962,-0.531,-0.967,0.031,-0.129,0.333,0.668,0.668,-0.967,-0.129,-0.9833776500384676,0.668,0.333,-0.822,0.3162145516879687,0.031,-0.8387458678502427,-0.973,-0.8157190390065993,-0.7798615466255088,-0.9535442986347863,-0.9813977746389291,0.372446882951272,0.962
-0.824,1.397,0.077,-0.205,0.077,1.397,-0.824,-0.351,-0.337,-0.15,1.397,-0.337,-0.337,0.077,0.077,-0.824,1.242,1.397,-0.351,-0.337,1.397,-0.351,-0.824,0.077,-0.337,-0.824,-0.205,-0.351,-0.205,-0.337,-0.205,1.242,-0.337,1.397,1.397,1.242,1.242,1.242,1.242,0.94,0.94,1.242,-0.337,-0.337,0.94,1.397,1.242,-0.337,0.077,0.05226765860858097,-0.824,0.08795675203530505,-0.15,1.229791386513869,1.3824967653813423,-0.16260707685496079,-0.12933751867420532,0.13160139797450648,0.17112124216949093
1.769,-0.126,0.561,1.3,-0.595,1.3,0.561,0.561,1.769,0.439,-0.685,-0.595,-0.595,-0.595,0.439,-0.534,1.769,1.3,0.561,-0.685,-0.534,-0.595,0.753,-0.595,0.439,-0.595,0.006,-0.685,1.3,0.439,0.439,-0.595,0.561,0.439,1.769,0.439,0.006,-0.685,0.753,1.769,0.753,0.006,1.3,1.769,0.753,1.3,1.769,-0.534,1.3,-0.685,0.439,0.006,0.753,0.439,-0.534,0.7410377651697676,-0.595,-0.685,0.006,0.7897332356733058,-0.605998336536451,-0.126,0.561,1.3,1.2763159885539583,-0.0052562501425438,-0.5444207640759354,0.42606751643317226,-0.511500471432575
0.586,-1.043,-0.961,-1.122,-1.122,-0.961,-1.043,-1.043,-1.144,-0.526,-1.043,-1.122,-0.925,-0.573,-1.144,-0.526,-1.043,-0.526,-0.961,-1.144,-1.144,-0.526,-0.961,-1.144,-0.961,0.586,-0.526,-0.514,-0.413,-0.925,0.586,0.586,-1.144,-1.122,-0.925,-1.122,-0.573,-1.144,-1.122,-0.925,-1.144,-0.514,-1.144,-0.514,-0.573,-1.122,-0.961,-0.961,-0.925,-0.961,-0.514,0.586,-0.526,-0.5293341946552013,-0.4890442627609551,-1.122,-1.043,-0.573,-1.144,-0.961,-0.413,-0.9710479017471951,-0.5853329181340859,-0.4290650088766901,0.5737364550169585,-0.4701743261760486,-0.384691399797384
1.402,-1.063,-0.717,0.028,-0.177,0.205,-0.717,-0.746,0.373,-1.063,0.205,0.66,-0.746,-0.177,0.373,-0.177,0.66,0.028,-1.063,0.373,-0.533,-1.063,1.402,1.402,-0.177,0.373,0.66,0.373,0.373,-0.746,0.373,-0.177,1.402,0.66,0.373,-0.533,-0.717,-0.717,0.373,0.373,-1.063,-1.063,0.028,0.373,0.66,0.6397210966372044,0.36097590207481656,-0.177,-0.717,-0.19596516951470805,0.01383758080316064,-0.533,-0.15754933506673088,0.4020667733026369,-1.063,-0.12210000342873793,-1.0789961079113966,0.4502404344187803,0.48168543654387785,0.5258694339996947,0.5407152933095802
-0.627,1.218,1.218,-1.079,-1.079,1.218,-0.344,-1.079,0.376,-0.597,1.218,0.376,0.259,0.259,1.46,-1.079,-1.079,0.621,-0.81,-0.81,0.259,1.218,-0.81,-0.81,-1.079,0.259,0.259,1.46,1.46,0.376,0.376,0.259,1.218,-1.079,0.259,-0.627,-0.597,-0.627,-1.079,1.46,0.376,0.259,1.46,-0.627,1.218,-0.597,-1.079,-0.6435650240575574,1.4546774210248656,-0.6126783365315208,-1.0927040671634445,-0.6157285705163583,1.2030066718032122,-1.06631635198581,0.24783853009635454,-0.81,-0.574019369968198
0.065,-0.32,-1.12,-0.467,-0.467,-1.12,0.401,-1.12,0.427,-1.112,0.427,0.413,-0.32,0.401,-1.12,0.401,-1.12,0.725,-0.467,0.725,0.065,-1.112,-1.12,-0.658,0.065,-0.658,-0.658,0.065,-1.112,-0.467,0.725,-1.12,0.725,-0.658,0.065,0.065,-0.32,-0.467,0.427,-1.112,0.065,-1.12,-0.32,0.065,-1.112,0.427,-1.12,0.065,0.065,0.427,-1.12,0.401,0.4139395388662552,-0.658,-0.6723069934356527,0.065,0.392826930068832,-0.32,0.4375940069456321,-1.1337693157132542,0.497747834878829,-0.467,0.46146100118236566,-0.6160678982777832,-0.5868156858368481
-0.447,1.457,-0.447,-0.741,-0.793,-0.741,-0.284,-0.798,-0.479,-1.084,0.975,1.457,-0.798,1.457,0.975,-0.054,-0.741,-0.793,-0.793,1.457,1.457,-0.447,0.975,-0.741,-0.798,-0.479,-0.793,-0.741,-0.054,-0.447,1.457,1.457,-0.284,1.457,-0.054,0.975,1.457,-0.054,-1.084,0.975,-1.084,-0.284,1.457,-0.284,0.975,-1.084,-0.793,-0.447,-0.054,-0.479,1.457,-0.479,1.457,1.4433366724356953,-0.447,-1.084,0.975,-0.793,-0.054,1.4790371244078933,-0.8073032612267592,-0.46320547406412976,-1.0958121289151395,-1.0776853848404917,-1.0378129822890352,-0.741,0.9629432952872993,-0.4261646095808429,-1.0145813043723453
-0.599,-1.153,1.539,1.539,1.539,-1.153,1.206,1.539,-0.042,0.91,0.91,-0.129,-0.1,-0.129,0.91,0.043,1.206,1.206,1.539,1.539,-0.129,0.043,1.539,1.539,-0.042,-1.153,0.043,0.91,-0.599,-1.153,0.91,1.206,1.539,1.539,-0.599,-1.153,0.91,1.539,0.91,1.206,-0.042,-0.534,1.539,-0.599,0.043,0.91,-1.153,0.91,-0.599,-1.153,1.539,1.539,-0.534,0.91,-0.129,1.539,1.539,-0.534,-0.5500314054572717,-0.1,-0.042,1.206,-0.599,-0.05858651616789522,-0.129,1.5245815849521709,1.1941653905637604,-0.14005380729922481,-0.11540911940539274,-0.6141893943031361,0.043,1.2194057922477044,1.2669956164552278,1.3021446510213994,1.566436827799616,1.6024730882168903
-0.717,0.968,-0.717,-0.674,0.113,0.113,0.928,0.113,-0.796,-0.426,0.968,1.542,-0.811,-0.717,-0.674,0.928,-0.811,0.968,-0.535,-0.426,-0.796,0.113,-0.796,-0.535,-0.717,-0.674,-0.796,0.968,0.113,1.542,0.928,-0.811,0.968,0.113,1.542,0.928,0.968,-0.796,1.542,-0.535,-0.426,-0.796,-0.8108048520422598,0.113,-0.811,-0.5481249013157727,0.928,0.968,1.542,-0.674,0.9549775440929826
-0.891,-0.891,-0.084,0.576,-0.755,-0.953,-0.953,0.575,-0.891,0.575,-0.716,-0.891,1.011,1.011,-0.722,-0.716,-0.755,-0.313,-0.755,-0.722,-0.891,1.011,-0.755,-0.953,-0.716,-0.313,0.575,-0.953,-0.755,1.011,1.011,-0.891,-0.722,-0.313,-0.313,-0.755,-0.722,-0.891,-0.891,0.575,-0.722,-0.722,-0.313,0.575,-0.716,-0.755,1.011,-0.755,-0.313,-0.722,-0.3277390101187034,-0.7689990160671614,0.575,0.99447561142787,-0.716,-0.7339278065598207,-0.7314971868011706,0.5609629775189279,1.00495346606927,-0.7071794252453824,-0.891,1.0468258177254348
-0.56,1.555,-1.03,-0.368,0.636,-0.99,-0.99,0.636,-1.04,-0.99,0.473,-0.839,0.633,-0.839,0.633,1.555,0.633,0.636,-0.99,-1.04,-0.99,-0.368,0.636,-0.839,1.555,-1.04,0.633,-0.99,-0.839,0.636,0.636,0.633,-0.839,0.473,0.633,-0.56,-1.03,-1.04,1.555,1.555,-0.99,0.636,0.633,-1.04,-1.03,-1.04,1.555,-1.03,-1.04,-1.03,0.473,0.636,-1.03,0.473,-0.839,0.633,-1.04,0.636,-0.844603508251904,-0.56,0.6194450116168314,-0.99,0.6247155590276948,-0.368,0.473,0.46061705692685556,0.6409296538408237,-1.0533143487088654,-0.5722315611153218,0.670200645335398
0.549,-0.533,0.549,-1.138,-1.025,0.062,0.44,1.351,-1.138,-0.533,-1.138,0.549,0.44,-0.818,0.062,0.062,-1.138,0.549,1.296,-1.025,1.351,-1.138,1.351,0.062,-0.533,-0.868,-1.138,-1.025,-1.138,1.351,0.062,1.296,-1.025,-0.533,0.062,-0.868,0.44,-0.533,-1.025,0.062,1.296,1.296,1.351,-0.818,0.549,-0.868,-0.818,-1.138,0.062,-0.818,-0.533,0.44,-0.533,-0.868,0.4240832901181329,1.351,0.46851629198594186,-1.138,-0.5450479250300655,-1.15116341903829,-1.1239492418917496,0.549,0.062,-1.0842545985109096,0.5180957604539957,0.5431450259404728,-0.8822878547925487,-0.818,-0.5185470773887539,1.296
1.366,-0.828,-0.483,-0.483,-0.483,1.131,0.136,0.136,0.853,-0.828,0.853,-0.877,-1.06,-1.06,1.366,0.853,1.806,-0.828,1.131,0.853,1.366,-0.828,1.366,-0.797,1.131,1.366,1.366,1.366,1.366,1.806,0.853,-0.877,0.853,0.136,1.806,-0.483,1.806,-0.877,-1.06,-0.797,-1.06,-0.797,-1.06,-0.877,1.806,0.136,0.136,-0.877,-1.06,1.806,-0.483,-1.06,-0.797,-0.877,-1.0754292150744376,1.131,1.7939358981870779,1.8426011205534434,-0.8072693374390891,1.1197426806317288,0.136,0.11808276315438997
1.72,-1.153,1.72,-1.048,-1.236,-0.193,-0.489,-1.345,-1.236,-0.549,-0.284,-1.236,-1.048,-0.489,-0.549,-0.113,1.72,-1.345,-1.153,-1.345,-1.345,-1.153,-0.193,-0.193,-1.153,-1.048,1.72,-1.153,-1.048,1.72,-0.489,1.72,-0.284,-1.048,-0.193,-0.489,-0.549,-1.153,-1.048,1.72,-1.345,-1.236,-0.284,-1.236,-1.236,-1.048,-1.345,-0.193,-1.153,-1.345,-0.193,-1.048,-1.048,-1.345,-1.236,-0.489,-1.153,-1.345,-0.284,-0.113,1.72,-1.167629784753508,-0.2957908480806849,-0.12958745236070554,-0.193,-1.3578437244591,-1.048,1.7000061769470822,-1.0638317020508454,-0.2558207049820303
0.305,0.305,-1.199,-0.61,-0.667,-0.61,-0.956,-1.199,-0.61,1.295,-1.199,-0.878,-0.61,-0.667,-0.82,-0.61,-1.199,-1.199,-1.199,1.295,-0.956,1.295,-0.287,-0.82,-1.199,1.295,-0.667,-1.199,-0.878,-0.956,-0.61,-0.61,1.295,-0.667,-0.878,-0.878,-0.82,-0.61,-0.956,1.295,-0.667,1.295,-0.667,-0.667,-0.287,-1.199,-0.878,-0.956,0.305,-0.667,-1.199,-0.61,-0.9685330379622799,-0.6814630855887877,-0.6280149416178986,-0.8932358124302407,-0.9459215402229619,-0.287,-0.30848400100920814
0.203,0.203,-0.616,-0.204,-0.287,-0.616,-0.616,-0.616,0.856,-0.616,-0.915,-0.915,-0.915,-0.915,-0.287,0.668,-0.287,-0.616,0.203,-0.204,-0.616,-0.184,0.203,-0.204,-0.287,-0.184,-0.616,-0.204,-0.046,1.024,-0.204,1.024,-0.616,-0.204,1.024,-0.915,-0.616,-0.184,1.024,-0.915,-0.616,0.203,-0.616,-0.204,0.856,1.024,-0.915,0.203,-0.204,0.856,-0.204,0.856,-0.184,0.8437762976809611,-0.616,0.668,-0.22124430844130188,0.203,-0.19745105855434222,1.024,-0.1996137490789804,-0.915,0.6539286433029937,-0.046,0.6887564562778423,-0.06197146705965055,-0.9255840407254251,0.9020802885117701,-0.15733789681569751
0.59,1.687,-0.894,1.004,1.687,-1.0,-0.894,-0.894,1.054,0.534,0.59,-1.0,-0.894,0.534,0.59,0.59,1.054,-1.0,0.59,0.59,-0.603,0.502,0.461,1.054,0.59,0.502,0.534,0.59,1.004,1.687,1.004,-0.603,1.687,0.534,0.502,-0.603,-0.894,0.502,1.687,0.59,-0.894,-0.894,1.054,0.534,0.502,0.59,0.502,-1.0,-1.0,-0.603,0.534,-1.0,1.687,0.502,-0.603,0.461,0.4490957720656057,-0.894,1.054,1.004,0.59,1.6702616908107735,0.534,-1.0,-0.6153898076918034,0.523087306361834,0.9929474066324284,-0.5823204597919132,-0.5648559063308649,-1.014892943036779,0.5045501322077133,-0.9039156128848633,-0.5347305952775229
-0.454,0.342,-0.974,-0.499,-0.194,-0.194,-0.974,0.342,0.342,-0.454,0.342,-0.974,-0.974,-0.785,1.123,0.342,-0.454,0.958,0.958,-0.499,0.342,0.342,-0.789,0.909,-0.454,-0.194,-0.974,-0.499,-0.974,-0.454,-0.454,0.342,-0.789,0.958,-0.785,-0.974,-0.789,0.909,-0.194,1.123,-0.785,-0.194,1.123,-0.454,0.342,-0.499,-0.789,-0.785,-0.454,-0.194,-0.499,0.342,-0.974,0.958,0.323974636631524,-0.980795228149898,-0.5133791255830339,-0.20131088984659945,-0.785,0.3501296373714945,1.123
-0.591,0.045,0.211,1.996,0.045,1.384,-0.004,1.996,-0.004,-0.004,-0.004,-1.3,-1.3,-0.004,-0.591,0.045,1.996,1.996,1.996,-1.3,-0.004,1.996,1.996,-0.004,1.384,-0.004,-0.004,-0.353,0.211,1.384,-0.591,0.045,-1.3,-1.3,0.045,-1.3,-1.3,0.415,-0.004,-1.3,-0.004,-1.3,-0.353,-1.3,0.045,-0.353,1.996,-0.004,0.415,1.384,-0.016613532292181606,0.211,-0.591,0.4064240684867063,0.029592998946822432,0.20096564692623164,-0.5990534532954743,-0.36603395943434325
1.274,1.407,0.271,-0.236,0.513,0.271,-0.236,1.039,1.407,-0.226,-1.209,-0.226,1.039,-0.226,-0.226,-0.226,0.513,-0.464,-0.226,-0.226,1.274,-0.464,-0.226,0.271,-0.226,-0.226,1.039,1.274,1.274,-1.209,0.513,-0.464,0.271,-0.464,-0.236,-1.209,-1.209,-1.209,1.407,-0.236,0.441,-1.209,1.039,1.407,0.441,-0.464,-1.209,1.039,1.0217780020065916,-1.2232168438759008,-0.236,1.3938822786498462,-0.226,1.0378612665020397,-1.1774309808577295,1.274,-0.24139234765155282,-0.4774337849558611,0.271,-1.1443899089733425,0.2529925998693842
0.027,1.573,-0.667,-0.667,-1.131,-0.442,0.434,-0.667,1.573,-0.442,-0.442,-1.131,-1.131,1.573,-0.612,-1.131,-0.667,0.027,0.582,-1.131,-1.131,-0.612,0.434,-0.808,1.573,-1.131,0.027,0.582,0.582,-0.808,-0.667,1.573,0.582,-0.46,0.582,-0.612,-0.612,0.582,-0.612,0.434,0.582,0.434,-1.131,1.573,0.434,-0.808,1.573,0.582,-0.808,-0.46,-0.612,1.573,-1.131,-1.147365010677734,-0.808,0.434,-0.6232621284684602,-0.667,0.027,0.582,0.4216831908655576,-0.5711162245861144,1.5613683646269283,0.009888222969588488,1.6038596868055628,0.46482949644706845
-0.956,-0.531,-0.956,-1.0,-1.0,1.622,-1.021,-0.956,-1.021,0.229,-0.388,-1.021,1.178,-1.0,-0.531,1.178,1.622,1.178,1.622,-0.956,1.178,0.229,-1.0,-1.021,-1.021,2.124,2.124,2.124,1.622,2.124,-0.531,-1.0,2.124,2.124,1.622,0.704,0.704,0.704,2.124,2.124,2.124,1.178,-0.956,-1.021,2.124,-0.388,0.704,1.622,-1.0352325463691487,-1.0,1.178,-1.0174624429928718,1.1596047232793594,0.694076184654382,0.229,0.7385620489478465,0.7847468596220247
-0.369,-0.369,-1.069,2.13,0.447,-0.803,-0.031,-0.803,2.13,-1.069,1.806,2.13,0.788,0.788,0.788,0.788,2.13,-0.031,-0.803,-0.369,0.447,1.806,0.392,-0.803,-1.069,-1.069,-0.369,1.806,2.13,2.13,-1.069,-0.803,2.13,-1.069,-0.031,2.13,1.806,2.13,1.806,-0.369,-0.369,-0.369,0.788,2.13,2.13,-0.031,-0.046268157434061145,-1.069,-0.369,0.392,0.447,-0.3858958118854743,0.0,0.43509547040843266,-0.0203714654360442,2.1198394814694614,-1.076737304747375,2.153761461858208,-0.803,0.788,0.7733648375793033,-0.8175155842401707
-0.563,-0.819,-1.08,-0.799,-0.259,-1.08,0.493,-0.893,-0.893,-0.653,-0.799,-0.259,-1.08,-0.819,-0.819,-0.259,-0.563,-0.521,-0.819,-0.399,-0.893,-0.799,-0.521,-0.653,-1.08,-0.521,-0.819,-1.08,-0.653,-0.799,0.493,-1.08,-0.799,-0.799,-0.399,-0.893,-0.259,-0.563,-0.799,-0.259,-0.893,-1.08,-0.653,-0.819,-1.0979080098296883,-0.563,0.493,-0.259,-0.399,-0.5771889119327608,-0.521,-0.893,-0.4092400555064687,-0.6625198562062373,-0.5359121371798233,-0.799,-0.4983417600494532,-1.050654316712055,-0.9060289502991842,-0.8227918324391723
-0.922,1.602,-0.544,-0.989,1.188,1.602,-0.698,-0.544,-0.698,0.925,-0.544,1.188,-0.989,-0.989,1.123,-0.698,-0.989,-0.922,0.925,1.602,-0.698,1.602,0.045,1.123,0.925,1.188,0.045,1.602,-0.922,0.925,-0.989,-0.698,-0.698,-0.698,-0.544,1.123,0.925,-0.544,-0.989,1.602,0.549,-0.989,0.045,1.123,-0.922,-0.544,-0.698,0.045,-0.7098614457500293,0.029990109060197064,-0.922,0.04318883222217308,-0.9317341524061264,-0.6652375223634608,1.602,-0.9088679979655302,-0.8758213930846126,-0.6254529480387553,1.123
-1.309,0.559,-0.539,-0.346,-0.275,1.01,-0.275,0.559,-0.346,-0.346,-0.762,-0.539,0.559,-1.313,1.01,0.559,-1.309,-0.275,0.559,-1.309,0.559,-1.309,-1.309,-0.762,0.559,0.559,-0.403,-1.313,-0.275,-0.275,-0.346,-1.309,-0.762,-1.313,-1.313,-0.346,0.298,-1.313,1.01,-1.313,0.559,-1.309,-0.762,-0.346,0.559,1.01,0.298,-1.313,1.01,-0.275,-1.313,-0.539,-0.346,-0.403,-0.275,-0.29460370434230204,-0.5489534036710548,0.298,0.559,0.5361029434318274,-0.762,1.01,-1.313,-0.36284937638193104,-0.775380238628955,0.5734154128032668,0.6072688144743913,0.6456703838443633,-0.3317588553356519
-0.561,0.278,0.588,0.811,-0.561,0.278,0.811,0.811,0.803,0.811,-0.561,0.803,0.803,0.278,-0.985,1.675,0.588,0.588,0.278,-0.985,-0.561,0.473,-0.561,-0.857,-0.857,0.811,-0.561,1.675,-0.857,-0.985,1.675,0.278,1.675,0.811,-0.857,0.588,-0.857,0.278,0.948,0.948,-0.985,0.948,0.278,0.948,0.948,0.811,-0.985,1.675,0.948,0.803,1.675,0.811,0.7861788183811242,-0.857,0.948,-0.561,1.6579780125507184,0.7963626715062962,0.8193647207218049,1.6822847789271285,0.588,0.473,0.8718422195994803
-0.738,-0.42,-1.175,-0.738,0.011,-0.738,-0.025,-0.738,-0.678,-0.86,-0.42,-1.175,-1.057,-0.42,-0.562,-0.86,0.912,-0.678,-0.678,-0.42,-1.175,-1.057,-0.738,0.912,-0.86,-0.025,-0.738,-1.175,-0.025,-0.738,-0.678,-1.057,-0.562,-1.175,-1.175,-0.86,-1.057,-0.678,-1.057,-1.175,0.011,-0.738,-1.175,-0.562,-0.738,-1.057,-1.0688898386041283,-0.86,0.011,-0.025,0.912,-0.42,-0.562,-0.738,0.9056354149139781,0.9621928931401839,-0.678,-0.043323137517464805,-0.5773305104832791,-0.565089775709222
-0.476,0.076,-0.389,0.776,2.146,0.33,0.776,-0.389,-0.911,2.146,0.076,-0.911,-0.476,-0.389,-0.389,2.146,-0.389,-0.868,-0.476,-0.275,2.146,-0.911,2.146,-0.476,-0.275,0.33,-0.911,0.076,2.146,-0.868,-0.911,2.146,2.146,0.33,-0.389,0.076,0.076,-0.868,0.776,-0.476,-0.476,-0.911,0.776,-0.476,0.33,0.076,-0.275,-0.389,-0.911,0.0,-0.28906670759995273,2.146,0.776,-0.868,-0.01199467955614246,0.03381902216690895,-0.8845348420491937,-0.476,0.057382887998850135,0.10300408792348895,-0.9234628769906204
0.917,-1.131,-0.96,-0.751,-1.131,-0.73,1.505,1.505,-0.96,-0.751,-0.752,0.917,-0.751,-1.131,-0.751,-0.438,-0.752,0.917,1.505,-0.96,-1.131,0.917,-0.751,-0.73,-0.696,0.917,-0.96,-0.752,-0.751,-0.438,-0.73,-0.696,-1.131,-0.96,-1.131,-0.751,-0.696,-0.73,-0.751,-0.96,-0.96,-0.696,-0.73,-0.438,-1.131,-1.131,0.058,-0.752,-0.96,-0.752,-0.96,0.058,-0.438,-0.752,1.505,-0.7680914919447659,0.917,-0.96,1.4877847443143488,-0.73,-0.7289984913687626,-0.751,-0.44748591569623186,-1.131,-0.7101792407885111,-0.6997926309748019,-0.696,-1.1434194764980217
-0.261,0.778,0.182,1.035,0.363,-0.082,0.363,-0.261,0.182,0.363,0.778,0.778,1.035,0.695,1.035,0.778,0.363,0.778,-0.082,0.778,-0.261,0.778,0.778,0.182,0.363,-0.261,-0.082,-1.218,0.612,0.612,0.695,0.612,0.778,-0.07,-1.218,0.612,-1.218,0.778,0.778,0.612,-1.218,1.035,0.612,-1.218,-1.218,-1.218,0.778,0.778,0.182,-0.261,0.612,0.363,0.778,-0.082,1.035,1.0226142124837534,1.0378643405679875,0.34982653854521517,-0.07,0.3929376912245852,-0.08534857070923356,1.0948452724413182,0.695,-1.218
0.007,-1.017,0.007,-0.827,-1.017,0.868,0.007,-0.872,0.314,-0.872,0.868,0.066,0.066,0.007,0.007,-1.017,0.314,-0.827,-0.994,-0.994,0.314,-0.827,0.007,-1.017,-0.994,0.007,-0.994,-1.017,-0.827,0.007,0.314,-0.872,-0.827,0.44,0.007,0.922,0.314,0.922,-0.994,0.44,0.007,-0.827,-0.994,0.007,-0.994,-0.827,-0.994,-1.017,-1.029494196522178,0.007,0.314,0.066,0.29114669536554993,-0.01280695682784188,0.44,0.4255349038590622,0.4661259129791881,-0.8402773108048309,0.05886081763587895,0.868,-0.9793309663909469,0.07905324725037789,0.8537569969812661,-0.9415655222074782,0.10297812026385247,0.922
-0.645,-0.649,0.548,1.819,-0.992,1.819,0.548,-0.159,-0.992,0.809,0.979,-0.649,-0.992,0.979,-0.645,0.809,0.979,0.199,-0.645,1.819,0.199,0.548,-0.645,1.819,-0.645,1.819,0.979,0.979,-0.992,-0.645,-0.234,-0.234,0.199,0.548,1.819,0.199,0.199,0.548,-0.992,-0.649,0.548,0.199,-0.649,0.199,-0.234,-0.234,-0.645,1.819,-0.992,-0.234,-0.649,0.548,0.199,-0.6638419047826011,-0.6465971583616295,-0.2553635873507767,-0.992,0.52920926132129,-1.0106231994586101,0.979,-0.645,-0.967592012096576,-0.159,0.809,-0.6626502727404169,-0.9404344395955618,0.7945570278780529,1.819,0.8352713158905279,1.7967030926685197
-0.385,-0.729,-1.114,1.143,-0.797,-1.114,1.311,1.523,-1.041,-0.385,-1.114,-1.041,1.523,1.523,-1.114,1.311,-0.96,1.523,-0.729,1.523,-1.072,-0.96,-1.041,-0.797,-0.385,-1.072,1.311,1.311,1.143,-1.072,-1.114,-1.041,-0.797,-0.96,1.311,-0.96,1.143,-1.072,-1.072,-1.114,-1.041,-1.072,-1.072,-0.96,-0.729,1.143,-0.96,1.311,-1.041,-0.797,-1.072,-1.114,-1.041,1.523,1.5079256606403917,-0.385,-0.96,-1.0571150887946663,1.546387610315402,1.5968902986550764,-0.729,1.6323404585515884,1.143,-0.39526883590976875,-0.36872692004923124,-0.9689586955978727,-1.1225770309184169
-0.559,0.97,2.114,0.97,1.803,-0.581,0.015,2.114,0.015,-0.581,1.803,0.97,2.114,0.967,-0.355,2.114,2.114,2.114,0.201,0.967,2.114,1.803,-0.355,0.97,-0.559,-0.445,1.803,2.114,-0.581,-0.581,1.803,0.015,1.803,1.803,0.97,0.015,0.015,-0.445,-0.581,0.015,0.015,-0.581,2.114,0.201,0.015,-0.355,0.967,-0.559,-0.36369569930549805,-0.581,0.97,-0.3340118614212093,0.9552374559879725,0.948333206088342,0.015,-0.2980621892326584,-0.006352563648227408,-0.445,0.201,0.1822820913861316,0.9755814301985603,2.114,-0.5936637134547231,0.9963784499515101
0.386,1.996,1.815,1.815,-1.096,-0.951,1.815,0.386,-1.161,0.812,1.996,0.58,-0.221,-1.161,1.815,1.996,1.815,0.797,1.996,-1.096,-1.161,0.58,1.996,-0.221,0.386,-0.951,1.815,0.58,-1.096,-1.161,1.815,-1.161,-1.096,-0.951,1.815,-0.221,1.996,1.996,-0.221,-1.161,1.996,0.386,0.386,0.797,-1.096,-0.951,-0.221,-0.221,0.58,0.812,0.797,0.797,0.58,0.58,-1.161,-0.951,0.812,-1.096,1.996,-0.221,1.815,-0.221,0.812,-1.096,0.812,-1.1109231958388222,0.386,-1.161,-0.221,0.8026606499418383,0.37365083818950395,-0.951,0.4189418640541061,1.815,0.797,0.58,1.8009832780505417
0.341,2.148,2.148,0.26,2.148,0.341,0.399,0.059,0.059,0.26,0.399,0.059,0.399,-0.69,0.059,0.399,-0.378,0.399,0.399,0.26,1.453,0.341,-0.378,-0.378,2.148,0.99,2.148,-0.69,0.99,0.99,1.453,1.443,1.443,-0.69,1.443,1.453,0.341,2.148,0.26,2.148,-0.69,-0.69,0.059,-0.69,0.26,0.99,1.443,1.453,0.059,-0.69,1.453,2.148,0.059,1.443,-0.69,0.04999557606863027,0.399,2.138743591963275,-0.7040417093712477,2.1666034093170605,-0.6708729822720492
-1.138,2.398,-0.113,1.018,-0.113,-0.961,2.398,-0.961,-0.961,2.398,-0.566,1.018,0.812,0.078,0.812,1.018,0.812,0.812,-1.138,-0.113,1.018,0.078,-0.961,2.398,-0.113,1.018,-0.566,-1.138,0.369,-0.695,0.078,0.369,1.018,0.812,0.078,2.398,1.018,-1.138,-1.138,-1.138,0.812,0.078,-1.138,0.369,0.078,2.398,-0.695,-1.138,2.398,2.380648223315192,0.369,-0.113,0.078,-0.12926781932730788,-0.695,0.812,1.018,-0.566,-0.7069447178655142,0.06336279849725084,0.09502291008304373,2.4225558090750896,-0.10356379917967812,-0.08777827595841013,0.7992747986074481,0.8389380739408896,-0.961,2.4560393681143813,1.010406969218855
-1.106,0.197,1.935,-0.473,-1.106,0.202,1.935,-0.473,0.197,0.207,0.116,-0.473,0.202,-0.72,0.207,1.432,1.432,1.432,-0.72,-1.106,0.197,0.202,0.197,1.935,0.202,0.116,1.432,1.432,0.202,1.935,0.197,-1.106,-1.106,0.202,1.024,-0.473,0.207,1.432,1.024,0.202,0.202,1.024,1.935,1.432,-0.473,0.197,0.202,1.432,-0.72,0.202,-1.106,-1.1227768663834323,0.197,0.1799239968611265,1.935,0.20343965958795224,1.9176389481002,0.207,1.024,1.9452886558489195,1.9991670853561276,0.202,0.18265384716778474,0.22650730728437818
